86295
256566
267129
397804
441567
447142
479663
552151
588461
813300
883072
1141874
1354187
1431142
1662450
1685264
1718879
1776385
1789404
1896308
1912165
1994754
2020100
2228237
2246667
2272788
2328222
2363443
2427481
2444390
2709018
2902667
2920289
3071278
3103913
3141544
3336472
3347783
3486622
3539031
3641337
3727313
4075651
4186353
4241271
4305907
4399533
4477712
4526627
4707073
4996912
5001406
5291461
5376334
5750587
5773665
5852042
5979410
6156970
6305870
6437817
6737599
6806370
7051281
7068417
7205922
7247009
7259829
7305709
7569940
7697979
7718188
7911870
7922353
7973079
8069340
8071941
8077942
8202485
8292511
8365970
8410110
8434765
8476575
8504992
8656742
8717214
8877015
8915332
8930744
9083647
9090789
9193804
9236052
9242057
9393029
9540306
9738010
9857060
9954707
10055590
10103593
10111555
10188822
10225357
10304031
10315735
10411537
10530010
10587813
10603610
10648974
10715525
10755414
10874500
10887599
11005894
11141314
11543617
11556035
11590058
11690025
11720539
11844532
12065356
12108427
12121869
12331571
12778060
12839868
12914352
12928152
13079076
13248175
13251399
13303905
13428774
13558980
13763361
13789092
13924431
14023599
14077610
14104815
14288268
14333003
14555621
14561629
14658156
14717756
14844000
14983964
15088517
15158237
15214141
15246660
15264985
15304167
15370439
15439182
15551254
15681049
15708821
15816935
15878863
15954202
16235342
16286763
16292252
16301358
16412887
16442949
16626376
16823472
16873865
16933970
16959116
16991369
17009659
17073493
17223988
17360640
17486309
17490930
17545112
17701661
17789163
17837912
17866099
17928510
17941678
17978191
18000511
18059056
18131378
18264285
18279535
18372180
18386853
18654645
18669374
18847705
19353432
19616365
19647421
19723602
19763203
19811339
19876868
19878135
20377543
20492105
20524218
20600325
20629972
20687840
20815301
21192710
21602853
21618473
21630450
21995405
22142787
22264539
22369406
22381389
22387111
22411462
22523508
22557981
22603639
22632328
22708624
22757291
22786765
22852468
22930804
22976901
23065052
23117935
23231459
23359560
23611666
23708339
23725109
23991894
24033287
24050327
24247141
24357932
24364317
24374323
24395269
24527899
24863107
25303871
25343441
25388045
25644978
25667427
25711235
25839335
25840199
26049130
26099408
26108365
26149853
26432190
26536501
26578760
26599981
26656557
26734388
26751367
26851549
26854894
26917159
26935155
27047588
27111152
27113929
27197236
27343479
27417453
27535060
27852881
27888823
27931692
27985429
28050840
28350868
28514311
28640646
28656944
28713341
28841326
28891022
28915739
29011736
29038502
29156314
29201630
29613383
29760231
29806657
29835699
29898369
29915812
30124636
30145591
30228309
30264528
30297574
30364504
30379191
30405554
30621743
30688527
30745630
30973696
31009819
31031335
31034416
31179983
31240069
31354850
31449050
31703755
31760865
31884751
32010502
32282273
32391566
32422129
32467722
32467754
32489605
32678982
32694098
32789858
32791785
32821465
33018275
33110773
33198008
33290231
33429103
33480815
33485721
33492496
33528086
33547588
33552016
33635050
33639253
33863976
33987093
34145723
34216077
34222414
34223367
34238052
34248831
34617568
34647203
34698935
34742404
34932101
34964092
34976663
34997975
35079404
35142517
35182683
35240280
35313691
35327730
35343778
35430971
35751129
35818291
35938361
36070803
36109821
36144104
36209639
36254443
36255822
36373780
36642003
36693957
36775404
37060964
37097070
37119714
37135396
37248397
37358680
37429996
37501130
37519398
37728029
38099557
38130736
38234614
38293271
38346018
38405090
38405353
38474687
38627495
38631916
39066940
39107597
39283741
39369077
39458360
39555909
39575216
39717820
39828908
39869924
40013916
40132583
40325562
40398692
40497291
40716617
40851134
40911214
41099757
41254674
41281761
41392977
41406101
41418579
41791883
41882891
41903755
41905651
41952694
42074531
42653711
42839577
42910966
42947298
43088420
43099396
43180732
43283443
43340488
43354113
43431068
43579237
43604399
43663010
43781929
44057883
44062535
44717732
45037977
45097275
45109190
45235635
45369011
45442042
45466731
45524605
45582540
45596436
45683184
45764591
45814746
46087930
46130155
46173188
46342144
46397388
46415717
46528723
46637671
46737162
46852419
46893229
46943991
47092610
47098955
47164426
47287717
47290187
47404796
47541273
47734129
47755447
48091007
48307518
48324576
48359554
48516441
48527355
48576872
48585313
48594667
48600692
48698194
48918872
48998590
49015725
49090128
49092858
49131627
49290319
49295925
49356824
49407445
49425862
49543339
49610084
49638405
49769078
50077656
50143004
50203145
50254802
50324613
50390747
50429968
50513826
50560099
50579395
50860242
50883389
50885898
50990636
51100231
51502543
51648827
51656452
51700770
51754599
51768746
51977163
52020958
52080252
52226028
52226232
52329770
52408791
52506292
52649860
52665401
52864554
52886319
53038577
53355655
53399891
53429061
53475592
53495312
53632325
53761245
53869243
53976079
53977863
54031025
54071606
54127959
54196092
54265110
54310865
54429827
54482683
54884612
54887367
55096537
55154055
55370355
55458089
55463464
55597111
55721964
55851523
55900532
55957566
56139185
56207270
56288625
56298355
56516135
56554722
56675984
56765814
56810888
57022575
57031147
57085329
57236677
57249520
57342574
57427784
57471541
57614448
57824176
58029642
58096631
58098249
58108502
58315887
58397398
58469382
58471474
58520272
58606851
58763788
58834863
58853921
58922895
58923607
59012621
59015247
59036925
59053033
59065330
59077113
59184767
59200629
59272357
59526856
59601430
59625908
59671987
59724355
59752161
59791888
59845585
60004419
60215881
60280068
60298749
60324814
60375381
60466258
60493745
60539122
60639945
60641207
60708246
60823356
60859637
60861980
61162565
61172219
61217720
61689056
61734508
61847096
62216928
62310011
62627570
62767974
63041706
63128699
63180737
63405920
63454778
63581588
63604006
63653403
63723877
63774386
63980585
64143694
64217749
64475396
64538255
64624820
64765980
64767964
65047787
65283960
65319316
65515809
65594147
65665489
65971148
66267518
66513393
66534648
66613057
66681091
66715612
66789370
66881748
66945409
66972084
67034176
67055157
67224314
67242594
67396524
67610731
67689212
67733017
67756085
67761794
67857005
67921267
68160056
68206365
68449092
68613964
68849134
68858296
68943041
69117519
69273120
69277697
69278925
69308327
69436875
69440437
69587331
69652807
69798545
69845307
69880621
70111182
70251423
70386200
70548664
70581306
70602749
70650506
70863314
70872893
71246263
71290671
71366543
71439237
71816606
72158381
72208129
72239123
72257508
72290788
72486028
72525824
72774639
72786928
72834772
72935981
73228544
73303639
73353504
73366185
73389524
73471741
73621567
73629103
73720103
73809079
73859612
73953370
74178690
74340838
74499768
74544981
74558557
74815920
75334348
75338158
75425625
75593549
75708026
75773235
75885630
75963654
76063525
76138851
76203636
76276741
76337558
76399563
76485949
76547717
76605678
76641848
76691253
76757690
76914196
76995896
77112949
77228805
77272136
77525912
77568639
77866963
78127232
78129559
78136328
78182243
78190222
78258006
78403934
78727431
78883319
79033969
79054782
79296708
79386568
79467450
79552565
80074458
80153918
80259333
80412320
80636728
80646997
80650167
80725602
80943016
81091673
81396662
81563297
81618438
81748585
82261999
82290821
82294181
82413013
82537685
82572787
82630616
82828191
82905607
82954766
83021138
83025920
83200799
83368521
83445619
83551627
83627555
83747940
83759137
83770855
83862276
83972750
84034678
84093137
84156047
84180295
84268460
84329180
84420066
84548276
84632520
84633699
84685612
84935324
84970412
85147180
85234347
85305888
85445785
85456456
85502263
85521965
85726582
85734422
85812206
85825916
85834979
85890556
86367624
86605882
86620604
86696625
86736677
87014194
87096396
87140332
87148516
87354676
87371626
87394420
87571451
87783003
87859482
87885301
87931919
88062813
88079256
88168888
88525460
88574476
88734028
88892844
89001647
89220041
89226201
89281240
89296826
89311008
89539690
89703774
89708582
89906035
89953481
90088822
90455266
90514805
90634421
90638668
90844769
90933489
90956752
91030374
91035979
91035994
91362227
91388175
91494101
91540299
91581913
91614948
91640763
91661226
91762252
91784367
91787291
91892566
91956322
91966323
92090270
92374085
92386260
92570185
92705117
92707211
92876141
93015846
93043357
93065627
93071998
93099505
93267838
93334301
93584056
93630502
93696620
94054019
94250588
94280029
94434484
94553146
94570216
94590883
94709978
94810830
94823458
94914263
95060238
95165863
95243370
95253858
95276982
95714169
95847387
95966092
96078250
96187479
96290415
96306257
96361549
96399300
96420873
96434345
96490789
96504586
96612168
96621449
97103587
97197248
97307432
97344555
97346999
97655230
97663385
97684165
97722223
97753458
97797474
97936609
98214205
98382487
98404281
98465423
98911177
99010142
99013113
99067439
99118522
99255751
99295156
99535569
99607906
99731926
99804468
99934228
99975567
100004160
100104439
100210299
100270661
100311405
100477315
100574996
100636238
100662095
100669927
100675700
100728010
100859595
100913999
100995310
101003172
101041795
101042450
101082020
101165006
101203801
101212103
101253415
101487226
101524229
101684020
101800596
101877119
102061632
102094175
102164824
102189079
102227897
102250730
102256135
102312795
102384213
102449945
102566301
102625036
102676288
102685654
102750838
102839585
102872585
102940822
103239211
103290668
103504912
103508635
103703805
103716994
103809013
103852046
104264979
104273404
104333113
104338935
104405765
104439837
104495145
104572138
104666549
104759962
104859303
104880541
105207450
105301129
105325588
105363921
105429132
105602710
105883868
105958902
106100920
106133916
106135910
106202531
106322738
106434234
106479516
106592615
106893787
106920747
106946805
106980580
106982672
107110964
107126578
107134633
107250118
107301254
107436135
107496786
107501302
107642222
107679659
107738291
107761249
107849043
107850824
107890147
108121528
108128890
108156165
108258660
108268689
108318985
108519334
108524150
108821946
109000972
109030049
109038792
109048147
109158443
109206840
109215803
109417635
109544913
109639282
109840015
109936770
109945791
110131564
110294988
110369085
110402575
110451652
110461889
110580447
110734225
110811403
110985973
111013962
111080995
111148455
111246432
111249638
111443198
111544447
111556776
111596569
111693652
111769842
111871922
111884330
112033418
112037974
112153360
112219107
112238099
112390646
112411104
112553075
112620287
112772122
112957977
113006093
113037635
113104955
113159920
113161166
113277365
113476065
113485337
113556451
113624355
113664299
113719210
113790936
113814588
113838784
113876271
113895978
113905495
113966171
114121415
114202575
114301545
114314474
114516555
114793642
114841175
114858211
114894033
114988981
115165987
115207061
115236150
115240625
115321049
115404189
115406310
115408168
115561445
115576964
115645387
115822417
115864871
116007898
116074283
116293787
116334425
116660394
116871756
117420621
117689899
117906728
118133900
118198959
118245647
118266858
118306594
118341329
118348224
118507919
118595043
118610559
118624732
118641897
118682501
118871407
118872997
118905553
118909164
119161502
119173414
119221842
119636727
119908912
120000013
120032179
120082234
120092053
120094354
120323416
120549624
121070636
121139188
121140353
121168099
121478701
121575765
121672359
121686064
121727379
121757938
121935073
121939787
122154733
122194327
122420990
122456558
122546557
122595974
122714695
123022306
123030283
123135252
123161278
123166075
123261326
123266065
123408683
123535144
123732380
123761345
123766294
123924631
123981216
123988935
123990455
124067481
124072903
124149106
124157095
124172150
124172930
124275398
124704822
124862955
124952137
125037912
125191812
125223269
125656664
125776368
125862635
125951115
126064264
126070589
126160827
126337624
126506398
126510396
126542747
126700102
126748712
126773088
126795927
127118916
127124091
127172964
127238511
127251288
127307283
127336839
127450816
127575008
127585857
127607598
127759503
127797902
127853403
127953701
128015370
128023950
128026381
128315893
128336031
128344207
128351246
128421632
128425104
128515596
128629881
128924101
129218099
129251740
129424540
129513534
129593441
129657260
129681816
129812404
129815520
129848416
129849210
129858207
129872394
129877254
129881353
129939523
130014275
130028590
130031225
130434284
130468556
130684180
130726498
130802906
131072429
131191109
131243860
131250504
131263664
131500318
131730097
131900043
131959761
132067983
132128866
132130104
132348751
132360614
132366726
132443670
132583165
132782246
132892199
132996973
132998892
133025037
133149199
133153097
133313454
133635803
133645892
133716172
133887078
134283163
134482424
134488405
134524098
134617553
134886290
134896703
134939992
135068301
135089679
135107980
135167525
135189272
135240831
135409919
135480513
135585627
135602982
135611836
135674878
135711254
135799253
135889442
135987371
135997982
136018666
136045374
136128830
136149360
136179419
136241817
136261380
136297842
136446848
136518711
136639903
136650370
136674210
136845080
136853729
136889152
136907078
136918319
137089750
137127731
137392060
137578163
137585268
137845163
137906588
138003028
138030979
138187919
138329654
138616903
138760288
138826710
139027105
139083853
139167134
139242590
139280306
139396875
139457919
139548553
139634513
139675289
139770801
139903393
139953501
139966718
140008309
140096354
140306865
140326234
140489247
140503548
140592998
140631481
140641999
140674711
140688636
140771320
140772258
140871053
140919082
140961682
141083380
141315914
141496560
141499167
141626418
141910991
142056046
142237483
142278621
142339229
142553115
142573462
142694035
142698701
142797700
142895833
142933379
142997117
143007249
143106021
143215150
143304013
143366484
143926831
144425182
144662465
144753775
145341191
145399385
145644450
145730048
145815782
145960653
146083355
146205132
146380849
146567618
146693516
146699133
146941949
147002570
147033411
147171399
147199285
147491717
147702724
147958105
147978301
148007185
148235301
148294915
148320926
148425918
148497134
148695213
148896194
148956148
148960719
148971911
149048104
149311088
149366544
149375184
149408373
149458290
149505325
149546701
149635382
149710949
150074820
150076764
150223402
150421892
150558502
150649054
150669668
150765800
150853601
150876622
150939361
150946367
151202975
151202999
151416974
151597774
151644881
151708692
151945202
152073866
152292002
152661066
152774511
152808635
152916177
152923417
152970568
153007046
153037223
153187261
153331638
153519474
153601869
153635417
153824565
153874085
153919607
154053088
154294415
154305261
154343613
154358043
154375845
154639081
154919690
154961051
155047620
155128437
155175689
155201330
155229338
155487519
155509268
155519349
155933427
156101149
156144130
156166782
156304083
156343635
156545770
156777487
156790836
156793516
156861529
156995812
157006947
157162266
157174881
157291145
157321843
157369076
157384680
157451854
157567630
157643676
157645721
157714719
157766673
157916422
157954526
158183288
158257688
158421497
158458666
158496337
158540004
158566078
158624409
158750436
158763541
158820089
158926351
158970795
159119789
159283559
159333000
159338102
159365181
159425253
159611839
159635976
159961004
160038666
160060695
160228887
160255830
160299583
160333226
160494840
160539377
160592596
160719227
160782022
160959751
160993181
161015784
161042455
161061163
161112185
161150388
161173406
161288064
161397474
161425429
161469654
161493878
161530266
161556646
161579640
161664126
161673586
161720951
161756605
161884002
161970524
162091735
162211679
162238998
162383903
162613181
162634008
162634271
162662631
162759888
162921173
162973668
162999762
163166779
163289276
163413809
163505931
163521968
163597638
163764118
163814800
163928155
164001993
164371510
164375602
164386281
164403305
164405461
164415406
164521715
164570020
164661230
164665946
164718422
164823660
164847675
165328598
165393129
165517778
165544053
165564801
165642829
165647308
165703073
165738902
165767097
165928502
166077546
166188785
166362340
166400851
166418453
166512599
166519744
166727178
166778420
166829328
166873185
166898206
166922458
167144591
167291744
167518188
167531192
167606200
167694572
167714561
167761171
167762171
167847538
168650381
168658958
168714505
168872519
168920893
168955630
168988066
169101764
169136789
169399915
169484200
169757076
169778334
169799637
169859725
169927324
169938505
170199148
170221757
170278509
170393210
170467535
170525674
170741258
170909546
170913013
170959105
171324644
171478866
171545166
171668480
171681589
171876867
171921580
171931245
171985202
172056880
172095992
172118721
172167580
172184779
172241730
172422831
172534216
172570411
172820508
173199256
173390993
173403404
173483306
173757209
173923849
173946017
174168013
174192478
174355805
174430759
174448843
174544109
174556707
174611659
174617836
174723489
174733452
174815449
174895204
174945430
175526291
175614132
175949716
175956735
175960824
176119973
176273580
176433597
176517602
176662597
176738365
176761569
176761769
176809963
177020906
177291637
177394967
177455839
177569816
177743155
177764541
177918681
177921625
178064338
178078670
178089692
178101208
178232775
178391142
178413966
178511687
178553386
178575706
178726520
178813682
178846922
178855291
179073075
179089948
179156357
179158193
179202056
179266352
179319000
179368413
179397051
179597758
179612287
179653063
179663958
179776151
179807108
179840787
179874668
179906882
179917327
179928465
179984882
180068061
180123999
180191765
180386691
180396342
180416779
180624541
180846551
180851345
180872457
181055192
181553106
181566193
181570503
181629919
181643185
181721285
181812889
181816514
181825644
181877240
182166793
182199101
182284606
182355196
182378032
182417974
182518474
182629438
182686072
182708851
182768637
182840472
183093624
183098056
183124380
183331516
183363896
183619297
183946902
183975242
184018349
184032901
184071331
184190822
184337462
184352310
184356897
184463104
184499676
184538269
184546073
184569786
184619269
184642771
184836074
184870120
184938780
185020839
185072026
185141359
185254588
185266622
185290764
185610372
185676875
185768443
185777207
185949127
186165146
186313133
186429167
186449575
186603498
186636750
186714138
186815665
186820626
186828047
186842134
186848064
187292824
187461008
187586397
187626629
187736913
188061328
188142142
188208290
188541507
188590112
188977159
189004008
189091473
189212903
189455567
189497381
190089692
190131182
190169783
190194688
190243100
190281336
190494509
190506033
190580048
190581526
190655589
190676718
190679736
190752600
190990805
191101844
191114508
191298767
191509599
191525914
191878306
191931991
192010479
192015649
192039807
192299707
192326894
192471845
192515838
192591935
192657129
192663617
192983398
192997762
193150584
193293144
193331215
193390810
193516021
193708850
193903877
193949171
194157807
194276647
194425946
194577654
194863201
194877436
195101856
195412787
195417985
195468498
195492935
195521349
195537261
195591229
195858998
195882277
195886026
196001831
196259937
196456366
196498275
196641409
196798345
196844624
196983833
197209789
197369463
197487112
197497883
197502328
197555631
197639784
197647854
197656109
197688233
197731727
197785598
197828710
197836909
198202472
198285895
198341561
198359162
198494401
198543456
198657262
198760629
198833218
198909155
199038078
199199446
199319972
199322729
199325311
199445862
199617335
199824331
199893073
199918525
199960211
200147750
200230504
200289494
200391009
200649921
200822166
201124705
201152601
201314382
201364711
201495475
201545256
201595867
201766201
201826597
202170591
202245932
202273825
202388893
202415029
202438241
202444971
202725672
202763324
202790325
202887100
203172900
203240455
203251673
203293939
203397465
203403482
203662406
203685909
203748064
203793440
204016738
204166712
204473609
204532888
204590877
204706011
204849172
204849971
204896666
204965497
205083861
205151849
205196825
205223702
205234831
205257907
205275271
205363385
205809380
205845827
205865871
205959196
206001859
206152598
206250466
206334035
206350478
206435413
206668844
206723801
206762125
206886468
207073855
207118085
207203624
207284733
207433582
207561366
208103526
208195494
208362560
208410725
208566570
208621718
208647044
208695965
208810792
208879840
208957875
209267174
209276739
209454526
209476438
209551448
209597536
209599515
209645381
209675271
209719686
209871553
209908250
210177788
210249714
210300128
210374507
210561092
210585635
210592911
210683624
210702842
210803779
210815743
210888593
210895273
210953534
211023433
211209612
211223433
211247942
211332743
211347804
211347963
211370170
211425689
211467083
211589825
211611264
211636035
211708326
211911961
211935832
211995976
212086216
212151656
212245622
212554545
212564241
212832283
212871158
212899400
212946470
213036023
213144844
213163015
213189639
213206871
213253128
213268786
213315082
213331121
213421319
213479657
213514787
213607761
213688983
214077191
214233441
214338048
214338574
214853026
215051274
215052227
215104673
215278382
215783095
216056132
216068260
216100369
216318142
216450556
216458190
216548709
216713655
216714052
216788427
216921991
216924321
217032627
217088136
217397609
217613381
217632646
217667506
217933800
218156876
218161109
218222378
218313949
218520048
218585330
218745835
218843727
218899664
219075333
219117075
219243993
219290490
219515343
219586411
219594125
219670260
219720868
219811443
219812345
220037520
220099627
220172455
220280003
220361127
220403494
220707525
220798559
220836771
220880217
220945043
221067457
221201930
221318130
221335624
221361003
221372722
221560416
221770837
221828259
221917774
222028825
222035967
222167872
222269258
222298442
222344233
222421508
222592374
222762991
222839575
222970329
223113264
223196825
223238407
223366793
223571936
223598429
223713680
223776668
223780683
223783415
223843005
223875147
223983380
224134098
224288441
224311120
224519436
224524515
224676482
224713254
224721935
224801107
225098734
225104778
225156436
225210129
225239301
225349986
225350802
225418025
225423188
225498108
225540336
225547616
225597444
225679788
225728430
225847403
225849206
225979226
226276506
226417694
226515407
226602192
226673965
226755604
226848053
227111683
227525246
227607426
227725474
227842774
227903122
228005122
228057439
228059992
228079634
228186988
228246404
228319104
228608187
228691666
228716520
228774033
228778832
228865431
228929493
228952416
229029894
229240304
229329374
229386147
229404099
229409487
229476176
229543380
229640297
229923225
229975449
230241832
230295741
230311175
230327308
230609817
230671068
230680035
230688679
230730849
230746639
230902889
231419554
231729572
231749058
231880776
231937751
231999500
232142086
232148429
232198669
232263162
232534211
232542138
232690054
232720217
232740765
232834147
232876289
233113276
233114108
233233620
233693742
233703949
233781353
233936339
234061857
234173697
234281775
234288118
234312948
234473938
234587483
234593903
234719205
234749208
234757685
234771203
234774218
234903256
235113731
235196511
235363881
235618149
235618765
235780357
235907403
235952713
236019078
236143292
236203888
236214419
236240241
236280626
236290904
236295228
236313812
236497554
236715451
236800132
236852498
236997078
237032282
237085140
237137056
237152883
237168014
237379461
237421649
237521963
237592629
237689939
237789259
237843340
237925093
238043326
238200958
238355187
238386488
238487352
238608895
238630109
238705050
238725605
238790404
238801618
238866932
238878840
238889068
238912431
239086907
239223151
239477209
239582755
239638645
239712252
239717526
239878383
239921348
239970489
240001825
240293963
240466100
240543783
240549673
240632822
240818387
241550755
241556849
241572447
241595112
241825586
241883495
241938356
242090152
242229612
242352701
242367163
242418004
242452581
242457103
242607879
242621785
242788219
242824539
243066814
243150381
243306582
243367590
243619117
243809812
243898108
243943002
244270897
244376710
244559826
244641247
244649099
244766622
244775903
244830941
244865462
244884081
244949898
245025953
245060738
245206419
245210780
245251894
245376280
245769165
245869255
245988997
246267378
246296567
246470058
246472130
246702334
246794882
247058810
247242650
247432840
247512482
247714947
247716915
247758087
247989879
248029122
248106687
248237291
248342906
248349645
248475896
248479408
248491905
248505299
248829607
248844563
248879304
248880261
249140173
249146588
249288865
249339843
249460300
249491343
249508245
249527927
249576050
249694262
249729331
249803661
249844433
249884734
250243750
250344347
250381572
250571415
250590256
250606549
250841795
250851137
250883962
250909622
250923093
250951305
250952269
251004751
251065306
251132140
251184090
251197142
251209580
251311628
251365477
251475958
251560659
251741699
251782359
251803468
251918375
251990225
252005253
252162237
252242760
252291983
252319441
252411325
252431995
252497436
252744396
252803942
253070864
253245103
253265908
253277797
253333992
253347462
253353766
253409592
253765816
253942457
254043627
254153762
254170491
254182816
254431466
254433121
254436498
254744917
254798253
254866159
255139305
255393285
255623608
255627447
255629834
255676448
255695507
255881024
255938293
256204832
256307669
256418965
256589652
256717702
256766346
256824065
256832236
256891737
257129082
258172250
258177039
258241174
258356406
258367073
258491546
258781573
258896183
258930200
258935989
259003255
259045233
259099282
259126371
259253563
259479117
259521494
259526895
259532409
259540068
259541229
259569435
259633911
259639022
259683415
259818516
259866210
259895424
259993391
260229849
260250428
260345636
260453719
260516007
260857220
260896872
261065704
261311246
261333518
261420102
261706979
261909321
261932656
261936947
261987071
262174860
262211100
262216555
262601684
262612680
262674694
263000198
263060764
263286973
263436143
263552654
263660199
263672888
263684650
263791600
264011721
264397258
264416094
264501878
264605408
264687716
264825924
265011073
265026960
265048041
265123998
265263392
265273004
265349555
265377809
265782033
266006908
266112786
266115993
266144623
266588900
266851035
267111644
267258020
267315725
267339114
267572094
267594814
267787629
267895755
267928219
267962018
268036066
268202900
268244683
268254391
268283567
268419295
268747185
268985365
269095695
269115891
269223131
269342740
269395945
269454530
269626839
269722889
269725463
269733513
269817704
269904796
269954678
269996835
270041523
270065365
270100940
270115059
270313402
270411926
270468023
270477917
270481156
270560485
270750787
270855112
270932077
271149455
271325145
271474764
271544246
272197497
272237567
272271845
272359589
272526552
272693463
272766996
272843797
272949631
273246665
273302103
273404546
273453131
273877173
274171750
274330507
274343110
274362561
274364120
274368299
274648966
274780899
274948256
274956415
274994988
275149972
275154983
275189922
275261859
275304828
275592977
275776216
275858286
276046070
276195704
276220260
276261522
276309706
276368532
276509120
276509271
276615780
276694045
276816895
276842264
276872610
277142771
277660222
277704707
277832599
277874216
278066084
278197248
278223758
278268858
278353044
278480335
278733063
278747457
278815155
278844582
278848732
278905572
278995230
279048479
279093253
279175235
279294587
279363367
279399736
279527037
279636661
279639107
279748836
279800770
279827667
279861803
280049992
280186405
280243122
280323511
280354575
280463123
280572362
280668179
280992231
281093706
281170708
281420387
281427512
281516162
281615909
281706935
281818570
281821409
281832629
281922869
282143158
282146284
282208423
282236541
282296840
282342123
282660849
282781830
282836476
282866922
282872787
282880240
282897968
282949469
283041218
283061244
283142651
283238735
283301138
283348647
283521782
283838612
284088335
284566383
284689411
284699107
284830358
284974793
285029644
285117415
285175772
285178119
285239693
285268509
285275786
285385075
285471236
285564746
285667119
285812860
285822520
286173559
286335725
286402648
286412426
286434867
286491259
286523446
286851264
286864930
287300504
287322550
287360761
287640608
287746532
287861791
287975095
288050751
288150116
288217647
288267092
288346414
288426407
288583264
288606941
288674624
288712514
288766368
288927918
288953089
289020605
289280324
289518112
289683972
289711197
289838530
290002980
290015680
290133273
290248792
290420919
290429104
290672079
290700952
290833756
290868926
291152386
291211961
291298140
291303345
291339146
291535873
291556332
291565514
291627494
291637602
291669581
291902979
292010581
292025468
292092879
292120823
292338210
292357288
292367913
292370319
292469126
292582028
292650387
292669007
292707248
292765821
292896411
292940196
293055607
293074856
293077067
293150409
293194376
293252252
293546657
293667434
293675793
293773268
293884235
294049598
294094435
294136765
294214970
294368284
294546755
294577368
294614724
294627496
294653331
294695380
294864668
294893076
294910021
294961683
295084545
295191167
295207926
295213579
295257366
295319401
295535402
295609019
295615384
295812173
295841868
295871672
296013915
296045029
296430965
296511512
296553523
296626913
296702426
296718368
296789436
296831488
296839544
296922418
297095840
297281161
297318462
297393745
297428240
297533495
297538097
297546320
297790850
297815259
297861841
297896059
297957972
298125050
298213869
298232652
298278447
298418565
298470868
298506993
298761377
298779792
298800698
298828889
298875708
298904239
298964848
299027659
299072921
299162433
299341659
299396404
299602457
299687101
300255820
300265828
300287842
300296845
300330540
300373232
300415383
300419870
300613160
300656389
300806847
300849984
300855285
300880522
301026097
301258794
301754158
301781910
301915067
302009760
302013694
302138325
302156293
302182172
302212557
302277418
302611133
302629772
302792025
302844066
303037690
303062556
303090329
303113671
303265324
303280736
303433051
303438730
303501782
303580786
303981825
304034735
304127294
304143839
304171944
304324220
304473813
304653986
304764680
304771454
304774135
304969114
305241029
305692360
305910502
306064243
306091930
306165600
306179559
306268218
306481483
306528614
306545896
306944885
307394561
307404867
307595376
307665013
307912176
308027997
308083113
308184000
308287728
308342654
308414644
308679066
308817156
308824099
308897020
308915416
308926333
308928254
309017599
309421311
309561137
309635844
309919906
310194376
310321364
310569960
310741632
310829839
310944377
310954327
311056313
311121194
311165155
311208667
311242703
311429518
311456999
311540767
311628259
311674935
311687582
311700746
311709095
311918424
312000523
312020282
312032036
312097585
312187016
312238076
312356244
312359304
312445999
312760124
312783970
312796568
313029736
313113214
313158931
313265459
313269042
313338050
313550465
313566702
313608902
313620231
313765935
313961798
314005889
314043071
314077473
314081208
314150146
314233414
314501797
314546200
314564687
314804999
314838829
314894607
315048395
315314623
315321313
315577271
315616156
315677494
315831688
315880625
316037599
316081958
316207203
316212635
316418021
316471494
316508412
316673549
316714968
316724878
316773628
316775127
316808842
316917009
317173423
317234999
317318503
317334593
317378173
317447896
317459738
317520904
317609196
317639404
317787955
318112645
318398684
318456165
318489280
318611414
318715771
318801973
318920350
318942746
319002531
319005917
319038983
319196593
319279054
319432370
319492471
319787053
319811879
319911211
319916655
319964531
320007339
320089751
320167697
320208638
320236262
320322655
320514398
320517816
320621117
320865246
321021592
321060062
321248815
321441345
321576089
321608129
321678554
321845425
322112742
322178771
322203306
322233658
322309365
322383771
322477967
322644943
322704410
322731778
322892685
323057446
323163835
323325275
323392670
323449257
323540269
323835820
323836707
323839762
323938650
324158439
324426397
324443280
324483100
324490936
324683315
324738133
324757191
324832925
324870636
325120482
325260052
325272331
325290229
325390119
325482870
325562574
325569721
325657031
325906630
326112283
326438978
326482241
326683639
326742682
326775658
327047252
327158425
327302368
327329801
327398553
327424451
327484613
327527163
327535144
327569973
327586404
327638515
327666520
327983359
328016504
328392184
328575168
328749771
328827037
329194266
329199987
329238899
329269345
329418625
329521513
329739077
329825462
329841001
329880523
330012710
330103777
330146524
330229536
330266755
330292668
330337146
330714965
330899971
331147468
331246485
331261862
331266101
331299790
331405256
331485504
331718921
331745260
331814161
331902396
332123869
332134234
332279300
332373059
332569157
332704054
332708048
332711088
332781828
332804990
332834898
332924939
333043799
333125222
333162685
333221387
333225546
333585864
333668364
333673407
333693441
334056817
334066657
334220614
334235160
334392648
334472870
334524268
334622879
334816055
334921376
334967802
334995977
335026547
335251477
335252506
335601040
335630330
335674811
335790870
335830315
335864478
335915218
336129011
336278221
336333156
336334123
336342036
336656781
336817117
336955654
336972531
336990403
336999422
337343570
337589821
337645532
337684595
337841785
337914950
337916178
338168583
338322584
338373031
338528042
338572490
338734829
338788023
338952076
338954224
338958805
339009082
339176258
339307116
339423859
339426139
339476927
339491354
339546746
339611280
339656335
339735937
339873906
339932953
340114240
340133174
340197844
340372105
340582755
340765524
340812822
340854689
341229345
341340836
341399098
341448422
341554660
341653641
341689412
341778186
341868939
342213422
342291434
342532286
342541975
342750552
342877032
342960319
342987242
343006950
343033375
343041099
343133489
343158146
343166603
343661931
343665714
343690277
343691367
343805923
343832215
343924997
343925594
344036765
344155457
344196923
344263444
344306033
344337221
344398814
344492767
344538426
344542651
344556576
344577623
344607684
344676944
344764081
344772847
344915043
345222415
345292309
345339374
345457327
345513862
345662912
345864727
346006514
346062206
346278613
346317108
346334017
346537993
346794159
346802209
347044475
347122656
347135888
347199284
347201222
347352769
347365401
347369376
347384906
347460810
347486661
347531155
347566201
347618939
347721785
347760755
347768787
347770161
347884912
347942335
348060133
348215115
348288765
348333675
348366839
348487666
348519328
348519380
348553280
348559543
348649434
348841463
348899519
349167154
349236850
349252565
349299758
349362035
349430292
349657697
349823684
350248682
350292210
350299648
350459360
350528184
350548362
350743073
350886853
351182979
351324326
351350232
351403853
351504307
351560217
351642449
351651537
351728378
351827663
351917016
351961423
352028457
352041246
352044844
352067179
352080858
352118217
352177665
352212775
352225005
352249465
352330750
352379391
352452479
352616721
352651177
352676039
352684327
352703542
352740228
352766453
352971062
353192452
353193561
353287858
353523756
353583521
353858932
354292937
354404821
354607573
354727477
354757248
354790107
355184412
355400777
355667178
355800456
355904752
355950049
356193039
356612968
356812222
356976466
357495941
357556652
357699995
357721348
357850253
357860368
357881686
357967019
358018502
358145873
358170339
358209075
358244195
358564308
358692341
358883664
358946948
359255353
359308413
359401621
359452657
359467282
359477190
359581457
359814575
359859962
359870323
360228776
360298748
360323416
360586247
360838428
360881588
360904952
360930559
361137035
361258010
361270747
361285363
361396973
361484685
361501953
361579480
361775675
361832942
361859170
361884164
362056426
362110013
362246384
362725832
363080979
363083081
363132505
363190835
363317306
363429456
363452790
363568456
363597181
363632043
364029815
364115920
364124556
364281865
364349338
364574273
364733020
364777018
364810848
364855997
364897184
365048740
365208451
365373980
365446327
365450556
365464685
365506217
365613037
365721206
365758102
365770510
365856616
365930443
366112600
366220536
366276382
366285684
366294918
366348874
366581218
366738629
366815493
366907734
366931599
367255676
367486359
367525931
367554356
367613267
367657191
367784124
367856943
367897324
367962317
368069710
368076516
368295630
368307043
368343392
368380595
368395521
368400371
368647999
368893008
368918305
368920938
368929499
369066358
369077148
369116241
369183794
369371693
369632041
369747588
369818578
369987668
370059323
370101404
370136938
370142969
370354378
370368290
370587107
370912224
370929118
371012719
371072479
371172892
371292854
371432041
371488454
371684688
371707985
371757650
372014921
372083993
372124730
372563058
372567632
372580754
372639523
372789578
372900836
373209756
373248094
373371686
373425938
373442549
373797697
373874529
373945575
374290371
374302550
374309157
374402802
374448194
374512928
374632158
374788611
374841811
374883630
375268639
375282469
375325202
375374135
375501253
375989222
376000039
376127373
376222153
376282132
376301527
376398417
376446518
376611886
376769293
376801114
376833221
376879307
376889105
377152785
377195128
377279847
377291231
377297256
377348282
377741912
377743201
377781027
378017800
378088288
378225824
378293024
378427854
378531223
378594919
378659245
379060316
379187297
379548242
379716204
379740134
379780364
379807782
379868615
379872489
380008956
380317940
380360860
380579660
380600447
380656622
380718451
380835835
380843750
381044259
381052925
381068272
381180958
381211226
381293777
381463670
381480584
381655425
381702410
381759082
381817218
381841327
381909356
381928589
382073103
382101451
382202003
382262852
382289587
382339498
382345189
382425305
382529548
382550196
382660642
382708424
382723969
382815668
383203479
383521047
383581133
383602821
383607960
383726402
383768562
383781952
383885987
383895978
383928560
383936658
384007758
384151066
384182655
384224393
384385878
384481317
384627657
384731090
384752005
384828801
385190086
385243791
385415816
385502955
385515508
385591333
385596034
385888098
385945825
386129903
386146207
386148519
386179019
386232094
386396602
386473093
386702883
386923926
386924097
386963524
387205641
387330246
387355182
387427818
387445982
387801511
387928166
387970275
388112456
388221227
388306268
388537454
388570355
388630928
388643298
388649630
388678225
388685054
388775929
388958409
388976713
389012639
389198613
389381148
389508192
389600846
389802959
389869529
389876207
389979566
390005673
390075733
390180875
390238842
390301189
390353872
390732565
390834603
390945434
390978554
391058757
391060881
391087657
391153200
391343522
391409335
391500047
391545276
391716950
391874514
391874867
392199428
392239593
392375863
392450636
392519835
392579360
392691320
392715021
392734618
392898410
393031252
393038104
393122518
393145742
393203498
393362216
393565266
393567495
393633072
393655240
393707318
393810350
393910900
393975609
394123908
394230263
394378173
394408586
394602545
394648276
394657076
394667300
394759967
394853503
394904217
395165885
395168923
395223537
395234549
395460601
395507137
395813075
395947792
395961519
395968266
396008159
396010976
396028046
396056513
396822589
396892953
397101386
397201287
397229016
397293999
397314934
397392357
397398515
397426827
397645655
397662931
397876016
397922320
398004732
398138844
398543097
398569005
398646577
398703191
398703937
398747933
398858877
398863997
398877046
399000985
399109355
399117289
399248704
399268500
399290997
399371925
399563156
399625033
399634112
399895010
399940972
400044041
400105023
400172226
400176311
400249746
400273309
400305352
400386211
400398203
400458505
400655742
400931786
401102574
401160580
401171901
401240694
401258279
401297338
401410909
401475576
401784170
401880328
401914236
401993608
402035457
402173861
402177326
402187736
402283843
402420709
402435396
402471647
402661243
402933541
403011904
403152819
403159781
403176375
403193753
403334279
403526834
403543069
403647248
403832097
403867741
403939123
403958622
403976189
404060168
404257841
404634102
404768560
404843248
404980961
405005868
405026491
405038804
405090882
405380685
405405520
405635313
405788654
405830302
405849433
405993079
406180423
406255738
406427752
406474230
406761719
406786348
406789145
406879631
407048434
407177814
407363704
407623658
407627333
407629041
407906442
408271130
408394863
408513321
408580235
408671446
408822587
408901530
409071750
409099201
409139256
409187640
409237960
409251499
409353186
409456775
409780720
409817980
409906147
409937385
410046108
410058047
410147197
410156399
410163774
410270506
410296581
410456673
410502654
410568028
410635079
411131414
411178390
411301069
411320466
411511217
411521762
411650602
411818733
412015697
412216350
412227388
412358660
412369812
412520530
412593381
412885328
412915119
412986210
413021581
413244579
413268104
413368610
413484062
413523765
413548226
413871614
413891925
413929968
414151208
414212779
414213753
414510350
414533975
414830419
414952539
414995484
415109375
415116140
415323820
415327676
415394133
415477617
415512976
415555194
415569867
415671942
415672309
415745164
415887671
416022716
416040967
416257274
416315351
416464856
416559281
416604649
416751248
416824954
416872216
416904837
416933105
416946210
417063027
417089339
417205696
417233771
417358766
417372673
417562605
417571248
417825273
418172331
418301136
418358958
418401960
418534634
418653058
418666131
418688644
418783505
418831812
418840623
419022167
419081315
419082767
419209767
419254800
419699663
419924579
420145762
420321565
420358167
420365220
420542696
420559505
420641699
420753178
420789831
420800434
421017142
421267766
421565551
421573921
421664697
421685900
421706232
421727576
421814483
422062773
422138917
422277380
422414216
422467653
422526315
422726744
422813707
422860770
422925315
423041194
423153707
423720137
423801533
423917517
423949026
424091353
424222378
424323849
424423852
424463483
424675596
424691394
424996334
425138709
425472320
425563719
425624653
425631824
425868964
425951636
425989751
425990713
426052143
426099832
426242078
426352016
426517922
426912492
427021424
427076795
427090642
427113124
427133997
427254077
427415900
427427296
427444696
427912642
428067496
428146389
428401748
428418378
428457816
428470909
428675909
428701907
428786231
428821358
428879578
428927293
428998770
429031628
429116157
429345397
429650434
429745264
429812131
430266641
430463795
430471339
430520704
430576766
430694064
430726768
430876783
430908427
431138178
431235551
431247227
431283592
431309508
431320171
431328736
431555000
431575107
431607574
431691409
431910569
432300865
432387548
432404370
432444808
432473482
432742943
432843563
432860089
433027913
433327644
433417764
433842800
433869530
434639615
434711683
434717879
434736151
434794243
434980539
435056019
435345757
435379659
435456161
435478273
435608621
435853386
435883488
436156717
436416194
436538023
436590561
436605273
436665033
436685066
436769707
436785752
436847622
437134340
437166536
437204097
437298528
437390073
437396255
437445795
437569166
437658805
437778095
437790351
437848380
437954298
438057480
438098444
438348078
438864013
438900986
438945770
439075087
439256668
439281610
439336569
439657543
439798192
439965923
439985593
440098005
440181482
440231388
440285714
440300059
440619777
440627803
440632320
440660401
440858630
440901943
441068587
441245290
441308866
441341786
441411337
441491987
441595280
441729037
441747975
441777442
441806234
442019070
442040164
442050721
442052426
442230396
442373622
442397602
442448662
442481210
442547003
442668345
442856216
442925830
443100578
443294572
443366957
443479591
443627423
443660923
443677152
444019826
444049032
444310391
444322557
444393162
444433632
444529163
444547742
444727257
444802770
444827778
444832311
444882014
445046734
445481530
445523193
445736814
445931607
445972772
446128711
446141208
446151333
446170016
446231419
446347583
446380726
446533940
446622482
446650422
446729908
446740799
446806892
446820608
446844280
446859857
446982342
447072681
447127215
447374901
447488699
447497257
447530344
447583396
447683401
448019333
448212983
448275942
448334512
448583206
448707101
448912778
448972808
449000023
449085356
449198866
449303267
449334702
449375404
449545215
449765751
449817604
449872566
450022705
450023525
450023728
450102371
450184407
450297895
450331656
450431986
450715527
450808807
451131789
451176354
451505777
451527190
451548927
451557586
451638356
451683551
451702101
451867376
451877253
451967268
451976196
451987262
452013477
452016089
452699427
452838350
452881658
452891924
452923685
452937815
453141227
453494925
453519674
453661854
453673699
453737469
453763196
453831208
453975522
453996742
454260075
454454861
454602831
454685504
454704464
454759674
454768026
454799184
454975578
455185589
455196607
455234782
455361069
455401959
455411596
455548722
455687759
455765526
455894628
456083267
456084285
456141952
456161128
456231573
456285009
456400727
456410014
456452295
456452885
456531941
456563557
456681467
456684227
456738666
456764619
456784750
456959273
457008749
457101244
457200227
457380096
457392182
457489429
457643305
457650042
457707666
457731228
457886222
457938368
458028168
458120668
458165608
458384528
458550451
458578276
458585964
458602930
458635012
458690829
458742247
458764688
458832757
459075491
459092470
459181830
459225968
459323397
459565811
459602079
459632706
459758265
460067420
460332520
460488651
460603875
460621151
460638130
460640532
460654250
460710066
460858393
461008706
461118034
461458056
461653470
461666348
461689259
461827919
461845399
462063018
462068370
462089054
462164091
462240651
462278039
462382275
462465690
462532073
462756449
462766458
463127953
463130385
463137583
463174796
463307937
463457091
463541691
463793720
463883064
464091180
464145205
464207608
464336650
464573514
464605190
464674974
465017358
465269329
465386594
465416238
465510991
466018582
466184709
466285642
466881169
466890252
466911946
466957890
467011118
467119584
467139381
467222841
467343540
467399174
467736519
468111559
468127575
468159755
468204376
468247553
468252520
468566445
468668284
468959513
468987075
469101623
469360562
469470164
469646351
469654604
469664769
469921444
470112464
470237393
470302810
470660718
470942323
471093239
471188452
471372273
471442596
471651502
471779941
471871732
471879614
471898812
472088524
472096627
472201726
472543575
472579932
472739924
472759194
472964340
473393001
473664857
473712506
473794125
473868927
473966262
473977837
474000624
474035987
474101242
474164103
474257865
474515031
474619287
474958273
475149859
475324197
475340399
475425328
475508986
475661254
475716424
475840266
475941149
475983229
476175687
476433772
476436978
476489844
476634608
476642773
476752849
476755362
476779199
476850451
476886623
476922415
476968480
477097544
477154816
477244168
477289476
477300737
477313241
477510883
477570177
477808397
477837011
478094091
478234870
478368088
478544129
478580563
478641175
478671860
478683723
478821355
478938859
478976722
479199831
479257024
479490529
479715029
479772937
479844090
479863454
479977326
480053809
480064980
480125250
480276442
480296701
480349052
480379591
480481501
480677373
480718123
480777430
480795608
480848497
481174512
481189083
481260177
481438529
481505102
481722576
481790945
481811808
481829452
481837643
481985808
482145827
482146649
482218002
482231135
482408719
482433754
482535580
482678492
482747120
482814302
482876917
482882310
482917936
483028846
483071381
483275647
483302133
483314031
483315268
483422895
483425155
483495787
483501912
483508021
483655831
484104913
484188797
484437095
484673699
484703631
484861870
484935490
485432654
485581711
485606435
485626329
485727617
485809126
485817572
485821306
485865305
486005363
486094810
486109705
486532012
486589163
486655783
486699375
486811017
487086260
487140887
487199711
487609328
487753700
487833891
488234229
488302647
488423779
488503712
488605816
488637737
488639304
488673338
488793091
488813753
488828985
489097462
489157610
489200380
489367047
489445078
489549765
489805556
489930986
490411390
490513400
490566217
490732569
490844725
490886537
491058193
491273582
491457843
491519261
491559966
491647661
491774153
491808589
491876432
491910629
492005677
492048906
492050517
492143729
492226572
492231439
492317464
492366709
492407944
492440602
492591192
492635470
492778263
492968150
493037200
493093326
493548935
493571298
493631102
493867059
493892505
494061641
494310337
494415975
494417353
494511822
494512685
494653174
494717209
494816583
494918962
495007105
495010623
495066452
495264509
495402408
495457613
495574638
495912015
495948750
495973836
495988107
496043484
496064150
496382890
496514600
496694076
496820885
496849480
496928291
496957162
497173536
497349735
497435320
497573774
497672118
497866370
497869156
498247948
498266466
498401522
498672407
498836596
498898267
498919355
499082252
499177049
499177812
499181137
499225178
499239409
499404879
499513691
499590021
499624958
499786344
499926768
500068193
500191177
500216146
500429515
500457887
500647918
500657012
500846076
501039703
501041190
501074973
501113438
501147584
501166028
501179927
501398941
501429031
501455537
501479564
501776146
501839621
501893101
501999204
502249760
502284353
502291615
502414482
502485246
502572820
502657214
502833701
502859428
503206409
503246670
503251706
503714926
503780571
503907678
503926309
503995959
504028145
504104643
504190888
504294098
504434275
504579002
504923738
504975395
504992661
505085436
505348455
505356025
505378762
505444961
505538845
505567162
505729187
505956922
506018571
506172191
506313163
506356544
506440693
506467382
506706135
506709742
506712697
506875331
507088926
507160878
507456719
507528023
507870816
507919124
508176085
508296141
508386205
508436152
508444395
508450202
508499681
508697821
508793256
508865180
508925936
508981017
508996554
509059953
509094116
509158420
509317472
509363577
509521457
509659854
509871043
509967857
510091728
510168111
510180141
510254847
510266516
510317976
510431748
510446805
510584275
510719746
510858162
510973465
511071262
511146126
511197499
511245326
511330652
511341198
511358398
511480061
511727354
511875085
511889280
511913977
512281464
512511395
512532495
512676845
512706245
512920365
512927373
513095615
513116002
513173495
513208457
513242024
513384715
513537412
513711335
513760080
514119861
514155952
514511709
514522121
514677101
514720815
514835485
515004323
515033508
515106466
515123923
515125034
515147611
515336752
515531492
515609097
515614414
515620140
515622741
515642411
515686779
515765352
515784842
515851827
515890393
515933079
515993902
516066485
516194365
516205982
516497865
516668310
516741049
516815743
516861776
516925172
516942502
516995838
517064586
517129933
517177395
517312477
517418395
517424004
517458211
517541633
517610938
517692540
517783771
517851394
517874064
518140033
518264134
518396863
518421199
518454313
518544471
518693840
518706411
518711327
518802359
519093499
519113569
519199343
519271927
519324064
519921029
519975763
520015094
520113138
520233203
520328273
520725111
520762004
520809947
520999274
521145864
521380535
521647853
521764317
521866172
521910619
522137340
522309832
522365762
522443651
522484495
522633608
522699980
522720946
522994426
523152812
523242058
523508106
523609457
523620094
523836030
524028683
524068536
524069555
524131412
524308457
524523176
524556627
524919220
524936758
524975794
525078347
525193017
525246414
525320145
525327113
525425037
525441655
525509250
525669465
525696866
525725066
525737818
525888092
525949600
526014054
526050396
526296906
526298255
526324414
526360610
526429751
526435767
526515867
526586204
526767529
526851159
526992316
527021911
527073805
527079864
527217411
527229645
527277344
527480996
527482495
527507384
527517996
527519820
527559945
527587684
527820910
527875685
527990757
527991531
528182421
528205141
528288193
528440145
528613542
528630162
528790204
528804961
528807231
528863853
528974490
529136473
529458912
529553436
529813107
529834678
530284739
530302364
530382735
530414403
530435322
530483831
530642108
530882963
530925726
530996241
531015741
531185063
531271735
531300034
531331402
531397608
531483321
531490558
531510167
531541398
531552783
531555381
531609791
531886163
531910968
531915214
532060862
532105188
532112340
532397606
532489681
532690081
532697779
532756002
532789020
532895347
533008019
533033622
533204115
533215729
533282567
533295396
533384174
533517983
533550772
533638887
533749067
533765203
533797461
533926868
533947942
533984587
534111257
534179796
534185616
534274819
534302954
534370898
534424643
534441213
534456771
534596453
534651958
534755724
534768644
534829705
534949016
535053690
535141835
535218066
535469949
535510848
535546772
535954295
535978070
536105095
536153231
536223517
536229509
536235261
536350694
536426554
536499472
536534326
536560678
536914535
537016984
537095368
537124098
537125749
537181995
537303876
537345905
537403060
537525275
537544685
537569020
537612663
537819298
537820949
537821481
537884315
537934026
538135836
538166227
538192840
538255826
538451244
538470110
538539343
538595359
538616538
538835545
539046460
539070381
539171908
539278580
539603051
539647116
539651295
539696872
539859113
540158656
540242583
540299563
540473365
540522405
540604281
540770342
540772687
540774208
540891226
541016294
541140731
541313611
541727694
541753551
541796206
541899043
541928273
542149475
542205406
542245982
542251321
542286768
542352706
542384046
542414419
542474151
542672973
542742550
542822423
542940379
543006433
543198193
543389843
543478660
543913271
544350013
544669943
544798704
544810546
545021076
545043889
545047817
545234761
545326884
545547681
546150656
546171020
546324867
546365336
546762337
546773079
546925928
547108419
547606078
547826311
548255627
548327459
548604007
548617101
548648840
548668195
548701059
548793053
548836812
548837837
548916334
548949027
549239670
549536301
549666361
549903983
550289585
550407393
550435082
550505053
550649593
550666240
550712312
550759672
550831789
550832254
551071194
551118613
551239564
551259367
551301293
551606538
551700993
551909922
552113252
552207479
552282212
552356516
552438483
552500689
552547987
552560710
552610189
552680010
552757715
552800616
552954741
553146145
553427580
553546821
553858238
554034409
554326468
554504739
554549278
554853581
554936756
554979928
555037003
555099857
555203915
555222174
555233478
555263132
555324414
555436774
555491798
555607271
555620828
555802584
555888078
556060846
556178217
556223900
556516335
556525850
556540007
556565027
556786936
556974669
556978392
556997299
557040592
557049735
557079872
557082908
557223437
557292950
557531312
557604741
557614900
557786567
557851737
557922396
557985828
557987920
558112282
558143181
558233006
558355067
558480086
558495830
558507807
558619582
558673069
558673801
558780284
558858067
558914791
558999808
559019606
559085328
559406972
559539895
559564617
559578156
559696605
559905906
559916126
560139794
560154502
560201825
560222014
560281266
560400654
560426430
560483482
560510553
560645316
560774929
560809443
561209579
561257028
561317168
561366897
561447742
561468418
561539596
561736055
561760075
561778544
561793895
561947380
561979155
562107674
562132973
562139190
562248057
562395216
562889965
562954050
563058980
563247367
563566007
563603850
563614451
563626849
563847803
563964845
563973053
564315241
564563073
564586747
564600603
564604390
564649003
564770798
564782501
564899799
564901559
564912801
564916728
565149934
565253067
565253176
565282289
565345529
565370055
565481901
565590540
565598338
565602718
565794168
565868250
565873367
565894603
566036792
566104542
566153827
566254211
566304358
566341716
566451303
566540458
566576629
566772243
566971800
567104758
567105516
567137830
567162782
567522570
567580781
567669122
567677053
567695501
567741244
567790557
567793121
567813631
567958724
568252387
568272601
568296656
568413551
568436562
568499453
568546895
568595795
568680315
568701590
569038067
569042974
569138230
569364699
569387605
569402777
569616488
569647269
569818042
569934237
569939094
570031863
570088907
570227169
570240853
570242101
570359233
570441099
570468910
570499155
570732521
570854759
571134385
571298561
571360266
571455654
571600110
571884974
572066547
572099605
572623418
572660162
572714756
572768471
572835486
572881198
573190849
573251720
573278851
573304154
573349448
573383404
573437096
573519227
573539419
573640796
573647521
573658640
573698310
573854421
573939395
573949239
573988022
574258304
574350055
574397068
574557002
574571310
574587578
574645676
574712035
574786472
574802795
574945496
574973937
574996974
575188434
575386462
575410259
575424830
575451156
575541181
575551859
575562363
575628606
575687770
575720326
575826196
575963559
576107776
576242572
576346630
576410299
576447402
576565144
576655307
576897386
576930234
577041576
577315219
577355608
577449817
577450761
577505870
577545530
577597496
577675865
577732987
577776121
577817985
577870325
577875300
577889783
578053882
578120022
578263070
578524939
578539900
578570046
578619171
578674565
578892036
578908754
578909459
578978832
578994022
579011400
579108178
579261103
579302260
579308190
579337674
579438950
579538147
579866485
579868397
579958220
580016634
580048265
580058911
580234685
580353008
580455444
580616234
580620545
580684718
580764795
581050270
581058997
581243209
581248483
581415413
581417917
581542299
581587453
581689536
582199397
582402634
582494595
582537443
582546247
582759800
582864046
582888089
582944317
583089531
583108355
583113659
583138449
583459361
583496401
583505692
583629567
583632039
583642157
583713967
583725348
583767884
583786227
583819236
583930701
584063404
584231453
584330080
584432507
584456755
584503713
584551860
584630556
584651094
584726663
584755847
584851598
584995870
585031973
585149073
585272363
585278064
585303544
585527605
585540249
585649296
585921841
585957670
586044043
586099918
586121359
586333939
586715552
586841150
586875080
586915779
587063644
587160498
587167964
587698645
587749269
587765947
587787471
587787965
587800592
587888970
587927355
588058097
588157888
588161362
588166389
588236089
588335723
588650562
588703162
588764491
588957749
588991358
589078776
589129041
589146575
589180039
589204701
589249497
589252206
589304767
589563141
589675306
589794829
589837635
589871714
589911934
590013256
590213386
590262075
590353542
590485403
590908410
591002594
591008386
591506959
591721034
591726147
591918166
592070954
592079189
592407203
592547196
592575587
592765147
592868409
592941945
593121241
593442417
593563928
593575678
593637732
593668587
593758473
593825988
593870834
594004048
594093730
594202305
594224379
594256701
594372746
594373974
594408077
594613166
594621020
594749728
594893849
594969036
595062449
595145470
595147606
595217110
595246586
595318732
595381656
595565131
595917660
596035491
596070742
596318084
596322809
596444619
596623750
596700626
596779218
596870506
597431908
597542770
597808384
597879841
597918793
597947786
598002471
598037635
598062773
598116699
598272203
598314853
598319064
598477962
598591343
598647386
598712361
598734557
598777383
598847022
599083974
599114757
599128544
599151160
599511246
599658482
599662790
600069576
600083628
600385051
600442848
600482159
600572245
600605899
600706848
600740706
600782461
600944836
600986914
601084472
601379056
601493567
601830217
601950595
602056949
602096994
602491782
602559891
602588503
602592623
602787611
602801199
602852667
603092031
603110592
603111810
603239006
603310118
603394655
603720980
603809623
603918913
603991541
604119668
604143710
604144563
604148881
604281576
604510277
604690072
604827551
605205123
605359141
605372656
605415851
605481440
605544006
605577056
605744827
605898790
605985163
606018595
606023569
606289451
606395696
606432868
606480251
606482798
606484818
606531153
606546965
606680972
606686080
606780819
606807827
606868854
607053600
607145694
607342861
607364620
607540007
607729795
607784568
607894945
608069837
608098512
608235062
608242951
608264735
608412103
608525759
608635377
608669905
608718081
608807059
608834434
608869443
609042792
609054223
609070845
609232995
609237162
609246990
609474014
609504150
609528601
609561461
609676513
609729910
609785726
609843013
609867359
609911192
609999073
610123420
610240831
610260179
610305938
610339066
610562974
610622581
610696614
610969153
610983660
611258367
611342398
611410267
611431826
611507790
611581073
611648260
611661625
611689401
611690873
611952646
612006351
612020490
612059976
612089147
612097258
612250887
612274620
612292843
612355332
612491083
612606419
612781419
612952226
613309452
613322667
613332147
613373823
613429539
613434044
613466120
613473897
613557447
613565697
613612920
613634578
613775814
613796769
613868218
613935465
614070807
614333169
614537944
614745237
614787004
614838300
614890521
615093349
615184714
615289205
615290435
615385011
615601545
615612765
615787314
615933378
616002328
616049673
616191844
616443237
616721368
616820796
616973348
617231479
617338424
617355282
617439247
617460404
617486762
617613534
617834223
617894166
617932839
617948505
618051576
618142922
618303518
618437197
618653392
618858504
618886690
618890648
618922951
619158198
619158248
619247903
619255109
619270310
619381116
619541987
619651480
619683043
619872599
619895406
619899041
619923215
620009376
620052361
620263043
620303039
620465080
620751750
620902107
620949911
621035020
621043804
621108076
621124641
621139938
621159921
621246365
621297679
621383680
621458563
621590331
621702759
621729966
621870295
621890614
622166927
622191202
622278635
622296659
622365248
622506387
622625196
622646166
622746862
622806717
623118225
623134372
623437257
623645464
623658781
623781536
623996800
624107628
624535085
624601932
624994666
625041927
625247497
625330998
625434869
625508853
625637884
625966090
626096434
626497316
626630995
627003860
627039902
627205650
627259455
627473582
627519331
627615724
627770640
627877944
628054433
628410959
628412342
628455970
628461734
628680916
628699783
628846169
628848828
628851140
628894026
629031938
629308672
629455310
629457768
629549346
629661153
629688802
629733071
629833478
629957706
630254219
630371189
630704497
630796033
630929731
631059193
631071507
631158533
631260277
631297615
631519603
631701460
631766425
631977285
632182894
632233202
632342081
632544316
632652936
632733714
632757916
632768354
632882836
633018605
633051422
633069949
633090754
633206737
633376977
633538955
633562689
633669237
633690448
634350286
634450609
634529074
634555256
634574060
634630111
634735605
635019158
635100717
635110031
635165985
635292747
635293934
635395395
635409059
635556639
635585492
635764603
636038788
636090486
636108384
636112656
636131117
636326314
636458583
636630572
636707534
636857544
636971609
637178076
637230181
637326681
637538828
637569628
637705624
637983409
638170225
638534085
638648372
638670759
638797776
638800285
638806611
638847030
638913250
638939108
639003809
639158249
639255199
639354394
639373517
639468511
639478041
639535573
639557672
639598948
639785848
639848657
639863564
639918469
640159866
640268432
640394940
640398831
640430721
640510008
640542105
640805723
640808691
641024322
641183966
641214219
641242910
641277960
641289705
641298500
641331981
641631997
641662512
641711654
641737657
641845935
641926710
641956026
642048321
642069085
642134609
642167752
642184684
642312364
642536643
642550744
642597385
642600326
642722722
642988117
643070853
643210991
643226867
643242814
643459068
643526376
643549127
643594503
643608515
643683775
643788618
643854023
644028351
644156301
644356008
644496181
644576079
644743561
644855891
645051067
645107191
645340924
645435027
645553632
645573682
645580539
645933554
646345879
646429025
646761900
646777535
646858045
647011378
647041249
647099002
647284342
647296896
647496926
647594452
647612137
647666666
647680199
647784079
648030092
648089345
648287484
648589697
648675816
648687803
648729229
648729850
648833811
648859594
648932355
648983101
649063095
649151310
649261623
649295804
649521024
649542191
649593670
649847147
649854510
649905267
649916589
650024839
650025429
650118684
650331522
650510700
650516221
650584098
650592443
650665713
650720003
650736011
650745485
650759303
650875561
651187740
651199929
651231001
651393739
651459553
651474415
651492086
651857365
651864231
652034002
652295471
652372252
652413857
652477271
652655339
652748997
652807971
653060962
653076837
653264866
653383639
653520177
653772464
654356332
654386036
654690946
654718363
654820459
654862396
654926654
654933100
655004327
655039078
655238748
655252902
655340521
655379812
655386690
655433882
655492605
655584436
655602943
655796004
655922903
655948240
656042659
656301503
656441769
656611692
656732331
656803609
656970702
657146020
657235092
657495231
657626266
657710814
657916293
657922215
657956397
658070787
658106941
658109773
658109887
658114473
658299112
658385213
658450944
658514172
658540547
658590151
658694653
658706803
658940945
659251447
659275588
659423582
659468276
659571281
659612871
659635691
659971564
660054992
660080303
660717746
660761489
660811554
660850316
660879966
660927513
660960354
661031485
661103032
661200373
661243985
661333893
661588654
661750585
661913609
661961092
662176618
662268286
662473017
662736033
662736877
662812062
662825073
662853296
663124580
663327849
663385501
663410664
663543789
663553870
664050059
664059018
664079519
664414464
664440643
664497180
664527301
664541731
664645365
664798774
664841977
664878294
664939906
665050391
665090384
665152386
665158224
665286356
665355605
665378517
665491070
665535208
665701466
665757015
665984791
666197122
666246072
666323097
666361765
666464543
666653272
666944964
667067906
667135677
667167136
667238496
667315287
667332690
667485484
667495697
667725745
667733512
667835631
667837646
667864068
668010896
668081620
668127159
668128500
668279165
668446318
668471688
668480150
668622062
668681220
668833525
668853772
669169366
669228180
669240869
669271692
669311105
669347139
669364448
669450633
669773648
669954405
669990882
670076779
670263750
670323788
670340665
670364923
670439291
670465332
670487004
670555268
670802617
670866017
670874492
670959379
670969456
671044349
671246474
671251031
671287813
671473816
671517795
671552054
671611618
671691424
671926070
672041632
672066812
672153889
672242528
672281696
672336474
672478894
672498408
672513474
672609845
672739887
672768373
672873065
672910145
672994105
673009222
673090111
673144917
673177671
673410656
673643624
673736065
673750998
673906613
673919389
674016145
674076994
674414682
674586629
674785560
674839082
674961259
675143121
675197791
675315648
675439673
675560293
675616572
675681912
675773367
676171721
676182797
676267578
676294065
676298753
676415528
676521732
676528285
676556603
676672553
676859710
677222725
677253569
677271802
677283403
677307379
677385690
677385982
677407612
677419988
677558377
677584205
677585569
677805381
677919769
677967087
678038694
678195392
678198851
678299153
678525700
678592798
678657338
678670811
678700848
678704162
678769785
678939897
679065701
679386562
679580035
679597410
679691717
679741557
679776179
679830214
679947158
680083608
680216822
680260829
680496239
680713846
680826855
680967674
681090894
681206946
681242331
681329261
681433248
681744162
681896999
682063874
682301629
682310447
682600520
682696203
682801304
682849227
682867350
682875901
683029757
683154842
683313941
683353651
683485042
683515863
683622970
683693807
683737029
683868186
683929599
683933305
684235930
684527680
684678794
685021232
685207236
685258871
685363054
685396034
685544218
685665292
685996995
686001912
686015161
686246557
686749686
686802477
686828609
686940017
687029077
687055107
687243530
687250814
687272581
687325140
687420676
687467257
687527675
687768759
687812721
687816074
688138965
688161321
688197029
688363355
688430624
688711411
688844534
688900829
689199174
689223913
689359474
689403956
689426193
689552769
689561548
689618746
689685852
689841930
689925795
690019183
690025513
690468154
690519123
690556305
690679090
690743075
690861634
690998468
691083384
691216556
691322138
691429630
691481942
691828568
691955656
691985248
692285908
692499250
692766936
693001929
693435808
693541863
693702486
693712982
693755763
693943600
694019316
694035068
694082813
694119053
694157751
694233808
694276898
694495499
694637490
694671816
694731178
694745184
694779522
694785324
694931408
694937098
695091519
695456317
695493695
695642553
695646161
695861245
695943857
695959818
696237332
696325988
696346133
696448476
696473539
696514494
696688796
696702281
696755104
696775831
696851602
696871789
696937997
697012060
697111651
697139742
697209306
697227533
697234390
697302329
697411320
697443060
697735553
697982318
698125517
698135047
698290657
698352074
698372069
698442564
698497640
698518046
698534522
698688329
698764710
698800453
698866423
698899428
698940038
699061374
699350377
699381513
699383118
699386358
699509495
699643966
699691108
699709327
699814994
699957862
700373997
700382230
700451301
700462850
700533299
700586745
700801035
701017611
701090296
701120605
701237456
701241591
701301983
701309819
701341142
701391952
701566622
701750834
701863155
701907504
701916695
701958488
702137742
702196234
702205272
702216636
702437632
702455160
702460692
702680890
702820458
702888050
702989429
703098654
703142568
703144839
703264113
703331595
703366036
703498811
703535779
703728918
703987517
704082443
704138252
704277573
704392709
704734633
704926689
705199107
705221783
705320748
705416364
705472437
705717416
705732543
706104789
706528970
706580259
706773587
706821955
706861385
706869070
706995321
706997069
707073024
707075379
707218615
707329573
707390528
707522822
707649762
707706290
707843248
707868801
707928970
707946723
708093003
708166959
708429261
708433794
708588141
708655120
708686317
708699025
708722218
708771770
708793101
708857701
709118540
709172509
709222720
709329073
709548991
709576871
709903509
709915446
710205144
710288056
710311834
710332546
710357074
710573098
710578117
710620662
710818846
710956436
711144113
711148118
711148928
711203724
711230514
711297462
711333028
711384864
711483874
711786705
711792482
711802915
711947719
712268702
712366982
712396620
712438377
712670404
712827032
712964734
713077255
713122807
713123420
713173601
713212541
713245200
713293240
713311301
713337934
713392965
713425801
713460227
713489895
713574612
713575889
713813374
714135665
714178697
714365875
714470696
714654072
714885237
715026032
715275016
715285159
715330360
715519285
715630947
715830939
715832384
715834577
715845031
715863132
716119946
716133246
716157052
716275083
716336184
716419727
716456152
716480074
716548274
716694298
716806722
717042051
717055200
717158911
717301405
717341742
717686168
717707177
717789854
717826248
717897396
718112407
718171408
718176358
718345118
718552162
718597953
718637149
718880104
719280984
719309479
719392177
719432126
719479165
719983110
720112544
720249756
720270069
720272691
720298927
720333866
720600150
720687259
720765471
721008821
721056307
721099736
721111856
721164803
721361602
721485053
721559717
721582091
721719134
721737942
721850376
722005254
722286896
722309642
722445445
722698592
722711448
722957376
723031875
723074525
723165541
723180022
723210117
723250323
723377285
723381034
723455618
723475914
723576325
723735460
723897586
723927269
723949475
724213889
724338266
724635163
724636314
724654045
724667450
724695068
724814731
725181048
725432548
725446734
725459143
725609037
725754458
725816251
725842038
725933297
725992199
726143082
726179558
726313026
726332007
726483442
726544583
726662069
726697817
726759150
726821265
727001973
727066942
727309575
727412640
727486506
727538346
727659365
728011430
728269880
728352372
728418752
728497083
728695869
728747727
728812361
728827264
728993188
729076770
729296768
729426202
729711941
729721685
729723464
729792779
730075778
730085757
730251247
730358173
730468150
730500856
730557102
730591312
730594995
730838903
730932889
731520854
731749591
731803446
731910658
732087564
732248875
732345870
732362000
732586434
732751929
732916964
732969003
732973928
733014219
733020834
733073327
733121593
733142426
733219374
733569328
733664198
733666370
733738009
733739365
733850401
733864617
733994966
734090099
734180074
734180925
734185334
734270135
734393982
734415625
734448469
734777790
734922912
734931531
735003786
735242389
735316124
735439794
735523724
735660103
735735665
735770606
735871632
736132614
736136691
736285488
736314910
736486631
736574964
736705947
736848700
736996746
737042649
737092535
737204342
737286309
737416434
737661108
737763809
737812671
738141610
738162218
738205884
738544249
738618154
738867062
739345186
739443000
739571920
739668470
739900314
739925053
739984658
739989875
740185711
740209368
740367297
740409659
740417320
740535909
740550048
740628957
740778666
740782064
740787727
740803387
740896424
741097560
741112502
741118208
741152001
741224991
741298574
741379850
741483759
741505321
741548026
741652211
741797736
742099150
742185843
742621005
742625512
742690427
742764105
742994977
743017785
743131245
743347541
743466392
743575572
743614236
743693672
743711246
743817953
743960236
743969488
743988800
744029737
744234317
744297241
744352533
744600165
744761590
744847109
744980424
744984989
745004100
745021243
745097498
745319951
745321899
745465376
745500905
745586802
745601449
745846905
745854857
745881666
746080981
746104882
746155791
746171412
746183222
746280442
746412676
746498883
746610894
746650757
746692526
746728657
746818179
746980006
746987103
747094708
747169204
747258718
747419861
747491461
747512252
747582574
747845090
748099425
748343332
748375371
748385596
748418040
748688078
748875476
749208646
749314745
749337445
749486781
749576817
749809002
749822522
749897739
749898128
749930327
750180371
750219256
750232029
750250799
750443004
750507978
750594747
750674605
750926096
751040653
751256170
751264349
751337528
751403206
751473937
751520723
751591245
751618338
751799767
752070981
752736396
752900121
753090490
753267017
753395128
753707072
753774306
753942622
753962056
753999388
754004492
754068665
754071899
754091860
754204524
754260936
754295700
754323257
754364733
754738574
754791460
754837638
754886055
754893646
754918993
754923051
755056033
755177788
755360419
755372749
755517642
755665655
755675603
755941019
756208907
756229776
756331734
756439682
756679793
756944690
757017296
757288927
757410860
757612905
757622290
757631867
757661490
758123981
758470966
758479601
758487344
758516623
758529178
758538109
758568064
758711357
758720321
758748287
759201328
759283710
759373466
759682476
759781301
759865438
759942049
759970743
759986823
760186398
760340941
760384874
760444905
760460148
760512874
760542776
760787665
760876558
760895685
760953244
761053700
761256341
761371069
761379887
761577171
761954130
762056673
762279557
762312370
762466563
762484655
762597322
762777156
762784077
762901318
762922969
762973494
763106088
763107349
763132723
763168861
763221045
763352283
763366334
763451846
763523002
763576962
763806124
763904908
764091975
764119250
764122964
764661321
764738291
764911719
764922359
764977351
765089882
765132525
765312412
765351872
765401504
765421983
765495569
765503760
765508562
765541933
765688998
765742231
765757223
765921234
766111207
766143289
766484575
766508295
766651928
766667102
766680538
766757301
767190692
767259367
767319325
767439051
767528209
767698923
767781552
767820750
768051228
768071650
768210528
768279796
768587280
768923948
768941455
768994311
769028668
769155892
769237679
769274215
769687080
769758535
769815781
769979793
770167017
770250728
770266958
770287999
770311918
770328920
770454752
770472125
770643634
770717326
770766992
770768984
771078225
771083328
771419612
771604628
771734708
771777790
771785995
771820348
772157647
772251636
772260305
772374980
772491712
773079447
773113584
773262914
773285993
773313402
773320368
773478920
773698426
773937636
773958457
773970652
774210838
774215668
774248593
774253127
774483305
774541606
774615155
774662349
774841246
774895264
775009655
775232396
775306453
775446681
775862444
775938047
775949685
776077797
776428339
776514097
776531920
776625087
776878655
776896231
777153040
777204072
777233356
777360009
777460645
777542319
777712893
777715158
777889826
778064109
778067973
778085703
778404954
778604190
778781676
778943349
778999621
779123719
779282738
779359867
779423069
779615450
779622519
779666235
779683023
779698287
779869760
780018855
780177185
780263512
780346957
780387030
780519743
780548475
780657723
780659926
780684527
780745760
781089906
781094597
781153014
781236950
781326987
781346880
781585312
781621165
781698884
781774968
781871994
782206071
782210860
782465295
782534922
782612658
782765823
782849869
783010894
783050693
783149204
783160095
783198635
783261610
783471786
783627445
783634022
783638117
783753317
783946358
783953063
784117662
784129139
784206597
784210454
784405366
784681865
784682087
784791570
784984601
785063471
785108957
785223119
785267023
785273237
785290622
785456679
785472404
785606191
785647957
785667129
785674066
785711121
785743362
785778213
785836822
786032897
786106686
786258524
786426293
786733958
786934841
787036950
787140542
787141675
787423346
787435185
787477541
787486689
787493517
787502311
787633597
787705967
787784603
787790835
787902011
787932515
787943266
787952296
788130142
788233403
788238039
788353822
788551392
788621664
788680648
788979290
789071583
789150900
789336783
789363313
789593628
789622266
789860952
789896675
790459809
790531145
790621899
790677546
790711895
790715945
790865372
790944707
791030094
791208278
791295046
791306346
791319995
791349848
791452443
791564218
791629349
791655516
791741581
791877964
792015710
792024075
792074462
792269147
792492090
792517716
792755704
792808437
792876134
793057614
793111703
793210121
793248693
793323064
793430774
793443855
793493551
793583772
793591771
793600815
793830081
793913662
794067744
794267534
794316638
794372102
794404384
794452160
794575320
794634245
794805851
794816655
794914948
794985159
795100423
795130771
795238998
795299529
795374823
795683889
795794511
795895602
796060466
796305961
796419691
796424122
796489559
796554045
796660793
796771055
797043696
797167175
797180518
797413939
797526880
797706428
797861734
797878101
797991818
798051422
798111724
798237542
798453579
798470371
798600498
798654875
798674506
798815038
798914083
798964061
798991112
799014246
799180639
799286372
799301305
799541048
799542419
799867824
800032031
800336124
800391740
800453448
800621654
800769950
800839202
800862311
801145619
801216458
801313062
801394294
801576570
801641928
801663993
801724742
801841665
801864146
801885730
801890170
802143757
802397271
802410535
802636943
802878257
802878871
802892519
803157644
803574398
803609232
803653156
803656065
803667779
803897201
803966041
804342905
804345840
804443494
804457552
804830015
804978557
805007007
805031370
805041092
805144955
805320643
805325184
805494481
805506214
805537413
805658085
805664251
805691287
805761180
805782595
805811779
805854015
805929350
806086908
806311425
806617225
806756336
806895767
807177906
807259649
807263660
807295751
807422829
807486967
807553045
807635142
807787155
808256676
808278532
808329986
808359589
808391962
808394129
808424044
808641395
808648199
808665076
808825519
808884955
808939796
808949094
809065633
809097627
809100014
809121781
809206258
809321700
809746982
809942190
810117287
810252294
810503965
810680251
810765242
810803350
810842373
811043274
811245688
811287227
811442758
811449978
811475104
811509418
811549204
811685765
811756129
811997790
812094758
812132658
812308265
812356373
812413689
812589425
812727476
812748967
812894646
813060112
813283425
813383923
813697352
813748019
814100437
814425515
814579895
815197422
815220702
815380820
815391093
815420562
815476019
815553138
815802658
816455754
816586168
816591640
816659990
816737028
816797483
816887234
816928718
816980144
817280323
817295347
817319569
817373023
817463034
817521466
817632990
817736591
817755084
817857402
818585495
818867122
819124145
819204437
819258633
819328154
819388143
819437352
819697840
819874622
819930677
819988271
820202618
820206040
820548162
820657080
820832304
820917417
820981423
821096528
821141591
821291509
821301360
821308896
821403864
821478813
821528796
821651076
821872980
822037065
822132105
822212759
822226872
822256155
822459860
822596104
822632701
822831172
822836192
822844150
822850381
823081114
823093752
823246846
823398982
823408408
823547431
823667659
823793539
823851667
823946897
824025262
824172201
824332582
824405693
824553567
824702151
824897015
825010772
825019769
825073125
825171709
825257908
825406635
825683682
825684284
825834699
825871548
825986006
826043925
826074166
826179953
826320959
826441157
826442675
826570515
826722160
826733594
827035129
827315654
827365977
827564936
827598473
827659711
827667354
827708794
827802626
827992084
827994102
828075905
828150554
828165165
828367933
828378522
828408457
828425996
828508288
828583031
828640819
828679458
828708919
828775395
828878249
829108802
829199429
829203311
829725721
830043349
830075846
830278930
830588137
830603302
830661322
830816975
831097533
831140251
831213534
831387963
831481410
831483297
831529968
831536553
831629023
831763088
831774220
831800668
831987950
832007371
832204623
832355858
832397705
832596538
832785676
832814823
832988173
833029491
833062345
833071449
833447174
833449610
833508731
833578835
833624977
833683212
833799549
833896830
833964238
834351980
834554119
834654464
834837709
834883006
834975802
834994896
835239252
835319989
835398337
835401974
835464393
835624906
835761043
835831227
835937671
836031022
836232103
836235824
836336405
836499827
836600831
836611894
836686518
836859530
836901640
837004815
837076340
837289115
837291486
837555273
837697869
837729661
837780444
837859572
837909052
837917489
838124512
838362679
838464476
838493712
838577493
838684659
838795709
838847665
838849775
838856269
838887072
838899791
839073063
839122642
839143703
839322420
839354848
839403380
839438217
839671581
839829467
839862706
839937507
840031214
840051664
840394555
840399335
840430968
840509916
840554476
840637939
840640571
841060849
841086930
841214619
841318895
841328451
841335599
841527026
841543185
841556774
841731568
841840340
841941903
842107230
842136243
842204125
842396925
842493435
842718078
842901143
843012760
843237166
843304060
843331072
843433506
843649406
843685252
843693613
843848621
843884419
843900611
843993717
844199677
844203383
844222912
844321245
844401538
844499924
844525481
844558024
844627785
844738825
844817566
844827950
844879499
844908550
845013341
845069995
845084095
845106483
845123498
845290169
845576788
845711658
845794064
845907031
845939999
846013903
846014034
846049511
846074149
846228391
846370526
846523497
846622152
846628832
846635311
846674318
846783588
846884348
846886992
846907812
847010180
847053940
847078307
847145273
847273964
847384821
847406913
847682418
847687705
847804235
847992836
848151873
848227589
848374218
848412927
848496188
848518243
848566303
848703978
848724895
848896262
848904256
849048073
849253548
849256860
849411805
849425899
849654099
849694795
849745138
849945189
849987276
849995030
850046855
850160223
850237023
850278438
850343574
850424478
850461823
850520615
850562735
850715008
850871690
851311403
851386000
851552724
851621461
851674017
851674827
851716166
851870167
851918098
851940375
851957685
851970304
851984116
851984260
852185389
852241981
852504708
852540414
852542937
852700454
852744297
852824917
852979918
853074295
853241194
853247472
853519035
853622067
853651256
853800237
854027074
854301901
854320252
854349643
854413893
854494389
854612329
854722657
854781728
855006096
855036754
855116956
855203512
855317785
855681751
856307566
856312600
856332155
856593216
856615886
856936519
856956937
856988664
857068687
857148561
857342772
857420198
857507209
857567190
857661475
857888575
857912949
857951765
857980399
858054943
858056633
858088047
858242515
858332707
858450347
858502743
858602929
858748143
858764372
858818783
859015816
859210366
859233067
859703921
859841116
859856281
859867506
859898596
860194324
860264428
860280095
860318169
860518325
860723424
860944434
861085464
861127497
861222953
861392230
861606938
861631217
861714312
861919014
861961676
861985308
862069235
862226520
862374189
862886339
862900858
862909396
862973826
863009703
863091519
863103487
863232726
863490584
863499781
863645555
863734969
863798670
863974220
864221822
864222566
864277401
864440574
864499486
864632986
864683013
864935875
865006378
865143160
865163459
865244803
865249276
865290293
865430968
865474849
865511495
865758457
866088570
866097500
866163251
866441802
866565563
866587886
866622065
866625605
866818510
866846433
866970960
867005748
867069691
867106082
867175286
867282279
867306799
867418076
867471938
867594068
867598017
867633868
867691468
867791454
867992786
867993097
868018772
868195058
868291428
868329464
868399826
868528250
868669711
868670399
869056331
869061119
869085063
869323572
869345099
869428514
869606636
869659694
869665416
869940643
870022902
870172395
870219922
870228531
870307945
870364897
870415139
870558611
870580694
870631992
870777573
870840989
871152539
871283173
871297203
871346095
871398126
871791491
871836409
871998072
872157981
872219046
872283065
872342553
872428465
872517894
872553778
872591334
872632619
872819360
872821855
872905949
873026676
873125704
873290498
873323950
873325369
873328877
873358201
873382189
873405194
873616694
873719885
873735221
873804864
873938951
873959828
874002806
874262538
874294648
874314279
874329689
874335483
874402007
874403816
874473810
874497938
874710841
874990326
875135824
875158628
875194403
875289341
875349357
875350416
875393036
875420169
875468004
875504121
875529101
875812096
876082753
876318622
876327971
876400373
876550434
876563755
876600305
876730478
876763280
876769551
876907181
877100438
877165767
877210058
877213858
877259015
877283185
877299466
877417189
877555205
877595032
877662905
877682960
877977176
878048603
878058413
878247197
878371583
878502199
878920075
878966865
879237528
879262555
879419607
879471097
879484618
879541958
879732493
879852168
880001047
880017547
880145806
880208629
880353353
880467190
880772472
881040363
881330935
881361860
881455576
881503435
881608031
881619551
881649583
881798316
881814925
881858682
881939731
881946628
882287123
882327056
882355707
882373538
882411969
882446745
882634134
882636677
882773355
882815290
882948253
882963856
883143500
883360084
883382732
883463698
883517465
883750050
883785878
884066869
884109358
884280258
884302915
884489222
884495856
884728709
884776338
884818742
884926703
884977739
885109464
885289283
885318484
885588397
885595143
886220124
886381632
886384916
886626549
886650191
886663310
887130366
887131696
887144160
887302752
887665081
887760048
887821914
888114903
888461014
888486161
888509497
888576676
888610918
888672430
888672794
888886996
888927088
889163568
889254192
889303123
889375707
889409447
889459590
889624777
889806200
890034224
890079424
890125886
890161909
890447231
890447291
890724979
890801214
890959947
891006627
891009401
891179411
891304542
891335685
891904408
891954119
891974474
891985610
892105168
892158630
892357370
892385473
892553724
892602397
892679956
892692961
892700424
892705547
892750796
892879513
892891257
893027631
893477288
893848096
894077639
894224530
894251406
894275400
894420981
894446791
894543254
894611392
894624017
894755196
894765742
894932412
894979628
895206195
895558682
895657582
895874877
896008582
896027570
896068912
896083780
896243976
896319208
896615712
896711501
896922998
897027557
897115652
897128627
897638698
897650643
897677366
897770385
897826651
897871843
897929390
897957531
897965345
898039537
898416119
898459056
898597597
898707206
898856623
898977633
899000783
899004774
899150402
899251200
899362319
899367461
899381442
899395186
899466607
899470637
899490693
899511977
899621856
899656602
899661587
899662138
899708113
899843048
899844670
899888087
899892365
899956012
900118005
900321212
900473931
900519703
900630446
901056855
901087140
901119844
901135776
901143258
901210966
901237820
901241133
901247654
901327353
901432825
901706064
901709331
901814655
901859414
901911434
902008108
902012130
902033258
902047175
902258708
902476535
902480871
902661781
903222654
903388750
903496843
903589860
903610623
903630097
903735323
903749834
903818603
903846632
903847352
903878784
903880469
904015026
904056225
904063340
904133205
904346575
904361173
904374697
904470993
904499062
904537192
904580514
904645895
904686250
904738940
905703889
905707058
905722280
905728404
905728929
905767345
905886596
905898651
906002885
906066986
906085724
906156011
906164098
906246816
906270484
906279415
906412819
906678724
906948740
907006018
907039538
907125075
907137470
907220286
907279288
907384350
907805779
907914526
908027845
908115601
908190105
908235121
908374865
908461843
908572814
908676785
908929749
908970996
909467846
909473232
909622130
910019991
910223054
910230483
910254678
910358927
910500132
910513871
910559419
910595250
910853377
910927461
911043234
911117293
911236830
911492829
911644895
911697667
911721055
911813901
912334696
912582203
912606254
912739348
912752567
912820863
912915835
913057350
913157322
913281140
913317877
913393473
913402714
913434005
913728739
913760160
913762256
913866162
913909230
914049308
914202920
914255235
914266300
914433644
914533475
914640776
914673087
914741563
915059034
915108782
915117033
915211025
915245698
915455360
915797380
915984283
916048883
916091736
916158748
916253848
916306745
916499471
916689915
916753458
916845734
916871449
916873988
916878965
916926483
917105956
917116337
917225052
917354351
917391112
917505193
917542299
917755546
917856547
917900474
917951867
918246696
918320960
918349189
918563534
918655950
918694646
918763349
918785015
919112514
919527843
919608071
919736893
919927318
919993310
920203251
920313696
920331614
920358080
920608873
920656456
920666591
920705826
920713792
920878831
921100357
921479671
921559369
921727075
921758987
921771955
921784645
921884560
921953958
922064162
922065663
922260600
922308105
922328670
922410446
922535546
922536627
922543687
922634610
922814866
922832752
922923834
922997045
923064123
923240563
923574534
923698358
923845647
923856135
924078824
924089661
924090399
924109289
924195409
924312993
924321371
924330315
924342179
924352999
924362147
924505622
924928434
924953779
924968244
925104210
925267349
925434198
925827717
926013728
926198279
926212415
926315505
926317728
926323426
926461622
926820378
926941274
927010082
927091674
927095680
927481428
927540525
927560515
927629245
929356205
929595118
929677351
929836309
929853280
929891539
929915055
930225537
930250776
930252096
930374399
930532955
930828882
930921283
931028045
931081842
931094981
931168771
931213882
931214954
931259624
931278450
931282988
931306404
931437669
931507203
931571648
931601944
931727372
931962333
932132494
932145334
932149469
932321590
932482745
932594960
932757892
932791034
932853264
932943406
932943734
932987964
933099198
933291123
933323344
933385786
933420594
933538840
933560196
933679940
933735646
933902327
934064001
934091978
934141632
934188709
934272375
934534127
934597495
934714142
934770967
934771732
934795718
934874447
935047291
935110968
935116830
935239415
935255839
935264481
935322363
935324970
935488837
935606699
935624766
935629281
935647508
935678556
936006567
936048247
936076079
936076777
936080045
936130906
936352458
936398745
936448028
936730893
936773234
936783374
936813517
936885951
936886715
936902933
936924406
936925524
937062155
937332364
937422079
937534815
937643093
937644507
937687227
937703629
937773161
937808564
937974607
938186194
938186476
938201365
938254315
938281146
938350285
938367908
938373102
938484401
938552046
938558703
938602535
938718913
938754010
938979991
939125259
939209033
939464001
939475486
939575656
939640542
939686719
939722148
939808238
939810484
939826609
939959120
940013651
940182250
940207534
940377778
940441549
940511526
940584659
940818616
940899011
940930014
940957141
940963470
941033128
941066297
941085478
941146525
941258418
941678347
941780212
941832622
941882798
942101685
942297368
942436136
942489726
942503331
942566938
942582826
942619944
942653241
942805405
942856832
942862984
942897121
942960649
942995578
943200101
943328271
943407615
943488156
943504233
943603812
943677797
943700230
944002216
944056431
944215373
944216095
944343136
944572945
944629923
944640285
944690211
944870785
944982432
945158942
945180611
945217979
945308411
945323955
945346972
945591150
945637920
945972171
945983519
946076807
946083060
946096218
946104342
946178432
946277606
946427094
946487898
946583548
946611019
946626300
946708315
946915320
946922612
946967715
947260260
947363958
947364370
947587413
947636816
947861473
948130820
948162709
948219005
948236884
948359996
948592047
948901171
949039254
949150681
949235568
949491369
949584239
949640535
949771072
949784755
949814496
949944089
949964137
950038231
950198831
950265175
950378883
950402324
950485996
950503770
950504292
950924841
950951104
950961146
951206739
951343871
951398821
951571344
951632398
951642636
951665198
951860347
951883658
951889004
952064892
952093202
952137361
952211002
952238342
952367200
952407541
952762754
952771159
952856804
952864083
953105419
953125105
953209433
953309235
953351746
953356679
953404021
953541306
953624367
953662008
953756527
953848906
953911395
953984030
954008936
954155317
954183754
954216572
954216849
954222622
954533717
954601573
954605656
955289494
955357484
955512277
955669234
955803442
956127143
956263316
956388484
956590621
956689789
956741178
956855808
956881023
957095022
957189137
957214056
957217080
957219286
957402081
957499987
957500434
957606603
957642379
957790221
957871044
957923134
957973188
958176411
958183765
958278338
958359627
958371598
958429941
958462943
958532017
958611112
958651907
958742981
958789192
958868950
958932765
959077443
959114924
959179375
959213132
959277558
959416176
959435074
959514277
959687783
959709792
959878679
959946072
960258652
960335323
960373307
960392826
960426951
960539101
960679915
960836603
960839470
960890688
960921328
961110624
961163560
961508174
961560043
961595190
961692303
962058374
962191638
962237881
962250647
962316187
962514285
962676900
962853012
962997116
963006293
963021511
963143076
963163603
963196862
963333498
963367714
963457274
963662732
963678844
963689161
963758555
963884892
963942861
964131907
964338723
964608692
964724061
964918398
964960091
965184616
965321087
965354937
965424619
965429226
965516359
965623703
965702270
965844790
965871337
965888557
966084561
966187334
966217229
966357970
966388840
966566924
966694154
966850293
966867111
966886197
966947565
966967984
967094222
967319440
967327207
967421118
967697206
967835370
967853939
968194872
968318941
968399475
968410303
968446632
968467160
968534625
968556048
968566186
968667512
968852385
968905247
969026017
969081520
969240613
969435442
969440106
969473996
969522828
969603018
969674956
969813251
969872185
970022376
970093198
970115445
970226131
970261080
970303620
970312521
970379011
970408466
970526303
970585334
970905751
971019502
971291904
971378304
971403762
971477227
971568730
971588490
971636539
971641854
971695645
971740381
972043917
972059161
972077423
972109578
972156304
972218816
972455885
972471736
972539361
972773042
972960788
972962163
972977198
973166590
973211032
973228294
973285812
973550791
973557408
973691255
973957097
973961984
974097457
974126258
974202606
974318943
974435121
974451877
974564793
974649989
974702894
974744668
974849391
974858388
974906755
974969776
975059885
975075282
975153992
975236420
975278139
975417385
975659907
975814812
975848128
976006171
976142482
976239318
976259619
976320195
976320806
976575721
976704503
976717087
976768961
976852325
976867214
976871878
976977642
977044168
977054126
977107132
977123547
977228236
977291158
977418132
977446918
977483518
977532098
977569933
977633368
977638875
977861766
977976122
978028270
978071467
978165791
978221661
978271995
978341462
978374928
978467538
978491509
978721022
978877530
978891074
978970527
979016466
979097370
979103355
979124292
979165036
979350603
979371601
979561114
979645479
979724045
979732221
979780490
979901532
979920977
979936151
980101837
980231814
981052886
981165816
981226687
981236903
981363198
981462669
981516313
981748875
981896474
981921186
982043238
982068496
982143555
982389663
982399625
982424361
982444692
982616394
982989431
983092874
983501973
983542073
983580074
983666857
983854732
983922378
984087518
984232292
984254970
984339126
984399032
984439493
984576542
984608193
984911690
985031226
985061873
985090222
985185231
985204188
985431271
985560812
985762226
986106615
986168762
986593345
986841254
986969221
986981972
987035799
987057017
987129160
987369594
987806739
987833822
987839998
987876661
987913698
987976694
988073049
988243622
988257054
988260558
988263239
988766827
988818336
988897137
988991071
989221865
989264687
989284625
989382591
989580891
989803677
989827798
989940347
990248710
990308353
990548191
990794362
990853588
990880159
990940841
991058908
991082825
991108238
991488495
991517216
991526060
991673425
991807229
991904408
992078841
992080227
992104823
992395628
992591799
992598174
992690195
992876197
992890093
992910061
993014037
993131887
993346750
993479839
993491077
993606816
993614004
993631353
993697814
993835529
993903244
993941357
994055831
994079977
994102664
994328612
994373152
994628405
994644433
994672169
994678457
994887689
994928068
994939346
995227020
995334966
995390718
995408266
995449816
995457052
995458410
995476239
995523128
995587157
995676031
995728964
995778805
995912226
995976952
995989419
996008990
996155472
996199848
996304378
996379151
996397389
996556941
996613806
996650016
996716458
996793528
996884311
996961679
997030248
997227419
997469832
997727151
997985976
998014685
998167377
998191667
998200567
998272742
998401122
998535950
998548780
998647546
998662136
998670803
998786459
998794924
998835808
998975016
998999318
999050373
999111531
999198253
999236532
999398986
999520175
999608203
999638104
999680463
