125130
125484
225561
233328
268487
348109
354088
459524
464081
504435
565132
1034363
1105285
1171487
1231186
1244863
1246943
1427737
1432712
1464316
1577531
1703159
1712562
1732346
1872553
1878758
1910417
2020391
2060395
2205571
2241226
2300677
2348812
2458758
2501618
2507818
2574826
2680142
2698659
2912960
2912962
2965967
3105716
3208818
3242054
3302505
3455373
3455552
3559829
3562409
3582973
3732411
3891669
3958265
4127097
4237530
4292273
4395103
4532033
4541937
4710465
4771686
4792586
4946843
5079108
5149532
5205998
5397419
5489823
5492698
5511579
5588457
5647275
5918590
5929989
6107991
6264155
6393325
6426450
6472632
6607421
6719777
6967846
6987645
7032497
7100719
7131854
7204502
7325571
7482588
7579445
7722264
7724547
7819253
7931386
7933003
8072166
8162070
8211516
8332437
8761814
8918433
8926763
9032479
9046981
9063415
9331798
9536145
9580625
9781831
9790724
10056839
10061358
10101472
10304558
10365770
10369046
10419913
10434941
10475647
10481211
10553990
10560913
10598300
10722527
10748509
10845487
11008222
11139991
11377623
11604705
11717353
11746061
11809079
11862065
11958467
12334268
12386684
12395512
12700885
12828100
12828804
12955142
12975109
13010782
13085761
13125173
13126578
13286553
13502327
13629078
13836599
13962068
14033177
14067342
14161835
14193064
14245691
14269567
14436573
14438517
14499355
14551175
14618569
14623348
14645436
14704939
14755356
14825485
15055673
15101963
15251467
15329392
15373192
15418924
15504987
15520220
15681445
15685498
15717634
15767954
15833424
15842220
15875935
15893320
15906794
15992629
16107952
16136158
16343928
16355639
16402481
16458553
16513216
16720686
16850782
16891934
16966052
16978838
17073693
17078822
17396270
17465641
17522576
17642172
17714619
17835749
18029452
18197143
18241880
18307164
18382479
18411465
18477591
18493549
18658131
18851805
18958009
19068352
19195529
19306371
19441928
19471234
19480260
19636282
19687616
19743980
19788811
19840492
19842636
20019918
20113130
20173011
20232327
20550867
20797573
20818283
20845513
20848216
20940354
20999352
21173111
21428227
21528898
21863676
22222153
22394994
22421974
22551844
22671096
22773933
23010583
23121739
23168586
23222854
23225763
23239352
23360263
23380462
23581962
23715050
23789126
23919635
24000230
24258598
24283388
24408099
24439818
24457639
24497773
24823638
24856149
24911297
24920892
25129866
25398138
25499341
25743333
25751113
25836311
25949089
25985307
26053392
26063846
26143739
26150741
26156282
26866093
26946470
26955140
26964765
27026439
27094036
27138246
27258596
27322600
27336183
27389364
27670764
27755807
27855492
28009375
28054868
28154623
28249081
28362676
28371553
28640624
28854004
29046899
29229394
29348602
29383453
29418893
29591943
29593959
29594078
29696631
29741715
29768778
29861970
29902961
29908336
30015835
30327908
30341977
30469899
30519790
30712530
31010335
31058394
31150767
31173623
31188478
31216273
31379439
31391909
31484794
31532507
31698088
31729255
31844666
31922700
31973228
31985872
32164948
32184393
32274849
32313276
32325642
32427429
32516334
32864819
32918112
33045117
33064616
33068401
33284929
33287331
33418047
33514349
33893001
34137998
34168381
34172838
34303465
34467674
34602451
34642723
34656194
34740666
34896137
35067916
35253851
35376644
35456289
35574139
35751051
35806517
35838773
35847516
35956956
35979861
36114639
36141717
36322711
36341290
36484590
36920925
36936257
37008664
37063396
37268487
37300444
37367945
37426038
37458965
37579122
37599173
37664848
37737160
37960272
38185316
38215034
38318041
38377224
38523168
38716797
38784637
38819874
38933700
38977943
39065198
39173838
39325126
39343106
39370512
39530895
39845170
39881582
39896964
39922754
40022699
40066673
40161573
40222745
40298757
40378828
40458166
40515184
40862810
41010438
41200747
41242858
41325909
41471931
41534070
41536034
41548023
41568511
41874164
41885021
41933408
41954824
42051953
42189523
42190117
42433730
42512647
42688418
43052406
43070971
43283893
43308436
43366270
43378663
43454076
43699492
43738149
43796825
43993688
44216486
44242329
44247604
44323350
44370809
44383148
44435347
44568189
44591622
44601354
44648296
44811828
44947760
44994535
45019510
45172828
45347076
45405399
45470510
45638281
46070946
46071629
46096210
46098782
46133121
46313861
46319586
46354854
46372092
46407150
46527104
46565598
46569515
46627145
46645781
46757979
47355838
47441945
47702655
47713597
47716536
47782410
47790863
47830815
47916035
48008679
48309976
48314156
48463924
48468088
48499570
48548903
48563591
48707285
48797520
48808557
49159564
49260720
49269211
49327811
49357151
49369659
49495760
49603866
49631494
49817987
49866332
49895831
50058901
50100138
50148418
50205825
50240213
50300700
50498302
50656013
50735556
50783146
50787148
50848365
50931599
51060946
51083479
51117157
51257971
51377495
51493799
51511677
51514754
51665822
51697349
51854415
51964271
52118272
52541957
52573321
52868084
52889282
52925976
52982427
53041269
53182691
53365222
53467385
53585001
53591962
53737330
53912726
53956436
53967425
54033522
54153148
54283451
54536123
54556112
54562094
54775866
54854147
54978483
55114074
55231276
55345622
55529719
55782829
55831696
56120108
56515656
56558903
56580622
56613483
56628206
56660801
56689412
56708948
56950088
57019327
57053551
57098746
57206149
57221762
57399069
57655205
57742541
57965154
57969117
58027738
58098848
58148099
58193805
58331027
58404337
58427610
58473093
58500658
58515913
58536341
58548510
58758176
58790326
59002849
59227530
59303993
59369856
59401475
59449169
59464688
59651942
59865541
59886146
60074915
60086808
60225443
60243658
60252183
60332795
60417909
60526422
60553775
60592389
60789804
60809566
60912904
60955299
61093540
61198913
61411869
61512744
61522562
61551445
61706106
61844718
61915017
61967526
62025722
62057874
62118292
62291208
62377384
62475308
62497390
62541857
62733583
62810031
62960203
62996668
63091705
63204873
63417857
63448290
63477592
63678344
63697968
63709900
63725200
63776259
63945538
63990081
63995222
63998647
64063320
64086615
64130982
64191494
64286593
64514245
64689113
64750254
64802125
64963610
64992340
65002755
65044263
65047119
65183066
65211782
65220230
65291432
65353442
65367744
65373137
65378425
65378651
65422348
65438903
65548869
65549939
65584495
65663074
66034562
66095846
66145023
66339570
66371448
66396886
66614024
66681077
66695915
66779962
67205263
67347940
67518831
67522467
67665045
67725965
67929147
67933725
68091621
68120526
68254145
68304666
68385002
68632691
68654226
68660525
68662547
68904265
69011197
69096862
69109095
69145892
69190622
69332344
69359438
69595556
69791028
69887908
70219364
70247564
70303349
70314023
70362642
70428475
70488987
70698150
70817081
70851139
70853039
70922470
71042746
71834264
71835543
71883644
71960100
72101882
72134178
72318462
72486618
72535060
72680207
72685006
72735232
72801305
72901061
72942358
72969037
73030029
73291575
73511395
73628380
73865966
73885435
74072497
74091202
74242897
74265806
74299918
74320914
74660012
74837708
74877324
75060392
75123919
75126927
75273709
75339244
75402716
75438965
75577323
75628480
75648473
75690782
75780689
76165311
76229830
76236292
76272969
76493178
76649894
76650032
76914610
76979595
77089962
77254631
77382292
77529848
77570623
77660595
77662246
77670770
77779419
77848551
77926532
78114894
78183040
78261698
78302853
78326547
78513864
78555459
78568888
78676427
78712842
78715715
78718683
78756388
78833494
78866987
78928132
79079176
79112549
79168025
79204173
79241277
79291205
79659785
79973626
80084726
80441990
80521438
80574565
80913352
80931842
81077402
81131341
81221327
81317181
81435792
81446462
81519553
81669867
81748437
81773788
81862467
81867820
81911235
82111823
82387323
82410380
82630614
82667422
82676196
82732602
82873002
82907258
83031337
83196378
83253268
83356134
83388559
83494659
83627140
83709544
83802212
83893883
84022220
84288350
84444276
84551121
84561653
84612920
84633413
84776619
84808637
84880472
85123805
85443903
85515168
85530693
85660478
85774432
85776280
85797425
85890534
86127495
86187877
86202871
86379336
86539809
86742088
86766506
86790045
86802198
86844560
86930745
87001524
87012186
87020001
87094854
87121120
87355161
87483116
87562327
87588542
87722540
87759767
87878254
88106065
88149886
88266901
88360652
88594528
88829010
88895871
89095470
89254916
89284744
89323593
89455713
89554384
89689356
89766106
89835993
90088477
90195019
90284187
90332016
90441640
90442944
90489409
90672263
90768566
90790308
90919627
91279663
91302059
91665617
91737843
91763666
91766111
91837837
91871402
91962172
92033978
92106346
92124547
92322942
92362541
92388962
92638820
92698906
92926350
92941515
92952284
93082482
93151888
93235120
93282074
93326594
93517969
93609939
93676170
93878156
93878821
93951309
94113830
94280285
94397887
94475278
94609444
94732623
94862660
94914690
94932245
94983113
95183807
95422009
95438176
95449116
95757045
95945953
96162234
96186943
96219581
96385779
96484223
96738157
96835163
96856307
96894633
96922561
96972989
97203854
97206707
97338683
97344866
97449526
97630046
97802476
97928815
97958135
98251374
98273653
98274616
98306304
98464331
98469856
98725111
98760218
98841131
98921785
98933895
99143122
99283021
99407789
99614953
99639961
99641135
99731132
100012254
100066849
100367817
100422419
100504047
100572356
100815028
100920734
100934283
101234718
101265203
101291250
101368191
101417572
101501246
101506456
101507764
101735748
101773636
101803202
101950479
101982437
102202731
102538518
102595912
102598968
102720973
102924692
103025944
103267377
103358996
103492440
103528162
103581703
103665073
103820924
103854256
103927397
104180834
104324063
104328327
104368441
104435809
104703826
104829372
104934524
105037910
105048285
105154850
105179761
105391689
105457279
105473123
105481151
105601909
105852221
105882627
105920983
105962836
106066965
106075781
106081049
106125902
106524149
106648098
106724972
106758209
106799399
106867404
107064626
107283597
107307041
107378315
107429612
107474476
107723127
107744260
107987288
108047554
108083902
108188580
108198200
108246179
108344445
108515819
108535830
108816642
108943399
109108230
109405763
109434984
109462924
109558904
109585104
109868838
110083436
110212368
110273052
110396248
110537827
110575927
110620816
110652981
110880642
111164130
111339748
111408127
111411211
111444388
111616850
111621198
111728347
111818140
112092835
112124747
112503098
112522005
112639219
112662651
112703018
112813457
112934664
112986504
113239477
113654841
113712288
113780188
113824370
113840100
113947377
114183328
114207075
114260101
114263034
114383699
114432633
114536230
114583974
114681048
114701585
115048883
115064550
115105025
115213673
115373230
115468466
115543852
115595244
115606344
115624798
115637323
115644939
116085118
116258415
116267695
116283293
116326187
116348876
116745416
116865583
116887594
116915757
117115593
117270347
117298588
117342398
117422371
117803210
117808502
118117091
118210230
118498113
118660920
118894538
118908397
119199161
119431123
119455511
119462769
119499888
119591195
119612621
119613801
119670734
119822334
119843550
120008703
120028008
120178266
120299290
120305750
120485870
120596278
120759277
120871689
120968132
121139753
121306120
121330182
121356226
121410264
121464988
121736473
121776881
121777075
121878854
121937267
122003699
122239604
122297540
122446433
122539578
122638070
122676090
122749027
122808830
122883516
122929177
122963168
122966881
123220632
123520970
123625833
123661678
123839568
123927497
124006509
124209791
124224772
124284378
124359897
124479904
124519025
124928653
125003823
125397662
125451702
125468552
125498251
125606169
125759548
125865291
125959419
126222471
126251644
126261889
126266722
126289093
126492702
126545376
126568120
126813495
126964708
127193897
127203419
127295464
127314535
127353053
127518461
127522243
127580096
127597839
127698660
127805225
127878592
128023594
128033723
128140912
128227307
128230967
128444820
128505630
128608793
128727301
128796876
128891880
128948232
129131950
129301286
129338446
129460332
129546712
129639061
129679265
129959059
130007936
130014072
130194267
130226497
130271900
130405798
130564336
130699687
130788346
131076294
131194326
131302708
131421680
131486318
131743545
131792390
131816265
131958196
132059797
132175060
132406802
132441122
132658316
132741286
132948119
132950554
133067452
133196845
133228980
133236212
133264503
133272306
133282948
133495970
134075394
134433112
134618929
134631719
134639962
134805745
135346999
135494741
135610403
135756099
135836693
135994726
136001211
136083767
136099605
136126467
136137596
136202001
136362553
136386488
136451013
136502406
136616529
136664571
136811242
136852428
136905526
137014103
137028476
137286803
137394318
137506148
137514072
137635566
137670334
137753121
137828283
137841424
137869012
137922208
138001366
138198354
138279385
138283183
138306791
138345500
138430926
138439936
138551783
138570171
138702137
138721830
138726926
138912941
139081984
139097190
139215588
139220259
139352726
139505270
139553344
139565827
139626404
139655988
139704683
139733672
140183000
140257861
140261885
140489745
140638988
140736893
140820699
140980224
141122520
141148602
141270417
141414090
141546996
141558461
141670798
141747741
141798370
141847737
141900270
142070371
142187727
142201683
142321365
142344205
142441889
142483031
142562063
142599357
142786426
143064896
143374161
143497313
143804819
143864438
143956948
144097039
144116315
144238085
144278897
144354847
144765512
144941851
144959941
144965955
144997370
145145353
145307114
145322779
145377863
145553933
145662127
145719668
145957915
146284556
146327365
146491178
146603107
146719062
146737245
146759666
146828793
147250195
147252633
147328073
147369676
147386370
147387517
147402688
147559634
147612013
147893392
147895653
147896088
148084343
148155594
148171727
148465364
148492933
148508268
148520749
148662036
148699998
148859432
148866584
148872241
149307277
149628063
149765126
149802438
149992486
150053262
150212868
150239861
150648338
150674352
150688696
150785336
151095110
151095906
151282681
151287875
151304021
151373547
151383758
151391812
151481715
151694779
151774018
151865623
152015010
152061798
152088622
152099393
152167118
152374995
152510526
152631539
152775486
152873638
153032798
153146922
153297170
153365219
153372414
153429430
153664613
153846274
154292170
154357132
154454138
154485680
154659297
154817825
154962219
154987258
155034267
155179019
155183551
155463830
155505661
155559333
155715023
155925753
156039171
156133314
156134844
156154998
156691973
156784913
156792890
156865761
156922720
157396990
157513089
157568117
157580475
157649272
157653587
157719224
157824906
158086871
158249976
158812820
158874958
158931251
159016474
159244352
159353680
159371882
159390205
159430825
159500419
159733779
159995709
160186139
160393700
160684484
160714338
160902867
161066261
161098180
161141184
161277191
161296202
161338436
161372921
161376631
161603108
161632808
161867168
161950966
161969656
162021384
162140969
162152408
162265838
162341044
162475629
162665144
162705926
162706336
162915211
162968994
163158830
163269796
163316634
163636480
163692343
163861728
163925796
163927156
164050178
164187714
164261743
164334976
164491698
164518132
164554983
164557374
164756080
164828673
164908468
164924062
164924753
165138886
165261410
165397556
165453747
165479693
165612475
165653621
165679458
165747538
165965114
166003519
166134807
166549078
166672022
166719525
166872598
167006546
167062465
167094342
167120664
167167326
167235870
167283770
167363163
167721419
167797635
167814091
167916717
168005169
168018049
168032955
168577843
168670045
168920793
168987046
169032293
169046436
169109074
169131574
169294790
169445030
169459099
169559534
169598299
169600872
169623180
169718289
169839493
169900880
169959420
169963696
170026483
170056662
170091942
170347945
170376897
170619878
170673403
170694185
170970987
170979142
170986632
170987160
171123552
171360423
171620633
171853183
171923766
172231862
172571159
172707541
172757708
172804611
172870615
173299752
173418495
173461468
173493625
173507807
173547005
173554388
173590333
173797039
173953456
174114908
174123998
174330292
174343777
174348466
174389201
174463826
174756242
174906528
175198782
175204469
175265001
175425234
175456065
175510754
175520675
175783756
175821671
175890776
175959357
175959720
176221909
176310815
176346286
176347915
176388666
176392695
176417368
176422954
176432617
176502409
176590908
176644736
176673009
176803597
176870264
176875237
177107053
177119290
177161137
177370599
177379350
177480300
177525521
177908024
177932386
177976940
178028595
178040847
178046306
178065801
178077978
178078084
178207172
178241191
178438560
178498635
178528047
178608981
178774334
178825825
178944829
178947204
179294947
179333456
179471615
179513944
179514413
179596651
179670077
179997085
180094287
180165590
180197671
180446343
180575125
181028213
181185999
181428977
181611093
181726658
181894843
181950532
181974017
181981870
182017345
182034277
182067894
182073064
182115941
182326897
182347739
182349681
182535458
182586532
182596841
182808901
182935991
183264484
183549902
183568120
183583589
183602108
183624393
183712609
184198874
184306058
184392786
184510369
184556041
184633480
184762573
184866803
185008132
185096033
185156633
185334856
185544280
185601678
185657150
185676272
185781603
185960797
186000678
186293356
186395965
186522835
186543101
186544605
186635752
186648323
186752451
186924533
186973839
187067796
187137749
187229990
187631877
187669406
187920480
187942886
187947985
187960921
188015964
188212667
188265506
188297950
188381777
188564854
188609777
188629294
188746428
188938565
189038895
189102613
189179969
189336425
189366571
189450552
189470901
189517693
189521159
189545472
189569713
189699545
189702502
189725018
189910034
189915373
189973583
190020663
190186094
190325526
190327051
190419394
190466369
190503645
190558453
190623318
190657872
190673414
190747984
190813925
190941022
191054519
191062778
191070031
191185998
191574043
191616067
191639029
191880042
192018663
192032115
192039627
192114441
192354052
192376336
192438453
192517967
192623806
192655344
192797362
192954920
193160822
193183131
193662145
193790212
194126241
194221579
194385230
194484831
194539360
194555060
194731063
194793956
194929511
194972346
195048120
195128282
195285279
195579375
195613799
195658506
195778314
195874514
195888640
195921770
195954368
196072315
196315446
196319189
196365296
196373441
196452269
196583891
196673417
196729050
196765900
196828896
197051508
197157214
197178520
197211072
197240588
197488657
197621060
197758234
197765959
197818694
197869480
198402243
198498223
198558460
198598540
198608549
198657763
198709810
199068997
199167084
199412242
199438258
199527441
199578007
199644758
199664918
199718919
199720162
199728816
199934746
200003101
200167467
200183268
200230018
200231832
200264513
200305928
200435820
200483465
200536037
200781795
201242370
201409795
201639609
201787154
201796352
201908396
201929706
202203482
202240973
202360575
202526754
202734908
202994557
203119670
203264967
203400659
203608392
203734367
203876099
203914100
203936071
204018477
204130371
204149570
204156362
204177058
204253502
204255896
204379932
204667306
204774035
204791999
204951151
205017456
205178774
205404495
205610109
205785730
205889785
205971359
205999051
206129138
206242188
206391720
206462753
206466437
206479123
206531618
206563242
206658407
206764032
206813663
207100075
207167624
207482082
207590970
207615261
207728468
207762783
207870297
207901227
208035650
208189703
208340827
208390688
208483667
208501184
208660383
208956463
208993443
209083801
209195212
209464379
209537634
209829395
210003625
210039936
210164487
210241553
210751442
210783118
210877826
211123112
211213595
211257798
211437507
211472980
211516337
211523704
211854016
211873951
211909521
211965593
212392015
212513257
212599608
212638781
212660400
213006132
213098573
213507771
213533817
213535318
213594202
213636460
213692821
213718091
213732893
214065671
214272570
214303136
214469208
214579785
214590346
214593313
214735272
214766128
214836840
215018506
215297598
215355859
215477104
215552166
215598975
215664099
215676197
215730066
215735559
215970983
216019213
216019794
216072977
216120860
216398654
216583121
217145986
217208409
217241725
217292572
217670073
217712874
217765288
217820244
217844275
217943001
217979555
218048576
218204908
218223916
218274297
218384688
218588633
218672026
218714870
218779342
218792697
218844004
219096722
219141509
219324001
219473286
219638693
219641867
219666297
219944264
219968985
219986883
220038496
220249973
220382011
220474910
220489465
220625082
220643050
220960830
221059233
221217082
221538137
221621344
221767621
221861311
221894106
222064332
222148750
222328300
222359195
222604474
222670328
222717495
222871057
223054462
223061282
223074091
223381513
223570892
223842288
223916659
224088739
224197586
224228098
224317388
224318486
224326717
224429779
224480075
224509701
224745423
224755032
224785908
224830940
225042687
225138960
225142588
225162609
225177602
225221543
225231859
225262462
225319488
225419786
225454326
225513038
225589066
225680023
225749214
225947637
226022352
226079350
226160295
226282673
226327860
226384525
226807165
226948142
227016598
227221002
227236377
227410924
227474971
227739014
227909751
228140393
228581039
228856333
228871946
229250495
229281403
229459168
229498882
229524607
229709331
229738734
229944685
230129268
230161969
230232550
230312964
230406984
230425740
230534609
230625073
230659430
230828550
231193721
231421400
231792654
231814464
231831892
231836607
231889127
231900237
231907678
231989821
232023367
232200034
232308221
232355785
232393836
232512816
232586439
232610882
232738852
232811600
232866853
232914047
232919322
232961336
233163612
233291465
233322306
233340374
233394453
233428983
233643119
233716267
233889812
234205614
234286490
234322255
234355790
234507998
234739847
234778234
234991225
235007499
235282662
235555974
235594640
235658936
235710069
235795494
235874994
235992316
236061413
236710410
236740933
236772052
236838094
236921715
237111950
237153942
237170998
237405281
237523566
237648077
237669112
237959503
237967798
238010299
238249261
238385378
238393901
238459400
238483783
238512735
238577149
238584128
238616274
238854540
239003990
239083686
239090699
239340391
239406816
239556729
239583085
239678860
239710736
240188375
240242935
240274980
240372497
240456738
240479437
240612138
240751428
240901168
241192356
241298192
241335329
241380397
241423433
241526551
241533171
241585337
241819555
241866976
241872762
241977848
242054172
242291016
242568497
242610231
242756578
242793067
242799127
242832377
243055167
243363308
243718443
243780798
243911475
244034529
244118727
244134535
244236090
244404602
244431428
244484149
244498047
244572065
244721928
244760829
244788416
244791927
244956104
244978272
245039304
245099545
245209240
245494534
245556527
245584069
245630868
245772035
245817398
245937440
245946781
246020476
246094749
246352726
246681638
246709937
246741180
246863219
246933646
246998297
247103247
247259048
247417583
247427150
247442977
247534164
247608040
247922708
247922769
247956132
248009422
248079848
248101637
248343220
248371183
248389126
248389915
248395152
248397818
248579613
248581076
248763860
249021989
249323573
249411453
249788607
249808586
249963050
250171054
250522700
250567214
250635783
251125253
251341498
251361858
251507626
251679560
251780231
251828782
251924447
251933417
251989598
252236055
252403368
252420507
252635236
252645070
252716319
252736890
252748656
252817381
252846138
252893172
252947429
253086267
253144411
253441637
253723448
253856378
253973458
254130851
254260629
254263097
254328550
254329848
254424546
254495512
254535506
254602085
254725548
254741211
254782548
254816623
254817635
254835815
255079570
255086978
255230843
255277433
255307097
255313856
255661510
256015307
256019799
256091000
256182428
256198055
256215410
256217167
256323490
256360733
256365351
256410309
256451220
256649393
256774123
256780636
256864945
256927338
256940328
257088257
257197481
257279805
257386489
257437792
257450910
257796554
257851079
257852070
257977187
257981489
258005438
258129942
258258757
258336624
258344267
258351763
258680496
258839151
258880300
259053007
259516777
259562313
259600158
259810578
260055289
260085897
260144880
260172598
260226615
260279821
260582739
260623237
260641802
260831641
260885839
261129112
261253332
261304647
261706327
261783229
261830793
261851045
261959882
261987726
262200516
262340534
262366788
262538690
262696061
262774869
262971301
262984390
263016506
263103085
263163992
263208420
263328221
263354070
263391841
263436567
263473731
263580977
263581741
263847601
263948399
263997841
264110020
264373197
264426117
264450312
264546394
264658070
264745580
264745679
264850420
264932761
265138957
265546970
265798021
265871440
266296721
266317212
266356788
266387132
266438131
266463707
266515923
266796244
266963865
267226855
267229559
267327428
267367247
267534044
267534619
267746462
267809252
267932849
267989319
267989401
268016731
268222207
268297508
268350558
268486040
268503520
268571245
268636777
268641338
268725600
268788775
268813751
268834253
268942745
268946508
268973298
269042426
269399962
269434438
269605426
269621527
269655768
269941584
269955805
270002420
270233330
270257444
270262458
270373960
270407386
270464757
270464789
270490083
270618827
270681967
270737556
270740930
270820300
270844163
270985229
271095899
271134817
271216586
271654585
271666056
271774807
271778707
272028415
272195433
272253115
272319221
272381091
272567756
272577688
272628188
272922961
272951817
273110513
273144245
273207347
273245948
273374730
273410663
273434908
273530506
273609657
273739097
273914884
273970383
273982841
274045723
274262513
274431498
274670315
274767096
274866008
274887434
275035648
275171014
275242472
275253270
275328093
276025179
276151114
276215610
276441702
276466286
276619417
276722309
276738669
276745501
276847994
276927937
277196620
277281486
277416321
277456755
277825822
277860005
277936151
277969980
278082051
278144757
278235874
278312332
278356554
278506949
278528382
278602733
278706661
278742263
278823927
278953826
278972849
279048233
279082929
279456544
279462652
279480871
279555043
279616913
279644054
279648455
279682407
279752466
280095103
280138681
280247859
280416321
280576008
280721602
280801040
280968013
281158584
281167256
281217255
281298740
281346475
281697278
281764063
282168241
282244224
282274094
282339383
282388878
282459725
282475636
282509732
282609025
282623107
282640513
282835732
282895428
283186617
283342788
283420718
283554747
283762141
283920244
283988421
284298719
284335399
284472626
284505873
284734714
284852370
284854390
284926825
284996385
285234671
285238180
285274734
285349464
285364202
285538772
285670112
285716245
285795739
285858748
286248527
286277939
286354048
286512482
286521391
286745520
286778230
287095899
287185307
287233499
287242790
287356867
287376042
287419281
287745159
287943844
288025379
288053185
288103991
288125966
288175428
288214814
288296338
288455801
288526900
288590104
288624964
288714264
288732535
288767855
288865729
289010333
289067516
289114414
289171286
289213803
289303902
289362444
289564350
289621739
289902266
289937364
290069369
290098634
290196362
290323615
290325196
290763306
290798585
290914848
290944889
290972359
291108460
291131861
291306520
291611340
291682236
291734244
291892055
291947166
291984082
292013870
292075961
292111103
292278563
292395478
292433942
292486471
292523196
292622954
292625694
292724739
292781776
292828041
292969264
292972579
293019244
293193244
293201924
293240124
293271200
293313045
293551098
293601767
293623179
293637447
293669972
294142720
294296694
294414194
294425876
294518922
294576947
294641712
294652518
294731099
294754702
294842045
294871172
294920294
294920740
294944983
294998359
295092109
295131724
295180789
295250496
295282811
295325759
295387458
295514051
295575541
295763413
296020004
296024703
296057015
296072984
296162009
296207939
296258919
296348345
296431136
296502101
296581280
296788514
296880169
296919232
296919616
296935716
297027674
297144322
297257527
297561456
297586535
297602745
297731090
297760024
297829092
297866621
297921715
298073643
298256210
298320518
298426838
298450536
298596813
298916453
298929772
299060001
299169203
299359517
299545214
299676032
299705998
299821698
299961893
300028061
300091172
300213586
300220121
300259543
300309361
300457936
300469169
300480746
300540845
300587966
300900500
301081576
301096417
301112789
301209015
301295827
301300052
301339963
301445049
301615627
301677706
301701340
301813227
301904208
302007210
302032278
302307373
302561470
302593227
302627681
302636472
302761671
302927515
303334675
303574342
303642555
304029322
304063870
304086529
304133965
304608129
304698022
304720943
304724120
305106346
305253411
305659869
305858891
305879386
305958297
305979399
306019961
306072258
306158958
306453072
306608491
306920104
306921259
306950832
306968136
307025996
307060743
307081225
307234811
307333430
307344599
307351879
307393526
307400799
307443806
307540498
307614521
307743514
307792241
307930093
307969041
307988535
308115934
308141300
308166657
308248079
308293958
308308910
308709891
308746329
308757729
308843939
308920962
308957425
309034724
309076343
309248277
309412849
309417989
309533189
309768341
309877856
309895596
309956452
310098629
310176659
310209122
310416985
310420583
310552147
310582058
310609135
310616204
310689782
310780906
310904855
310928235
310958484
311044375
311239595
311395028
311592564
311645878
311699876
311717740
311770041
311785473
311849063
311890211
311940490
312032881
312049157
312071058
312185811
312346703
312348305
312569614
312849353
312892422
313053863
313103532
313241722
313357422
313375151
313703119
313727622
313732072
313787343
314057776
314066169
314066186
314317009
314548225
314591967
314797389
314818432
315046313
315099895
315372196
315426824
315448914
315476285
315493589
315548733
315597224
315893394
316118654
316216617
316283568
316652690
316884640
317072510
317194594
317377934
317402148
317602431
317635503
317744479
317789424
317817749
317974770
318091219
318509742
318529512
318615633
318696170
318743912
318762837
318821080
318915812
319027409
319199578
319270465
319537177
319683079
319712465
319925495
320136356
320215199
320233965
320378547
320542254
320900112
321027700
321332677
321383457
321397187
321544545
321722974
321936620
322024804
322064270
322193523
322195865
322211954
322745788
323027011
323463534
323468747
323799828
324009050
324086106
324157647
324349766
324442740
324609644
324612173
324707583
324727385
324865115
324884949
325023857
325097366
325190697
325231857
325610985
325663300
325702576
325722766
325767111
325817299
326132046
326732332
326782070
326904082
326992060
327232377
327429978
327600960
327739618
327745555
327857438
327978683
328045267
328125283
328139661
328206889
328252343
328562047
328615730
328632792
328686392
328826970
328861547
328917310
328932848
329106540
329120390
329377871
329448864
329599731
329666875
329810077
329821723
329910528
330237242
330365843
330438968
330648299
330775731
330832881
330906543
330913867
331226796
331229385
331234795
331357795
331368763
331446486
331474446
331568381
331611143
331770481
331775211
331777052
331913060
331977445
331988724
331996454
332028708
332102349
332109737
332163188
332352183
332370742
332377337
332385499
332534144
332567916
332594252
332651949
332660193
332682395
332748188
332920160
333044978
333061846
333275008
333373283
333406804
333541180
333632045
333647881
333652488
333661629
333758271
333826303
333833965
333935028
334209262
334627989
334656859
334717377
334717431
334723166
334727229
334876740
334950195
334987359
335099549
335140133
335213288
335336961
335408827
335524457
335592175
335619899
335664857
335675357
335695405
336259049
336328538
336338770
336574862
336708540
336759778
336782709
336885225
336912762
336974040
337015027
337149624
337395708
337417940
337827550
337860485
337927361
338065605
338225613
338640313
338677376
338707355
338892138
339077529
339182522
339200126
339451572
339472781
339562401
339773332
340077661
340264618
340345605
340447480
340584184
340616066
340934858
340938826
340991792
341018817
341337901
341540948
341569096
341579754
341618661
341653461
341663078
341674865
341679727
341686158
341703691
341773151
341776166
341810535
341846430
342050915
342082965
342125385
342164592
342178889
342272974
342295654
342460049
342480105
342522288
342561227
342612744
342690951
342769973
342806414
342823938
343090424
343228845
343232227
343306370
343723262
344086189
344087910
344109439
344133186
344245676
344543605
344612817
344712552
344774699
344803864
344853286
344941014
344974976
345026814
345231425
345235831
345242714
345456594
345584597
345816531
345843672
345900821
345955390
345988961
346080123
346248375
346469552
346582651
347192915
347242908
347319903
347324047
347513039
347749339
347898601
347923374
348010835
348352298
348364595
348471122
348575798
348976624
349223894
349264393
349287685
349513476
349649849
349711518
349750406
349951108
350190363
350221487
350328344
350419857
350499726
350697389
350733906
350744824
350849683
350944100
350960039
351059279
351128410
351208716
351209967
351237921
351271419
351386102
351395591
351553031
351554778
351613379
351626412
351627051
351659667
351668548
351702520
351722731
351743087
351885261
351885871
352045621
352085939
352147246
352203568
352282931
352335718
352415595
352766671
352823617
352894208
352924368
352998884
353111047
353125304
353218908
353346980
353353088
353591956
353702550
353738867
353868607
353899917
354142471
354336743
354493310
354519312
354726609
354807622
354824150
354939780
354970920
355101273
355326718
355355681
355559747
355697280
355720370
355882521
355989282
355997115
356575069
356607408
356626503
356643337
356692799
356695275
356725985
356793973
356859342
356996618
357042023
357113485
357260713
357266018
357367551
357438134
357588073
357790372
357991952
358016057
358023704
358205775
358260765
358395807
358456993
358473395
358512121
358518674
358756408
358781852
358808671
358861766
358889116
359059461
359135634
359195134
359368417
359526242
359589871
359788267
359819818
359849296
359863741
359875979
359935696
359958198
360300367
360458300
360471098
360537693
360639177
360652551
360854176
360913232
360978760
361791038
361855330
362152065
362186206
362282191
362382135
362509735
362598780
362613217
362798955
362893216
363072230
363286833
363333274
363439588
363459587
363487843
363551176
363625822
363705294
363729572
363779016
363782915
363993794
364006454
364035520
364101581
364195369
364255150
364466323
364705504
364748119
364755035
364783604
364927730
365212357
365542566
365614548
365786998
365797340
365804425
365952253
366096172
366135008
366168575
366204266
366242636
366587820
366589355
366610230
366657668
366746597
366844058
366848913
366891276
366965890
367040402
367062968
367167255
367178409
367188495
367399913
367455919
367491715
367743661
367767680
367882344
368043032
368311255
368342803
368420767
368545955
368564954
368618843
368766425
368888855
368897177
368916115
368923971
368960617
368986061
369060858
369080572
369136931
369207598
369216737
369394956
369437194
369477702
369638456
369648784
369692604
369719533
369743209
369951369
370012704
370074525
370122300
370169347
370337332
370466681
370474018
370481117
370526374
370529226
371037664
371047247
371144643
371174485
371208416
371460315
371528265
371575739
371691030
371887411
372008877
372099081
372346007
372494691
372551608
372651431
372871865
372897762
372956915
372958881
372998790
373028934
373048041
373049902
373095904
373228443
373234519
373239288
373312428
373322638
373426346
373457216
373552500
373646279
373653411
373674501
373676808
373678685
373683596
373683771
373926442
374108534
374148598
374274220
374707250
374711844
374857393
374899309
374943524
375198547
375245041
375446229
375691869
375700846
375753474
375849190
375879684
376090484
376278517
376546488
376551886
376567738
376687208
376717596
376749696
376763879
376848758
376867014
376950247
377019626
377056209
377070204
377109039
377307565
377496548
377501060
377535684
377604008
377848648
377917000
377965649
377989070
378109153
378359538
378381719
378510504
378865049
378918419
378926440
378933435
378949058
378976180
378978585
379280134
379326942
379743392
379770006
379902938
379984467
380073346
380254723
380446625
380488431
380515184
380579425
380721368
380753616
380817608
380881758
381247988
381286800
381398094
381431686
381511331
381534749
381594766
381620360
381630181
381692918
381738487
381752458
381775770
381958676
382007786
382017585
382174810
382293121
382441109
382853440
382892891
382944961
382963203
383095413
383118259
383197986
383377837
383382870
383490668
383603488
383627176
383679641
383695011
383729766
383769904
383812781
383861160
383881955
383916457
384230591
384409776
384468188
384478675
384534956
384579001
384689858
384737920
384742102
384784878
384786357
384850644
385195819
385260116
385414989
385454589
385691492
385730497
385753901
385765034
385778247
385813642
385917745
386069934
386354231
386411365
386584400
386617882
386639050
386784271
386809825
387056437
387169371
387334999
387493973
387568681
387654296
387983558
387984241
388085356
388367010
388542426
388657974
388798446
388844950
388945240
389027266
389249885
389700697
389997431
390037488
390046354
390163804
390290868
390362199
390724273
390783739
390785565
390935710
391058545
391071127
391167094
391428447
391686637
391703165
391707624
391826889
391982341
392028968
392075992
392134730
392250867
392279928
392468689
392479812
392568176
392753667
392770803
392886343
392943572
393299395
393325730
393653522
393700101
393769521
393774569
393833955
393834800
393862643
394031445
394033804
394229086
394452301
394549225
394573181
394588058
394911585
395029277
395235169
395458514
395466248
395505585
395507558
395864529
396058103
396086834
396129280
396402489
396451269
396461212
396661274
396680977
396827598
396864500
397001133
397112264
397456653
397490788
397566760
397567511
397574881
397630807
397730637
397921077
397971686
398044203
398184901
398203682
398342763
398343860
398570156
398744430
398816433
399127741
399159242
399180217
399250444
399376305
399413966
399532261
399672500
399679686
399700009
399795504
399849685
400023856
400106999
400114146
400294206
400336740
400392203
400509401
400536524
400569934
400580493
400608559
400685899
400804925
400964542
400977329
401042416
401066814
401117081
401138038
401138052
401321545
401467224
401665828
401734364
401861067
401895179
402226900
402251721
402484038
402527309
402714416
402729653
402741511
402956518
402982720
403460001
403558805
403610654
403782280
403861517
403917586
403924672
403967227
404298253
404368228
404400686
404424189
404429988
404523082
404581456
404766251
404975051
405643613
405684896
405686095
405797352
405915591
406053776
406165625
406357466
406392620
406417828
406469251
406555351
406572540
406932191
406991961
407002103
407193153
407206459
407373026
407399509
407428308
407481386
407629297
407658631
407670086
407732147
408014954
408020689
408122896
408313941
408479540
408681474
408746653
408822026
409109860
409563794
409566445
409602123
409624956
409750456
409789228
409827514
409855649
409876012
409895446
410282938
410301469
410375503
410453417
410597490
410803093
410842697
411018204
411074191
411114888
411194194
411341332
411484106
411655276
411782957
411866110
411882061
411933992
411998272
412018600
412063664
412067705
412127293
412374042
412425954
412441810
412749895
412830066
413071937
413195926
413211544
413229053
413293143
413314842
413411704
413419118
413512663
413531691
413552024
413556407
413582138
413627836
413657308
413792748
413898606
413923308
414326452
414623372
414662429
414690607
414759104
414779995
414791517
415153141
415423933
415523941
415618385
415667506
415698377
415748069
415832203
415958880
415970110
415999140
416391271
416568166
416631449
416657920
416665249
416683925
416690226
416737147
416792065
416826163
416893511
417061680
417148397
417185081
417217056
417226326
417264924
417369268
417447099
417784484
417808721
417818674
417969805
418022120
418406713
418499619
418734434
418853577
418940095
418969802
419027558
419103094
419103704
419213690
419287292
419451113
419461620
419595110
419612487
419629911
419776847
419816993
419968697
420046259
420069589
420244388
420272170
420495069
420516139
420830797
420971186
420991023
421000749
421077018
421152553
421282075
421652047
421724487
421734452
421797715
421801248
422005646
422055493
422124478
422292941
422624404
422982299
423160614
423401075
423401500
423409316
423471181
423482661
423496838
423497605
423683152
423704796
423730890
423924756
424009659
424028187
424049108
424070023
424213464
424231546
424265892
424365716
424637956
424711916
424801854
424846795
425065083
425065435
425281783
425499280
425597235
425824718
425878819
426048682
426186051
426243454
426351678
426500831
426513893
426727747
426754496
426811506
426818497
426874532
426913375
426937692
427082351
427100719
427129801
427168226
427498549
427615819
427615977
427681065
427727793
427728553
427894727
427970979
428130956
428471671
428639231
428703333
428737808
428908116
428939515
429125357
429322732
429341375
429419870
429510895
429716476
429770957
429918072
430014200
430018985
430220309
430259320
430419867
430509597
430533186
430587703
430821994
430843470
430844536
430870121
430977838
431100297
431166487
431704578
431711462
431943559
431993610
432100034
432170962
432175726
432181736
432185016
432415773
432455121
432485724
432665806
432726833
432991902
432994382
433030443
433206981
433402426
433423839
433473985
433563480
433627656
433657554
433827293
433851785
433888524
434082438
434369208
434411388
434438713
434462818
434568684
434620395
434657787
434668253
434891686
435070710
435248440
435586464
435820518
435960382
436057186
436112134
436219602
436275102
436439596
436806177
437003608
437114623
437291905
437303014
437349357
437361863
437396454
437432859
437433402
437495734
437633214
437814477
437924655
438017489
438293152
438317788
438320628
438446711
438529639
438661550
438858051
438964444
439001119
439070725
439120976
439134438
439195839
439230258
439318475
439321585
439335321
439401378
439611681
439668149
439753245
439780951
439844864
439927069
439957496
440080210
440181660
440207502
440242168
440303075
440307526
440336370
440385920
440472116
440527188
440605070
440786270
440795934
440980515
441077015
441102700
441160734
441425658
441502592
441571372
441739831
441758914
441813555
441886793
441958724
442174507
442267473
442356218
442615803
442737652
442957186
443063906
443189630
443263601
443266364
443327067
443465011
443567239
443653705
443680902
443703713
443776736
443818575
443924187
443993315
444070473
444144629
444288391
444294715
444429582
444501566
444501858
444696614
444849407
445001501
445126600
445128442
445129374
445360483
445364008
445392184
445398330
445447176
445476011
445782673
445815758
445829474
445862428
445887066
446084813
446118886
446145436
446598963
446626786
446855670
447012156
447034049
447065531
447109879
447369001
447449415
447466005
447610750
447681846
447788707
447821210
447882262
447988877
448063877
448116653
448199021
448305484
448626371
448853727
448924778
449179519
449354268
449388408
449543663
449915744
449984365
450151846
450183810
450186218
450193459
450202825
450209550
450292269
450418148
450727294
451135503
451154577
451350078
451462290
451486091
451592273
451595842
451640370
451645428
451870316
452073354
452075040
452249224
452707507
452813419
452822549
453240013
453362420
453492003
453531667
453749098
453855059
453917306
453940365
453985858
454070849
454182329
454300790
454416964
454444121
454599323
454712126
454887224
454959900
455152892
455292823
455323588
455926877
456036643
456248939
456322461
456840424
456900517
456970107
456995112
456999215
457086162
457230614
457271384
457301611
457437314
457696945
457821844
457876408
457971055
457974878
458066374
458250289
458363077
458404975
458780438
458995971
459319386
459430018
459570326
459709647
459732244
459983504
460056400
460083969
460209283
460340928
460358194
460388570
460455079
460608502
461423010
461429789
461432258
461938552
462227425
462307476
462352501
462387484
462491969
462524315
462693090
462804362
462867352
463027037
463065519
463091138
463109642
463193833
463219777
463353762
463560300
463950223
464333677
464422474
464609829
465008847
465023705
465133425
465208374
465333601
465408853
465569254
465631019
465639968
465754744
465764132
465784962
465795376
466023577
466095545
466179430
466237093
466313940
466619942
466844032
467019466
467128958
467325032
467381518
467437009
467663896
467704629
467745707
467824346
468028029
468030245
468057419
468166487
468276563
468360752
468729532
468756173
468929770
469059497
469363779
469451754
469666809
469673890
469681235
469778873
469864440
469875595
469934269
469937640
469946122
470075193
470083997
470258583
470372660
470432267
470691443
470815088
470839726
471099843
471316447
471656480
471730697
471849499
471853003
471861091
471863792
471865346
471876102
471927254
472053635
472071927
472293233
472310361
472331851
472423023
472524780
472570343
472639746
472641800
472654693
472829207
472975464
472977576
473312015
473330564
473391330
473525119
473646690
473732297
473789284
473813598
473881310
473881691
473936560
474023196
474093348
474136873
474275007
474281037
474283272
474434714
474560667
474674753
474678864
474742117
474804230
474879437
474958391
475081205
475128717
475153867
475178154
475255067
475277218
475344058
475420312
475448456
475464714
475496100
475509176
475627085
475686585
475796801
476085461
476090372
476399437
476453611
476653799
476659129
476805835
476830328
476928018
477002908
477044991
477369431
477468374
477485636
477622421
477947660
477979100
478140720
478413148
478616876
478849139
478918459
479015117
479080293
479090963
479153431
479412961
479568864
479697726
479719085
479810298
479857547
479912623
479937085
480222985
480223521
480306850
480370273
480616447
480643342
480832420
480863686
480869536
480953201
481129163
481158601
481292952
481314171
481396517
481413230
481416920
481422081
481510757
481573104
481598644
481614586
481743432
481934866
482084602
482188756
482189762
482210590
482479072
482488233
482539169
482634845
482643130
482830224
482878542
482880091
482932489
482966316
482973107
483018756
483180963
483343518
483364703
483466667
483587726
483759643
483784904
484210840
484367740
484376976
484405683
484524594
484614044
485063058
485105544
485237794
485355349
485441162
485468423
485524952
485553197
485620357
485774396
485822160
485824520
485834909
486140767
486147731
486255762
486386078
486411472
486485103
486615437
486651639
486786754
486965347
487050605
487156090
487255128
487291105
487300188
487438760
487500693
487517941
487531347
487583162
487590045
487592525
487637789
488213786
488410508
488449542
488552257
488662683
488682799
488715932
488719019
488801113
488810138
489046886
489197754
489207692
489261560
489440995
489507238
489512344
489587862
489658937
489664067
489789618
489993105
490063888
490078330
490170742
490232951
490269121
490413406
490582649
490681055
490816750
490875026
490900387
490921821
490925819
490992255
491038525
491058774
491328445
491492932
491535413
491561873
491569872
491638088
491648794
491845068
492010324
492217326
492425654
492608026
492651900
492658121
492803146
492985308
493058664
493066919
493067546
493094149
493429504
493435859
493553419
493558037
493612631
493638100
493868554
494003778
494003801
494270923
494315152
494328190
494435180
494498102
494587743
494603047
494736652
494738443
494920236
495186398
495283132
495382241
495420643
495462348
495663909
495701990
495884815
496130993
496148927
496222449
496379782
496380809
496380874
496765506
496840471
496972637
496977736
496990964
497150611
497289239
497355542
497472492
497503590
498183058
498231588
498256694
498364940
498370178
498411099
498604563
498693621
498761764
498784991
498989964
499103743
499203642
499324011
499385127
499395677
499536411
499561298
499843365
499922276
499999151
500250401
500302517
500371142
500420142
500601020
500785059
500880917
501085725
501364476
501448188
501494135
501550388
501573172
501618324
501696463
501708917
501953220
502184786
502370619
502693597
503218144
503220196
503235467
503355365
503414295
503434663
503584065
503638051
503966271
504442986
504576337
504654693
504684698
504741838
505097928
505128837
505140684
505196940
505238597
505282049
505336074
505360728
505388453
505505989
505506463
505588059
505664886
505719917
505768996
505848619
506185954
506530808
506652974
506663612
506707623
506848004
506949552
507038092
507044602
507186767
507434980
507496782
507536669
507617652
507691535
507762459
507936894
507954831
508112345
508119088
508128094
508243131
508336479
508413678
508490520
508539797
508560153
508610201
508792190
509078960
509188589
509440297
509551404
509799841
509836279
509906767
510078454
510118075
510145221
510248493
510273818
510482549
510703931
510793217
510835824
510848372
511038553
511053094
511130302
511152833
511171023
511185519
511314871
511329869
511354844
511457854
511502413
511524901
511536736
511584557
511620866
511650602
511702226
511732294
511765779
511767468
511843603
511872084
511942705
512009391
512051743
512176415
512283465
512286915
512497492
512525197
512618422
512628440
512699953
512845537
512954348
512992278
513093543
513123586
513123959
513376703
513550268
513625444
513825266
513874647
513986514
514064743
514347925
514534908
514660502
514733466
514756600
514884445
514898647
514977772
514978619
514982550
515076748
515473266
515631091
515790752
515825817
515884235
515889413
516197078
516233691
516447786
516458563
516480758
516527266
516566454
516578948
516737466
516852430
516872556
517072578
517516916
518044363
518232752
518426886
518447797
518584548
518605622
518649594
518774208
518919092
519059363
519364458
519657602
519699051
519732257
520010196
520100833
520180905
520221672
520240811
520247897
520284083
520382578
520539828
520707493
521169470
521196001
521218556
521554939
521595149
521781095
521814682
521840699
521936055
522048102
522161255
522171063
522368364
522368698
522454955
522500626
522584809
522682148
522852481
523123864
523157791
523164045
523270032
523334898
523376282
523412873
523422173
523461576
523564692
523815326
523828905
523903335
523905325
523953115
524016167
524034245
524232123
524393806
524448738
524582647
524710555
524901227
524986480
525234637
525331979
525424569
525591608
525631308
525692289
525786961
525956679
526161720
526234530
526356379
526411823
526495258
526544197
526564830
526703610
526707354
526739677
526770515
526871518
526880614
526944686
526981840
527082205
527151463
527337130
527366193
527405979
527582301
527640079
527897211
527979448
527995369
528261683
528329771
528801255
528805595
529168166
529356429
529404575
529482219
529539280
529783087
529930203
529930635
529968563
530202129
530410081
530417811
530449957
530643428
530664718
530665384
530745875
530876640
530909589
530929134
531200155
531223872
531255417
531292868
531504350
531605005
531911682
532002170
532005872
532075737
532121746
532212745
532523310
532669581
532680028
532756401
532794463
532964028
533076219
533202155
533625918
533647660
533700709
533945040
534058455
534472988
534486161
534554049
534586314
534728308
534745018
534771763
534791806
534925719
535017852
535032078
535095184
535268230
535391569
535734087
535850698
535957418
536065788
536234748
536264777
536394348
536418642
536426858
536454095
536540963
536542566
536546043
536556426
536627460
536683152
536779898
536919115
537025056
537029723
537062134
537160447
537227643
537339246
537358501
537381888
537458166
537610197
537611735
537813437
537902893
537916341
537933922
538310666
538343976
538352555
538419299
538545898
538718499
538901660
538919877
538948536
539211679
539381687
539412698
539723621
539910241
540211059
540216042
540225871
540350758
540398908
540405692
540458396
540478166
540497180
540516818
540629213
540735478
540808651
541097543
541253930
541355304
541358517
541401251
541654856
541668843
541908716
541937473
542101395
542179107
542424422
542434440
542471348
542496847
542604453
542740067
542770725
542783723
542964208
543258143
543328679
543509643
543533546
543701384
543822852
543908422
543910599
544150739
544281278
544389444
544586466
544633875
544666211
544815428
544839069
544883035
544946282
544993870
545035630
545080245
545196637
545243371
545269426
545287503
545555768
545626946
545687000
545828907
546004554
546111019
546220779
546231739
546290540
546292541
546393846
546423925
546638148
546719447
546749872
546864917
546897890
546911229
546942893
547182429
547210518
547257740
547286816
547529005
547720536
547783000
547904342
548000960
548007102
548032712
548139105
548252177
548439593
548523130
548948625
549049860
549056436
549179666
549346935
549380727
549403937
549571368
549588573
549661876
549679550
549828967
549838277
550011017
550040936
550194115
550299846
550370956
550738616
550768923
550779962
550869980
551055386
551075447
551381654
551488838
551735090
551857365
551865527
551965543
552125829
552131997
552148865
552237222
552271694
552377366
552455411
552525194
552621484
552622270
552707186
552828540
552857876
553178545
553252528
553271070
553271343
553279487
553285405
553347932
553517264
553538447
553650955
553657320
553840895
554006128
554159766
554162782
554288479
554301824
554434435
554541516
554656158
554674354
555075559
555152186
555213416
555263571
555328167
555714010
555762205
555873461
555971685
556109899
556228403
556370195
556477899
556834927
556912264
556929349
557020553
557169376
557295945
557352508
557428979
557523189
557590483
557757145
557777574
557888415
557910152
557914704
558085868
558140051
558437388
558488653
558574034
558843229
558880288
559214303
559257452
559273405
559575674
559674455
559869389
559933286
560008092
560181561
560335221
560379224
560379433
560415282
560415897
560564750
560568738
560572666
560591447
560598760
560644912
560767942
560870363
560936240
561082148
561180328
561282213
561320322
561328110
561389319
561535274
561716491
561746696
561779383
561862401
561986790
562177924
562200767
562266286
562348393
562356187
562402002
562486672
562694341
562749777
562768059
562783528
562841492
562947959
563095870
563178757
563221886
563264832
563488854
563560076
563599310
563754845
563879858
564237980
564553831
564600980
564667131
564724873
564753292
565093120
565121776
565129356
565160077
565417716
565436885
565457568
565478613
565856067
565951365
566076371
566131125
566133785
566150437
566393218
566685027
566713856
566728189
566747533
566776087
566801747
566859539
566881275
567121527
567206412
567342949
567351353
567448229
567681785
567796310
567796691
568056929
568148270
568371777
568411348
568460117
568487694
568492395
568624650
568651088
568807575
569044540
569067897
569219382
569380448
569429949
569451918
569471047
569475296
569477502
569700389
569942755
570010467
570090956
570115224
570124130
570385473
570472282
570528031
570540513
570559303
570593443
570723867
570751050
570755030
570844284
570861597
571113724
571120258
571165810
571190341
571637606
571685946
571858091
571906807
571952159
572000065
572148543
572358511
572562757
572833254
572928834
573135973
573329320
573397822
573559518
573849766
574053391
574429908
574473564
574509277
574522159
574621064
574798361
575119148
575157032
575296678
575449683
575497624
575556453
575655839
575672048
575774110
575950293
576286455
576302091
576334324
576576920
576838027
576844666
577044694
577107286
577155689
577177358
577350513
577395194
577580538
577634096
577746837
577750365
577795180
578011632
578105187
578147096
578359492
578416956
578449229
578843631
579035750
579057400
579109665
579258487
579421136
579737681
579740634
579775771
580128460
580140949
580228607
580371144
580382165
580454553
580802583
580979121
581106372
581180117
581220806
581265931
581294921
581324270
581463454
581537893
581640121
581653216
581813929
581845174
581915566
582160578
582345601
582369328
582579387
582802187
582850763
582957449
583242872
583398187
583401049
583499910
583501426
583717612
583772119
583785032
583907165
584010486
584068397
584068899
584128932
584475310
584583331
584615669
584765199
584909318
584975218
585000889
585032455
585065046
585365662
585372882
585485019
585816093
585823192
585883600
585937556
585995200
586094585
586164200
586267420
586511714
586732542
586794698
586898603
587189809
587249230
587400083
587480214
587610107
587836394
587960148
588007788
588202802
588552836
588730479
588774825
588784450
588815643
588858566
588899528
588998040
589149262
589235454
589321952
589382509
589577126
589656416
589808906
589834992
589987729
590029319
590340212
590627967
590682790
590811452
590944670
591248947
591325177
591403199
591511539
591652971
591726650
591769081
592037558
592084687
592160903
592308703
592359156
592650559
592661382
592889107
593166143
593300756
593386758
593433262
593622593
593633768
593659902
593660859
593669365
593838043
593923180
593992544
594068963
594393038
594397256
594616385
594674145
594966517
595091091
595269507
595331610
595461607
595588173
595680092
595700066
595757222
595792767
595915733
595937930
596075614
596312505
596328457
596592706
596636492
596655642
596788154
596874331
597015387
597556372
597568771
597595287
597597779
597606472
597672209
597795880
597933573
598047793
598078091
598090604
598327768
598408323
598651892
598674790
598675661
598728523
598960518
599071177
599182954
599227705
599237827
599275271
599377079
599424167
599429362
599540061
599784128
599804988
599808944
599826410
600001855
600170780
600186984
600278929
600296749
600390954
600452794
600462432
600716382
600852087
600875659
600905795
601061781
601105156
601401853
601403279
601431985
601537587
601694437
601739670
601838395
601998463
602026961
602043219
602128357
602168808
602282688
602305351
602316468
602362663
602362833
602411799
602419424
602515472
602756393
602979310
603354474
603401747
603959038
603981583
604190288
604615736
604627086
604709053
604852113
605128137
605140403
605179451
605236194
605330134
605341507
605482027
605500515
605513446
605565437
605571319
605680053
605806760
605843406
605948400
606046069
606091907
606125513
606197018
606281465
606301450
606569592
606599060
606608070
606693778
606860992
606923777
606951554
606983479
607053895
607094982
607124178
607128614
607153911
607356864
607378268
607378512
607627361
607635311
607658963
607725043
607760354
607760799
608131525
608191156
608336318
608644447
608656161
608675274
608685887
608741282
608742437
608913145
609026438
609057824
609128039
609261464
609383724
609434669
609536349
609777691
609913044
609931930
609941278
609968346
609991790
610027962
610051441
610100914
610170935
610174940
610211471
610484142
610515268
610523492
610602694
610627135
610689785
611122983
611383986
611428672
611455347
611647969
611714731
611942005
611997664
612094793
612164365
612359411
612369187
612428104
612452223
612478680
612561954
612671701
612802193
612929317
612933891
612948095
613054408
613195269
613246742
613277394
613304942
613387967
613620522
613638358
613909198
614068042
614168521
614447952
614461606
614484386
614582321
614613008
614620049
614851987
614861033
615016453
615178111
615312272
615326060
615654032
615706958
616307515
616324466
616427857
616480462
616653912
616684519
616859469
617059192
617211586
617304293
617327798
617565701
617645585
617646668
617700698
617757686
617786713
617929805
617938586
618023259
618309543
618321557
618531275
618626362
618846890
618904582
618949929
619016884
619181279
619204254
619209872
619210957
619325359
619327309
619399010
619401058
619466783
619545201
619669974
619685843
619897263
619985339
620041301
620188040
620232957
620248991
620293275
620316286
620427428
620527960
620584062
620717072
620865353
620878499
620952904
621212830
621388331
621657093
621700850
621725594
621986376
622104427
622180114
622180680
622212814
622246434
622276749
622286526
622427516
622666743
622703279
622748833
623143225
623385962
623411346
623902324
624188972
624193641
624270133
624406486
624528939
624705692
624726939
624749994
624869334
625048248
625068703
625206881
625491182
625763026
625868977
626045354
626351475
626441642
626613005
626614446
626617882
626641095
626823945
626886821
626985051
627094809
627332476
627540371
627605487
627609441
627811751
627824291
627919097
627973297
628022849
628128086
628135454
628190817
628498613
628632401
628664517
628807285
628815332
628919254
628959592
629050182
629050850
629080244
629175245
629307756
629347194
629355423
629548278
629568961
629593639
629948953
630054930
630058649
630126327
630152327
630210119
630252194
630342231
630389249
630414838
630433110
630502157
630660299
630813192
630862699
630928911
631118174
631156106
631211296
631299782
631343018
631471565
631518865
631676360
631721833
631791178
631808857
631861620
631881145
631882635
631914824
631984266
632139316
632370245
632456095
632497762
632504520
632585954
632610915
632828006
632876941
632949397
632956949
633077512
633077640
633097759
633114200
633121280
633147872
633238768
633256634
633338095
633377882
633401024
633482722
633495988
633604127
633631725
633635243
633700720
633730865
633812234
633818642
633829744
634078691
634190151
634284065
634367794
634572326
634651819
634678234
634910739
634953372
635039684
635406164
635422160
635731312
636055627
636295272
636302400
636374733
636542086
636582124
636717521
636788387
636836322
636894099
637128004
637203417
637505778
637570700
637811052
637873842
637881971
637997691
638103546
638201221
638228980
638259383
638284778
638446789
638455928
638456459
638574946
638614604
638760954
638975179
638989108
639157074
639265273
639594583
639741801
639789094
639888974
639935445
640162059
640194486
640199292
640245894
640377723
640396221
640477450
640536313
640593034
640700649
640738824
640827260
640877483
640892612
640970261
641109439
641149348
641388534
641434534
641486413
641506806
641603341
641619579
641683919
641692397
641817704
641839063
641899863
641916784
642004900
642117228
642174267
642283699
642348617
642435849
642518018
642538597
642631618
642642424
642821730
643010413
643170383
643200375
643281830
643588865
643616782
643787102
643841930
644072751
644179196
644281278
644286179
644319414
644333681
644630348
644772764
645006938
645103190
645124793
645159274
645185449
645253241
645477851
645557669
645672657
645681108
645691906
645716210
645752403
645824606
645880801
645936525
646430149
646717856
646790538
646833484
646846674
646882941
646905870
646914576
647140420
647260244
647288292
647420595
647498420
647501935
647738457
647741085
647773179
647797908
647959746
648208940
648296845
648427419
648435922
648495458
648584069
648591279
648614608
648661014
648814276
648897248
648980392
649007442
649012297
649643523
649874214
649877666
650036121
650181597
650290163
650295673
650382305
650386948
650521781
650532651
650615621
650688099
650713300
650732545
650749364
650750934
650906985
651274055
651343999
651470362
651560620
651604931
651745440
651773664
652073557
652098323
652138628
652200131
652244634
652475061
652517015
652547502
652550232
652573079
652649787
652663983
652754647
652763385
652824512
653110935
653130621
653172135
653332116
653472200
653573412
653682893
653738721
653741227
653778833
653790077
653852823
653884971
653915383
654071312
654097354
654112904
654278933
654305087
654328954
654425165
654620317
654910978
654944324
655058621
655201613
655395498
655608462
655793339
655811012
655814708
655985047
656032858
656062121
656130843
656152085
656329696
656445367
656464531
656551271
656619219
656688631
656691069
656704167
656741864
656961842
657044367
657092785
657431225
657439368
657615246
657677523
657748719
657923016
658023523
658158979
658168654
658217919
658271060
658456772
658492965
658500460
658601809
658604131
658720304
658724306
658827326
659051731
659087045
659112343
659121208
659148505
659240759
659342294
659383880
659477995
659566364
659769276
659795417
659803663
659814172
659967667
660092568
660259584
660309955
660481448
660499948
660663403
660829989
660990125
661013587
661024197
661058663
661066936
661188308
661245963
661324152
661326720
661411639
661458295
661588583
661685882
661752994
661989124
662026123
662045122
662077517
662337367
662344758
662354068
662363709
662493310
662557406
662649508
662664025
662737049
662745832
662751476
662850390
663037859
663102752
663151337
663180696
663319990
663338132
663354386
663588932
663902500
664074120
664219747
664324339
664476043
664513031
664877238
664913566
664953609
664960011
665012187
665224737
665416226
665425096
665546865
665574296
665952267
665982964
666017599
666177121
666199077
666253171
666317286
666325776
666494499
666632168
666672836
666725308
666886670
666906435
666993158
666997150
667023199
667048177
667759459
667795157
667922813
668046238
668300507
668380675
669131810
669179151
669347448
669351199
669365316
669397859
669421027
669446641
669479840
669489454
669836146
669946299
670006475
670015619
670225589
670325761
670538375
670553239
670830200
670905488
670983967
671237551
671266241
671349266
671369225
671392632
671401148
671587539
672108343
672197432
672204674
672250457
672385178
672539920
672621530
672647647
672860658
673182162
673313253
673893183
673913384
673954354
674076094
674118432
674138871
674498154
674680441
675125445
675367426
675376870
675444279
675594213
675612844
675620166
675757705
675777844
675963772
676071946
676073606
676074831
676189405
676289654
676394245
676438039
676483809
676591138
676638394
676725222
676740887
676749105
676757440
676942068
676971118
677239687
677354352
677374899
677493074
677547885
677753973
677826390
677832109
677857266
678001071
678279856
678307743
678628558
678637124
678757069
678971963
679308032
679319820
679401930
679404702
679413509
679421498
679424455
679478197
679599960
679738640
679786523
679929076
679981651
679997556
680144714
680164259
680206272
680232959
680287591
680318184
680460905
680574356
680690757
680749383
680846604
680859696
681000349
681010707
681039168
681228601
681379456
681416556
681466456
681927079
682189492
682236260
682293927
682375194
682596650
682689965
682846103
683001972
683171498
683206076
683326528
683596312
683613034
683656923
683676582
683859570
683891830
683995969
684428091
684452853
684573072
684599033
684991922
685113906
685281301
685319811
685343419
685430824
685449703
685535476
685626850
685687344
685779641
685908246
686157542
686196991
686341139
686597749
686630584
686654191
686670308
686725121
686734029
686750995
686766780
686796169
686959248
686980444
687020766
687109173
687205761
687239050
687345894
687352387
687357843
687392425
687479308
687494811
687527123
687581756
687607907
687618796
687889589
687921588
687997269
688123505
688204401
688234799
688290351
688654285
688980290
688981506
688987025
689088047
689101512
689129925
689189258
689219120
689294868
689316194
689360861
689451028
689475858
689530096
689600808
689622109
689740135
689826856
689835888
689844521
689909032
689960321
689990864
690034577
690206280
690215227
690217693
690282244
690353331
690413684
690473566
690618623
690693776
690714316
690826142
690826493
690882431
690889393
690956592
691215658
691477705
691602850
691793636
691987425
692129209
692141150
692221585
692426000
692600483
692757338
692836500
692876608
692911539
692961579
693035167
693082964
693090326
693133698
693196126
693231542
693299616
693351410
693551618
693575297
693580872
693780716
693869352
693956852
694025590
694108461
694184432
694273803
694292532
694404417
694470355
694575622
694577482
694587885
694681249
694772227
694937307
695406207
695687425
695710649
695893198
696014188
696113860
696197812
696221327
696241796
696265131
696327071
696352031
696677960
696826519
696944097
696956117
696968705
697026259
697026447
697062640
697131306
697207742
697231102
697349285
697354438
697412369
697427134
697433632
697656628
697840880
698268263
698352627
698698293
698866555
699012100
699201145
699374023
699671152
699882487
699936178
699983098
700033385
700184900
700251899
700487553
700617895
700663212
700668745
700730594
700815965
700922753
700927006
700935618
701209556
701211510
701238747
701500910
701637221
701844150
701879770
702250698
702291302
702394982
702399403
702515258
702665216
702942078
703117005
703120377
703127506
703154507
703157993
703224290
703236890
703239027
703239562
703249654
703422485
703470554
703543604
703562706
703624348
703703843
703944531
703983978
704095316
704271988
704282659
704363483
704378200
704569114
704603336
704678906
704835773
704843263
704929292
705155410
705199537
705531839
705802681
705984728
705990741
706051224
706074194
706125862
706290608
706435124
706527944
706567681
706641974
706791343
707057075
707081601
707108020
707207086
707247309
707275084
707474372
707482538
707557126
707572246
707725509
707752321
707852568
707921169
708023046
708186761
708441987
708496068
708510812
708604310
708770401
708915339
709025273
709050787
709180592
709336100
709449818
709495325
709630887
709665336
709755365
709780523
709875748
710298151
710352359
710456250
710559850
710587235
710607464
710679266
710831442
710838945
710870846
710877915
710968412
711048297
711146228
711175087
711322088
711454090
711865197
711914232
712029402
712077116
712180344
712251338
712260956
712277047
712304479
712327151
712336575
712338979
712422406
712807937
712832121
712832786
712854304
712882475
712909314
713060132
713143022
713174583
713281319
713591684
713592987
713640545
713882076
713973294
713978338
714038422
714611163
714612298
714812976
714823224
714866776
714905914
714987729
715058744
715081142
715172502
715326211
715363311
715440816
715554037
715802623
715850670
715855996
715904079
715963666
716087893
716195258
716275576
716398302
716436366
716445939
716535828
716570132
716992964
717074125
717308844
717404730
717435719
717463354
717599454
717614996
717623034
717634358
717756807
717829793
717967362
717982939
718110490
718186461
718459237
719004897
719024015
719378800
719515861
719987757
720174226
720257978
720275138
720419817
720449123
720477170
720572222
720628165
720896293
720929322
720945572
720994400
721079501
721132737
721150493
721211900
721442978
721679279
721732159
721767939
721834023
721868226
721974283
721991840
722013872
722071650
722139088
722185731
722237795
722238395
722305795
722401176
722852814
722900029
723349182
723408487
723521021
723573298
723619055
723640207
723656247
723887300
723995949
724000901
724183673
724213820
724315184
724339566
724582803
724605501
724620223
724654036
724751387
724801687
724810862
724986484
725057067
725057671
725210500
725289220
725292664
725307613
725316013
725436986
725540206
725618949
725852102
725895541
725927099
726022658
726280577
726298298
726458607
726472102
726496402
726533785
726580498
726641025
726775505
726820264
726904724
726922482
726974520
726985196
726993837
727036493
727064804
727170756
727292851
727506776
727584614
727904386
727921521
727924733
728092104
728123423
728182895
728211333
728265369
728366740
728560274
728759102
728829265
728943673
728952195
728994274
728998189
729063485
729179230
729255016
729365977
729393087
729564504
729732749
729801466
729861195
729894156
729961242
729995478
730071855
730105326
730131106
730154973
730157226
730206987
730261158
730564831
730670470
730687391
730714002
730802576
730838257
730951355
730964519
731104159
731111567
731230947
731346770
731500059
731736358
731762046
731770201
731954932
731995083
732001775
732096373
732132595
732294860
732337238
732480888
732524846
732573002
732716383
732791411
732820664
732830167
732952870
732993936
733129688
733227525
733314313
733316127
733356720
733545811
733699562
733822936
733939768
733973000
733973558
733998296
734137724
734177501
734198696
734264704
734277738
734328285
734414689
734461045
734673811
734759285
734816028
734818330
734839574
734857350
734957923
735045256
735066147
735107061
735116157
735276060
735775665
735795985
735963424
736136748
736159458
736167195
736183680
736222061
736332831
736502213
736624753
736695658
736696503
736696897
736713645
736762988
736936039
736964993
736979113
736980626
737014237
737265468
737541838
737566227
738071464
738167929
738204836
738324470
738333769
738423094
738441883
738579471
738643614
738903101
738959754
739035720
739050861
739350627
739426777
739487054
739557003
739747410
739796790
739872170
739932581
739977798
740029525
740345959
740506707
740685845
740724635
740784585
740936764
740945023
740963317
740991520
741224796
741276879
741483690
741736657
741876653
741878222
741966881
742038240
742104459
742109653
742137074
742376128
742431620
742505784
742522149
742568283
742616363
742735744
742897332
742899764
743074743
743326764
743402424
743424896
743497645
743579494
743627085
743780542
743788681
743825383
743891805
744047177
744209441
744510250
744653022
744724880
745056999
745136664
745177088
745177176
745246530
745335290
745572032
745578610
745595056
745642941
745674774
745791712
745808082
745819598
746005633
746170472
746181100
746423236
746777396
746956985
746961097
746992862
747106712
747150369
747292768
747322360
747470067
747530225
747587339
747589926
747773347
747969154
748028654
748105549
748185569
748354683
748585410
748603487
748666048
748678772
748750714
748795566
748803480
748959840
748990047
749134628
749252545
749441986
749456577
749581204
749688510
749714237
749752226
750145495
750215362
750255760
750399355
750474370
750536117
750619055
750876903
751051610
751061537
751255772
751345854
751499187
751646572
751866505
751930143
752075792
752084392
752091259
752143803
752177593
752395282
752489959
752559718
752646997
753042059
753194146
753195264
753208733
753226986
753384521
753403287
753606926
753621357
753671649
753692000
753810658
753843758
753938419
753946645
753952587
754060323
754478204
754506186
754510962
754632818
754715552
754720751
754847915
754856354
754959108
754961420
754973530
754989108
755007105
755102223
755124216
755126566
755238157
755298155
755305654
755379605
755617212
755650537
755701772
756009226
756192413
756198317
756260400
756272213
756366616
756384996
756412458
756627362
756743188
756844455
756897612
756929237
756992236
757002133
757004220
757060964
757370332
757448184
757762245
757999407
758172625
758397397
758449139
758498591
758498627
758573296
758581297
758730046
758773628
758830479
758959277
759040135
759067296
759184871
760198840
760215839
760232554
760249812
760352863
760438893
760463898
760686263
760729044
760899617
760907733
760911689
760955383
760961065
761021215
761045233
761176849
761202879
761308340
761403661
761580200
761755080
761869353
761869598
761878828
761996504
762220046
762255494
762311051
762396928
762506575
762512896
762679792
762714136
762739327
763401070
763494855
763860659
764043890
764068005
764102252
764159239
764235333
764343980
764593091
764707579
764709708
764797207
764972199
765014123
765026486
765130274
765199231
765357259
765671884
765700817
766122081
766166387
766212148
766262664
766606282
766772837
766800199
766979662
766981297
766991184
767021053
767040547
767098188
767159538
767205827
767241210
767312837
767433557
767478822
767519685
767531979
767702106
767703549
767843150
767922427
767990985
768089521
768273615
768329944
768408840
768505873
768653681
768691486
768741054
768777066
768870302
768888916
768891449
768903101
769408843
769504380
769556335
769566782
769607330
769764190
769852988
769968945
770179227
770597380
770626499
770646771
770687075
770744941
770797003
770845541
770865197
770910550
771081235
771144269
771315619
771362140
771436210
771485397
771633570
771725853
771936043
771977413
772008418
772009349
772203023
772254907
772280888
772320575
772374638
772440029
772565857
772756701
772766811
772803255
772809919
773229141
773391764
773507208
773634146
773727966
774017922
774047313
774207520
774278805
774372516
774437560
774450359
774744751
774829218
774893989
775012933
775147718
775161163
775174515
775283779
775376880
775533612
775574841
775702009
775813228
775840055
775972443
776012572
776072182
776142068
776253793
776437051
776511256
776654198
776850205
776962860
776963653
777129709
777231283
777294817
777456708
777510816
777585068
777592599
777598279
777720993
777741253
777980630
777982300
777990495
778046400
778086409
778283400
778304837
778466105
778581563
778658854
778725835
778810327
778830666
778905459
778919811
778970340
779069706
779085961
779095362
779219790
779328823
779522506
779600146
779764230
779800807
779821769
780456627
780581647
780671431
780690260
780822340
781310416
781384804
781412120
781421327
781584328
781708804
781976674
782150763
782282394
782286274
782301374
782311798
782389249
782397921
782431658
782639744
782878442
782881063
782966489
783099753
783128554
783459441
783460114
783473822
783520797
783638341
783752602
783972228
784083905
784096376
784240832
784278137
784301258
784367530
784419123
784556971
784623988
784650204
784682886
784744773
784926224
785231182
785235238
785328507
785403123
785714805
785779497
785983629
786017439
786091351
786429714
786503349
786693940
786716004
786734429
786890938
786910566
787087194
787161332
787235317
787326483
787407355
787472819
787542988
787577389
787771094
787810229
788006420
788065151
788131162
788167758
788484657
788532921
788556357
788569809
788596552
788603801
788622642
788736437
788860784
789023603
789175524
789200657
789228225
789348889
789484146
789629325
789638691
789658710
789691873
789746769
789826263
789890586
789903492
789935864
789938871
790140315
790396542
790519966
790615262
790636556
790846249
790862937
790907776
790924882
791127389
791655735
791731274
791744799
791851665
792159234
792226182
792272508
792524401
792687602
792763002
792914803
792998272
793004540
793028101
793130937
793163577
793205839
793530367
793532887
793816934
793896957
793900887
794146638
794182549
794279136
794333628
794373045
794513805
794557467
794969764
795395222
795516981
795593994
795842097
795909425
795963697
796323006
796403189
796440005
796549150
796593970
796603467
796649256
796696694
796737120
796790213
796882483
796898182
797043835
797062360
797178557
797243462
797692913
797702150
797748351
797885944
797932684
798023393
798035491
798036833
798376940
798752146
798798686
798884204
798953368
799140290
799195814
799211251
799544054
799744207
799853076
799930891
799932441
800144051
800156672
800269090
800480895
800717338
800843337
800885616
800909047
800914365
801019726
801222754
801340100
801370458
801375684
801441668
801486667
801726334
801768972
801813352
801873602
801963383
802365078
802421527
802551535
802617971
802776842
802884957
802980593
803032683
803155606
803208876
803221032
803286888
803351890
803458257
803482861
803529863
803573523
803637539
803657166
803805588
803861602
804115191
804140464
804184355
804593593
804600030
804632406
804691239
804832186
804971330
804993345
805401433
805500904
805609134
805703335
805733108
805799953
805943810
805998347
806017762
806058696
806208355
806404179
806603559
806611432
806795105
806882881
806913560
807039486
807094045
807234751
807380933
807433021
807636149
807684999
807691199
807691983
807804555
807822003
807910017
807961497
808013340
808049164
808071698
808333005
808460473
808690651
808692383
808704119
808753149
808766283
808804781
808923180
809129327
809218473
809729730
809752181
809761670
809906012
809930207
810181864
810404215
810433427
810485281
810519029
810536727
810601434
810883286
811073465
811227848
811228946
811274151
811360059
811407713
811418764
811483849
811587465
811630094
811779285
811797185
811830998
811854686
811906829
811942060
811991644
811992398
812012515
812057803
812127632
812159497
812184753
812257784
812277183
812277665
812325251
812482730
812531357
812574360
812657648
812716006
813057785
813203617
813228666
813237633
813268805
813271131
813318628
813373673
813446743
813635295
813866981
813891188
813915660
814188833
814211436
814227387
814251263
814347461
814579443
814636420
814643879
814723664
814889152
815106682
815113007
815198492
815376358
815457132
815462908
815514986
815647749
815698668
815850084
815936629
815985663
816179172
816225787
816251765
816453474
816515236
816617265
816759931
816874393
817076246
817089971
817261603
817518088
817651594
817725517
817929213
818067781
818147652
818194854
818232105
818534785
818735833
818791624
818937712
818940761
819168769
819239325
819311009
819390098
819446549
819577071
819577665
819610388
819829352
819967032
819972822
820423788
820702499
820744647
820806243
820848219
821039724
821121133
821166246
821238934
821410394
821420095
821502225
821509821
821635509
821635933
821805099
821954975
821955915
821977458
821981072
822001368
822277165
822343213
822362105
822412273
822496300
822544626
822779230
822908463
823332164
823403371
823673064
823673436
823899824
824303350
824602478
824617411
824636177
824676617
824734971
824785947
824969368
825019809
825058607
825160658
825170436
825533494
825536180
825540601
825556422
825583208
825607139
825628335
825639741
825667728
825861902
825875606
825886886
825890668
825951881
826086870
826101289
826114815
826327859
826371843
826411910
826440043
826518377
826587751
826676306
826690826
826734518
826757536
826839583
827119092
827143495
827246438
827344545
827382220
827563115
827724180
827807617
828055118
828106377
828212358
828225573
828233125
828397952
828533274
828558854
828565686
828667894
828813076
828952555
829021812
829128234
829129303
829187407
829504516
829521201
829563736
829664800
829810138
829852354
829863498
829863655
829870446
830287292
830290423
830309214
830397881
830408527
830413644
830519346
830844640
831012643
831111892
831296205
831390512
831553578
831561999
831615280
831675951
831706453
831765402
832431479
832443047
832689519
832757781
833166884
833275432
833746919
833848030
833875282
834006139
834052449
834119822
834254209
834310459
834312725
834370115
834434327
834594451
834636369
834822295
834848217
834881331
834891062
835063871
835275113
835486936
835512873
835604903
835643057
835664621
835781479
835854078
835854355
835957984
836125384
836206309
836341522
836476170
836535368
836571199
836663979
836666988
836670053
836689976
836735018
836778609
836836913
836870373
836941091
837020007
837118571
837336404
837377021
837445354
837448539
837548398
837556117
837598223
837607093
837674573
837835114
837949700
837964375
837993096
838005974
838031916
838284674
838426567
838465763
838756066
838762615
838955026
838976197
838996662
839048485
839221467
839351694
839376469
839377883
839684173
839692362
839833504
839916802
839950704
839997321
840396774
840470736
840820986
841007532
841063802
841170119
841199499
841282933
841306133
841325743
841380242
841486677
841504104
841512102
841742053
841793057
841806427
841990237
842079088
842423670
842525732
842582168
842785503
842792055
842840067
843193855
843410281
843467016
843557574
843609385
843707676
843717623
843782618
843807076
843841457
844001214
844114542
844314839
844418228
844585898
844663606
844672188
844888589
844995556
845154630
845159612
845192171
845217042
845367082
845387805
845528894
845542089
845548676
845606150
845678586
845746432
846233059
846240597
846252831
846381826
846440518
846459644
846555704
846559056
846568157
846569321
846605661
846679034
846940756
847008346
847273451
847282224
847604467
847622763
847696352
847715664
847719099
847826815
847835996
847900160
847970322
848253677
848370837
848410130
848532645
848690533
848730109
848788057
849020491
849037312
849058688
849292802
849315515
849329398
849353768
849395196
849487212
849580749
849597067
849720632
849886876
849914840
850045263
850264007
850344914
850404278
850435652
850731798
850935255
850960611
850985037
851204011
851205949
851208234
851214307
851243323
851313201
851425443
851526991
851579012
851602196
851604620
851611308
851667123
851693522
851715717
851752488
851989989
852007917
852097048
852132059
852192289
852386218
852436617
852510021
852531664
852605427
852673614
852679180
852707333
852721269
852748818
852808669
852886116
853294335
853324609
853349693
853566531
853662320
853685907
853696372
853925126
853941623
854028797
854030416
854180144
854212607
854293721
854554830
854580786
854749339
854788486
854907689
855258177
855705941
855884017
855937378
855939944
856290690
856299329
856434899
856458153
856493514
856501278
856728696
856933109
856991883
857067086
857270762
857272303
857457875
857597290
857691242
857782429
857823957
857965925
858061620
858287257
858440360
858465318
858706105
858938221
859229104
859351539
859499968
859561632
859638352
859793089
860004260
860103341
860143831
860251469
860315073
860319432
860405578
860440229
860518247
860693758
860745842
860811583
860993017
861031598
861137557
861138910
861352962
861478972
861500690
861521223
861663268
861949402
861968026
861970922
862016911
862416581
862588326
862795470
863026476
863162397
863383435
863446127
863451655
863534321
863656470
863722002
863817307
863847184
864005798
864206056
864222418
864356354
864496525
864520867
864903552
864908796
864910559
864910850
864920519
864956865
865194931
865584687
865741563
865771457
865950718
866128675
866289331
866439446
866532489
866642765
866744129
866911952
867030096
867188287
867520808
867532172
867611627
867637731
867732939
867828410
867929468
867991674
868056597
868129815
868258543
868434266
868603030
868704980
868900794
869195591
869286615
869392556
869400202
869412234
869576815
869591344
869621183
869960591
869979030
870017924
870074317
870290538
870335080
870372954
870489990
870569618
870692105
870743807
871025806
871125859
871262505
871377920
871600804
871652674
871831738
871842588
871910193
871979379
872056624
872120682
872159575
872188643
872236430
872269629
872373418
872576925
872802273
872961317
873049205
873057962
873110487
873165723
873461799
873538014
873686601
873916865
874009430
874019714
874303839
874330268
874425346
874581147
874634486
874714207
874763898
874827469
875015370
875019917
875023622
875096769
875247536
875340149
875434665
875452863
875482850
875758695
875828727
876090764
876098127
876300323
876559495
876595152
876672760
876681640
876985040
877020890
877051260
877067484
877114556
877795296
877866955
877887890
878158444
878385948
878419079
878529673
878661094
878749000
878947589
879008152
879197185
879221378
879364840
879427470
879566158
879572945
879638453
879708916
879788697
880088142
880100303
880173213
880189996
880464106
880465176
880478902
880679578
880695240
880772666
880778461
880788932
880791787
880876886
880905884
881016087
881040930
881101297
881369221
881537071
881601714
881791041
881914269
881933749
881936467
881996407
882046978
882302318
882500804
882600042
882758706
882821142
882964668
882974929
882977757
883037904
883142193
883144422
883197023
883253929
883341039
883404711
883458760
883497734
883512437
883623955
883645272
883656104
883831615
883901347
883984096
884063129
884144826
884178878
884271503
884362512
884390175
884463870
884492737
884530242
884542243
884796822
884835264
884978460
885026081
885083522
885091385
885094386
885120019
885182968
885207276
885290169
885291694
885566472
885912453
885917492
886009394
886021037
886024923
886089146
886108156
886600781
886608774
886644259
886660666
886687762
886868629
886927514
887013909
887115564
887189942
887278398
887388396
887500463
887557185
887887771
888049332
888358670
888372543
888460399
888498577
888579243
888680870
888833759
889124505
889187600
889233173
889261732
889323216
889331681
889341511
889498278
889660954
889668447
889757647
889927928
889939428
889969348
890233144
890293833
890532098
890577332
890601804
890800422
891016998
891043448
891122386
891129536
891161008
891278658
891323864
891645563
891673563
891926472
892067515
892077053
892141370
892267786
892316414
892556296
892611133
892749263
892856775
892883218
892992611
893014727
893074965
893102679
893117061
893167050
893350960
893534408
893543277
893786709
894021293
894062733
894219378
894273741
894303440
894310916
894317612
894487669
894633049
894690909
894732510
894778354
894939467
894960154
895096123
895120770
895135302
895245630
895290663
895293192
895312757
895342018
895416387
895584832
895617842
895672957
895694199
895741706
895845190
895896100
895941549
895966501
896051789
896217539
896242473
896390121
896599188
896661786
896676671
896987624
897021352
897056110
897320651
897592752
897611142
897959512
897966831
898071821
898077022
898098895
898211515
898493793
898500688
898637564
898755561
898843702
898844795
898852952
898950012
898975727
899093707
899416437
899427499
899427877
899639311
899745444
899841163
899915614
899983734
900103204
900144891
900276705
900292213
900392669
900500002
900519819
900550046
900581918
900658870
900659720
900695751
900768512
900770705
901018552
901036231
901080083
901166918
901246656
901408105
901541546
901638644
901743734
901858536
901869709
901872347
901925117
901953803
901960837
902100964
902169110
902259974
902375504
902462842
902554799
902711951
902820956
902977390
903059006
903192650
903415157
903481058
903518747
903677873
903914117
904049720
904206825
904913535
904925044
905115830
905204621
905209302
905432225
905521828
905546066
905589982
905654962
905713578
905781446
905882040
905926813
905951789
906071747
906198440
906218298
906295299
906339509
906429767
906692295
906805784
906824544
906913321
907092709
907127471
907349855
907354963
907398137
907402694
907693288
907752156
907903292
907938341
908008798
908066443
908473364
908500803
908508658
908576316
908617768
908660865
908838801
908864068
908907928
908925751
908949466
909097507
909141802
909667795
909865210
909902691
910049119
910142945
910145211
910202475
910386687
910478642
910484236
910658374
910761017
910819374
910877997
910971036
911048321
911110790
911111312
911112159
911170649
911205920
911278325
911317639
911432874
911481093
911511458
911517895
911741353
911862663
911880250
911991696
912128352
912226059
912336006
912384006
912428332
912435805
912510805
912582245
912610271
912663772
912675130
912691672
912783595
912822757
912910217
912945717
912994565
912994755
913057751
913209536
913288320
913357552
913417502
913848589
914039799
914095560
914226633
914299264
914389387
914434276
914450420
914693762
914708963
914746511
914951165
914967605
915656586
915789025
915792856
915851345
915933301
916003195
916048446
916053194
916126375
916178103
916267842
916472485
916596320
916598257
916740786
916778244
916942562
916968331
917013259
917026168
917031950
917044489
917168311
917178042
917306275
917345247
918044242
918070397
918147771
918184813
918210722
918344372
918498459
918560643
918865048
918892265
918935644
919007651
919008881
919315241
919330270
919343708
919354661
919698692
919762142
920254098
920384904
920484819
920763335
920966162
921055493
921083703
921086017
921092363
921178684
921214505
921236141
921265978
921323562
921327952
921434735
921767117
921849096
921956874
922008930
922302881
922351510
922417451
922481915
922762819
922896774
923046382
923205507
923210390
923226660
923316621
923388780
923444533
923466394
923486459
923503764
923635282
923655358
923735584
923772844
923859792
923935159
924032641
924151990
924151997
924209426
924284722
924361160
924524433
924570675
924606539
924662847
924756271
924785284
924799913
924882563
924985449
925037261
925045440
925092290
925335508
925532122
925573717
925629269
925886318
925993404
926124188
926146484
926286801
926339996
926543138
926641214
926665774
926667076
926705759
926748353
926787104
926950287
927001175
927065236
927068998
927217310
927490568
927630650
927667637
927931458
927951046
928077688
928113958
928227830
928324875
928354698
928453081
928561095
928585200
928589291
928704388
928747297
929151806
929253867
929385199
929541378
929764913
929833666
929866637
930127106
930158143
930169035
930223674
930243270
930245370
930685800
930690521
930736222
930772592
930817804
930867602
930898984
931346828
931374707
931456396
931577696
931597184
931873256
931894463
931974745
932022817
932075582
932138665
932379896
932409368
932437426
932560455
932586758
932907284
932938094
932946377
933010186
933033400
933091624
933110745
933195823
933375931
933584757
933609423
933622912
933657638
933715357
933792321
933862303
933902528
933952921
934124180
934129510
934275956
934291735
934345950
934353623
934514869
934534599
934621101
934678079
934788069
934901614
934916495
934962912
935053235
935059448
935140938
935161685
935200110
935309464
935340518
935357296
935480877
935760103
935791750
935845613
936053240
936738013
936799559
936906912
936917694
937041909
937144952
937181795
937265808
937290927
937291063
937376563
937404941
937408541
937588911
937638052
937645732
937653890
937709052
937994106
938037360
938090471
938122502
938174462
938218402
938245965
938274710
938308372
938409869
938518015
938683730
938686756
938752668
938824940
938857242
938941280
938956801
939053928
939058539
939102993
939270260
939279744
939438065
939486534
939552920
939589495
939612240
939614629
939639556
939724957
939738053
939787685
939853814
939879195
940077365
940297242
940515517
940677584
940869227
940912281
940934559
940946686
940949496
940956978
941001729
941033499
941102992
941222653
941279491
941305088
941381007
941448081
941499833
941677094
941879736
941941648
942025384
942268080
942302577
942439863
942487293
942531248
942614753
942728019
942830317
943050479
943121663
943170892
943265365
943380344
943460230
943573634
943642067
943659080
943701380
943931254
943971063
944021084
944048211
944134220
944354694
944422609
944610153
944686092
944889532
944951348
944953001
945093089
945201977
945326986
945479780
945509987
945576580
945810094
945851101
945994303
946168773
946369813
946421335
946570242
946703762
946736897
946993516
946996023
947081065
947389740
947398169
947515570
948003349
948253263
948604648
948703627
948737593
948759196
948867358
948906400
949029446
949038261
949087179
949118549
949465169
949549275
949665317
949957989
950118875
950303382
950391960
950598538
950733299
950957442
950957952
950987526
951068627
951069205
951191715
951282768
951792723
951827523
951879256
952306496
952470230
952472482
952487858
952588501
952631944
952643445
952725665
952776072
952785639
952919043
953329087
953433216
953451862
953514155
953539433
953558330
953575532
953600363
953619143
953629965
953753456
953791114
953942984
953953617
954014703
954105513
954209303
954227901
954309902
954352830
954424975
954457740
954496205
954501164
954506778
954762359
954905614
955010482
955088803
955159594
955177654
955226873
955260464
955537189
955739802
955741048
955745886
955786188
955971360
956059212
956105930
956229707
956297150
956700252
956863480
956940110
956945129
957017605
957112836
957269152
957292122
957449177
957462901
957473919
957519117
957638239
957808477
957853620
957948498
958060634
958203302
958284850
958315064
958552893
958662783
958989285
959013678
959072478
959120880
959148791
959164598
959212703
959247897
959332621
959534772
959682136
959775015
959843033
959978888
960031876
960050940
960344601
960411569
960421290
960559305
960567069
960945644
961135677
961248867
961314035
961383501
961450458
961481481
961498597
961517701
961584850
962157870
962267503
962276751
962295803
962376815
962462539
962500346
962684919
962695540
962806331
962842654
962983056
963012525
963056238
963099406
963132148
963197228
963261347
963532613
963849891
963898631
964036789
964210224
964461997
964568357
964845128
965007745
965187877
965231455
965292319
965400267
965429302
965523679
965575083
965688642
966004759
966167468
966288755
966391975
966474477
966486450
966487354
966517875
966576473
966753879
966816658
966847340
967017608
967088256
967159928
967626317
968181440
968225221
968225567
968242734
968346409
968359876
968513237
968513700
968545528
968695444
968730577
968875462
968968886
969002444
969074314
969127621
969128230
969162047
969219291
969308295
969312971
969548774
969691525
969843215
970161616
970167220
970473910
970558955
970660424
970694166
970753487
970776265
971103745
971138046
971141810
971377858
971526820
971602322
971714338
971737876
971834178
971855360
971932057
971990383
972055630
972141038
972435285
972585173
972587694
972858690
972895641
972943851
973010339
973052985
973133796
973217600
973413211
973575575
973609009
973679735
973703708
973742842
973937300
973940544
973949196
974048752
974066635
974101492
974245059
974391083
974461813
974471238
974909178
974975312
975055134
975281285
975292655
975400108
975701967
975768714
976028992
976032832
976147505
976406075
976491948
976526252
976552412
976569342
976579279
976608947
976737112
977062215
977264264
977333503
977622405
977762922
977861450
977927534
977948382
977974386
978001787
978294916
978481560
978976101
979046315
979150336
979484841
979493798
979517985
979569492
979624970
979771300
979816949
980125480
980280039
980499695
980650271
980791372
980819166
980824865
980848039
981000621
981023370
981057122
981347398
981489968
981533271
981589509
981684065
981729438
981848139
982054642
982122357
982124799
982187568
982320174
982320838
982326571
982572056
982972535
983051811
983130528
983238335
983277139
983361413
983690895
983696627
983817953
983877249
984033361
984060440
984160998
984280219
984544144
984615919
984734200
984813154
984822032
984838896
984968263
985119199
985190028
985266849
985613026
985664414
985665471
985675768
985676809
986012298
986042623
986088645
986180435
986241394
986391749
986462242
986502532
986605054
986682151
986850322
986895451
987175352
987209014
987218206
987320594
987385250
987424310
987457083
987599313
987691578
987735627
987864360
987932452
987959965
987990592
988294303
988351187
988471369
988530612
988621525
988942850
988966599
989076137
989279495
989334302
989410134
989447675
989505119
989663778
989885789
989933908
990016003
990058383
990276975
990326609
990421061
990482399
990502196
990597869
990673024
990907326
990918510
991017791
991103847
991339262
991392796
991877243
991943323
992189811
992537730
992643293
992656952
992817355
992860444
992933851
992935162
992943095
992986209
993037533
993108704
993238512
993289885
993359320
993447830
993571233
993571252
993723678
993724912
993916087
993925078
994141069
994190182
994384585
994426963
994427634
994453257
994616853
994675943
994928076
995166435
995184654
995190805
995216350
995253264
995302963
995405832
995414130
995497589
995639053
995736915
995773834
995774631
995822648
995986984
996032630
996074364
996192757
996383174
996493137
996525234
996528352
996529692
996623621
996651998
996660064
996861980
996963163
996980749
997186943
997379822
997390891
997447418
997648968
997728817
997777426
997981789
998463924
998509182
998591064
998690390
998778578
999041716
999068141
999128511
999203520
999260643
999635752
999744149
999750774
999765882
999797526
999965597
