137178
250783
294794
297160
438654
461205
501454
620051
691557
769075
853316
991427
1021930
1180966
1420726
1956148
1985400
2377919
2546737
2695597
2816103
2858169
3021223
3087984
3126134
3147359
3474747
3515156
3536535
3733052
3786646
3829076
4009577
4203809
4335140
4423689
4541188
4561792
4629768
4641729
4683760
4717753
4750001
4796149
4929946
4931153
4948195
5030446
5200417
5248385
5312193
5321058
5437675
5492813
5552630
5716487
6146036
6239420
6284802
6357673
6542114
6594326
6656251
6949057
7010883
7170839
7191938
7290252
7314795
7501449
7768547
7923413
8112805
8116201
8280960
8515005
8619733
8706206
8725980
8938780
9013465
9152964
9168517
9255823
9510295
9580569
9648555
9838669
10174161
10179738
10210265
10478984
10497640
10672691
10988178
11046435
11285458
11336829
11539393
11632666
11737796
11781826
11840066
11875082
12015115
12022498
12054029
12167062
12179414
12232463
12248232
12288029
12322450
12339629
12373490
12378877
12593767
12652408
12686684
12699887
13325111
13465440
13789358
13858769
13914277
14126792
14129132
14262694
14597938
14657522
14835486
14937461
14947425
15065692
15107779
15118531
15230431
15459328
15557063
15655311
15656141
15735826
15740547
15847726
15932071
16011262
16072830
16407440
16587854
16808411
16826843
17069596
17132014
17345560
17350954
17565406
17619399
17758878
17815834
17861039
18098955
18131653
18230867
18314954
18520589
18611048
18614862
18662931
18731700
18797244
19332639
19432469
19474681
19597375
19663620
19747143
19910581
19994608
20346730
20672478
20674300
20696624
20701974
20755723
20808122
20839195
20847998
20849193
20944438
21068460
21097123
21106922
21152656
21160425
21421465
21502211
21526310
21581448
21678948
22105796
22143962
22196694
22298302
22427834
22433399
22597436
23018664
23165790
23349242
23371523
23434464
23475410
23523330
23546499
23617735
23623629
23645879
23712683
23720005
23965349
23991039
24085912
24112972
24205005
24216330
24280000
24311760
24482804
24568410
24752233
24764950
24774667
24843571
24868822
24978325
25016531
25158149
25275355
25419701
25437984
25443538
25672536
25717892
25782799
25789257
25888306
25953287
25998879
26005219
26117564
26183735
26195091
26209426
26390629
26396828
26428869
26602733
26604062
27166640
27283808
27491950
27700515
27823411
27833855
27997989
28079177
28153870
28154325
28207827
28377214
28397906
28562262
28572311
28720572
28850659
29074006
29078051
29099546
29135331
29150455
29283076
29291253
29340923
29388100
29390726
29500679
29617893
29687796
29699485
29715671
29989502
30012540
30110783
30115455
30127577
30128343
30414029
30463020
30476364
30490987
30524253
30530268
30581088
30597449
30610679
30816774
30878286
30879473
30932695
30933866
31261554
31321585
31365624
31411360
31469046
31480736
31650405
31725268
31804032
31831809
31832018
31839751
32049696
32210296
32339480
32420596
32702613
32859312
32881220
32968804
33097524
33118770
33415405
33443082
33482266
33511931
33902088
33936503
33999301
34059687
34081176
34379197
34426423
34442059
34545667
34740338
34879896
34938731
35015738
35099744
35128968
35200508
35282633
35343225
35730168
35969550
36037977
36131092
36236052
36439596
36485453
36534927
36566020
37020885
37110923
37161597
37258326
37349889
37502821
37638193
37641310
38013169
38119495
38129860
38520274
38646523
38646608
38741515
38773061
39106255
39272489
39329964
39544700
39668514
39748159
39796748
39818936
39819352
39881870
39976402
40178887
40280041
40412834
40433268
40729287
40749326
40794114
40938968
40971199
41370068
41525711
41639398
41799901
41816212
41885874
42063551
42072135
42171622
42384557
42494705
42497046
42528426
42591591
42624188
42673334
42713413
42761115
43013743
43045139
43105274
43263904
43291551
43303678
43331376
43480672
43488425
43626149
43627045
43672631
43962075
43980462
44158742
44497402
44766014
44809895
45116498
45196228
45307110
45450551
45578597
45651524
45689442
45874051
45884208
46058021
46163325
46362865
46420300
46967383
47038627
47135544
47423302
47437351
47546635
47553246
47600546
47742081
47795983
47820596
47946543
48156363
48193464
48277423
48350364
48397479
48667504
48781812
48835778
48972236
49090581
49091346
49131001
49138281
49181748
49203094
49249013
49591172
49805661
49991978
50306893
50378979
50408751
50530365
50806266
50848520
50971919
51054804
51134008
51164654
51229732
51357580
51366353
51394933
51633225
51815070
51911292
51961693
52012751
52032303
52062596
52126628
52162883
52203998
52248667
52637171
52779158
52869473
52986802
53105684
53180736
53186649
53254199
53365503
53589524
53603247
53628607
53657523
53684304
53707132
53836138
53883827
53944194
53955072
54007060
54239438
54279337
54309831
54312897
54390490
54619183
54625490
54651276
54708549
54887111
55072574
55178356
55381496
55528519
55568325
55593915
55754729
55858505
55987642
56155375
56177549
56209091
56341550
56496261
56664882
56794483
56983549
57412417
57457616
57693820
57798195
57802514
57913260
57923480
58072603
58221894
58419585
58427750
58627834
58743028
58754647
58820008
58950341
59120284
59489293
59552883
59814925
59824398
60087691
60378757
60396111
60459315
60674954
60708257
60807042
60876013
61055891
61566685
61828770
61834229
61974655
62165403
62361470
62469039
62490477
62619981
62889166
62913779
63058696
63153301
63156911
63273261
63301600
63348826
63375458
63746742
63791455
63819793
63847589
64002238
64084121
64100860
64103925
64329193
64497906
64498777
64624280
64658102
64754640
64870257
64902737
64919540
65115275
65207282
65390886
65413189
65506205
65621227
65905680
65909591
65932369
65959419
66026165
66046796
66237533
66297972
66350020
66466486
66489034
66618007
66626002
66640939
66913356
66924823
67061397
67099468
67126294
67283575
67290267
67295058
67325261
67356066
67520989
67536627
67607526
67614209
67620614
67694639
67702455
67906262
67999795
68015197
68133026
68242619
68326665
68396434
68498571
68522686
68568790
68843279
68847580
69059835
69146883
69201092
69258972
69296683
69596394
69603515
69849532
69992687
70002832
70008787
70118910
70278367
70486070
70758990
70799832
70818379
71376857
71394556
71445637
71460118
71582439
71626369
71716078
71789937
71791932
71821477
71828637
71875674
72158457
72211299
72351556
72370672
72536617
72610138
72811034
72858019
73037932
73092463
73119668
73151966
73585352
73671156
73698497
73704119
73857845
74045086
74125117
74320356
74416203
74461655
74530537
74541530
74878943
74880571
74898074
74986559
74995553
75074311
75142492
75247242
75331232
75427059
75556003
75893306
76004760
76013569
76183157
76379599
76426694
76544923
76584632
76609889
76664485
76686313
76773193
76775398
77003028
77020975
77043484
77066145
77105796
77369573
77482514
77524545
77552588
77592187
77685279
77966566
78105003
78424997
78580233
78610718
78673367
78730467
78879596
79007370
79100410
79437875
79542414
79545895
79571860
79573545
79623256
79669850
79685378
79740520
79763000
79840550
80180332
80246080
80271346
80437741
80459726
80548802
80586797
80665571
80814644
81025710
81082277
81097947
81194049
81414610
81468625
81781982
81865091
82233741
82294207
82370390
82536050
82538528
82641232
82691579
82987387
82987922
82989242
83039603
83047633
83065369
83238161
83265354
83274704
83321467
83331246
83418819
83436887
83609151
83801989
83908291
83950599
83966345
84012294
84061947
84075542
84097936
84215253
84301421
84334878
84394239
84441474
84464484
84767700
84826449
84978950
85037116
85097119
85183230
85272236
85280205
85309274
85662177
85885273
85897848
85957826
85968320
86399505
86425423
86430032
86577559
86636771
86641021
86700762
86721849
86870377
86930826
87373087
87481669
87898256
88061455
88102601
88114326
88226902
88461189
88466350
88520354
88619052
88725202
88809904
88847331
89061889
89106953
89199101
89232848
89236198
89307551
89329799
89363229
89442220
89498603
89519995
89721771
89739860
89783950
89803988
89829925
89832789
89846522
89871965
89903941
89929111
89930200
90057811
90136670
90228668
90235152
90238694
90373475
90419978
90424316
90519844
90561143
90589375
90695217
90804151
91004292
91211477
91440894
91518767
91541779
91825713
91845263
91941979
91957257
92027741
92032832
92047972
92098687
92175692
92197266
92405562
92457024
92501243
92609616
92764084
92908925
92915005
93029540
93032424
93051171
93223816
93298923
93406801
93606033
93877455
93923399
94039993
94169923
94292472
94399080
94418082
94517834
94573810
94621834
94649328
94747353
94947332
95115514
95178983
95279479
95406466
95413232
95537593
95619503
95646817
95733771
95765727
95825620
95995883
96190118
96199614
96243615
96281724
96414084
96932492
97070955
97215827
97254823
97634336
97792031
97951822
98086486
98091256
98176381
98222676
98251102
98302245
98358261
98454622
98558789
98579982
98809528
98994978
99051350
99060945
99194506
99249323
99393056
99522449
99677774
99809293
99842681
99845089
99935492
99945484
99975184
100080360
100201676
100224566
100435948
100504002
100546017
100609210
100661325
101036445
101125569
101173434
101213731
101536305
101600296
101778327
101866762
101868750
101873329
101963209
101975766
102010752
102384366
102395263
102448211
102541974
102780632
102836259
102891453
103109407
103439922
103581777
103681585
103889259
103987111
103990901
104040786
104249167
104261581
104454375
104500184
104552216
104754831
104926434
105047150
105211641
105219851
105248462
105312406
105486558
105727140
105805651
105883607
106012583
106016955
106039390
106105680
106201674
106317736
106321757
106618944
106726875
106743408
106791132
106886252
106892225
107338199
107360032
107384856
107499195
107588229
107792874
107835212
107893522
108324043
108419498
108486268
108647272
108716745
108732642
108865811
108954143
109078442
109159322
109265849
109390822
109481052
109501723
109555574
109574906
109633546
109849459
110226326
110460994
110479673
110576074
110777042
110813268
110833972
110944236
111162137
111227376
111297298
111460217
111622184
111705424
111759838
111876600
111944619
111967416
112248719
112306155
112539640
112578551
112595670
112770667
112792521
112853135
112915685
112950970
113076173
113089262
113151316
113372233
113373200
113433902
113495725
113710105
113772697
113785040
113794452
113945385
114082443
114133117
114194583
114788729
115021762
115104889
115195522
115248043
115288677
115362067
115395470
115451045
115537352
115545732
115717688
115766118
115948130
116022418
116491190
116518516
116624871
116744649
117090468
117222075
117365009
117427524
117502295
117503772
117525619
117552049
117897542
118091453
118115544
118267144
118306079
118331929
118477493
118508501
118517012
118780287
118849305
118892386
118915300
118968668
119197140
119243730
119287784
119401094
119646347
119734860
119909470
119971376
120113603
120115794
120287528
120391303
120415082
120515523
120543579
120766499
120939339
120942513
121049850
121058519
121151277
121259621
121588625
121611130
121612146
121660806
121759139
121858537
121866007
121909262
121962289
122044745
122212013
122237658
122245301
122250161
122295470
122344070
122620223
123008046
123061904
123335252
123357653
123418495
123634953
123664805
123680612
124080991
124221794
124252437
124296313
124343996
124355445
124387277
124586678
124588190
124628411
124684211
124694220
124701996
125114511
125225390
125255289
125286431
125310924
125383201
125490515
125501369
125520717
125603979
125619898
125667068
125695816
125901819
126185898
126248226
126482695
126485730
126693907
126701720
126845592
127193837
127215784
127347866
127524686
127536364
127575094
127596822
127632689
127659389
127738679
127798477
127815330
127858983
127869940
127914484
127926352
127946265
127955147
128049222
128221360
128308083
128365123
128394712
128545091
128721723
128919941
129190163
129229913
129276920
129433502
129568429
129602065
129692368
129835466
129868908
129968995
130110717
130216786
130339496
130366136
130384983
130515375
130627039
130790860
130879072
131154529
131174272
131247763
131273417
131277432
131409546
131420810
131649781
131672549
131681876
131933046
132036915
132271803
132325837
132433781
132461997
132572791
132623076
132692420
132701170
132829443
132968463
133002112
133036903
133063187
133101963
133286827
133324105
133480646
133483762
133492629
133528936
133533970
133598420
133606782
133678128
133785503
133853225
133982550
134164404
134196206
134215130
134224613
134435429
134672214
134777072
134787698
134831498
134940571
134998546
135062204
135068139
135154803
135166109
135382466
135491015
135495436
135706684
135929319
136083294
136139860
136159385
136209204
136226937
136340531
136393098
136422136
136494020
136551837
136590225
136645396
136749866
136834677
136837845
136955447
137119961
137169480
137189805
137425396
137426238
137498930
137545411
137585135
137723203
137733425
138164540
138203378
138329575
138438842
138619368
138627667
138722361
138755346
138777549
138798700
138954035
138962136
139060636
139128455
139273974
139402689
139652708
139768017
139830446
140468885
140538375
140568824
140602040
140633066
140643459
140892909
141005793
141011104
141062106
141064326
141163391
141372389
141380323
141390927
141488378
141488743
141542808
141639336
141929528
142043852
142107860
142210578
142350329
142486265
142704741
142777203
142892073
142977645
143087179
143418505
143537344
143548176
143588851
143708688
144072960
144217681
144260456
144303548
144305512
144530766
144595941
144652913
144702076
144708007
144853113
144928165
145026245
145033120
145124591
145230925
145308631
145898864
145987261
146072533
146127239
146129783
146156736
146254250
146292221
146296102
146401413
146629099
146688470
146793515
146882834
146980349
147147636
147249611
147262450
147383585
147753864
147841437
148439455
148494953
148832486
148946690
149062237
149157554
149263420
149422823
149685614
149762247
149771590
149803568
149856959
149917410
150029303
150059189
150078797
150314326
150435026
150483308
150569475
150699226
150784869
150848331
150995195
151379972
151428492
151522508
151801961
151951193
152004112
152118491
152220998
152287034
152361850
152613533
152756088
152881692
153037958
153105276
153189000
153191534
153242158
153575680
153596978
153911916
154111200
154128291
154196977
154254223
154315786
154550958
154653229
154767703
154835857
154960384
155077270
155134036
155315195
155375872
155438629
155551286
155741874
155750668
156011394
156134846
156171440
156273516
156338004
156359332
156555735
156706664
156810764
156817234
156836985
156862492
156869311
156925777
157193110
157253319
157555959
157609650
157650201
157665317
157829307
158009246
158359868
158425033
159005756
159023292
159186388
159258553
159812700
159872670
159952611
160019448
160169138
160251802
160252411
160330595
160733257
160745060
160985211
161195572
161210225
161212489
161271632
161537970
161769478
161855924
161937462
161951995
162005208
162006701
162138052
162191407
162369506
162423665
162455192
162533524
162765311
162798087
163121806
163215686
163237951
163385832
163436333
163439159
163676161
163689892
163744040
163761635
163836828
163840197
163949609
164064913
164151888
164231307
164321770
164639374
165060096
165225299
165254026
165317517
165431121
165578353
165614661
165900596
165938649
166114912
166198225
166438470
166483246
166707644
166745603
166918420
166943549
166994344
167138105
167257892
167312403
167323683
167510379
167518902
167649418
167725782
167831667
167932402
168213517
168265150
168271576
168474496
168547524
168592835
168717583
168762456
168867598
168910269
169012566
169070703
169072713
169083675
169432356
169480144
169604708
169755293
169803588
169871685
169981298
170071788
170196696
170263824
170280648
170326202
170335529
170510100
170528220
170560372
170756796
170953776
171157528
171184246
171357340
171396913
171452496
171646982
171807641
171809284
171881937
171988165
172054510
172083234
172110742
172150867
172158880
172166006
172276550
172356795
172379922
172403286
172716584
172835226
172886355
173150311
173206808
173467058
173487770
173534146
173608303
173832636
173930840
173978666
174168016
174258010
174303177
174360636
174468869
174568372
174636707
174792990
175185586
175248407
175363965
175790532
175797211
175880980
175907898
175933274
175985014
176199476
176418422
176759069
176885050
176912205
177093874
177136311
177210068
177461246
177463201
177566710
177627093
177648244
177877541
177919936
177996418
178017352
178116251
178201959
178488013
178497177
178569844
178858742
178882865
178915676
178993205
179224336
179243285
179357073
179365395
179395413
179802186
179804400
180012276
180028736
180074201
180193448
180223631
180270119
180327561
180336270
180411823
180413483
180431128
180466127
180478769
180807102
180933576
180983884
181161753
181263408
181358689
181359439
181364682
181517297
181647007
181699351
181725867
181726022
181726255
181788402
181916050
181952040
182140136
182180539
182461960
182648541
182764898
182842147
183019825
183309923
183534021
183537001
183575181
183604678
183654061
183658551
183945484
184267178
184270522
184410109
184606057
184645613
184653411
184794501
184818259
184845320
184894785
185048932
185193214
185265121
185335147
185511575
185523209
185603012
185650447
185804778
186143731
186248926
186474875
186526173
186562292
186921642
186935470
187201925
187229726
187297193
187375540
187790979
187803597
187945556
188243333
188311652
188517410
188670376
188874443
188895172
189131884
189247776
189389634
189407397
189438564
189501755
189509316
189689902
189883677
189915597
189956599
190001994
190449340
190461249
190490067
190589898
190798075
190829485
190878134
191026329
191055621
191188628
191268268
191302075
191370697
191456884
191504936
191543937
191679868
191711303
191950287
191978691
192230402
192363266
192454315
192456001
192488648
192562107
192588427
192642955
192900206
192998271
193019811
193195643
193237664
193280763
193965889
194063620
194216291
194438299
194460469
194644424
194942966
195401622
195512301
195740826
195790255
195820068
196129006
196130451
196311835
196334004
196406021
196456699
196623978
196763571
196908107
197233964
197317680
197341278
197454749
197469116
197500108
197852456
197886938
197902744
198064030
198118638
198225295
198295652
198571862
198592881
198639724
198727542
198744708
198958907
199136281
199346810
199369149
199472333
199590950
199749170
199855951
199921178
199965937
200116139
200125823
200374179
200394036
200767892
200875202
200988179
201113028
201300999
201325151
201696697
201712637
201750938
201923948
201924244
201983410
202147192
202195264
202227617
202265777
202381544
202515295
202557164
202622141
202625747
202871086
202936037
203011589
203093301
203144776
203314290
203430543
203531980
203607991
203616721
203753228
203770339
203793230
204113748
204118408
204266296
204469893
204496523
204638562
204650496
204753862
204782693
204796705
204941548
205058229
205095548
205208221
205342252
205368851
205495729
205498083
205617646
205751980
205778376
205894629
205914547
205969878
206071148
206162006
206187053
206227545
206309768
206326879
206332741
206434923
206585478
206676606
206953078
207065211
207175505
207199420
207205368
207229923
207278803
207299792
207317631
207468262
207506495
207611155
207679697
207696569
207715308
207988672
208112666
208460516
208653689
208673437
208716590
208737553
208753495
208766199
208899438
208935947
209282799
209344957
209456726
209500719
209565191
209863921
209887515
210071656
210211982
210241098
210252101
210357819
210379011
210390297
210447018
210511764
210876480
210886450
211037888
211112761
211308980
211310453
211326491
211388908
211496869
211535229
211631029
211762174
211768735
211783142
211927802
211941259
211949047
212048171
212119320
212312645
212821180
212893736
212896994
213151509
213151596
213167341
213267806
213299942
213530217
213583171
213648268
213765526
213916314
214007307
214123979
214153510
214222109
214286346
214331636
214540855
214631639
214650373
214690607
214779757
214878832
215119223
215136217
215248195
215308929
215561954
215709594
216071475
216111451
216155645
216433284
216526650
216531216
216538426
216601817
216672881
216686806
216795276
216819962
216837078
216874027
217022825
217054764
217218773
217321517
217354208
217481643
217512338
217512373
217730159
217827874
217952467
217981300
218012715
218023858
218180803
218198477
218273291
218458126
218831840
218834871
218853042
218994495
219110990
219188821
219236159
219246328
219343398
219464680
219507398
219570341
219593781
219611308
219644433
219661640
219759223
219904722
219961628
219963280
220055179
220113895
220158946
220218887
220428376
220504109
220578943
220620744
220652032
220705627
220821233
220895861
220949707
221259486
221359899
221468278
221608821
221656707
221670955
222015641
222114502
222156201
222223503
222412036
222767569
222779838
222887394
222921718
222966228
223279490
223408355
223600689
223661966
223663268
223682560
223698658
223832779
223883579
223916544
224350981
224373577
224406469
224653549
224922326
224983652
225157237
225220062
225247310
225280633
225389373
225728268
225809210
225960706
226171720
226176129
226258219
226352072
226639528
226644612
226806530
226877287
226894658
226978794
227040809
227168971
227178261
227455683
227471182
227518525
227777799
227793841
227870502
228072788
228133817
228198417
228228494
228404838
228466931
228724923
228782941
228909255
229114621
229142963
229191500
229204618
229300277
229301634
229633520
229817177
229895075
230096964
230134862
230143601
230313531
230789151
230822022
231011079
231043888
231133185
231203417
231217766
231257792
231330450
231422774
231434217
231677538
231716199
231849611
231859685
232023523
232193525
232244237
232464306
232503240
232526388
232537538
232600186
232700962
232715060
232767999
232958039
233008883
233178275
233305572
233367739
233429097
233523926
233551096
233554153
233574133
233701883
233831380
233839781
233854473
233951889
234034043
234176602
234438980
234438999
234477056
234721428
234738777
234942608
234979338
235044269
235052546
235288156
235515627
235887141
235920980
235934844
236030532
236093500
236096111
236112531
236579082
236629382
236776341
236796299
237044354
237110893
237292225
237438168
237567642
237570918
237595581
237856188
237886312
237948177
238085677
238085822
238249661
238351109
238886117
238956460
239046904
239266711
239272157
239412266
239428632
239480974
239489639
239569830
239643675
239686374
239806761
239827188
239933070
239961882
239986706
240037204
240079877
240201714
240442698
240654080
240713584
240985295
241027345
241037618
241070134
241200821
241363261
241491581
241595106
241607477
241678845
241848509
242075295
242156558
242257660
242570897
242579742
242581933
242597399
242734077
242866587
242971296
243076540
243282964
243305376
243350618
243401896
243576404
243782906
244350806
244423640
244427950
244433181
244526498
244628483
244742513
244829425
244901886
245021716
245143869
245299388
245358816
245387250
245387390
245452929
245501793
245540974
245631093
245689577
245696882
245743493
245775200
245892096
245917610
246002136
246024355
246110089
246168903
246248691
246413659
246429316
246646077
246766447
246940151
247173724
247193958
247262065
247288982
247390902
247593220
247719422
247730618
247879391
248006773
248345380
248394185
248692092
248917315
248935486
249125197
249318421
249575191
249666223
249694929
249747296
249758969
249974769
250034812
250186402
250492514
250522001
250837823
251024367
251068063
251192746
251212659
251512877
251589037
251592339
251893585
251921483
252086485
252420473
252779158
252952049
252994630
253157066
253261877
253274702
253458264
253563220
253622187
253673780
253724791
253725427
253886012
254232050
254328997
254436488
254455943
254556281
254616491
254617279
254663682
254672861
254717288
254737447
254758658
254762641
254774594
254953373
255037375
255171735
255447250
255528982
255620432
255630093
255674421
255732552
255771367
256014734
256095137
256116274
256141633
256148308
256183982
256366508
256567978
256677075
256769364
257201292
257523875
257542557
257631972
258087602
258228057
258506720
258511843
258646418
258672215
258759540
258803645
258901035
258970208
258973542
259036039
259084497
259112516
259166930
259180319
259308060
259580599
259688206
259703051
259711099
259729644
259741095
259909740
259923215
260027823
260028688
260117905
260141228
260331922
260372074
260412345
260993869
261032503
261049157
261182502
261252591
261259160
261542898
261605021
261649623
261772865
262271242
262301345
262474525
262516177
262608856
263008877
263168374
263221320
263286890
263569817
263811649
263854479
263985993
264053530
264086617
264274154
264293805
264488987
264612369
264651010
264733002
264750194
264823970
264891618
264942521
265133676
265305909
265482327
265554646
265628640
265635744
265760965
265831592
265967172
266133515
266192409
266223988
266303829
266312972
266328207
266484144
266488270
266509040
266719579
266865950
266916046
266916846
266984028
267014962
267286410
267325718
267521656
267526281
267636874
267650163
267706404
267728451
267907148
267945724
268218342
268497687
268525847
268825504
268878657
269114355
269171942
269321738
269448265
269624388
269692604
269790713
269844288
269918938
270007359
270017449
270026146
270418222
270561496
270583411
270858802
271144799
271174308
271238140
271315461
271402990
271451818
271543132
271957493
272049690
272059600
272091566
272261967
272271176
272298631
272301574
272577947
272963283
273085991
273458329
273541354
273866236
274173173
274271684
274390571
274587531
274840684
274918871
274941159
275045500
275086843
275122968
275368853
275558357
275675558
275678435
275982113
276026285
276101264
276312469
276351179
276398714
276622486
276655869
276680414
276689058
276716886
276768706
276772645
276797302
276800718
277028870
277197246
277293024
277397985
277477008
277519320
277728856
277731864
277988260
278049800
278062620
278386780
278453647
278487020
278563799
278565606
278590604
278773554
278927220
278937594
279012263
279045001
279284492
279392412
279398900
279477008
279522562
279607977
279837992
279880513
279890371
280019893
280026034
280158208
280319713
280780860
280812156
280879490
280901628
281149289
281239919
281273471
281346604
281355018
281376645
281410129
281579794
281648807
281713523
281732505
281801435
281857743
281931351
281938758
282016448
282066591
282088846
282093123
282213361
282228880
282348879
282437073
282677106
282687883
282700426
282896112
283031180
283192265
283253606
283258167
283399138
283696833
283835217
283950955
283986868
284076717
284136127
284159656
284287210
284287792
284290532
284421656
284464655
284680460
284860704
284924222
285061725
285229440
285413677
285539964
285543016
285705288
285797063
285931303
286028917
286034645
286087891
286279535
286310783
286547311
286599971
286617573
286746575
286793252
287112332
287253550
287628744
287692516
287860799
287961563
288019766
288058384
288124322
288307345
288465304
288636741
288711345
288944883
288970728
288979365
288986270
289197427
289269023
289366926
289503322
289563808
289574413
289615489
289618581
289978095
289986061
290084483
290337978
290375250
290511319
290535659
290618921
290764641
290820146
290824076
290851271
291108848
291184244
291200343
291284524
291316094
291418174
291626931
291748258
291793415
292034314
292061892
292361312
292494450
292500646
292512259
292629181
292647939
292694911
292840908
292874747
292955315
293252698
293264126
293264206
293301817
293351861
293479866
293525606
293553154
293592133
293631309
293980212
294301835
294337265
294486788
294502870
294530018
294530369
294540874
294585973
294835854
294901241
294939528
295071110
295101268
295188551
295231227
295260365
295327344
295327830
295352833
295422732
295487050
295501329
295579834
295579955
295729431
295739460
295743870
295998991
296039253
296161636
296337885
296406525
296513227
296650625
296716211
296731974
296856379
296927894
296933867
296952357
296984270
297044972
297304203
297309754
297414315
297442590
297461196
297479392
297533465
297537042
297661213
297669741
297845709
297944902
298070631
298316670
298408869
298415005
298513143
298800215
299024613
299048901
299079001
299198630
299221749
299291730
299477959
299714294
299860313
299891306
299931989
300153972
300235869
300261012
300304795
300347079
300587846
300589934
300645897
300659499
300916672
300951015
301080243
301197002
301382472
301465719
301486152
301497441
301626727
301843425
301889846
302057404
302169258
302170889
302258330
302457804
302579281
302670280
302685696
302775008
302778949
302866057
302879536
303024070
303161351
303248727
303254336
303268000
303382364
303402608
303503295
303605452
303620483
303633416
303648764
303651410
303757448
303974918
304023075
304054616
304086740
304095340
304153050
304165371
304269958
304441877
304815066
304997013
305003099
305013304
305320885
305326547
305363478
305520251
305592002
305652795
305698960
305699932
305760307
305961479
306127130
306131692
306141141
306174869
306297461
306323114
306411579
306442390
306501200
306568992
306780829
306836362
306848374
306884897
307031663
307105074
307257541
307336614
307652623
307670024
307835303
307852560
307903793
307923984
307925338
307978382
307988916
308091600
308183323
309046589
309091652
309116755
309153631
309182714
309229987
309432204
309492188
309877128
309890196
309894416
309908032
310345973
310418291
310456048
310527381
310535838
310613454
310724869
310920454
310966271
311079783
311141623
311259810
311263286
311318203
311471403
311732389
311739974
311910579
312025702
312063390
312130272
312294005
312369158
312432915
312516955
312621313
312874063
313170937
313200314
313207418
313223118
313279735
313348656
313458812
313464985
313488498
313547564
313745286
313763973
313820020
313947710
314015941
314165890
314197229
314276508
314335026
314412782
314704332
314724981
314756295
314781796
314872113
314910839
314990241
315048040
315096253
315182076
315189832
315240756
315348264
315702226
315842990
315852656
315976965
316088111
316137330
316151019
316157561
316344252
316393438
316412448
316448055
316625941
316873036
316879835
316947707
317007711
317073182
317133704
317146649
317188657
317266499
317301696
317431557
317613648
317634423
317712065
317796403
317860012
317932030
317984910
318002738
318070909
318126349
318270360
318362657
318582959
318676810
318681440
318787728
318857428
318883920
319077181
319125034
319194874
319412792
319472650
319706927
319711233
319721627
319741521
319809793
319827801
319875557
320105374
320476382
320523014
320692515
320703673
320757103
320794310
321034341
321202357
321217845
321251841
321379734
321407540
321424805
321464980
321691104
321757261
321808131
321921887
321990520
322183019
322184410
322235178
322286704
322385073
322637144
322652110
322711339
322879019
322880075
322943985
323142753
323210544
323391863
323456174
323529712
323763865
323773108
323893021
324024801
324179014
324439616
324576829
325110832
325141412
325234090
325272338
325274696
325281734
325346177
325474615
325499305
325611212
325644210
325659327
325886631
326083827
326279383
326334046
326414834
326424038
326434649
326449890
326832733
326920013
327050722
327305693
327669331
327690344
327727180
327751535
327941630
328041617
328122959
328232919
328235363
328244041
328272082
328312643
328568828
328608354
328725252
328845921
328919871
328976568
329043836
329149300
329161533
329169042
329218979
329244286
329499279
329547519
329590604
329614102
329791035
329882295
329891330
330118567
330200567
330372862
330540405
330573869
330630796
330852976
331025609
331070877
331090054
331345324
331370094
331489234
331583307
331741380
331788852
331866939
331938672
332061262
332107454
332131321
332220186
332239603
332311217
332317955
332566063
332601192
332741753
332929029
333151812
333190764
333241387
333630770
333642783
333643921
333833098
333933781
333999117
334026239
334159274
334244284
334292931
334319327
334432796
334448120
334576754
334752047
334767554
334844865
334884055
335103328
335119404
335180358
335228560
335228746
335706014
335768387
335906931
335922702
336095144
336151602
336231030
336238046
336297350
336420742
336432638
336443487
336485180
336531927
336577383
336642187
336875488
336910784
336920016
337066529
337125150
337185923
337482806
337500905
337560603
337598751
337599737
337770458
337820373
338215902
338249661
338406743
338646522
338647998
338744986
338809209
338913859
338998418
339054518
339092211
339363595
339392479
339398973
339402343
339427312
339501700
339509882
339510577
339600697
339605429
339606913
339726509
339737562
339840560
340053848
340106053
340202676
340222605
340344409
340553423
340760252
340833008
340839321
340859737
340923004
341031391
341186535
341219308
341295669
341325240
341333383
341512602
341547473
341679650
341756638
341807861
341934340
341937959
341993971
342050019
342301613
342534136
342970555
343451399
343552040
343629373
343858161
343966581
344546079
344595208
344626630
344677750
344726811
344731514
344808676
344945099
345034954
345040330
345056183
345128465
345165900
345262637
345368578
345530493
345934593
346047199
346105847
346145077
346280908
346366988
346478770
346506852
346531926
346572439
346695412
346719881
346722928
346724706
346785053
346884796
347005186
347053298
347286685
347317154
347369129
347395885
347441282
347472562
347611123
347732815
347791492
347861322
347867845
347983883
348002510
348445514
348469280
348609373
348648333
348744139
348773429
348777654
349105362
349111981
349153878
349170811
349175931
349298784
349525984
349527463
349579817
349784736
349928357
349955503
349972487
350009000
350021508
350055237
350095662
350170925
350306451
350343288
350411454
350413697
350636683
350650436
350664829
350726208
350780017
351238797
351336642
351405426
351483485
352016968
352134493
352212298
352241323
352296654
352422660
352441401
352520673
352546139
352595680
352897073
353014033
353129127
353493245
353493624
353620437
353667135
353770138
353934916
354058601
354247409
354264387
354316638
354390547
354479949
354509113
354518621
354773469
354934432
354995890
355112849
355168085
355222137
355350455
355372704
355474009
356108242
356255160
356594436
356598335
356602715
356630770
356658358
356702630
356713358
356937777
356965817
356981667
357005378
357014699
357080104
357224378
357314374
357491808
357496610
357616309
358022403
358199072
358270656
358364332
358443249
358598960
358686327
358828673
358923705
358930711
359009877
359036341
359418385
359428286
359449687
359689050
359733194
359864585
359953074
360008285
360089115
360098414
360119146
360135626
360574297
360617985
360922765
360965510
360983933
361089712
361126243
361146097
361275025
361320594
361371174
361414795
361525617
361533715
361613297
361654892
361996356
362197414
362220734
362479290
362561044
362641947
362829767
363398869
363463118
363559381
363708926
363926901
363929770
364026903
364105378
364113960
364465474
364506390
364611458
364697676
364740900
365016795
365029963
365101862
365136443
365236567
365364890
365375883
365409451
365501073
365539638
365651890
366065484
366071522
366285399
366288447
366404510
366517698
366572337
366581662
366597183
366609674
366615829
366625429
366703792
366707951
366837669
366891526
367007085
367253297
367382568
367443176
367536826
367566900
367621362
367689583
367697465
367864107
367903668
368007529
368090866
368138020
368264537
368349848
368379031
368457960
368545937
368570104
368595779
368605503
368672135
368846883
368919047
369072803
369131422
369198802
369257403
369352309
369380658
369387556
369490169
369591130
369695829
369750632
369817530
369873648
369973917
370006232
370139634
370140052
370227992
370247846
370415830
370624574
370775263
370808240
370903634
370904984
370963992
370993888
371086532
371242937
371306764
371370504
371456202
371720543
371740542
371755087
371757164
371785190
371845032
371933746
372028232
372065199
372512596
372661028
372763486
372887076
372962454
373125103
373196374
373210423
373222973
373447264
373631424
373690450
373797233
373985440
374266731
374292920
374308755
374508105
374524446
374628040
374727239
374841867
374842737
375193634
375217147
375364340
375426312
375496740
375679345
375717646
375724614
375885785
375905648
376060342
376263889
376362099
376600521
376705161
376711308
376712744
376737456
376813085
376879613
376936002
377020719
377172938
377489735
377535384
377551833
377736777
377743991
377815569
377821545
377892646
377975677
378058430
378324538
378534121
378585154
378866133
378871085
378913486
378913788
379019468
379217047
379226689
379455653
379574828
379579477
379656254
380175316
380304594
380367722
380407013
380437230
380535792
380564867
380590505
380662220
380768066
380807278
381186980
381188887
381204535
381251404
381301179
381516211
381752730
381943909
382007911
382016718
382036374
382037601
382050580
382209293
382285669
382298403
382463538
382469948
382499152
382545961
382881741
382910130
383021387
383059488
383299286
383519734
383548633
383637575
383712261
383752748
383762976
383779844
384045077
384048656
384142027
384162606
384300993
384344207
384389592
384394405
384443772
384477700
384517962
384521423
384584545
384728959
384755930
384813880
384839242
384937717
385109814
385143481
385191985
385281255
385410213
385448189
385602483
385735659
385931223
385969643
386002644
386101246
386161234
386303905
386306354
386319525
386546268
386676940
386749144
386779888
386787311
386792414
386869290
386962824
387063705
387245446
387345556
387388792
387434523
387452965
387627972
387751064
387758080
387804654
387842555
387869264
387881626
388161697
388222101
388551276
388722246
388945651
388982925
389182692
389214119
389321792
389352877
389357915
389535065
389756788
389837766
389856808
389863991
389913097
390074619
390088469
390091205
390508655
390863695
390917867
391123566
391296722
391567341
391745347
391771464
391917842
392000774
392049920
392110122
392407058
392418941
392432136
392457618
392533352
392725319
392772646
392944422
392952286
392993695
393010297
393184820
393321999
393353763
393389228
393434429
393518245
393562712
394442553
394523011
394668326
394827794
394842555
394912168
394931354
395019836
395301214
395466353
395575999
395778181
395801011
395842346
395942840
396042425
396186041
396233059
396418116
396519717
396611674
396612496
396736849
397056763
397250239
397301025
397316186
397462560
397572410
397690634
397733117
397781439
397818489
397964649
398068844
398200382
398278235
398374006
398508004
398571608
398612007
398627169
398652272
398862556
399026727
399067022
399124363
399168847
399199503
399211205
399338982
399375990
399671580
399757401
399878357
399994090
400062484
400074166
400210737
400268621
400423146
400645682
400692151
400739794
400834956
400975510
401077859
401123099
401155006
401244499
401292241
401356477
401374760
401429282
401480544
401587001
401796852
401807229
401842683
401852934
402018763
402026077
402060573
402174013
402381357
402443455
403000239
403031923
403148034
403156291
403529043
403577318
403632793
403823481
403900797
404177973
404240126
404390977
404425307
404549745
404587535
404741337
404746002
404928357
405293188
405408735
405604005
405628583
405650898
405869628
405877412
405878355
406140497
406386039
406406142
406499063
406510103
406711851
407114792
407193080
407436412
407437881
407521443
407617066
407624670
407652800
407739031
408002617
408023493
408311537
408315316
408583700
408784725
408813485
408907247
408993009
409149505
409181152
409213305
409367577
409490278
409567418
409677305
409689381
409794242
409831480
410263954
410307504
410326407
410381153
410381281
410697238
411031758
411032348
411158576
411217761
411408438
411497821
411569880
411628422
411747249
411787539
411857019
411964926
412148163
412184411
412291271
412296505
412437960
412621549
412693787
412709498
412810256
412917187
412925979
412939460
412942084
412986495
413000829
413237627
413417030
413538600
413569987
413615834
413661543
413758885
413893055
413905740
414038581
414106878
414146516
414234006
414277977
414300683
414419189
414440619
414525808
414532984
414838144
414927996
414956832
414971060
414988210
415167224
415264014
415270329
415295097
415335637
415352887
415396365
415397909
415416180
415472122
415596095
415732906
415753920
415788656
415863481
415884845
415921705
415974995
416009441
416117854
416228020
416452618
416637535
416680960
416701043
416811208
416883016
416943766
417114745
417544655
417576986
417600664
417814882
417935632
418032516
418120480
418249814
418312401
418447267
418527258
418890664
418995099
419022381
419086312
419112955
419171654
419321514
419394860
419582792
419731233
419952170
420001420
420053501
420269472
420438206
420622586
420712928
420782106
420968272
420998740
421050309
421067777
421107422
421167553
421208492
421228289
421285482
421386309
421486675
421688432
421830174
421878424
421994471
422122691
422177703
422201593
422391821
422451765
422455911
422527349
422884062
422956312
422961649
422995415
423085004
423130715
423161784
423284750
423519491
423540883
423635454
423651721
423839873
423850634
424050099
424110701
424209235
424337827
424426146
424726806
424729503
424827684
424938390
425107517
425345383
425400122
425413939
425535118
425561356
425684205
425713514
425852643
426044545
426088356
426217090
426298733
426334244
426348717
426488025
426611201
426757767
426831503
426974336
427065147
427070437
427352715
427397660
427466965
427482935
427561691
427897423
427933322
428103961
428243154
428292215
428331186
428452816
428458843
428493931
428572739
428627198
428637129
428723454
428855814
428992446
429040101
429054565
429248201
429278001
429546380
429611592
429653474
429716598
429734910
429743130
429839885
430031915
430122921
430177994
430393084
430485436
430773202
430937826
431019470
431098713
431125371
431191599
431224057
431276348
431310365
431673908
431831087
431924731
431992395
432142014
432196952
432308218
432326762
432350019
432467304
432690014
432755936
432802568
432857392
432886435
432964039
433391985
433675340
433678074
433684843
433686342
433788161
433897408
433962819
434003248
434057105
434101033
434407322
434502119
434805289
435013978
435031394
435119457
435127437
435282260
435568813
435583320
435840527
436111267
436113770
436124483
436154327
436194615
436276599
436420326
436446627
436590268
436598623
436623847
436708017
436737767
436817285
436851019
437044185
437057444
437090781
437133423
437549887
437633917
437703394
437752173
437803446
437807143
437868897
437880816
438024594
438078114
438258159
438668745
438691040
438894893
438954787
438978832
439123313
439288153
439381831
439475769
439568712
439626233
439741135
439774999
439963570
440227369
440228577
440400325
440433414
440474198
440509639
440538895
440543394
440700803
440807150
441057450
441125422
441191379
441244439
441311353
441336511
441402827
441478829
441619502
441624252
441631024
441737484
441793494
441882210
441956068
442119016
442382164
442403104
442531198
442770831
442786869
442961937
443004261
443019968
443050095
443315900
443360310
443406334
443449762
443542009
443633383
443674574
443739736
443821292
444051486
444132028
444154190
444191637
444337073
444343442
444422203
444466933
444594515
444647601
444676866
444691008
444752428
444787553
444942609
444953631
444985060
445049471
445144789
445210428
445268827
445324819
445332190
445552025
445578851
445659708
445798092
445888298
445949681
445972173
445981433
445992165
446252187
446479222
446545549
446742040
446749673
446829145
446885462
447003722
447212560
447312804
447612976
447746834
447955959
447956017
448048287
448182382
448303466
448400182
448585773
448848220
449075732
449172907
449276075
449347020
449570572
450048830
450265450
450501704
450504551
450530344
450691098
450956085
450967671
451146033
451402822
451469821
451544390
451613139
451651612
451730920
451740502
451767444
451806107
451848550
452157321
452176976
452327228
452383123
452500952
452568394
452652906
452671213
452712900
452770086
452982974
453105496
453155457
453241582
453552158
453735728
453842284
453865852
454106699
454134650
454211530
454388828
454408901
454419161
454513722
454537024
454659026
454700365
454844917
454845669
454974315
455068009
455135648
455221524
455237877
455248620
455256781
455481550
455776409
455856405
455901203
456015126
456085338
456114667
456127770
456444396
456471384
456541201
456683174
456796660
456805725
456924290
457120480
457128545
457206774
457309406
457373259
457405135
457537156
457716814
457744907
457793757
457836789
457854777
457978683
458003776
458029143
458113860
458185973
458207101
458246500
458309596
458388635
458485011
458583669
458697369
458759997
458889926
459298533
459577452
459754587
459756607
459896629
459907289
459910547
460113998
460281124
460526982
460648078
460790797
460896159
460959476
461334036
461338285
461381397
461529491
461629910
461739534
461747997
461762208
461808626
461832018
462213885
462283555
462410217
462427626
462428230
462456153
462466323
462649483
462843434
462864168
462945746
462978132
463060881
463685847
463757528
463831923
463853224
463911363
464129315
464135149
464171378
464182700
464194642
464352640
464475907
464705166
464779159
464824897
464883191
465025839
465035158
465105352
465150579
465169924
465316856
465382929
465471781
465483147
465719496
465893910
465917238
466008022
466017645
466075709
466101381
466132951
466143632
466261308
466317488
466320550
466327796
466328713
466438535
466819048
467158320
467353514
467364041
467435357
467657827
467726999
467810299
467895684
468025457
468047373
468077607
468092187
468227326
468295924
468392325
468451815
468481756
468535685
468643425
468661158
468670681
468810846
468880438
469189229
469384504
469432503
469491849
469628175
469657300
469660276
469681719
469774710
470101237
470112447
470175223
470195326
470209093
470221560
470228092
470284921
470385970
470501168
470501260
470540756
470700896
470753620
471222411
471412735
471422762
471546572
471586668
471711123
471722714
471859581
471972270
471978432
471988949
472098298
472128526
472134359
472134575
472180173
472397456
472402458
472418471
472479455
472526499
472560398
472608269
472637297
472839767
472841758
472909106
473058572
473080644
473100657
473124854
473133691
473146008
473270709
473395694
473434755
473489271
473548961
473759956
473807142
473967354
474037557
474180217
474317708
474339086
474527431
474575167
474578314
474705862
474723247
474883299
475004670
475060915
475300378
475363192
475532206
475584729
475737416
475765845
475832705
475858606
475984730
476161136
476393847
476544058
476557472
476626826
476692967
476792612
476826111
476931431
477004366
477119078
477496927
477691499
477739716
477850384
477913655
478002591
478004423
478005660
478012631
478077859
478287853
478348183
478482063
478492247
478618710
478649108
478775204
478947889
479041735
479252480
479341709
479482374
479545667
479627704
479694350
479702477
479852894
479855845
480143722
480179637
480294672
480302626
480394600
480486285
480654572
480734609
480797202
480869711
480965508
481074617
481128824
481173252
481269137
481415257
481553396
481590805
481738728
481828749
481840187
481848355
482180056
482356155
482470600
482535301
482714793
483030600
483091344
483174765
483189282
483364841
483442024
483484351
484001047
484046884
484065686
484140499
484386934
484433145
484534893
484587252
484629489
484752173
484825828
484834089
484952450
484996545
485080850
485125086
485566502
485675053
485817895
485934483
485939884
486003590
486032837
486044342
486061312
486169473
486472045
486532744
486573881
486630313
486752863
486772092
487046398
487053009
487130799
487349278
487471967
487514850
487531540
487616186
487832039
487889795
487963234
488114673
488118369
488165093
488213923
488254777
488607601
488641461
488743910
488857054
488954808
489177830
489314179
489379522
489649867
489678953
489740580
489764633
489907666
490123939
490144995
490218601
490427450
490609289
490637043
490868930
491015455
491116963
491152830
491234432
491289511
491296986
491459951
491752820
491822163
491850830
492159851
492193734
492527945
492551093
492582156
492607258
492780704
492875215
492911444
492936501
493065420
493069473
493114914
493177124
493239292
493342241
493372409
493795736
493895926
493947028
494034832
494044987
494061952
494075952
494115309
494142910
494160861
494164199
494210891
494304439
494331576
494360907
494393365
494479519
494497454
494608326
494802595
494826747
494883253
494932246
495132294
495153055
495167071
495231574
495324371
495454846
495663250
495885035
496025474
496100707
496403856
496602602
496629282
496665250
496771633
496832247
497102450
497222903
497247033
497368246
497584509
497619432
497726854
497741911
497943280
498105137
498228329
498275145
498351005
498471805
498668643
498677822
498943627
499042188
499079318
499181609
499281792
499290819
499304663
499353723
499449323
499526256
499613337
499708962
499828762
499968834
500013405
500397165
500470813
500545612
500602162
500603727
500706716
500794780
500924561
500963373
501060828
501064615
501084449
501089089
501208600
501336086
501533553
501592206
501612597
501655486
501656890
501675495
501707710
501745274
501747217
501820140
502069555
502084172
502529617
502646278
502811822
503095348
503137823
503214043
503483634
503548578
503641556
503744267
503750021
503763360
503764267
503784165
503855992
503972981
503995665
504134295
504173513
504444653
504457064
504540711
504572490
504586882
504841138
505048190
505182688
505189715
505212359
505243397
505325211
505673074
505899902
506070543
506229990
506533205
506565666
506595655
506650435
506693559
507285294
507368110
507385424
507448816
507744939
507849970
507868364
507981330
508005386
508109387
508220598
508229362
508324917
508339142
508411985
508470377
508515767
508657503
508751241
508751328
508817634
508922896
508954953
509044535
509130186
509142435
509173137
509243391
509244017
509425588
509586390
509647222
509728118
509771944
509865140
510077966
510104497
510173332
510363143
510451692
510453722
510553128
510719982
510994539
510998215
511031927
511252641
511262779
511332897
511457428
511535147
511659497
511664668
511892165
511950484
511996831
512058211
512067408
512189569
512214419
512235555
512340176
512341294
512704147
512843528
512928907
512945565
513200553
513323900
513496744
513546648
513612656
513615583
513699725
513927199
514010465
514069773
514136070
514200807
514274280
514331357
514353319
514390164
514404231
514464681
514492358
514561984
514580672
514584687
514842787
515007222
515031889
515060695
515089248
515143655
515539710
515643020
515771300
515797535
515908449
515931931
516010686
516255528
516295473
516455892
516484224
516580272
516794185
516812555
516908732
516965339
517049665
517105373
517108880
517118680
517119641
517147949
517215958
517326171
517541384
517719020
517834319
517884427
517969123
518112335
518168778
518278989
518336777
518341321
518442760
518501427
518572264
518620606
518671026
518683296
518738778
519205834
519263587
519295495
519329814
519445171
519512548
519566323
519634934
519662973
519721567
519925459
520205592
520383948
520396884
520526417
520600582
520618541
520620365
520699876
520703649
521220194
521229943
521257222
521578927
521629988
521632743
521671349
521775209
521857816
521999503
522195267
522349135
522371184
522379247
522610387
522645357
522692532
522807027
523087369
523128778
523174652
523230856
523329597
523406375
523568337
523684825
523712543
523769192
523928191
523953025
524028352
524129353
524141945
524155832
524199235
524318505
524364188
524536044
524545122
524788228
524826933
524890250
524890580
524969545
524978668
525098803
525130933
525164554
525212242
525325093
525504963
525514450
525546860
525635334
525782796
525905047
525996351
526045575
526383332
526587223
526591082
526689202
526806375
526817748
526863958
526960924
527037993
527155544
527158602
527186089
527357950
527359746
527367435
527404413
527425283
527488625
527668112
527691587
528040557
528084144
528100713
528155777
528161516
528237556
528413204
528502222
528870683
528960640
528991213
529031294
529062327
529073150
529127356
529458965
529480333
529726633
530133441
530324536
530432431
530464281
530486897
530512514
530573784
530597640
530725531
530834979
531132062
531532806
531636904
531768380
531863438
531933271
532043849
532226212
532228532
532352249
532441916
532478619
532482696
532588251
532807454
532938972
532984566
533224647
533231809
533266480
533311320
533331098
533336740
533347129
533396119
533529657
533607215
533633574
533703084
533807038
533879594
533962828
534037637
534043093
534050635
534178009
534212847
534318875
534354841
534541028
534649538
534667181
534695787
534712006
534819700
535029237
535043160
535223661
535430550
535684600
535756189
535788531
535835919
535980645
536157878
536158542
536202981
536279292
536433456
536466701
536548842
536632758
536684626
536710584
536834237
536884690
537188564
537284844
537288340
537324163
537379866
537549282
537620717
537650440
537947155
538088839
538176867
538310194
538367130
538559443
538738949
538809591
538944651
538999386
539199654
539206516
539234165
539245603
539286614
539345066
539464729
539565014
539704577
539882916
539968031
540142639
540167856
540485489
540506430
540564765
540575917
540770636
540890723
541096090
541170733
541179309
541228332
541313031
541344763
541677372
541715162
541730323
541825010
541985123
542165973
542216515
542246411
542305822
542416962
542420355
542484141
542566384
542616941
542721172
542739146
542865132
542896085
542980335
543071362
543162836
543393506
543469205
543499838
543548880
543581458
543594158
543652374
543693892
543701141
543822482
543869368
544149969
544348482
544453175
544571158
544645406
544760982
544776678
545110008
545136377
545289313
545390008
545393051
545395585
545772012
545873554
545975619
546093062
546160666
546336100
546466731
546495934
546574459
546658731
546686446
546973322
547074434
547324515
547338713
547353611
547424944
547711752
547725212
547778746
547834006
547978162
548103631
548231438
548304464
548324257
548644344
548674137
548827087
548872972
549565437
549758511
549774351
549843216
550106864
550126823
550129183
550203248
550336928
550365503
550375705
550491638
550719731
550803425
550811303
550888408
551058308
551075018
551081403
551125001
551166769
551181001
551201677
551237038
551424838
551486845
551740601
551791259
551806735
551927806
551983452
552079626
552123245
552200071
552635193
552701944
552854253
552906962
553129571
553159793
553229464
553295241
553427503
553692157
553859664
554086974
554618682
554675470
554811687
554847096
554921274
555109388
555124708
555206141
555290420
555377803
555411119
555411794
555539291
555697684
555698119
555719870
555782938
555815214
555823372
555989574
556018327
556115006
556155044
556357911
556532389
556690307
556737869
556770364
556796966
556844678
556889425
556905160
556927681
556929922
556944179
557141381
557206128
557260582
557423937
557487785
557520264
557835946
557873730
557907789
557979682
558016724
558400296
559094296
559130922
559190616
559191546
559240151
559276049
559322837
559450149
559529625
559623054
559630000
559670033
559676088
559704774
559710308
559756147
559919082
559924426
560018083
560023395
560091357
560138308
560139102
560251003
560259166
560379193
560456982
560477057
560537464
560545580
560649451
560842616
561034852
561126213
561131977
561188126
561357544
561404969
561593846
561621750
561710942
561739788
561802751
561926161
562157574
562242817
562311929
562381129
562423805
562430002
562604484
562773816
562844841
562932630
563099743
563123295
563191292
563198184
563296848
563487942
563509449
563524995
563544832
563595207
563677638
563705950
563931017
564175395
564184086
564240223
564545100
564742441
564776848
564783290
564939005
564997141
565020710
565031150
565042019
565151071
565210083
565213214
565233495
565258894
565305175
565700758
565900571
565914659
566044210
566078116
566294969
566486778
566541120
566541288
566751173
566786354
567137970
567215895
567248083
567262259
567281411
567503177
567605075
567688486
567757695
568360888
568375642
568455157
568533665
568695327
568889146
568889428
568941118
569167323
569221567
569368776
569748304
569769028
569799688
569921061
569963989
570004287
570163258
570238013
570239927
570244374
570378764
570428310
570671907
570694734
570720257
571036562
571103573
571133847
571195168
571359027
571559144
571566233
571571169
571704000
571736533
571871694
572226592
572299771
572356215
572470658
572476327
572484241
572608441
572659219
572719352
572796652
572937732
573010475
573050684
573277159
573306789
573326870
573604438
573712881
573749790
573807041
573817632
573830767
573860986
573921387
573957721
573984002
574135015
574161802
574185042
574246161
574251994
574288793
574367778
574412650
574482786
574495255
574502988
574577138
574634162
574667984
574739489
574881967
574918682
574933681
574954600
574982499
575047850
575148968
575278660
575368450
575375784
575497189
575611791
575682867
575733404
575783071
575836657
576178995
576266477
576620726
576774884
576792753
576800047
576807137
576923889
577004070
577042649
577045028
577246519
577504430
577641932
577675811
577741768
577817211
577905784
577926584
578039333
578229447
578505564
578531473
578819411
578869218
578920173
579098251
579365122
579418089
579492196
579564290
579646002
579786273
579924263
579930546
579931431
579972160
580067054
580092197
580184135
580239169
580384400
580466808
580580488
580761969
580838800
581147721
581173176
581373201
581450823
581454945
581495626
581526032
581550395
581552392
581599124
581694231
581778512
581951507
582098117
582337629
582577232
582775628
582852504
583183475
583280307
583525984
583528879
583702081
583830744
583890081
583992097
584106717
584122771
584228017
584286884
584429741
584465390
584496693
584526240
584635180
584748390
584826281
584906180
585000392
585135088
585191779
585342854
585350275
585612042
585645016
585729521
585743973
585892023
585973501
586159347
586218958
586314207
586422732
586569569
586679599
586788650
586967536
587094783
587192340
587209171
587218084
587218280
587283722
587294541
587494152
587597328
587672875
587694045
587841851
587902339
587948316
587977222
587987820
588248584
588268265
588290366
588459361
588509193
588632181
588698336
588754680
589213767
589244109
589250302
589406952
589434611
589565876
589687855
589709153
590044951
590054497
590078856
590096536
590110555
590250188
590300007
590351985
590451222
590503053
590550926
590593160
590613376
590653732
590892441
591252185
591342445
591404721
591500979
591614597
591658306
591902329
591930314
591931963
592032970
592050899
592117332
592180135
592188006
592255555
592285758
592309754
592333913
592355095
592417895
592479397
592479535
592530679
592574989
592663677
592750743
592835711
592879324
592922057
592948982
592977279
592990967
593036163
593169208
593275282
593622614
593631240
593681096
593980399
594139119
594168527
594256110
594294379
594513321
594534027
594821055
594824072
594848823
594924355
595037295
595089319
595295699
595437073
595590943
595628685
595674617
595766891
595816275
595895189
595986918
596117725
596215210
596635246
596674245
596789870
596840093
596847709
596852848
597106939
597111938
597329836
597528776
597635695
597695372
597798775
598310535
598402287
598829533
599119912
599247512
599329745
599521534
599660650
599791698
599837641
599854890
599888508
599893304
599969984
600253763
600322770
600396969
600441097
600466489
600565080
600685496
600718291
600721761
601081266
601164111
601368546
601405001
601502260
601609269
601614344
601635508
601639197
601763081
601812079
601853289
601915766
602039679
602050649
602144122
602149349
602235169
602359606
602469514
602487870
602640661
602770854
602887058
602971225
603017378
603029297
603188086
603201237
603237077
603349094
603386351
603431699
603713029
603764988
604116000
604160966
604214207
604368038
604390940
604516784
604731327
604841763
604941067
604948390
604988943
605186416
605210249
605222715
605335484
605417802
605430706
605766884
605805826
606286854
606415470
606793102
606997213
607066368
607191084
607297409
607318297
607364813
607604466
607681054
607714758
607781142
607885106
607946505
608001016
608059346
608070489
608080784
608200693
608285023
608329413
608824167
608861312
608943079
609145063
609255349
609520321
609536986
609577560
609651852
609662824
609739862
609784893
609788377
609825243
609854063
609873926
609954951
610090392
610160157
610251508
610363447
610404970
610798656
610921639
611023099
611023200
611031097
611134744
611374541
611639741
611671511
611677667
611688748
611795870
611880974
611891775
611963297
612034813
612081547
612151254
612207098
612215575
612238504
612441698
612482233
612535788
612568128
612634152
612735299
612774757
612837837
612896086
613304493
613401894
613568631
613628729
613969077
613998060
614000450
614172171
614269511
614294804
614331382
614451281
614455014
614476530
614477780
614544864
614550803
614556662
614583549
614663369
614698709
614801380
614998797
615027931
615168494
615252049
615430704
615633537
615715729
615931505
616043870
616089208
616108277
616305639
616440195
616456923
616572533
616778468
616808667
616877095
616881684
617044285
617134850
617194256
617280769
617424616
617496312
617500959
617652759
617700437
617748292
617884909
617924551
618012955
618058615
618115652
618174789
618202484
618235006
618294767
618333716
618368083
618383455
618433202
618655109
618672188
618968148
619197638
619331078
619381910
619520692
619523441
619550995
619600576
619610240
619629522
619746039
619850685
619855242
619939665
620019806
620034977
620107327
620121717
620144191
620144217
620195785
620327704
620454484
620457752
620554883
620637538
620704192
620807042
620817440
620927596
620936672
621089541
621176334
621230070
621375440
621483370
621604608
621651814
621702917
621802586
621890857
621943153
621967400
622395149
622420422
622465390
622598100
622720699
622823079
622854986
623033862
623227042
623268380
623295294
623333419
623443035
623532634
623625878
623664155
623718003
623843313
623875900
624198552
624377012
624464706
624545422
624635138
624636482
624844933
624967336
625041608
625270345
625321233
625399607
625879330
626178126
626256005
626263224
626373247
626426529
626646000
626782684
626794039
626796144
626888864
626918322
626926798
627010247
627019416
627192898
627212281
627254933
627257083
627359364
627376365
627553559
627555832
627576319
627606617
627753467
628060104
628088756
628166075
628287805
628291242
628507049
628524440
628545955
628782745
628783394
628784926
629399250
629505417
629594978
629765937
629917897
629951800
630059202
630128679
630223181
630372715
630385556
630404083
630412573
630519967
630547383
630614282
630725886
630822100
631137765
631175090
631253181
631299224
631517412
631536511
631548534
631558903
631641017
631647321
631662792
631792435
631873467
631922951
631937490
631950194
631957280
631998600
632030813
632041408
632342984
632406855
632559388
632765944
632785432
632799491
632824948
632938520
633333873
633409179
633419838
633565369
633696799
633784597
634027416
634214221
634247944
634269670
634300098
634461515
634506780
634510044
634562978
634657923
635008667
635048059
635076547
635108067
635109220
635384175
635447865
635550043
635591014
635599614
635855870
635886775
636015581
636016623
636045528
636184768
636191965
636200849
636225644
636244276
636247354
636291197
636331112
636476220
636690712
637172252
637290471
637417335
637609440
637651390
637689480
637956674
638261983
638283609
638384248
638774864
638887049
638906684
638930077
638932950
639111707
639160421
639188323
639246444
639289536
639313876
639518244
639577578
639608791
639849898
639987011
640035407
640111239
640116841
640237454
640245113
640614671
640669718
640711480
640853112
640860115
640977485
641077330
641118242
641285735
641363757
641503454
641733318
641796191
641851571
641993798
642001729
642051793
642103480
642336692
642379796
642428919
642648561
642673525
642771509
642856926
642890563
643066955
643086318
643173845
643431305
643512137
643564409
643688982
643771102
643816196
643878034
644095384
644184043
644233971
644351484
644385080
644404468
644565081
644704623
644743852
644755798
644802226
645222636
645311939
645340270
645440935
645503044
645692150
645778987
645909731
645971026
646000197
646282732
646444479
646496619
646737607
646972381
647218984
647400948
647415065
647546847
647603399
647867479
647920398
648050840
648107283
648121135
648312935
648498146
648589099
648609096
648619841
648650554
648690574
648799786
648872507
648917187
649137649
649216291
649229507
649238259
649314094
649399784
649422685
649551264
649674659
649885678
649902302
649970054
650170692
650208024
650233012
650293035
650312207
650518603
650558921
650571397
650585489
650643973
650663343
650705794
650753002
650792439
650881005
651066121
651086593
651141768
651276843
651383577
651535951
651556635
651613992
651755962
651841902
652126772
652157053
652428987
652635860
652673569
652800209
652802268
652850234
652922831
653039321
653128332
653272422
653426961
653765300
653791857
653861509
653910249
653915227
653993335
654021346
654029070
654036547
654094715
654108131
654217327
654233985
654242014
654324362
654475274
654725286
654745686
654782094
655020707
655091086
655126648
655134866
655261496
655465908
655536615
655724252
655763777
656045896
656124774
656138429
656373098
656429794
656438397
656600892
656624138
656626482
656745695
656775837
656802315
656974860
656985714
657040585
657107249
657499794
657650253
657756442
657756807
657792184
657832363
657978450
657998398
658004987
658115840
658152399
658192226
658480023
658573289
658684108
658689220
658751982
658800042
658855229
658928617
658959409
659277157
659304161
659466146
659523864
659621196
659625388
659631314
659874346
660004263
660057723
660324542
660334034
660508194
660702153
660769700
660799740
660835670
660883026
661014754
661259347
661316339
661321768
661337150
661803989
661970283
661972688
662187987
662524151
662554174
662610769
662685526
662714873
663056910
663090300
663208381
663259184
663274138
663389401
663418240
663570329
663674100
663674142
663733227
663798596
663953201
664146011
664168523
664209836
664411513
664569494
664601759
664615232
664633360
664773774
664871416
664879308
664912272
665004811
665079502
665120973
665301674
665458791
665579134
665867690
665896883
665901370
665971815
665974213
666029445
666109656
666192931
666201566
666466405
666597896
666608961
666716469
666725266
666749127
666803232
666871425
667191464
667285632
667468057
667503553
667574287
667599735
667655706
667707767
668075281
668374324
668389263
668439977
668629425
668698656
668956842
669062865
669069332
669079727
669150728
669163695
669175787
669271862
669304318
669318473
669609039
669636050
669843430
669980616
670106848
670171699
670643768
670656217
670671591
670740092
670840067
671014128
671021626
671150786
671257954
671706792
671754373
671863134
671930001
671989278
672085064
672131636
672242084
672243222
672247083
672290057
672374550
672747479
672754154
673036923
673472353
673496438
673504534
673516354
673681217
673729572
673865681
674038666
674177758
674335861
674380994
674390385
674461993
674686183
674852034
675222567
675311686
675318413
675379365
675382657
675434924
675558833
675827593
676008140
676143783
676215635
676366040
676562600
676722051
676792411
677008199
677013095
677082844
677161163
677182890
677223933
677402949
677419787
677444175
677686107
677900412
677949401
677973141
678036532
678124789
678234163
678269418
678287309
678321369
678432687
678646861
679020485
679021685
679137428
679177884
679178356
679246715
679253599
679365561
679428813
679459797
679501425
679520264
679543949
679625243
679660393
679674616
679680755
679875776
679942623
680125373
680150031
680152816
680291265
680342524
680384394
680554569
680666308
680708802
680801182
680809143
680850102
680853906
681006008
681130473
681156183
681231761
681316802
681384967
681466155
681466275
681555229
681653081
681704120
681747040
681833549
682100403
682148667
682212751
682381803
682576702
682580934
682607323
682770459
682870970
683191586
683246855
683384363
683597022
683710660
683768370
683866545
684023932
684034969
684198932
684291124
684311059
684406171
684596147
684786263
684847778
685021978
685101021
685223860
685264849
685435390
685437353
685542570
685670991
685673914
686095911
686103408
686282310
686315562
686355707
686357270
686382488
686462032
686537331
686564276
686566244
686574413
686575213
686608800
686720703
686722514
686825853
686872542
686907532
686980231
687034082
687070546
687222226
687283679
687684742
687807520
687819401
688148955
688314822
688352055
688828906
688872054
688926474
689305116
689488762
689528426
689545628
689618063
689700347
689715193
689808710
689956425
690369381
690460974
690607705
690799419
691060765
691107033
691124466
691162428
691172598
691420245
691429550
691561189
691628571
691688921
691747540
691786838
691802560
691880856
691882215
691893263
692130859
692131924
692140599
692180745
692315293
692800974
692836322
692850193
693026486
693028488
693156483
693461779
693461923
693479776
693633658
693700583
693900420
694125949
694405264
694583402
694655058
694752626
694955493
695106043
695115747
695159790
695545370
695564359
695574889
695647009
695830775
696430620
696512501
696529800
696605223
696671280
696784970
696991018
697008729
697039322
697046142
697092735
697150532
697176679
697209362
697574652
697647705
697765911
697768484
697772856
697821344
697895359
698163968
698187056
698265261
698395692
698452261
698467787
698502525
698602964
698632484
698701480
698716054
698729353
698816191
698881610
699099780
699216123
699264317
699706746
699716147
699757947
699896107
700117159
700504300
700547949
700557651
700750180
700927746
701211961
701248801
701255935
701465244
701576785
701627461
701655303
701773845
701792399
701814116
701858118
702065090
702127012
702427710
702789968
702830146
703225626
703253638
703308065
703491509
703680840
703706881
703712993
703715756
704000981
704050381
704227813
704247124
704254235
704282111
704295919
704767309
705030379
705039972
705136953
705225979
705288009
705422621
705471858
705632204
705853137
706186310
706255360
706335265
706361719
706584454
706610138
706686992
706745370
706783896
706960685
706967040
706968508
707009224
707078441
707225556
707251237
707336026
707390335
707411306
707516552
707589591
707638105
707657714
707692042
708042270
708052195
708103577
708127877
708324621
708457696
708486981
708616581
708656807
708692039
708766205
708830421
708854595
708889029
708921516
708929252
708960838
709086160
709219583
709284476
709556129
709722176
709745924
709750378
709758540
709776165
709901205
709932967
709983875
710023905
710176868
710298448
710422220
710479626
710663343
710694375
710756140
710899578
710908116
710908785
711084376
711106637
711166469
711187630
711195560
711350708
711578079
711859679
711903257
712234426
712362489
712822511
712883665
713023512
713168869
713512940
713536467
713619018
713655398
713698735
713889947
713922255
713951868
714051692
714104868
714172629
714202286
714222449
714807178
715004312
715143270
715241837
715350837
715510749
715786459
716466250
716550371
716582302
716750968
716830564
716879114
716915269
716975781
717158956
717194626
717288018
717572314
717651709
717711200
717996553
718061999
718071822
718118145
718712000
718859863
718949823
719105841
719136278
719190469
719391810
719448935
719641851
719714837
719760410
720126116
720269275
720448771
720481906
720520691
720594067
720603594
720935697
721117879
721131835
721186449
721258853
721353460
721387529
721908219
721922530
721981349
721985407
722047817
722125668
722277685
722468174
722556222
722577481
722822678
722970688
723187869
723189105
723218999
723241110
723308419
723446436
723586831
723836587
723925814
724185194
724220583
724233303
724459230
724531225
724533778
724731286
724894158
724948258
724952471
724970345
725085995
725173958
725253843
725329011
725345295
725621425
726109547
726140104
726376097
726429449
726464853
726590425
726702374
726743598
726840496
726850074
726862236
726874454
726885224
726915718
727187876
727632663
727684124
727768504
727938215
727970676
727982699
728020314
728025497
728130923
728203178
728325833
728396193
728438279
728629726
728730457
728862703
728886914
728913220
729024885
729060782
729131337
729161398
729195222
729295969
729300766
729338866
729605299
730127158
730250301
730327188
730463572
730520330
730557949
730627977
730782038
730820492
730865636
730913359
731090580
731093386
731254568
731277298
731475092
731492525
731541076
731656814
731688141
731690754
731696269
731740438
731876939
731952211
731980719
732009372
732033237
732062361
732263246
732348659
732358795
732391636
732455940
732465759
732507629
732526497
732630980
732726391
732814218
732859953
732974048
733027267
733045252
733084915
733185323
733186008
733209163
733345562
733406378
733461285
733490942
733533297
733944670
734082365
734390771
734478078
734489742
734626112
734745853
734891159
734975204
735017739
735310679
735360500
735532780
735655499
735752128
736006372
736013778
736051761
736169915
736180230
736280363
736535575
736554566
736786396
736882713
736920793
736976291
737122433
737174235
737405055
737447951
737454026
737639060
737641113
737653463
737810124
737927070
738102814
738210063
738257769
738272882
738327914
738328986
738369402
738671700
738725188
738740092
738956517
739052267
739136102
739398564
739532993
739556401
739636348
739647130
739765751
739831979
740007359
740197722
740300323
740341275
740482058
740548116
740580352
740680740
740892525
741201126
741204157
741269426
741283194
741304059
741375832
741385748
741446713
741481200
741608228
741631908
741636821
741664367
741665460
742262922
742300204
742367925
742487294
742638503
742673617
742756875
743100697
743136595
743358287
743486716
743511432
743577572
743620458
743820185
743827630
743907355
743932021
743935966
744078231
744180387
744191106
744308804
744431297
744461479
744753800
744877402
744956525
745037399
745248274
745266157
745313317
745318879
745332894
746020425
746137824
746171573
746269168
746272568
746573956
746576233
746600403
746717870
746849388
746957906
746963916
746996713
747045291
747090724
747243763
747270147
747314575
747327268
747377730
747496949
747536675
747676040
747732652
747783178
747946366
748021675
748117164
748124836
748252020
748404692
748433614
748470129
748500122
748610353
748977573
749032611
749076259
749150684
749537158
749586478
749742897
749788364
749861141
750021601
750090222
750131176
750364941
750414194
750434072
750648831
750654785
750761594
750766595
750778987
750978600
751171026
751319681
751483836
751538767
751592949
751606609
751673148
751952786
752017410
752117040
752240550
752462281
752884200
753060346
753213282
753543258
753911401
753970816
754039663
754091153
754140809
754177981
754312758
754450105
754511194
754542231
754755175
754764693
754782918
754842312
754964038
754974897
755110973
755124109
755179182
755278092
755281872
755296263
755347933
755456103
755467293
755502163
755575179
755584919
755660899
755662393
755863533
755948343
756258943
756314619
756339620
756348971
756358756
756399443
756437355
756561872
756647328
756760902
756797264
757073880
757123568
757196807
757230026
757248241
757312596
757680476
757697844
757732527
757875587
757997516
758091397
758372669
758388849
758686260
758841608
759136824
759313450
759494180
759564564
759628409
759701399
759732701
759821365
759836614
759852107
759879407
759910037
759960570
760172555
760249307
760266148
760302918
760346096
760372507
760390920
760472023
760578859
760791348
760862710
760921895
760945252
761052136
761136675
761142203
761313023
761477725
761599075
761853763
761870823
761888373
761909644
761985970
762011417
762045475
762200316
762286666
762351156
762377464
762461398
762474942
762525595
762530971
762660973
762875900
763147196
763545166
763885121
764007300
764085577
764092448
764166957
764222658
764288183
764367486
764393243
764650139
764669053
764890744
764893294
764962058
765356673
765366636
765702492
765753662
765864896
766008419
766142601
766236275
766268026
766399130
766456755
766531129
766573336
766633432
766682343
766722937
766785754
766814590
766864813
766912293
767197892
767295264
767464785
767479593
767498895
767536244
767855969
768035945
768124809
768198576
768316869
768330981
768461851
768609579
768719985
768723776
768834086
768914952
768945291
768983349
769076193
769148037
769154677
769235038
769247231
769679977
769769629
769873115
769930590
769931138
770148145
770425829
770454981
770517877
770530145
770649324
770650948
770691858
770724031
770725136
770782651
770881733
771228010
771232353
771233846
771684950
771836278
771925539
771978649
772092219
772094355
772129936
772237783
772376680
772383284
772476706
772631182
772812806
773197407
773285532
773434356
773434636
773500126
773604897
773715013
773795949
774004687
774239556
774413233
774577154
774674232
774830904
774897926
774956563
775044635
775549486
775613249
775678702
775803665
775862435
776145948
776250448
776371188
776470995
776555733
776666141
776694906
776723425
777021994
777227879
777302060
777405690
777418678
777541630
777554144
777595343
777731425
777799448
777815740
777838823
777853295
777896483
777982358
777994450
777996066
778181417
778245427
778245678
778328018
778406883
778439740
778521555
778592721
778793518
778886223
778936978
778971974
779046599
779090737
779107368
779158381
779186209
779422336
779456425
779600389
779633161
779971804
780106469
780227285
780310311
780332573
780345904
780394060
780528077
780625875
780646075
780675768
780777304
780783207
780850602
780995390
781149972
781245856
781388341
781453938
781456396
781540959
781746776
781755323
781800564
781829749
781933547
782030299
782075610
782099594
782110581
782179694
782207899
782252220
782650117
782779857
782783096
782802544
782926443
783068255
783227162
783302857
783314344
783387120
783415573
783433300
783601569
783737181
783764429
783816117
783950267
784012780
784108095
784118061
784237979
784365713
784605416
784635698
784702863
784711955
784716470
784870269
784885726
784893585
785341716
785374706
785481429
785546379
785564861
785633177
785680458
785729862
785942725
786079528
786174112
786444251
786604886
786645042
786730097
786754458
786897367
786983496
787285787
787432570
787442955
787560889
787579365
787600217
787615814
787669540
788204636
788345305
788382475
788432374
788505274
788867370
788973907
789041499
789071536
789238472
789378657
789391075
789405351
789714745
789790641
789802087
789873034
790065572
790089373
790132047
790314888
790465348
790656833
790676505
790863771
791125177
791147136
791165145
791291734
791302838
791635214
791652227
791840299
791840435
791847421
791941195
792054270
792260459
792474588
792583120
792626695
792690351
792755278
792816849
792832873
792884009
792920170
793002857
793157452
793194975
793298671
793347329
793399524
793487434
793504397
793780739
793874644
793978311
794031903
794232053
794349301
794396754
794559994
794652724
794800094
794801984
794844244
794857303
795015113
795132313
795236663
795280165
795389247
795453528
795484805
795524076
795684867
795796245
795960929
795998731
796089438
796146149
796229039
796239054
796340966
796417116
796475043
796520710
796563037
796692001
796750128
797251928
797341137
797399681
797537151
797557564
797659022
797673423
797846215
797920671
797968919
798068807
798076752
798149834
798179500
798413610
798470477
798580005
798611631
798718443
798727220
798736641
798764029
798782975
798832480
798842132
799221773
799305982
799560768
799561506
799586518
799591836
799638434
799726385
799893316
799954124
800056337
800170369
800227490
800336835
800527527
800652285
800736252
800835929
800936473
801140943
801142711
801288932
801344597
801453573
801577630
801741570
801778961
802101058
802180233
802182704
802343731
802362850
802638748
802657598
802857635
803106058
803133318
803170145
803244169
803446427
803488744
803593662
803595503
803692183
803710221
804283008
804300031
804463078
804655456
804761814
804856827
804978221
805074485
805362066
805387152
805691526
806045241
806085688
806250904
806310565
806473068
806481207
806610238
806675909
806752539
806832450
806903172
806919987
806992153
807280359
807293047
807330511
807357555
807405056
807525327
807769560
807946861
807978482
808003198
808013397
808101316
808134153
808150722
808179701
808254270
808257088
808496288
808629844
808735118
808771779
808884079
808993912
808999750
809106268
809143018
809390840
809458751
809504684
809505381
809587614
809655880
809722900
809793310
809967596
809971954
810340443
810383786
810461865
810485253
810521757
810540968
810555549
810611860
810660660
810706162
810764595
810776973
810888016
810909759
810980684
811164874
811396904
811526810
811596441
811627300
811748141
811790399
811829837
811949199
812080920
812089975
812177472
812257927
812381108
812630524
812634177
812693114
813008610
813242423
813591073
813659574
813798570
813959415
814575216
814589464
814725076
814740640
814790979
814852752
814890105
815000733
815199473
815348827
815456347
815644869
815693939
815785562
816071908
816107642
816130789
816365286
816746512
816840278
816904015
816995142
817001716
817031164
817086861
817112257
817214900
817257607
817266374
817589779
817674400
817720631
817803866
817855451
817870840
817949915
818059935
818203598
818295770
818352671
818467978
818598408
818641583
818848791
818936976
819039609
819218035
819350709
819423098
819543094
819656735
819838772
819864416
820175049
820292501
820548373
820593578
820660833
820683847
820808851
820871613
821252721
821515918
821811012
822026700
822202880
822265473
822322827
822344069
822384354
822453343
822504409
822523622
822754410
822833780
822891167
822904060
822929975
822935161
822946990
823039239
823143941
823169903
823262927
823289303
823521958
823532832
823536481
823667901
823707419
824061384
824120899
824184029
824222943
824344979
824455977
824474131
824540624
824555499
824563805
824590933
824703787
824734499
824832362
824852491
824854283
824909472
824998179
825015165
825090991
825186401
825195275
825206564
825336652
825399962
825883720
826046740
826130606
826178873
826206092
826358335
826363726
826422780
826473156
826518845
826520389
826568307
826597254
826600966
826605240
826619942
826655710
826713321
826761821
826870401
826901940
826948460
827087247
827120317
827170089
827607707
827624814
827720857
827885577
828011888
828167323
828213535
828302194
828371844
829019013
829127677
829153463
829158160
829251779
829291203
829338322
829883953
829928183
830157921
830184947
830210975
830252403
830272541
830317067
830361181
830407481
830491122
830910637
831037069
831207537
831464906
831466524
831532737
831543018
831864016
832026311
832082095
832166974
832436779
832566331
832671372
833037589
833189691
833272979
833635413
833886602
833970996
834518526
834625237
834640293
834696648
834730178
834885729
834969381
834981175
835079416
835147658
835211652
835473668
835584116
835985338
836014750
836069998
836075571
836174573
836297346
836374597
836482695
836714840
836736193
836776453
836834122
836885561
836993459
837321549
837547793
837574301
837583029
837864051
838124615
838763255
838805353
838833623
839057106
839101501
839214023
839427813
839606136
839632301
839756887
839798521
839863610
840034755
840049048
840078611
840211242
840249882
840337736
840519132
840526307
840683907
840694108
840767975
841099551
841215164
841253614
841262105
841284525
841382695
841388585
841388651
841664789
842136898
842446726
842518568
842635968
842652171
842724049
842750254
842878752
842905819
842920493
842934397
843141211
843288917
843343119
843346532
843356086
843632597
843644480
843696876
843753167
843795998
843827165
844350480
844440915
844555340
844564052
844573538
844653000
844658027
844837499
844940466
844983786
845075932
845207598
845415041
845417804
845429032
845435679
845474690
845520482
845525107
845545795
845551660
845585009
845585027
845623263
845783590
845811922
845824757
845942362
846062188
846084006
846211943
846275609
846509967
846556872
846619863
846620192
846768383
846863965
846979877
847007814
847145803
847255259
847293863
847307563
847480060
847629708
847644377
847664747
847709135
847711763
847964090
848393827
848484429
848635587
848836010
848874237
848894776
848906537
849041737
849052618
849067550
849091330
849190654
849272416
849345232
849445746
849631822
849676875
849792636
849968172
850002703
850007679
850206218
850255163
850420542
850540078
850648256
850654682
850836071
850850720
850980679
851145444
851153238
851289532
851336912
851374363
851397802
851478100
851485111
851502192
851519049
851542827
851561674
851742431
851799030
851828958
852066837
852101899
852208461
852218836
852274261
852341876
852726189
852741989
852771734
852936051
853214294
853247776
853729094
853804822
853849403
854024939
854025395
854033785
854071481
854100272
854261594
854840758
854907140
854929450
855101736
855115317
855227576
855289235
855614627
855732141
855737163
855784845
855936580
856073610
856073816
856188564
856265287
856278776
856343093
856353611
856416037
856426786
856553625
856562456
856657983
856675202
856715855
856836541
856837871
856877053
856907735
856954593
856961148
857185535
857232720
857478313
857481734
857591865
857650200
857736639
857776881
857794959
858236162
858261723
858318646
858347956
858723905
858760675
858789062
858884668
858964841
859021516
859197072
859344487
859760294
859845107
860021233
860340459
860365827
860507393
860552943
860568896
860636612
860653818
861013415
861187201
861286418
861291103
861517182
861582938
861590843
861674376
861778533
861914031
861945598
862006377
862241609
862268762
862325556
862348600
862412758
862479814
862529660
862594187
862607141
863216547
863236810
863261791
863288587
863358693
863549116
863681175
863760768
863788833
863803121
863875063
863891494
864036352
864306371
864498194
864529467
864621671
864668847
864738858
864790544
864804346
864972283
865096622
865193255
865228342
865374057
865475144
865603476
865667027
865748608
865774441
865805032
865935890
865993268
866110641
866146690
866163789
866287905
866572796
866580270
866919626
867061049
867323330
867323436
867383709
867431999
867499464
867616752
867645317
867662895
867726226
867786570
867867433
867884274
867975523
868077652
868120295
868275065
868317174
868477329
868806590
868968776
869297306
869521156
869614052
869787865
869867345
870062359
870132112
870145942
870316712
870410055
870410737
870655806
870699658
870758228
870846144
870848908
870892853
870948176
871545356
871732975
871841846
871860082
871939301
872055888
872066176
872096541
872104234
872233335
872401813
872402291
872456842
872462044
872523555
872562700
872749390
872779064
872949769
872952703
873097628
873118394
873165615
873391410
873465706
873632272
873810357
874208216
874400550
874588345
874766791
874815378
874842960
874855191
874981822
875000077
875020695
875210485
875241161
875298272
875341043
875404745
875468438
875470322
875537739
875554735
875890118
875996271
875997759
876237441
876351973
876552643
876565681
876721637
876724085
876935971
877111483
877153579
877480549
877543597
877720234
877879434
878460386
878573424
878594598
878643683
878751211
878800920
879060684
879063695
879167071
879306795
879427552
879602063
879658120
879685268
879794306
879830976
879872411
880054047
880229437
880240570
880514139
880517788
880548043
880669672
880679094
880737223
880744024
880769525
880865636
880893621
881229577
881286009
881295691
881708972
881897200
881935625
882096344
882096701
882146668
882605222
882806923
883032176
883103616
883170387
883282318
883370883
883485596
883543177
883563521
883716281
883789483
883818035
884099375
884425802
884621094
884627455
884627735
884950465
885098342
885225794
885533956
885791475
886142911
886245915
886293620
886618764
886717479
886724408
886837910
886966455
887153332
887275714
887371269
887745093
887943688
887999548
888045740
888069667
888161289
888335484
888460461
888591857
888706725
888742695
888753368
888768005
888772165
888862568
888883316
889027529
889098139
889427194
889459830
889646826
889858107
889872015
889916567
890086003
890088503
890167895
890258208
890366884
890428929
890493046
890573371
890659227
890739749
890787932
891071757
891128521
891133595
891148200
891179246
891651659
891938166
891997971
892087945
892106510
892275760
892297765
892298524
892325968
892326634
892360889
892426238
892450955
892462123
892486328
892550521
892799522
892830272
892917584
893012695
893029990
893201262
893393711
893402593
893545903
893623534
893667020
893805360
893808404
893939619
894015712
894060775
894096603
894110855
894240620
894515018
894750160
894848239
895351110
895374156
895444922
895462911
895511009
895511621
895519777
895545980
895846724
895863924
896022890
896965452
897185771
897246149
897383999
897703896
897908585
898012112
898084120
898095017
898095201
898136199
898145638
898184689
898213225
898232151
898321749
898368773
898430966
898446938
898553867
898564095
898593989
898637269
898754153
898757603
898775229
898875707
898994367
899248881
899412448
899676341
899986343
900149267
900170723
900449133
900525502
900661906
900993771
901207746
901218218
901419428
901458528
901480610
901511690
901583255
901649444
901765045
901792935
901888747
901932215
901959692
901976552
902155636
902259375
902339313
902435766
902446139
902557774
902601644
902662377
902760395
902768667
902801012
902853497
903051191
903127428
903290905
903424026
903432888
903522108
903536090
903602206
903609598
903658836
903858841
903873731
903937382
904021466
904038850
904096183
904147963
904293770
904472579
904717660
904735891
904975793
905095163
905212643
905221064
905296135
905558814
905798061
905888724
906063824
906115349
906122933
906204814
906211734
906254327
906491689
906635779
906736034
906774106
906786291
906838125
906973852
906990256
907109075
907234654
907465396
907475377
907642778
907751170
908043960
908054103
908126794
908233260
908330054
908371168
908394396
908564526
908586566
908796047
908816209
909034606
909188822
909304500
909409487
909446917
909462485
909479063
909823755
909942171
909974310
910137477
910229433
910310251
910360475
910488842
910521636
910676259
910783840
910923813
911105451
911193582
911269083
911308251
911351902
911376550
911438391
911637281
911774702
911800439
911856179
912320669
912476637
912544420
912545522
912610841
912617216
912898391
912969983
913168294
913169804
913193311
913240354
913244125
913285686
913384369
913393379
913465766
913519510
913529056
913585798
913591393
913744906
913808407
913972327
914086321
914194103
914294383
914326391
914339956
914455307
914706599
915093625
915130357
915275268
915341807
915541723
915654356
915700908
915709758
915750110
915798715
916087482
916122914
916141494
916225400
916225445
916274501
916296542
916402978
916497906
916500716
916506635
916522673
916527176
916616008
916699975
916740099
916748277
916750764
916845393
917028492
917147325
917182184
917231644
917263877
917320279
917461133
917519867
917564009
917738224
917755775
917827180
918236098
918412978
918443926
918728751
918766139
918893375
919024422
919047205
919125823
919128390
919373401
919381093
919418208
919490512
919685487
919716048
919791357
919884245
919940616
920106579
920201608
920302659
920383662
920498950
920700395
920751875
920881440
921044200
921064250
921078594
921089980
921099240
921252832
921421141
921496061
921567260
921780245
921861230
921871369
921928652
922085130
922097572
922288150
922568052
922630607
922815372
922907526
922927260
923113307
923231633
923759714
923760159
923929106
923955325
924047129
924055610
924137314
924211641
924234415
924247555
924280082
924522395
924569652
924728815
924731820
924762761
925259977
925335756
925485117
925707452
925807526
925902694
925926120
925990284
926009656
926056527
926172713
926350019
926557033
926620111
926627168
926817328
926912148
926921648
927114373
927138834
927139177
927336160
927453159
927466779
927595136
927634836
927672202
927745065
928032862
928225818
928254034
928316762
928682068
928711853
928941756
928978008
929023433
929447849
929525552
929577312
929888281
930087571
930118910
930201341
930315848
930548908
930577064
930779887
930863221
931073538
931120943
931179112
931285632
931304734
931398120
931417154
931490590
931752740
931763301
931773544
931934126
931938311
931994688
932144674
932186498
932274798
932344220
932351116
932425700
932428602
932508010
932775857
933013120
933030056
933042956
933253460
933255557
933351494
933363087
933376571
933376681
933538605
933564655
933631248
933778824
933808961
933818923
933934561
933967966
933970284
934151499
934263960
934336952
934349406
934420330
934477356
934498248
934563437
934788661
935019391
935054365
935084344
935177035
935217558
935418940
935593833
935674918
935701963
935788691
935935003
935953161
936140998
936148001
936324663
936527835
936624000
936697621
936750607
936875821
937057550
937120090
937507009
937601723
937705447
937715161
937780406
937910371
938027071
938225087
938363499
938373365
938449039
938458069
938463495
938481118
938642614
938667928
938745103
938935990
939038562
939228605
939281737
939468077
939547572
939604350
940058505
940108396
940193386
940224837
940253053
940397476
940442336
940853819
940929087
941041625
941136302
941300200
941335103
941462223
941527881
941539544
941552042
941596220
941599767
941625663
941641774
941650473
941701412
941716159
941962518
942004969
942012983
942255768
942284276
942301782
942556995
942702834
942838542
942873963
942916517
942926796
942972363
942989027
943077507
943239613
943253874
943320290
943481814
943482933
943511542
943533114
943541371
943714626
943729771
943933584
944003827
944144541
944159290
944594571
944723806
944817784
944955389
945098722
945219661
945413877
945474152
945778457
945790021
945892131
945911112
946023653
946091355
946096681
946120030
946193952
946231824
946235260
946606119
946689484
946719286
946782715
946898669
947034228
947128665
947167923
947253280
947266398
947310460
947616138
947827288
947862609
947880362
948036692
948083448
948123581
948295640
948442262
948509859
948743136
948763855
948810870
948886278
948966134
948977188
949125935
949254768
949341701
949454016
949617387
949657321
949833711
950101894
950134806
950295102
950347190
950537203
950806976
950858668
950904208
950940051
951083521
951160020
951214815
951335948
951554945
951674437
951716206
951788220
951809564
951836028
951875711
952018587
952126785
952398739
952885465
952920979
953347069
953450107
953495885
953588412
953884341
953984367
954042059
954082490
954294710
954355092
954695364
954817642
954873099
954958542
955091254
955373826
955431688
955433306
955513795
955573488
955682615
955685819
955767605
955822949
955904718
956312885
956321196
956350628
956460493
956557487
956570227
956672332
956733687
956864519
956922282
957017016
957468410
957472648
957603156
957612169
957927347
958094238
958106136
958123801
958130422
958251163
958456487
958850139
958871361
958871494
958897515
958902224
959123607
959317871
959329983
959502632
959628100
959733148
959767605
959977651
959985474
959996818
960076726
960094154
960292260
960306026
960318752
960539531
960607847
960671722
960811689
960880301
960902681
961026336
961231012
961310668
961358651
961441177
961497067
961553114
961619327
961775528
961801061
961839904
961945007
962110178
962240002
962320335
962373249
962395080
962396127
962414818
962449622
962466646
962492931
962533966
962544217
962843239
962935600
962972063
962989781
963005772
963009386
963114930
963117334
963165831
963169648
963431206
963522046
963568203
963630015
963768274
963956584
964114655
964218360
964254075
964290713
964291544
964430242
964531951
964706811
964769600
964795074
964890644
964946892
965080043
965118214
965147334
965185376
965210937
965231172
965280943
965285514
965286525
965922240
965936803
966124512
966293150
966696537
966821540
966960790
967031772
967192744
967267704
967502679
967620592
967634077
967714214
967733663
967755765
967802141
967837610
968101319
968113078
968179315
968208626
968287571
968465475
968632617
968640545
968681041
968820832
968894881
969025516
969153079
969312544
969392137
969470438
969489923
969609040
970076472
970301321
970312219
970343948
970368606
970543710
970625357
970650622
970855408
970856483
970892887
970895580
971046204
971066287
971125723
971268028
971329286
971623430
971677039
971682012
971708714
971766238
971844500
972201039
972233917
972279687
972303801
972389930
972449794
972576526
972576862
972672303
972892054
972993099
973077443
973095366
973232029
973257945
973269148
973292556
973316055
973646512
973816853
973845900
974004224
974026828
974046074
974193654
974449354
974492996
974727036
974813566
974836233
974948188
974979301
975005349
975121126
975174666
975179247
975208459
975211241
975350755
975369444
975441444
975483505
975570361
975728479
975888598
975905869
975930236
976026910
976130353
976162992
976460418
976683876
976725669
977044226
977082174
977119424
977142755
977183389
977267153
977315887
977380589
977657942
977661403
977780335
977864028
978009771
978101519
978155072
978284203
978434774
978492710
978563528
978673310
978674800
978932371
979146494
979174975
979305310
979317119
979545489
979632893
979759968
979776172
979791628
979794160
979840951
979887391
980261453
980368048
980395051
980425832
980432805
980864221
981154279
981279042
981283304
981433413
981454378
981465642
981528671
981750622
981845891
981948467
981952207
981986605
982118006
982266956
982282709
982305673
982437859
982572848
982680890
982793258
982834192
982839573
982848797
982994202
983181880
983205370
983395329
983515653
983560860
983574488
983751695
983787813
984036061
984041869
984142652
984204689
984336730
984361626
984490789
984499988
984572700
984602935
984850242
984891920
984931224
984958749
985134923
985489334
985521037
985569135
985635859
985736550
985873600
986005807
986097003
986158704
986183796
986571243
986604895
986807161
986839856
986946287
986950935
987021604
987056640
987115569
987171922
987196063
987226026
987295475
987366171
987367369
987398183
987401441
987608667
987648570
987712187
987841711
988162234
988270870
988280114
988429326
988512680
988661143
988871454
988888606
989049945
989060641
989123458
989153215
989268804
989299808
989363497
989437870
989576540
989723192
989865462
989892214
989999367
990135835
990252687
990256093
990271030
990394377
990909390
991023887
991084233
991113159
991174619
991271277
991828171
991896354
991982071
992019410
992035805
992085830
992188189
992349534
992362810
992532264
992590304
992667723
992731752
992736207
992782522
992884067
992985611
993036380
993234974
993237481
993258629
993303416
993571136
993637722
993800363
993908239
993941103
994102794
994135751
994211521
994416239
994510595
994519810
994537538
994551385
994660399
994710521
994905355
994955559
994980828
995131498
995182613
995258590
995317351
995334867
995481930
995577188
995763946
995810909
995852614
995900479
996012863
996054850
996075981
996129378
996304846
996490762
996675214
996704860
996706857
996714875
996719533
996770779
996886540
997073200
997125209
997389986
997412944
997482103
997523758
997965129
998022259
998096875
998158480
998261623
998301829
998440975
998491257
998812909
998820961
998925281
998925423
998931436
999061071
999245076
999397365
999461688
999465934
999815435
999836388
999903756
999946670
999977597
