88349
109406
334416
388888
421455
440437
637343
830586
1000005
1075479
1242631
1640988
1732219
1830323
1902587
2022692
2211836
2577434
3127591
3249686
3667435
3813934
3900257
4036647
4238498
4271660
4461559
4682445
4697162
4891867
4950449
5228804
5452327
5526094
5559086
5590714
5650316
5738347
5839524
5882229
5886584
5959869
6159623
6241382
6286378
6420316
6440745
6491247
6558747
6625356
6718631
6896061
6901801
6975561
7099207
7256370
7305532
7387502
7625143
7971398
8207600
8474736
8642364
8652037
8703845
8745484
9006666
9103832
9175372
9211852
9223612
9338019
9892556
9931236
10114630
10254174
10413284
10536073
10646454
10658515
10767294
10769513
10889617
10930834
11013061
11056764
11187479
11259459
11726141
11925295
11949395
11957707
12027161
12028357
12089886
12192283
12314237
12329016
12680262
12725148
12815624
12953073
13123628
13229435
13232681
13334911
13371512
13423880
13482402
13666074
13736861
13784220
14060618
14067671
14117163
14135421
14223763
14235735
14294251
14425569
14453580
14523212
14582938
14791522
14841113
15060169
15093385
15184075
15217158
15309706
15581554
15623744
15652597
15687299
15739143
15878913
15929589
15950978
16033965
16053745
16074610
16103276
16297658
16344724
16420706
16888863
16907164
16936930
16962058
17035833
17128146
17393482
17474340
17524850
17532108
17636886
17676337
17684477
17896280
18116009
18367268
18421638
18557817
18564948
18652723
18828108
19205280
19384075
19407996
20111261
20145313
20160571
20274369
20305924
20312817
20614526
20730066
20930617
21227947
21309440
21377794
21536425
21603894
21650103
21684954
21706452
21719585
21881041
22009957
22216622
22293555
22592935
23068918
23115055
23146858
23161045
23320689
23381362
23442245
23573359
23609220
23732881
23867001
23880558
23890443
23947160
23990927
24058728
24323109
24637514
24657696
24779063
24826671
24861511
24979970
24980735
25093391
25138537
25244602
25589640
25926940
25937442
26053968
26372007
26545566
26609558
26762837
26797923
26985888
27278699
27296909
27310845
27402471
27469286
27600056
27658342
27809110
27825110
28078795
28082321
28143784
28155665
28331970
28364703
28418308
28464469
28485596
28490935
28651084
28928266
28933737
28945243
29027631
29041653
29311672
29473850
29683930
29747060
29807836
29829209
30057749
30210358
30445789
30464132
30521978
30710135
30820820
30834784
31063997
31202676
31283346
31302663
31328805
31360167
31363918
31475963
31541650
31573534
31732397
31749739
31903912
31927200
32062244
32233447
32399220
32400106
32409514
32422824
32817378
32892319
33117967
33375605
33420186
33479897
33493414
33539917
33629804
33704282
33736813
33833398
33884842
33894178
33996974
34058108
34059398
34162939
34431934
34570122
34795040
35043721
35149449
35271526
35319518
35371633
35468509
35521817
35572101
35662804
35714064
35737545
35778173
35821971
36019942
36158508
36187000
36228005
36280859
36622521
36870465
36963373
37003005
37025968
37193967
37267541
37394237
37574890
37686837
37855804
37869050
38186497
38188913
38299073
38395204
38395862
38423238
38440823
38461265
38505758
38550682
38555915
38768867
38875757
38980170
39003436
39012576
39045920
39054527
39142817
39171409
39711514
39722895
39781482
39930182
40193553
40210114
40294427
40368230
40410460
40410518
40539976
40590288
40650814
40708998
40755443
40792664
40795827
40900914
41086903
41121281
41294947
41498337
41552076
41574186
41654048
42099240
42157887
42179968
42232956
42293688
42310652
42336560
42358207
42618167
42716462
42813232
42843613
42934281
42990100
43044086
43398438
43424481
43474006
43631013
43787817
43964893
44023218
44040524
44101552
44202915
44231883
44241592
44305421
44336968
44409375
44753171
44993789
45035074
45110020
45161530
45537864
45594146
45619304
45683645
45715821
45851634
45879446
45903787
45905894
45984064
46069643
46123098
46144295
46278348
46645649
46715157
46924671
47066712
47075674
47155195
47202815
47398318
47461234
47470385
47498890
47522970
47530102
47561136
47565660
47596310
47765776
47992892
48031151
48135822
48195019
48626716
48728637
48997489
49140429
49166980
49171136
49250957
49259926
49319255
49361662
49599674
49646284
49647635
49661103
49668646
50172060
50230953
50462047
50474297
50626416
51014404
51113061
51151112
51212945
51300619
51464785
51481533
51503705
51622300
51728854
52071343
52166063
52197484
52216578
52267394
52496347
52757837
52785182
52802068
52889785
52957788
53140721
53187488
53239726
53291718
53339069
53422928
53488325
53825606
53848705
53918935
53981603
54067321
54194602
54640384
54724262
54762110
54999951
55038854
55127603
55153513
55214061
55235399
55270491
55296618
55501004
55650698
55811703
55848675
56092032
56190804
56301681
56356245
56491854
56627021
56637023
56747705
56891501
57259869
57401210
57547160
57644687
57668196
57892051
58009060
58090647
58172243
58297359
58495179
58525939
58645743
58698130
58714284
58723757
59037821
59088329
59167838
59298970
59473628
59752039
59947637
60126296
60489194
60520398
60701370
60817742
60856669
60874763
60887602
60930276
60980517
61181413
61206353
61271042
61303480
61342006
61493413
61541167
61567831
61650436
61700662
61748778
61884106
62111595
62166416
62319786
62334935
62379863
62455481
62464454
62550799
62644464
62861826
62881715
62972632
63138866
63301339
63326624
63546459
63885910
63963293
64124629
64200763
64306678
64412373
64890532
64938549
65047915
65109258
65199698
65356397
65497479
65507297
65513849
65636934
65708052
65846465
65866788
65873258
65927710
65991843
66037905
66170452
66332057
66433622
66507945
66540123
66587841
66637270
66646667
66697691
66726170
66937606
66952950
66981160
67197298
67206689
67268278
67798585
67947297
67975921
68044650
68112829
68190316
68235618
68308059
68358710
68432412
68582649
68762201
68810971
68942338
68978935
69024979
69224220
69556781
69570787
69735003
69735816
69816368
69941087
70001866
70005938
70027318
70278506
70383840
70422675
70576801
70894577
70945615
70949739
71045514
71064478
71092745
71180840
71318713
71321004
71357354
71422021
71526758
71572719
71713389
71880172
71918224
72006944
72011223
72198337
72278864
72339542
72475306
72575834
72829254
72928864
72991540
72993547
73034911
73253480
73300632
73316412
73340334
73449806
73594414
73647249
73800382
73980354
74040060
74145093
74174900
74266188
74390436
74550370
74802145
74823186
74847034
75056050
75116432
75139924
75206075
75211566
75260653
75453568
75856933
76112854
76127475
76188777
76327186
76354915
76938073
76946340
77010150
77151691
77351760
77415014
77441828
77710107
77983244
78011162
78112335
78139357
78194078
78496492
78668143
78732348
78804550
78835928
78936094
79101984
79136200
79524579
79525742
79868076
79989381
80145477
80213514
80226783
80232145
80241959
80317390
80452467
80459632
80572937
80659591
80733509
80810822
80876048
80942256
81042029
81049254
81144702
81197900
81254422
81257064
81259703
81287413
81540337
81551662
81697872
81975537
81985634
82050904
82059686
82108413
82141937
82166551
82320895
82489757
82493084
82639880
82676735
82784827
82904804
82904843
82970794
83034330
83186099
83302521
83331529
83379074
83516039
83517382
84039556
84063572
84328520
84465519
84523173
84624395
84633492
84792144
84999093
85190329
85518947
85544970
85572787
85740652
85787511
85986828
86102031
86125152
86144691
86171605
86310988
86328794
86356572
86370565
86596709
86671320
86717664
86774044
86822637
86876128
86894434
87146965
87252846
87331429
87348375
87354675
87373923
87458789
87473528
87599510
87770372
87925659
87971371
88173327
88174669
88347893
88401919
88463124
88595428
88597336
88630654
88636249
88798736
88799134
88843580
88870699
89530822
89843158
90022669
90207154
90241914
90430396
90501709
90942156
91037002
91096562
91511952
91655947
92207754
92263911
92343951
92412280
92450412
92593917
92897443
93003057
93023318
93213691
93285117
93420969
93472148
93564081
93585451
93641574
93703946
93761385
93793315
94176046
94247888
94274862
94432458
94437252
94493610
94708673
94774038
94807723
94840632
94856299
95030684
95040049
95072466
95217621
95277999
95442746
95651962
95692510
95887939
96083325
96115436
96386054
96465908
96491586
96574830
96793484
96820295
97100952
97231448
97504850
97625132
97702589
97878827
97899417
97917819
97920566
97974292
98136398
98139434
98180722
98204295
98301061
98317266
98325133
98351743
98577668
98638383
98718009
98726522
98802124
98885815
99185642
99202956
99356675
99539006
99949671
100065206
100099612
100251737
100352072
100402441
100482732
100553553
100584265
100705397
100780631
100863352
100999577
101031487
101072906
101110761
101254563
101336246
101465397
101546445
101587510
101642375
101649312
101671828
101797252
101841151
101872893
101900840
101903932
102013536
102035376
102231372
102247380
102322282
102479193
102511070
102608748
102690457
102829782
102893595
102955983
103080955
103279014
103398723
103611741
103860897
104095289
104186336
104444657
104561649
104642492
104932537
105035561
105061281
105063621
105262459
105304142
105395816
105473703
105598056
105628112
105670546
105707216
105925168
106199432
106254997
106265303
106350775
106404392
106569518
106631930
106685997
106722659
106850282
106864693
106873328
106898901
106996176
107050129
107056371
107181144
107350426
107499515
107739188
107864815
108152617
108310830
108473150
108501351
108532889
108575658
108794329
108902116
109038015
109108052
109123625
109295573
109446588
109818147
109868744
109970304
110106197
110169854
110230483
110358874
110409780
110447004
110462652
110563320
110740302
110867649
110949531
110976537
111152654
111252682
111299877
111452253
111504277
111524895
111671279
111874323
111888329
111889698
111927555
112031014
112037903
112095220
112242449
112309243
112350248
112381103
112390837
112428795
112432922
112586435
112831901
112979273
113030020
113059337
113182387
113212940
113256951
113275697
113283520
113355958
113365074
113445533
113535075
113658786
113677102
113768465
113994961
114000340
114128518
114430304
114551510
114555876
114576622
114596987
114638877
114693058
114799696
114808003
114829847
114833416
114863489
115056197
115222135
115396113
115603624
115616384
115635072
115674342
115754327
115858024
115978861
116175935
116406469
116610184
116782881
116819033
116821077
116893140
117056751
117289284
117348099
117350205
117409907
117437192
117626152
117627530
117840683
117873974
118006963
118024973
118097480
118154208
118268488
118296820
118302833
118418045
118425251
118501632
118569137
118813062
118825647
118856812
119481337
119750759
119775111
119779089
119901507
119903276
120047348
120050819
120076571
120194292
120243198
120373402
120387405
120493174
120604159
120633137
120700843
120724158
120735797
120834800
121248450
121402355
121506615
121665950
121688912
121762888
121802885
121813090
121817754
121959993
122109203
122452374
122484591
122557600
122622122
122702429
122992016
123075475
123335744
123493188
123556149
123573985
123580829
123606988
123686417
123695841
123697813
123698886
123784420
123807720
123947605
124005286
124075580
124275882
124279529
124328653
124355573
124427935
124532731
124546514
124559735
124588634
124610323
124767187
124790456
124887832
125068327
125151599
125311742
125521043
125913458
125915429
125947338
126039369
126055877
126063631
126165016
126176053
126299255
126422021
126451587
126515692
126543788
126746847
127222762
127247065
127463933
127571796
127647282
127823785
127878588
128195249
128227593
128468067
128569467
128634166
128662068
128684703
128754127
128878723
128926652
128960885
129061281
129066341
129398435
129440833
129499092
129598529
129623370
129723245
130116808
130177893
130238511
130307905
130679713
130740996
130771596
130868146
130891723
130920405
130920611
130958242
130999588
131013904
131615438
131705208
131937043
131972007
132073286
132272506
132461560
132475665
132702805
133037913
133042213
133183924
133295422
133660477
133718359
133745033
133981124
134009995
134058160
134104478
134105597
134107136
134209070
134346276
134364957
134471350
134524915
134762664
134768303
134791965
135118477
135202738
135238834
135324716
135519384
135676902
135683815
135699084
135756910
135779004
136160435
136244502
136277667
136406469
136759822
136822823
136824101
136844548
136869027
136899182
136901848
137087123
137306008
137353737
137456279
137734554
137746251
137751529
137857108
137872779
137936498
138324407
138467944
138573870
138614715
138811049
138982565
138994303
139113266
139114274
139354902
139452639
139507264
139542066
139705083
139727780
139789062
139995513
140177558
140228629
140251230
140273448
140425129
140505477
140551679
140719302
140820990
140848349
140856511
140973732
140994299
141358319
141559612
142007670
142222632
142236377
142341689
142387902
142398640
142607671
142614019
142745598
142889039
142943887
143064474
143108199
143132876
143202399
143267609
143297399
143475685
143688751
143712978
143759597
143903933
144184467
144395021
144403003
144468829
144499018
144520237
144557666
144569121
144606417
144617184
144640125
144676449
144749488
144801849
144831417
144838281
144975265
145015006
145195700
145237443
145272884
145685540
145912400
146117301
146204794
146553227
146557984
146629817
146631784
146675834
146742677
146743143
146765252
146880162
146977354
147031587
147259037
147530114
147531263
147600456
147615679
147770850
147816638
147818705
147826602
147962670
147974763
148168315
148372748
148455622
148549386
148587035
148848070
148907314
148969886
149065162
149223608
149289837
149328621
149381625
149614013
149719891
149733135
149754155
149778395
149828184
149929663
149933337
150400885
150417407
150522966
150555110
150663618
150800310
151090526
151105094
151124777
151201679
151527339
151550908
151555294
151640260
151782946
151965606
152132079
152143010
152269364
152327683
152366201
152370533
152501250
152600713
152605762
152653303
152744789
152754315
152766111
152766527
152965539
152968404
153119824
153218375
153265476
153299829
153652610
153664372
153954143
153958282
154015823
154155347
154158955
154252894
154297551
154333436
154436952
154522977
154843858
155035584
155070304
155368150
155760953
155861282
156117475
156124110
156148463
156344075
156350708
156763809
156859886
157135195
157231124
157233643
157415665
157692568
157763338
157775821
157816402
157901113
157907334
158013155
158266873
158270015
158367341
158445739
158500642
158522125
158588216
158656873
158777642
158800221
158837103
158990552
159027365
159085309
159230104
159278812
159282274
159683961
159691207
159943091
160000027
160072061
160077990
160191152
160331001
160439721
160625306
160668754
160860169
160889552
160899860
161010842
161144215
161381036
161404178
161436869
161542297
161699213
161813169
161967698
162000105
162045468
162173530
162307750
162322233
162408748
162553818
162643007
162864455
162904997
162986786
163043187
163067306
163085588
163128645
163268838
163401077
163426449
163432872
163589710
164043724
164274683
164307077
164331879
164685274
164742893
164759331
164781905
164876828
164983243
165059845
165060351
165232228
165280070
165359002
165561049
165627872
165675708
165747830
165783497
165787680
165972685
166163673
166191915
166370453
166535900
166553362
166676320
166740679
166770407
166947984
167003736
167057924
167214870
167354140
167423128
167536407
167695587
167729447
167773864
167784816
167884926
167922772
167954024
167994720
168010521
168013644
168015227
168042162
168296838
168613624
168928866
169108592
169114683
169143709
169225240
169326126
169408287
169427922
169520693
169526550
169593142
169651480
169695041
169916357
170062687
170227343
170304375
170342080
170441085
170441727
170470336
170498876
170573308
170803104
171119920
171213309
171308513
171338548
171418904
171735960
171807013
171957580
172003344
172033927
172044210
172151085
172258964
172302298
172466453
172481311
172578887
172651653
172663707
172759819
172871888
173015665
173037419
173109370
173159550
173165282
173260218
173340148
173354525
173731241
173821111
173971944
174000560
174074183
174232124
174274332
174293538
174318236
174431547
174436954
174503645
174529511
174662435
174691108
174857058
174937468
175067925
175074622
175121934
175174724
175250167
175529486
175596248
175596389
175610538
175827660
175946585
176004214
176065562
176081882
176183894
176236677
176367733
176509107
176598368
176683935
176707577
176709335
176971772
177034585
177088075
177212028
177306213
177562615
177711033
177880908
178268522
178300863
178348636
178488824
178531634
178539419
178622124
178756776
178820202
178838345
178902199
179028101
179287645
179328777
179340969
179482793
179514234
179645488
179739185
179883378
180079767
180082329
180132612
180384534
180429114
180515163
180524781
180738668
180744942
180826148
180986605
181168071
181191655
181478503
181531322
181663584
181756393
181835227
182105305
182693967
182725448
182764678
182775050
182816180
182898104
182900623
183449876
183492713
183505654
183534716
183587301
183685778
183728175
183788123
183800762
183829460
183905801
183916997
184038849
184064197
184097254
184167640
184446182
184588723
184709962
185020309
185049045
185138377
185598481
185611816
185666957
185903352
185932806
185973909
186135616
186215958
186294775
186478399
186533592
186675437
186734348
186853511
187019028
187099363
187115988
187244190
187267730
187347985
187362028
187432039
187462771
187504487
187641698
187650986
187751660
187788879
187824488
187957730
187963676
187968635
188133525
188239222
188552921
188630250
188640645
188699439
188774236
188778963
188789812
188832820
188844734
189101933
189120007
189140745
189308022
189349181
189430188
189523018
189530805
189564717
189698401
189918625
189928466
189963376
190127883
190321933
190629168
190638448
190682052
190792741
190920043
190990688
191067133
191233477
191410690
191412521
191438556
191453898
191474919
191638399
191755930
191808056
191958474
192041690
192063361
192127477
192291207
192423016
192469335
192727497
192813358
192817060
192822104
192868545
192977418
193222758
193262993
193502501
193535342
193591310
193812882
193831572
193846499
193871287
193910916
194033697
194082048
194133349
194136219
194184567
194395688
194438381
194602001
194806622
194814069
195109905
195168513
195342277
195855323
195931619
196104055
196125748
196175586
196209754
196253331
196293882
196399172
196435248
196469205
196585495
196843397
197117514
197173931
197248305
197250596
197307062
197325214
197414689
197519869
197547681
197681833
197773991
197863114
197869212
197996624
198082502
198159372
198409224
198471079
198478574
198605066
198612745
198617898
198730869
198749899
199111555
199139140
199159862
199254652
199285666
199343504
199362759
199385140
199462665
199465650
199637106
199734882
200010473
200021763
200553356
200931348
200967096
201089292
201103820
201168493
201358739
201411805
201434158
201543098
201595331
201628232
201657648
201737920
201846939
201886373
201924769
201973284
202196575
202344254
202483933
202589863
202629083
202713872
202987890
203097357
203386687
203400420
203444861
203476674
203660243
203724580
203793625
203827527
203940840
203981801
204252699
204521852
204544438
204582021
204626035
204767359
204802532
204848917
204877389
204969291
205091889
205114848
205130928
205134041
205394258
205608176
205716400
205758855
205768743
205850627
205903401
206284048
206353137
206391930
206392292
206479067
206690913
206719586
206854804
206886735
207047512
207489572
207547416
207696101
207908773
208009961
208100365
208215836
208553283
208561073
208622382
208714712
208903200
208910418
208931195
209198918
209278803
209317870
209380795
209388149
209413692
209426910
209508559
209743294
209928106
210097249
210116130
210133744
210172545
210202389
210426851
210504493
210535927
210611251
210832758
210836560
210877545
211193394
211196940
211248762
211277951
211331730
211414181
211515401
211654045
211711295
211798426
212101851
212156382
212190834
212239353
212266927
212361053
212384502
212528035
212692038
212827456
212827884
212908525
212953029
212985520
213116945
213136893
213152724
213250023
213419041
213457546
213546071
213706110
213837875
213863236
213879799
213895648
213910610
214046026
214120302
214220826
214254385
214374278
214392263
214518236
214721093
214795197
214833218
214859935
214894262
215308629
215494867
215522326
215565534
215724227
215757391
215792641
216272820
216383440
216523639
216633030
216715997
216832183
217032812
217035301
217425606
217556127
217579099
217666826
217671653
217712345
217734451
217822623
217919823
218065291
218186052
218330442
218411746
218576688
218592311
218612443
218677612
219148172
219166641
219324983
219574614
219625251
219795854
219926289
219971239
220124218
220323648
220402634
220418191
220640192
220739713
220775112
220897300
220992769
221049052
221135027
221139623
221285298
221341972
221485176
221512224
221609817
221630356
221644429
221709928
221978691
222064466
222181090
222421369
222455534
222487665
222527420
222615972
222789778
222846744
222940337
222974026
223016412
223118773
223208443
223378851
223489278
223548559
223647330
223680056
223695900
223721692
223810068
223995240
224008310
224030631
224370276
224373784
224442413
224594757
224666791
224715853
224891042
224968260
224973713
224991604
225194713
225246540
225268334
225761537
225965560
225965935
225980814
225993715
226323461
226365775
226440381
226481569
226760543
226897828
226904371
226992317
227239574
227307966
227383605
227447342
227535054
227736722
227748881
227768692
227824517
227838499
227981703
228063956
228292063
228586817
228704108
228720603
228904294
229012229
229295164
229556730
229641196
229684620
229703192
229707701
229733227
229853674
229865375
229960696
230137876
230479702
230481345
230497036
230680294
230779483
230791804
230833914
231102027
231200200
231266528
231276395
231291292
231699137
231794591
231831761
231868128
232089743
232451590
232546676
232849925
232905467
232938264
233150359
233159180
233173443
233261169
233432621
233466329
233790093
233838915
234045234
234511907
234524429
234534105
234557311
234644335
234671987
234692328
234739854
234998041
235122798
235169787
235260066
235298762
235375904
235553423
235554047
235771820
235797458
235805879
235882242
235954543
236033925
236135894
236184178
236244584
236285879
236580276
236626262
236637441
236695934
237062523
237375936
237452189
237600999
237605956
237650282
237750181
237775476
237843449
238012031
238051879
238309631
238425005
238553310
238615105
238766601
238926382
238968100
239006007
239063191
239077256
239270599
239274536
239285242
239371552
239519861
239587618
239655311
239696698
239860836
239975113
240150263
240185238
240252587
240624289
240815944
241337901
241364413
241546625
241609400
241628441
241767175
241804479
241861384
241988091
242025989
242138948
242566411
242567568
242629388
242865892
243194489
243358454
243691972
243692608
243753324
243918033
243976246
244274374
244699539
244766262
244903302
245038719
245355755
245396115
245773672
246110938
246191151
246514375
246720752
246747625
246773834
246954425
247132110
247245188
247252037
247469930
247533096
247551433
247670314
247825465
247848357
247885819
248012266
248219759
248291710
248408198
248676416
248700789
248718593
248878325
248891221
249485160
249547119
249622221
249725125
249784893
249915952
250132828
250173290
250179573
250368171
250391768
250531833
250533256
250609105
250610693
250735906
250785654
250868728
250870679
250913356
251091031
251157367
251208554
251414850
251473117
251604630
251665055
251680863
251786847
251844238
251902957
252185827
252256162
252384402
252460450
252509383
252735965
252895560
252928600
252941801
253267547
253314160
253472886
253475514
253731707
253832590
253889307
253973679
253987070
253994416
254004003
254011843
254202679
254306494
254453519
254478167
254496249
254513198
254735014
254765386
254919326
254981465
255059390
255203768
255205948
255230496
255280715
255307357
255370202
255422088
255456603
255520831
255841639
255849187
255868451
255886576
255973760
256014215
256099106
256126165
256151441
256412706
256619842
256661676
257000163
257025576
257121430
257233449
257437315
257514014
257543660
257597986
257635877
257908514
257985530
257993317
258018515
258079587
258107325
258127136
258132944
258294094
258540024
258609404
258720696
258733457
258760295
258780528
258882599
258929313
259087986
259137546
259360995
259372749
259449572
259502023
259506644
259514028
259534996
259553848
259798455
259975002
260357940
260367318
260466530
260496195
260566670
260800032
261097357
261153548
261276561
261411938
261444883
261515330
261536676
261692680
261762059
261796376
261900102
262068831
262136999
262229437
262291942
262382257
262405347
262582289
262874264
262899923
263009994
263101568
263163420
263187530
263441124
263497446
263688180
263751858
263771647
263993407
264291033
264403019
264543667
264610650
264622911
264674655
264870795
264883715
265195102
265212716
265222961
265250994
265382440
265447946
265492623
265558759
265602540
265648672
265745847
265749740
265851739
265887674
265895422
265991679
266314956
266369940
266471989
266693630
266699456
266711190
266792184
267035100
267134493
267300432
267384364
267399439
267434621
267515285
267519415
267586539
267723162
267905646
267910347
268074581
268086699
268116138
268144153
268236887
268294968
268331993
268388894
268447508
268482339
268687201
268712340
268982267
269064441
269124496
269129111
269185166
269530486
269771862
269847303
269910558
269934727
269945945
270052713
270249076
270359941
270476299
270513084
270524957
270576513
270598070
270667560
270827392
270843517
270975908
271007388
271044501
271537738
271650641
271845971
272119587
272202098
272208679
272273067
272594304
272721875
273196724
273322679
273739572
273837762
273915697
273957136
274110150
274114594
274192673
274210666
274240354
274268465
274316623
274409861
274500676
274510544
274541728
274698342
274760255
275206758
275534220
275703680
275797129
275859619
275904232
276040660
276045787
276076040
276135657
276297565
276402672
276402879
276643290
276745320
276764289
276809461
276845129
276854885
277133350
277202676
277362663
277403888
277666773
277689854
277872382
277874042
277876888
277969545
277975571
278029596
278031803
278245922
278251753
278287289
278311565
278463454
278475705
278481992
278499950
278526668
278707789
278729710
278749253
278763372
278915707
278996805
279036611
279042109
279089126
279136322
279324896
279454280
279508206
279565315
279601066
280029411
280103041
280309090
280313355
280454192
280457620
280535968
280569696
280631030
280709351
280880199
280907522
281102653
281122850
281192640
281226696
281302971
281432192
281472081
281655921
281672955
281747896
281820066
282013360
282055892
282074380
282111229
282139983
282205860
282327021
282331357
282359529
282435656
282446053
282549832
282589553
282628624
282828759
282843573
283292670
283355981
283413118
283433505
283597744
283613017
283631522
284114360
284217205
284369682
284424293
284561481
284670801
284701431
284752665
284837463
284876416
284894510
284983835
285357481
285424804
285443940
285506465
285539853
285600587
285658975
285687040
285729402
285736499
285784902
285801053
285964725
286013536
286437064
286558476
286771088
286783823
286801389
286855962
287089645
287112981
287221219
287388585
287492261
287916484
287991877
288015013
288175465
288291546
288295402
288435874
288571190
288586740
288648372
288774188
288797857
288898373
288941229
288961117
288974110
289068217
289234208
289484557
289504636
289508775
289615093
289670211
289730263
289738161
289763965
289796235
289797499
289881775
290033480
290113329
290319283
290331240
290439312
290476034
290533698
290861666
290898685
290923012
290950885
290999733
291027747
291057111
291335388
291348545
291376476
291401054
291404972
291519270
291785606
292035499
292137182
292237300
292255555
292317816
292443233
292809289
292835129
292852348
292907198
293013078
293014423
293038347
293102013
293121608
293155041
293209472
293373948
293393565
293472088
293611429
293627640
293808053
293828002
293841276
293990858
294016770
294106912
294283607
294287725
294308711
294475905
294521678
294615707
294637451
294734519
294833125
295079697
295105902
295109983
295178303
295199820
295249393
295581940
295673091
295940349
295992816
296018891
296096420
296197220
296273035
296382697
296418766
296619198
296645475
296744597
297241075
297375640
297485211
297596716
297611943
297633573
297691154
297729352
297798840
297862671
297899620
298123467
298152120
298173316
298173680
298371857
298641139
298761605
298864982
299141308
299194533
299423266
299458349
299613121
299623795
299683345
299773778
299852772
299937486
300051332
300086287
300159168
300217409
300344947
300393083
300593410
300669789
300746237
300807367
300982913
301068506
301139819
301168478
301231632
301503801
301564202
301808783
302080270
302159278
302277004
302298929
302316424
302370981
302562953
302570253
302578892
302679093
302689323
302790306
302827240
303054061
303183495
303498651
303507050
303560200
303794724
303999867
304063407
304219549
304223853
304493514
304519638
304628188
304730633
304901646
305006953
305342081
305387591
305425491
305478648
305492768
305602618
305665520
305761860
305790311
305843159
305910991
306108186
306281870
306328750
306343197
306361122
306505716
306529385
306766425
306816350
306871800
306926830
307058287
307110593
307167646
307319414
307348395
307537539
307574965
307845048
307862878
308086637
308107760
308314630
308473323
308771650
308792807
308823118
308896270
309151154
309152301
309209183
309451840
309501159
309599325
309656987
309691176
309905743
309987840
310097832
310129540
310280047
310336701
310368625
310375001
310393346
310500358
310543369
310649112
310657656
310667233
310767563
310957253
311074928
311225755
311245614
311300450
311391499
311444530
311504668
311643504
311674320
311832716
311834725
311899987
311954835
311997141
312033157
312057071
312127718
312231747
312382110
312586169
312587007
312756470
312852391
312977652
313108711
313131669
313137718
313140203
313215242
313583510
313589109
313640954
313657479
313669433
313705228
313761974
314007375
314128972
314152078
314316536
314373573
314419813
314438787
314484941
314572429
314741983
314810351
314898734
314952458
314973269
314975374
314980297
315049114
315106314
315453737
315487614
315599137
315688816
315711542
315805192
316036887
316039707
316110087
316281844
316368067
316392677
316444965
316520434
316557938
316758563
316803424
316863367
316915309
317020079
317028051
317069170
317402107
317956022
318054548
318064297
318150053
318190160
318281619
318346386
318443258
318653806
319013000
319016509
319071872
319314752
319330559
319465867
319613721
319690803
319909682
319994741
320037426
320102333
320403409
320417454
320483750
320625534
320770172
320782653
320834469
320871105
320917643
320918605
320961507
321199884
321282885
321304339
321387991
321497106
321498625
321622984
321991337
322112631
322202241
322310692
322311385
322380332
322432213
322929613
323024254
323092977
323153982
323552546
323662193
323675665
323689929
323776981
323804839
323889929
323966702
324051142
324361804
324396768
324485965
324611072
324680095
324730370
325043804
325056814
325202062
325325099
325373799
325389259
325561005
325599005
325624780
326082249
326110800
326466152
326691699
326718955
326862309
327012636
327260311
327290194
327321046
327355702
327808793
327868126
327907073
328133943
328315366
328538397
328615380
328716132
328733430
328749196
329006296
329019268
329126658
329174490
329177128
329422236
329429231
329544038
329667601
329670529
329726114
329750084
329757564
329766279
330007065
330084435
330168539
330368368
330393254
330417058
330546072
330822064
330879377
330942034
330955537
331036356
331040829
331074890
331158311
331163524
331230759
331459059
331680142
331883976
332076695
332291951
332339938
332460814
332522284
332560018
332595267
332601698
332693781
332755166
332886712
332952907
332983387
333203350
333294897
333334706
333397106
333493954
333549925
333565323
334016578
334016638
334081650
334246429
334398449
334466518
334529800
334547758
334725050
334901454
334967515
334975573
335009516
335110859
335164446
335208073
335489591
335631452
335788917
335918005
336171428
336219345
336248654
336303406
336344602
336824483
337146382
337181938
337182141
337259117
337301683
337360546
337887712
337984890
338099018
338316394
338555784
338590871
338596600
338812592
338844571
338868157
338886838
338908363
338923794
339105055
339204435
339247025
339457043
339601052
339627315
339765081
339862759
339911702
339958532
340137309
340191161
340239848
340464968
340563681
340565719
340655774
341017965
341027625
341097196
341209393
341249341
341573509
341582867
341718365
341774826
341987855
342035670
342069271
342146601
342193868
342284991
342312200
342355455
342416992
342527284
342649182
342695553
342814375
342830175
342911940
342939250
342953297
343057182
343177609
343215577
343257577
343450317
343553188
343570601
343698771
343709879
343725728
343891468
343922944
343964630
343971881
344041262
344212272
344310978
344506740
344545394
344560466
344678091
345182973
345196194
345226784
345239911
345252498
345356424
345374699
345446506
345453231
345531119
345537206
345579136
345686160
345692820
345737192
345801232
345883385
346015072
346426311
346461980
346544061
346561449
346784296
346855920
346957084
347007829
347060658
347268973
347449208
347466888
347470725
347479386
347498009
347592826
347613957
347725882
347809562
347847661
347888514
347935083
347955206
348172937
348480495
348522203
348674068
348688309
348788570
348968162
349049434
349369960
349620980
349742784
349781376
350047999
350113857
350115030
350141464
350182785
350297736
350329930
350453949
350483663
350516180
350532954
350534388
350544964
350860103
350926429
351082211
351336025
351395324
351395867
351481919
351609653
351616561
351628658
351679999
351737054
351870059
351943390
351980551
352010142
352211883
352267515
352523676
352532217
352554702
352679317
352691917
352727701
352761819
352802903
352900416
353008124
353103658
353109856
353234780
353248279
353354880
353518160
353591445
353614642
353827223
353967743
353984184
354078678
354272569
354552557
354567414
354709526
354738687
354821366
354853632
355010113
355059762
355100279
355117853
355119363
355234253
355450042
355535492
355535745
355571826
355622239
356074029
356163532
356297163
356448810
356711350
356810534
356985006
357244012
357316530
357342966
357398298
357442919
357449943
357467318
357503210
357546452
357685536
357911519
357926929
358006072
358024832
358058106
358115220
358339121
358348706
358399265
358587602
358723971
358725432
358740745
358826769
358832826
359164962
359289725
359298194
359347193
359380218
359435012
359527142
359645413
359653194
359695937
359763171
359962958
360025003
360090266
360150014
360179010
360211719
360297119
360403731
360467209
360619884
360647675
360728999
360756947
360782015
360798123
360837920
360930512
360981944
360985236
361009774
361092299
361098915
361191040
361574890
361733689
361972405
362123246
362376333
362586920
362832394
362915926
362951771
362990645
363001612
363117366
363179383
363304537
363501629
363595520
363603501
363669025
363722751
364055299
364155234
364157810
364305077
364312334
364339924
364817033
364834147
364856096
364956261
365050142
365159535
365173827
365189728
365295102
365303817
365432197
365434596
365565532
365568426
365584727
365650148
366107837
366129473
366220217
366221859
366697726
366939530
366946819
367011579
367037724
367091155
367102465
367136623
367235100
367269935
367340817
367442615
367450412
367522211
367750358
367819468
367900007
368302026
368326152
368387684
368411953
368510047
368604867
368911212
368915091
368972505
368997224
369036366
369058071
369156569
369388283
369590742
369683228
369855381
370020254
370192139
370215827
370245182
370295427
370362201
370383486
370394459
370437845
370464321
370610681
370792622
370852342
370891028
370898444
370938740
371043310
371240331
371368398
371406072
371470287
371519813
371648268
371660636
371721154
371724596
371922272
372001199
372055344
372146729
372212860
372663918
372798343
372859919
372889048
373060084
373140473
373220985
373248667
373352616
373416988
373440279
373464328
373639604
373873513
373882763
373958271
374034116
374238559
374284166
374306556
374384761
374560478
374655974
374756842
374824996
374989419
375112342
375456794
375468912
375552160
375631753
375845938
375979118
376029391
376298773
376438209
376584919
376814218
377094081
377141097
377517144
377587278
377630603
377631007
377662433
377737713
377790156
377812179
377939203
378110369
378299066
378408288
378430702
378616249
378706062
378774364
378784452
379120285
379166748
379257453
379289134
379456912
379500662
379583040
379638587
379757206
379874160
380083884
380173896
380268042
380331189
380345993
380640840
380916746
381033087
381036455
381216503
381289182
381292581
381340421
381544866
381590010
381618094
381726323
381766939
381878395
381908904
381998326
382056026
382191942
382440110
382559182
382653421
382658016
382673662
382733714
382829651
382922253
382947133
383134237
383206399
383208698
383371194
383406720
383442883
383639172
383687894
383763862
383858688
383889072
383891958
383984289
384028564
384075581
384082826
384137866
384151870
384363406
384388892
384517543
384584130
384618588
384825192
385064718
385079992
385254766
385330406
385531359
385546414
385617120
385696703
385773374
385828641
385876443
385878970
385951425
385991220
386110412
386130746
386255761
386444983
386519691
386539785
386587710
386662322
386789470
386803208
386817672
387079196
387269619
387363581
387448934
387494003
387523026
387659085
387673941
387696777
387815875
387861233
388078805
388252295
388290897
388321090
388368287
388436113
388444599
388445472
388544812
388574053
388662950
388704541
388765745
388865997
389015684
389633462
389642107
389669035
389742800
389760635
389943209
390397530
390443861
390465565
390466596
390467129
390533670
390548917
390662698
390721799
390725440
390840071
390929479
391242196
391313268
391366444
391690276
391752089
391880937
391980237
392014115
392392484
392446475
393040668
393185435
393361337
393455357
393509868
393568921
393628310
393628510
393676486
393959509
394000645
394138596
394230283
394252327
394298527
394308827
394535077
394556841
394621487
394751032
394809399
395144547
395184792
395209453
395238448
395275446
395451727
395481642
395538064
395706393
395739645
395767535
395871013
395936966
395948224
395994345
396017289
396218411
396251508
396486872
396703936
396902900
396987406
397071757
397210532
397280944
397296176
397783523
397975635
398027939
398064341
398151478
398200594
398357845
398459242
398542239
398643123
398667918
398715444
398847864
398855431
398859695
399054555
399105573
399128455
399245427
399400408
399694473
399844430
400085255
400234374
400237612
400244885
400286945
400367524
400779998
400792676
400797577
400798139
400908593
400939975
401041503
401127326
401148590
401473267
401765501
401970134
402208223
402424614
402434131
402471958
402679678
402806773
402877658
402939350
402965800
403106875
403120944
403178068
403286701
403289033
403325335
403449446
403622398
403873210
404024773
404089693
404191800
404209655
404215176
404246561
404277691
404367770
404948004
405013339
405038029
405110127
405234845
405321838
405413781
405610808
405693256
405787321
405859507
406008968
406733398
406795358
407015170
407025555
407165239
407239680
407244050
407244160
407368298
407418303
407615389
407644269
407682551
407718231
407832607
407887924
408084383
408271980
408305444
408375804
408392647
408411760
408552484
408556345
408687589
408838075
409037069
409045940
409091685
409162546
409206813
409245395
409317270
409367957
409483311
409569451
409682123
409748417
409806882
409958995
409991345
410056470
410056898
410325912
410382180
410410698
410428369
410476952
410507496
410549305
410550947
410554682
410604587
410626694
410785009
410800065
411029551
411358052
411682610
411691156
411877635
411906084
411914739
412003401
412016465
412054327
412097003
412126800
412133506
412203311
412222405
412261680
412404121
412492446
412538627
412705654
412720119
412783834
412898558
412912011
412918171
413025367
413110581
413191911
413298126
413345682
413423491
413428214
413533069
413542652
413555325
413634872
413652200
413710118
413854328
414097318
414100018
414363461
414574246
414610925
414673016
414677514
414775456
414853940
414890848
414961497
415085396
415246151
415329387
415335652
415455914
415691105
415787914
416036904
416092408
416106391
416158314
416168909
416316531
416533617
416664081
416671992
416732910
416833665
417101508
417172622
417173506
417387474
417398154
417486952
417498850
417584301
417721102
418010591
418083257
418126767
418427326
418461497
418492230
418521908
418522142
418545659
418563217
418597816
418661058
418708956
418771764
418821502
418843203
418991771
419250229
419568125
419637936
419690950
420104212
420143770
420243594
420324628
420468728
420527592
420821071
421092872
421349848
421466915
421482979
421735217
421986645
422014940
422045244
422122537
422213577
422250268
422333791
422349224
422528217
422656015
422713930
423075872
423231952
423232769
423350709
423401691
423412636
423465648
423519440
423531147
423574827
423839707
424058788
424125905
424148728
424221857
424267609
424557737
424724797
424824956
424831240
424939000
424957661
424990322
425028904
425745433
425787303
425934658
426000507
426058339
426226356
426439631
426514461
426581432
426644771
426722871
426889197
426922698
426968851
427038749
427095020
427120596
427163710
427299600
427388272
427569876
427687986
427752712
427779980
427784643
427839904
427891732
428047259
428075879
428212682
428212917
428333888
428341008
428381461
428386175
428396638
428408735
428506374
428513489
428585544
428826986
428860150
428964295
429119853
429503654
429557739
429560793
429692319
429755329
429759390
429828527
429874477
430076196
430144188
430177089
430320286
430347656
430703016
430764355
430770757
430813424
431131544
431180197
431341325
431545266
431614514
431727667
431883334
431921889
431924557
432040605
432058170
432065927
432081535
432232929
432237222
432294152
432309717
432378142
432392279
432471753
432537888
433071922
433169692
433203332
433526798
433694542
433712872
433756688
433777033
433839068
433875179
433927309
433980950
434043754
434186429
434325801
434333126
434382213
434409691
434415744
434496091
434564617
434580776
434637644
434669278
434715845
434846461
434886700
435000901
435116281
435120534
435188507
435314037
435483187
435539108
435753982
436100332
436168263
436205659
436310087
436534858
436573247
436601444
436669726
436870948
437032692
437089237
437147477
437504250
437657525
437722586
437927712
437967605
437968170
437987253
437990073
438011398
438093887
438212681
438214223
438381144
438701036
438723318
438783904
438912232
439188499
439190789
439278876
439291606
439493164
439707078
439721678
439734735
439985322
440031418
440169452
440370385
440783395
440921059
440949305
441088236
441138950
441302617
441348666
441386563
441457464
441593271
441638188
441727385
441788486
441801342
442153288
442240248
442443843
442493382
442573169
442602786
442606594
442618357
442726904
442776160
442878562
442999105
443048556
443072403
443296405
443333221
443474207
443550120
443615955
443637927
444012170
444082546
444138139
444329546
444336315
444427544
444724259
444736975
444769273
444804008
444839147
444923484
445001457
445061766
445209136
445588168
445787164
445790753
445847472
445898352
445916890
445968727
446242018
446475660
446528388
446697270
446768349
447010408
447043873
447330005
447413986
447422399
447487763
447497612
447568661
447599332
447752531
447867164
447891012
448325392
448343002
448400297
448467617
448480505
448522934
448563964
448647075
448732865
449014983
449033981
449399627
449466427
449538381
449660685
449786091
449845421
449885080
450025058
450091169
450168356
450238508
450473694
450681970
450769163
450782239
450798148
450846160
451111138
451163781
451208593
451333515
451428385
451545168
451691001
451735745
451855295
451929385
452155598
452177415
452345672
452356429
452405800
452457281
452529062
452547702
452793164
452811811
452836880
452917341
452936627
453072314
453183443
453352688
453392627
453428246
453466220
453515942
453654076
453796083
453799274
453806292
453847282
453969632
453976729
454167807
454308347
454316558
454416701
454525761
454655336
454742758
454764699
454919853
455063169
455216273
455219258
455309085
455330304
455418731
455420149
455452574
455617679
455680714
455760572
455863702
455937893
455946111
456232830
456364513
456382246
456485377
456500008
456716715
456717993
456753428
456940425
456967032
456991420
457165072
457268943
457377851
457409002
457562047
457977425
458248544
458254004
458300684
458423631
458471048
458772805
458807819
458908992
459127030
459219509
459284826
459432400
459542167
459624751
459691619
459868357
460096420
460123058
460145365
460163935
460373187
460583654
460601033
460756635
460801182
460937668
461060423
461095763
461172863
461203812
461303060
461383228
461450949
461484430
461647852
461744085
461832419
461854064
461980318
462256921
462446299
462449984
462608629
462657829
462899883
463049589
463429100
463480885
463688701
463728056
463731342
463922303
463928831
463933888
463953656
464066113
464137429
464175700
464196835
464263408
464355939
464461860
464508724
464574636
464618746
464724560
464761230
464785636
465130062
465197368
465294741
465396163
465418475
465748460
465812021
465997657
466197235
466209250
466364657
466718527
466841044
466850858
467177078
467337913
467480089
467552682
467620956
467880379
467882328
467957686
468037942
468253887
468360060
468397997
468428082
469015647
469135502
469148024
469622728
469736492
469830927
469856625
470085071
470231279
470514096
470657669
470828847
470951580
471024412
471044851
471279064
471304437
471364273
471542979
471643768
471671278
471733477
471747335
472074822
472375962
472784090
472798130
472831078
472900245
472947129
472992474
473020338
473116724
473176718
473241604
473250544
473270550
473345393
473403383
473499627
473620971
473819528
473921740
474230912
474290019
474306373
474367701
474372969
474391617
474413504
474786204
474978309
475009103
475271648
475317996
475351280
475402375
475471121
475503011
475518069
475521281
475524721
475532403
475539423
475652745
475687345
475808614
475862291
475865039
476077067
476263918
476268184
476360415
476418517
476735955
476877019
476962045
476973388
477053196
477149280
477173196
477246713
477310629
477393168
477401439
477441621
477513989
477542790
477634194
477718369
477766851
478110910
478410637
478609581
478699813
478871831
478892733
478907815
479131486
479145047
479159155
479181455
479260915
479277978
479382068
479698953
479747320
479953947
480017282
480043387
480124403
480414263
480666609
480758718
481063566
481119776
481120490
481261864
481275098
481277807
481324016
481358493
481657331
481682527
481784029
481809130
481914537
482093343
482112689
482115093
482222516
482328596
482405306
482419959
482437266
482465527
482597147
482652069
482712494
482896434
482903506
483057167
483060861
483092626
483175080
483185009
483189916
483222254
483390308
483491131
483510065
483726977
483856288
483956902
483966080
484062677
484147677
484247209
484307309
484316270
484618207
484772447
484777112
484875995
484914403
484945465
484962832
485068621
485124036
485213432
485219215
485308507
485329328
485617409
485712047
485871994
485876918
485893212
485919487
486070078
486140504
486201284
486223000
486280721
486293931
486303375
486321542
486345436
486609797
486929505
486987824
487010250
487055353
487426955
487657189
487715192
487760022
488241659
488244656
488331016
488334267
488769852
488848389
489167598
489624656
490022873
490116179
490169437
490222855
490414079
490532911
490542384
490585983
490612367
490723154
490835721
490984323
491023823
491064095
491086401
491143443
491153619
491198921
491266618
491272044
491461773
491715741
491748893
491829183
491853017
492022455
492144668
492317384
492345263
492702970
493026017
493050784
493087395
493169894
493186560
493332140
493644623
493678126
493726202
493730869
493795466
493809386
493858647
493909403
494064011
494189915
494291289
494442887
494514627
494650250
494662528
494703927
494726358
494823864
494950008
495081118
495129480
495151970
495222038
495359088
495486014
495536741
495663619
495663726
495717467
495772509
495872545
496015193
496112374
496166409
496222169
496301927
496421498
496682725
496761365
496804169
496819141
496831969
497015086
497073063
497179612
497215955
497253967
497358069
497382436
497399995
497741266
497978037
498207273
498246648
498299379
498306939
498396762
498875312
498913842
498970580
499080564
499150331
499297173
499310812
499356594
499623158
499964443
499994927
500090888
500195966
500201885
500303273
500384267
500395233
500447316
500470294
500579088
500769523
500934051
501281563
501287612
501300247
501330123
501365437
501373076
501412853
501464781
501487431
501547872
501573339
501750174
501764170
502182657
502219136
502223873
502352111
502591221
502890311
503017184
503084185
503165438
503246407
503358603
503457170
503654486
503737261
503741215
503752045
503785549
503944262
504272196
504331656
504360417
504371697
504439103
504440603
504458358
504560356
504578239
504645013
504702928
504865056
504877497
505233960
505355207
505425242
505549813
505553608
505594498
505594856
505653062
505683170
505777477
506276855
506323239
506406077
506707187
506943965
506989881
507031988
507055976
507196292
507231178
507282001
507349613
507664709
507668508
507669181
507686730
507816746
508022353
508269435
508484694
508548622
508619534
508738746
508806308
509009017
509047638
509056401
509141660
509191537
509224796
509233892
509239187
509264859
509319424
509496293
509507734
509775288
509855879
509956065
510124737
510145046
510228780
510238181
510380826
510437068
510508502
510551650
510718989
510852087
510966964
511016066
511063087
511064850
511125290
511171545
511757946
511814925
512036306
512057332
512236407
512254519
512415584
512622510
512699997
512762147
512908890
512954997
513075953
513127171
513189553
513323604
513442277
513705967
513810814
513856461
513892225
513902575
514006068
514121678
514187735
514292660
514372382
514503567
514506166
514605226
514605939
514624412
514788726
514899388
514965622
514993133
515019126
515059357
515079857
515130465
515202854
515344775
515403134
515537842
515599986
515884079
515895048
515928056
516086828
516109004
516259611
516267956
516319879
516504474
516520122
516521068
516581282
516582396
516732063
517337320
517389155
517402315
517475934
517488947
517726790
517876822
517960313
518112525
518202167
518202819
518286453
518319626
518365774
518437851
518669395
518690111
518807589
518888559
518922524
519025341
519079634
519325995
519576820
519649124
519833717
519966202
519966291
520183580
520354882
520440815
520479334
520614782
520889384
520987653
521219531
521298632
521334288
521504691
521538810
521683461
521772718
521827924
521841557
521859137
521998181
522222229
522275701
522357936
522643689
522703728
522899110
522969069
523060073
523235535
523368939
523392569
523441110
523505704
523563078
523634461
523828452
523872391
523875694
523935447
524027544
524063958
524159291
524172492
524233073
524243954
524370183
524379415
524483398
524488255
524533762
524598940
524673639
524697366
524750247
524889820
524927430
524981064
525001126
525053170
525076506
525106151
525469113
525571626
525733634
525774917
525807580
525874667
525905447
526172955
526391961
526437660
526547450
526567378
526863639
526977251
527043147
527364464
527514657
527583991
527627357
527688513
527831428
527845617
528179752
528222640
528225913
528408711
528429568
528456409
528487350
528500019
528821674
528896072
529075553
529383347
529424062
529649203
529749851
529884218
529904696
529916186
529925831
530140634
530176717
530221835
530229486
530302272
530375696
530416236
530516787
530539661
530554633
530638530
530749842
530787505
530833157
530839400
530869908
530906703
530940071
530950545
531095975
531182815
531208942
531268972
531340901
531455097
531576240
531586577
531621565
531689699
531778379
531926946
532175587
532268826
532299521
532360761
532386735
532424139
532529503
532662353
532728623
532766053
532813407
532821917
533012318
533013231
533075239
533109561
533140808
533193239
533214863
533348789
533349209
533652147
533755942
533781250
533819140
533859825
534168866
534308832
534382498
534545246
534690449
534768745
534795196
534806262
534819168
534899827
534933041
534955406
534965371
535244926
535259287
535296411
535381496
535670288
536009757
536227540
536227761
536273437
536319768
536623538
536687536
536760869
536974037
537095887
537344792
537379795
537595816
537688406
537971519
538198304
538245431
538431380
538497798
538654815
538768658
538854750
538865325
538910935
538931053
538987687
539082160
539482341
539682267
539744740
539878016
539889920
540171208
540183563
540211210
540213388
540259323
540539816
540567486
540590993
540625078
540911753
540919745
540930268
541019036
541021142
541213181
541274549
541383089
541542590
541677329
541872030
541910096
542124748
542222017
542249563
542269909
542284338
542322293
542425803
542655677
542734525
542745953
542822414
542959045
543030374
543048250
543076838
543197965
543308066
543343678
543363753
543437741
543509961
543578950
543747867
543838602
543958889
543997314
544165034
544177622
544198948
544241388
544502342
544755806
544772343
544813427
544914452
544965545
544973549
545091425
545369444
545418148
546060359
546350743
546374360
546382025
546415546
546466833
546546086
546549625
546878972
546934435
546946386
547026924
547332557
547373235
547662633
547701952
547717163
547768853
547782310
548048545
548053330
548055580
548240455
548353705
548354143
548381064
548385653
548526770
548597641
548648828
548868176
548954762
549048825
549065972
549146357
549303153
549351005
549456707
549551777
549581369
549639314
549784464
549845384
549848376
549888245
549941364
549960256
550076258
550116277
550152879
550192526
550345866
550377050
550455753
550612759
550627564
550652217
550796703
550819775
550843459
551081438
551101113
551177791
551197808
551255330
551426571
551517869
551623304
551663146
551682348
551967948
551979139
551982038
552219492
552455826
552654512
552680250
552808274
552869737
553301044
553315562
553342076
553392672
553398555
553654781
553730827
553880736
554070875
554242769
554256529
554324043
554395476
554473545
554523070
555094197
555141124
555270174
555333465
555362630
555389426
555389536
555596726
555680695
555770765
556164615
556209178
556496772
556552063
556876293
556894086
556908075
556913834
557046852
557170096
557351176
557370730
557379657
557410393
557439050
557456794
557487386
557487545
557739241
557779224
558019654
558062500
558081228
558103557
558106849
558323735
558496244
558499847
558574426
558914411
559022838
559429325
559513860
559523035
559599734
559628536
559893996
559989007
560114865
560408459
560579165
560598275
560748236
560767440
560947044
560953149
561011731
561244367
561245396
561289638
561400018
561425651
561572440
561657467
562091095
562243573
562253502
562287500
562372486
562382194
562392848
562513184
562674030
562748001
562927110
562960979
563182942
563260949
563463622
563609491
563638302
563914075
563971481
564275390
564278323
564417832
564679298
564777339
564849281
564918424
565134160
565141510
565292384
565307392
565488956
565537454
565754242
565807342
565820163
566099185
566128750
566194002
566213233
566345907
566415139
566799681
566883092
566944673
567312507
567568520
567714225
567717502
567880700
567948846
568174961
568208028
568485362
568498655
568515511
568636003
568753981
568755421
569248741
569366980
569411995
569421017
569472017
569564155
569952451
569961656
569970989
570031045
570087157
570103722
570250100
570335753
570558623
570679660
570821543
571024623
571079475
571126250
571298996
571371122
571403412
571457460
571622682
571632964
571677018
571877014
571879081
572003359
572063201
572142828
572228415
572271935
572295908
572449398
572594200
572791951
572805698
572852930
572896288
572939400
572997803
573025653
573077914
573150156
573310170
573438695
573574049
573660384
573843105
574060041
574188099
574245154
574354372
574388818
574508420
574649678
574726303
574794783
574847066
575023149
575091405
575131129
575264582
575272806
575359147
575465614
575493600
575645949
575944165
576049656
576225337
576432827
576443539
576540007
576582523
576732505
576822117
576893841
576896200
576938573
577153181
577166876
577297077
577622179
577791968
577835318
577955399
577977604
578024663
578289266
578543657
578753612
578785182
579003245
579194065
579310023
579465706
579493017
579514452
579533291
579557178
579618430
579827481
579853551
579867865
579879124
579881626
579903366
579969719
580082103
580143154
580223835
580266531
580378465
580404572
580412615
580456747
580496592
580549726
580679699
580748648
581085656
581134978
581391243
581458129
581514404
581569194
581885883
581974439
582058993
582059945
582119037
582138900
582472389
582623958
582685179
582718223
582837444
582919135
583040992
583092022
583113323
583220101
583419140
583496159
583514764
583686547
583737854
583850768
583871437
583895390
584059850
584193008
584357601
584461167
584819052
584857935
584919539
585018063
585172084
585269229
585546230
585585758
585854178
585921465
586054677
586427253
586516528
586578053
586655880
586931420
586952621
587050597
587076540
587162051
587173743
587326787
587462062
587502567
587518516
587525976
587634089
587703354
587746757
587764702
587831883
587860186
587998672
588027678
588146690
588283013
588327275
588342849
588344614
588407496
588526559
588745314
588771988
588827739
588934834
588973882
589226904
589532513
589585268
589948475
589978488
590278301
590559441
590589828
590740832
590785229
590870020
590870585
591116879
591355649
591386398
591389146
591454825
591634022
592100786
592149938
592163370
592344642
592371511
592442487
592556542
592652639
592671701
592953885
593024768
593091811
593172160
593207467
593500969
593817683
593836951
593980863
594097525
594132741
594197990
594524426
594546356
594840456
594867302
594954949
595081343
595150832
595262106
595264332
595560946
595943817
596070872
596254751
596469061
596495339
596611424
596655284
596784846
596860277
596911233
596964676
596985689
597149854
597164586
597303437
597312505
597316292
597347350
597472015
597877936
598064707
598142331
598150313
598176346
598234888
598239379
598395152
598590737
598666895
598672184
598761587
598892131
598958376
599087302
599204665
599213081
599258202
599292586
599326585
599456612
599462970
599473848
599706501
599770200
599858718
599867720
600153661
600161047
600161197
600198597
600508549
600540839
600666285
601196420
601351959
601416611
601571842
601703484
601815296
601823336
601911609
602117341
602148213
602148865
602176163
602231539
602234928
602259301
602277068
602288524
602323624
602650700
602758890
602871873
602924873
603012533
603105095
603142544
603220070
603616327
603780403
603819096
604076830
604263723
604440495
604698676
604759001
605245020
605430868
605456600
605473439
605628321
605695575
605793723
605869304
605897239
606066761
606310349
606341386
606357406
606482329
606503612
606518513
606541097
606581192
606630830
606652850
606806040
606819281
606932345
607134217
607146974
607259338
607729546
607796320
607854898
608114387
608161105
608252567
608307967
608335564
608376966
608590299
608837537
608862951
608895353
608936337
608991288
609010142
609085904
609166956
609225099
609367095
609503225
609554588
609607274
609658301
609684836
609907269
609977344
610038343
610157987
610190365
610701723
610805945
610843009
610967383
611100018
611198830
611528059
611558479
611561279
611572910
611621670
611713300
611720956
611790700
611812741
611904370
612176780
612367257
612370199
612377697
612427734
612560293
612589860
612825508
613087468
613136187
613322481
613405325
613545148
613610268
613808960
613812261
613903909
613985497
614098515
614138477
614154505
614616567
614670226
614775082
615195715
615240033
615381085
615837456
616139735
616249396
616252731
616288391
616741666
616821549
616948862
617081922
617111940
617138064
617187882
617231899
617265205
617329031
617329659
617365475
617438012
617438694
617481383
617515931
617539898
617585541
617737472
617812126
617917831
617929246
618027874
618221287
618296422
618320880
618483263
618498795
618551493
618766643
618931931
619001270
619029699
619053810
619103642
619108286
619174010
619226764
619240152
619258360
619313454
619377922
619409470
619530467
619558070
619594226
619669480
619695184
619993819
620001425
620006927
620171875
620171996
620220514
620242283
620292947
620347200
620408777
620428408
620482906
620535160
620711544
620716209
620885568
620902580
621382094
621442365
621537032
621543938
621594506
621614043
621643044
621650100
621738598
621780300
621800530
621920154
621942140
622283661
622414724
622442246
622449333
622468667
622474652
622595181
622668258
622702360
622716018
622762942
622778040
622815624
623202755
623209697
623426363
623567907
623732726
623897325
623997501
624060388
624067461
624217518
624233798
624500751
624553496
624667417
624729716
624742936
624745586
625002079
625046153
625147495
625174910
625239384
625434152
625600854
625676246
626012418
626062192
626298291
626365257
626554684
626686794
626694378
626771393
626774628
626823873
627073432
627102469
627155116
627304174
627334286
627400998
627442896
627519380
627633602
627803313
627844471
627864558
627940277
628082530
628089622
628320781
628341362
628354025
628382099
628474497
628488662
628514851
628572077
628609614
628856431
628893538
629006332
629036851
629147333
629168923
629456367
629495410
629549351
629594644
629723350
630232235
630259846
630344930
630461557
630555276
630573683
630909627
631008836
631056486
631160922
631195414
631320230
631321552
631357087
631412259
631422464
631585922
631620006
631828942
631871092
632140725
632262358
632310529
632383774
632433267
632521247
632534100
632601660
632680654
632796350
632842288
632870223
632919584
632937538
632951608
632982064
633023317
633046333
633183730
633331113
633342374
633478103
633591200
633617272
633912092
634152593
634276357
634313107
634356807
634374108
634873580
634892888
635041189
635042276
635212652
635338832
635588458
635608690
635678710
635737577
635934589
636043272
636058276
636122054
636146384
636204426
636206262
636279653
636342788
636346434
636348080
636438997
636566597
636599185
636638959
636767156
636785399
636876191
636953092
637017380
637023055
637076819
637211869
637249596
637270457
637280708
637375224
637456644
637512815
637633141
637758787
637932646
638301270
638483937
638561882
638570464
638643322
638701254
638759111
639024811
639092322
639112632
639261312
639290230
639402729
639484103
639695932
639892698
639993934
640155319
640186028
640337008
640473791
640480810
640502382
640837228
640878314
640881699
640943486
641087117
641135439
641379181
641414787
641437575
641711424
641744380
641846323
641886807
641934019
642071826
642333659
642335322
642340519
642350005
642388827
642587682
642602056
642648657
642689103
642890701
642946094
642978199
642979389
643066576
643083641
643224256
643349279
643456074
643470112
643595109
643633995
643692164
643734686
643897315
643936416
643964292
644063993
644169390
644184559
644195808
644197329
644352908
644418134
644435577
644634180
644666480
644702053
644802904
644860933
644861848
644944570
645049168
645087280
645101687
645128040
645195383
645222892
645262102
645333062
645343748
645424446
645475339
646024176
646036562
646071178
646096325
646128581
646178639
646205734
646292657
646315688
646328396
646332073
646554459
646733568
646763915
646883921
647118922
647135833
647139076
647264537
647732989
647765004
647819978
647888535
648157183
648208892
648417894
648436324
648626265
648656752
648739805
648943558
649032068
649135598
649235671
649548349
649677520
649680088
649683182
649723963
649849431
649938674
650187776
650195562
650267526
650360650
650370748
650392304
650457036
650558351
650598399
650609891
650734311
650872511
650974406
650993677
651031732
651282427
651556343
651577107
652514188
652571621
652680654
652896605
652944579
652944960
652989582
653116052
653309130
653384329
653553662
653558608
653593926
653599307
653644928
653737113
653759784
653927897
653984702
654091847
654115493
654507691
654540015
654647072
654677958
654782440
654817558
654883901
654884307
654984772
655069319
655158874
655205845
655218153
655302160
655743570
655853381
655853459
655982269
656026920
656045265
656058463
656211757
656243232
656322483
656334655
656447619
656545326
656663451
656973521
657213105
657578935
657696008
657967534
657988460
658265972
658327333
658430934
658449678
658517551
658625178
658666973
658808326
658887508
659010758
659043430
659141305
659148796
659180377
659301858
659391071
659431085
659633742
659870696
659873989
659909353
660090965
660272713
660419283
660481103
660857055
660986974
661068684
661144471
661228903
661554994
661632089
661747120
662068736
662081690
662325453
662570904
662719240
663386488
663388728
663497163
663585338
663664306
663727089
663770921
663773726
663998848
664032530
664243789
664322205
664350475
664509932
664538623
664549273
664692893
664798589
664925868
665017587
665041834
665208184
665320529
665401449
665595886
665619926
665663227
665714417
665757904
665809819
665833914
665898714
666005794
666029864
666050583
666133262
666136193
666165794
666168996
666188384
666311979
666313977
666471709
666502683
666507101
666635738
667015640
667130300
667199312
667212212
667428367
667449404
667555139
667646863
667662553
667682021
667691212
667734118
667805176
667956355
668240308
668421947
668425129
668482802
668577211
668663372
668701697
668744049
668763673
668999859
669049998
669072049
669148390
669242494
669266107
669270161
669312961
669439710
669546754
669600284
669607634
669727879
669842672
669860311
669897532
669949981
670039149
670084224
670348873
670395866
670494710
670597033
670753087
670810702
670828706
670888834
670938506
670965391
671192077
671267236
671316825
671351705
671431311
671490925
671532615
671568581
671646209
671985977
672020892
672086561
672402861
672605150
672608594
672743071
672751403
672845291
673333910
673421737
673441897
673482461
673557774
673620911
673622938
673789581
674081746
674316561
674432413
674583765
674615061
674647133
674649698
674690099
674741931
674744308
674845405
674978935
675271409
675568262
675729370
675756040
675829247
676070688
676089483
676109702
676255771
676319374
676447263
676510005
676688825
676815200
676837474
676911387
676918231
676988127
677099826
677100888
677173270
677335408
677347482
677444537
677500648
677536510
677753101
677811166
677986460
678032853
678044682
678137434
678522725
678605341
678655594
678829240
679211148
679481302
679696343
679706962
679770585
679890388
679892838
680022957
680042104
680047669
680250469
680359906
680371402
680436273
680523313
681168385
681390996
681622403
681622698
681633226
681681083
681819526
681881772
682000450
682053204
682096602
682398290
682680609
682799918
682816975
682890265
683037634
683162366
683368075
683485677
683593040
683637531
683755660
683942998
684312123
684329494
684719655
684725048
684749028
684752758
684811356
684829003
685048399
685103499
685145873
685279563
685398922
685441358
685594815
685692196
685714332
685757702
685808342
686056094
686179337
686191616
686195440
686274018
686289502
686362277
686404679
686423000
686545582
686701227
686755443
686779268
686813017
686830049
686834956
686856229
686888138
686894830
686974052
687045289
687123570
687148250
687239120
687301250
687380778
687444287
687460755
687461914
687468859
687530136
687646791
687679240
688183571
688384211
688542738
688744913
688745671
688848489
689080796
689199157
689232628
689279109
689527861
689531228
689536375
689591207
689694536
689788744
689809990
690216033
690380009
690716831
690732958
691038352
691090723
691149336
691341583
691369595
691447909
691601444
691845600
691906657
691923729
692026725
692079394
692116226
692254314
692337005
692407639
692664074
692762015
692850551
692869801
692948208
692959107
692985797
693088682
693130491
693269784
693332079
693418130
693494651
693773790
693933454
693966648
694046049
694057016
694203517
694230196
694357545
694376765
694454491
694561356
694571667
694572536
694643295
694691782
694803346
694948558
695081092
695135811
695184123
695313567
695335827
695401929
695444352
695494014
695497141
695663002
695724593
695929730
696045401
696091923
696152202
696605742
696879525
697051231
697128340
697367855
697407264
697449857
697491226
697521444
697570149
697607612
697759835
697803142
697806662
697840851
697989655
698033795
698057608
698073048
698318402
698429403
698463464
698466354
698545216
698719077
698752946
698931969
699098512
699287788
699333037
699516356
699637876
699737472
699838443
699843742
699877205
699968691
700067740
700113002
700184387
700294906
700354240
700612198
700689183
700742569
700842947
701068506
701152487
701169358
701306447
701436630
701439546
701556094
701602922
701642299
701653288
701755260
701843574
701910974
702218912
702361399
702393127
702522740
702642110
702654142
702664340
702938493
703066789
703092623
703303921
703391665
703485026
703515625
703807353
703850820
703874485
704032380
704246197
704302178
704317582
704499800
704555671
704595859
704634379
704650762
704734782
704831878
704885186
704939909
705109386
705145960
705248108
705263505
705296919
705535533
705729858
705749627
706149779
706160373
706182871
706299463
706342565
706403832
706462670
706705767
706846006
707043153
707159334
707189819
707427358
707509064
707526449
707599537
707857994
708113514
708131037
708244153
708589262
708612500
708700210
708919106
709024487
709071023
709094499
709621444
709795647
709856866
710021400
710072259
710260252
710866080
711024494
711090540
711278825
711319063
711387631
711496731
711626456
711657727
711675571
711860121
712062552
712127483
712225169
712435166
712447594
712550938
712562741
712666203
712758255
713167705
713318607
713504713
713558141
713652149
713794774
713849921
713923723
714014214
714159054
714224981
714400492
714400585
714645455
714821162
715015039
715122354
715300763
715414385
715557978
715584727
715715109
715907899
715912345
716174610
716349766
716613276
717027013
717178485
717329959
717399203
717548457
717601471
717654278
717654371
717820755
717852367
717941252
717993444
718107320
718217732
718263139
718417782
718485125
718510527
718522227
718799283
718834519
719129774
719229915
719262124
719386141
719461298
719506510
719618789
719718353
719961040
720117506
720158097
720411511
720467776
720470655
720544961
720588140
720768343
720842440
720977338
720988998
721064457
721105929
721317312
721401337
721625047
721680476
721723747
721773289
721912706
721958421
722049099
722088367
722182832
722193726
722226351
722401428
722489706
722556947
722613894
722676047
723014503
723097262
723311239
723482501
723522393
723532855
723542982
723600786
723644458
723970074
723973350
724046821
724065109
724196610
724327057
724332423
724383571
724526325
724737477
724738226
724783686
724844594
724893299
724990212
725088987
725192776
725228195
725264883
725378479
725428172
725486315
725558579
725614129
725720345
725810032
725843786
725849432
725898130
725978340
726038175
726116025
726136015
726162381
726313407
726345589
726438597
726546749
726737795
726820103
727060873
727065687
727387270
727449784
727571246
727805624
727825704
727896138
727972471
728002502
728053684
728136195
728160580
728161284
728275706
728390942
728395670
728420448
728499221
728524447
728618906
728684353
728745429
728748853
728878400
729105925
729125086
729193165
729212271
729413446
729430489
729462569
729469674
729496962
729503156
729580695
729700310
729717104
729720680
730166293
730295970
730395147
730465442
730563346
730627420
730628035
730677071
730833162
731221867
731274786
731455817
731551262
731794140
732109757
732178074
732183982
732196651
732249386
732282805
732289714
732540217
732985497
732994985
733034030
733180574
733446535
733472245
734082637
734112076
734132551
734182239
734195644
734200495
734202215
734324379
734337611
734354303
734542781
734551836
734624577
734947723
734955519
735022624
735073688
735082438
735226798
735330010
735476293
735884450
736176877
736241364
736262250
736426239
736558053
736970497
736972271
736986821
737040623
737095378
737129247
737186143
737223730
737231449
737366435
737561396
737766811
737811664
737861363
737948761
738142815
738157482
738222726
738258634
738409386
738487498
738727053
738770702
738867775
739007033
739021555
739103474
739151100
739368179
739562560
739586884
739732591
740155304
740263201
740279364
740328144
740450758
740500903
740530550
740715269
740731049
741096342
741292643
741306037
741312636
741487350
741496474
741534175
741698818
741782844
741814340
742112175
742141544
742336738
742416963
742448241
742461438
742699471
742920110
743002840
743064593
743065266
743075573
743089434
743195112
743337455
743345506
743416971
743520486
743555796
743631099
743647452
743673018
743812942
744177309
744504371
744605656
744968920
744977711
745029882
745062006
745271104
745296787
745389456
745449959
745675863
745693052
746143808
746268485
746307463
746338495
746339410
746396842
746564725
746643734
746867701
747211955
747265409
747389201
747453996
747504762
747614543
747684615
747689767
747850090
748190617
748240720
748254393
748272790
748473783
748771289
748804023
748859830
749084463
749107090
749160412
749425861
749534950
749709770
749751081
749821227
749978688
750024212
750048077
750062305
750436050
750625611
750808670
750833578
750887405
750906983
751025257
751072384
751185605
751384306
751399586
751403102
751406694
751445285
751466132
751494524
751564172
751666282
751670957
751699390
751813053
751857234
752100642
752128735
752145821
752152137
752208146
752302179
752495415
752509664
752539724
752691742
752777829
752807810
752821789
752880449
752889339
753079497
753186522
753200175
753526694
753593536
753634857
753672356
753765990
753779427
753799917
754015310
754078666
754192230
754397287
754473008
754827292
755273371
755290278
755324179
755374674
755380192
755399286
755740199
755817406
755892518
755992241
756015452
756229828
756271108
756306721
756404941
756405593
756419939
756430106
756726540
756765084
757016416
757042713
757107972
757393705
757514532
757543084
757579080
757597698
757707921
757799281
757825626
757980413
758172347
758201362
758374565
758510874
758527392
758581343
758842563
758881150
758896437
758992993
759302908
759392487
759490124
759502417
759547792
759580873
759633940
759844198
759863930
759998079
760106063
760169467
760218288
760627908
760775436
760876732
760922629
761026245
761048755
761166154
761172687
761366617
761417418
761451525
761543929
761564290
761948411
762032375
762044300
762321068
762361276
762472973
762528525
762602708
762640685
762646211
762752222
762767268
762807362
762925288
762991794
763184944
763333392
763601619
763716235
763719997
763892561
763935332
764004763
764143726
764164194
764335123
764345936
764361866
764427543
764443885
764448062
764477870
764676449
764741579
764776018
764926101
764975316
765211510
765338259
765533654
765642696
765967106
766394429
766414156
766438730
766448087
766458382
766509297
766698221
766798457
767085090
767262111
767312526
767410788
767665249
767694077
767745992
767882869
768011365
768027275
768097869
768125255
768247971
768268490
768372436
768447942
768481253
768514213
768556497
768580711
768654856
768718500
768787447
768846863
768981852
769006181
769102412
769147089
769180765
769320059
769345081
769370416
769667046
769713434
769798818
769849804
770041648
770280886
770375000
770469511
770625405
770859943
770898211
770909646
770968510
771020396
771062941
771111000
771146421
771332951
771340414
771387747
771391660
771455288
771490898
771527294
771699170
771785133
771849169
772013559
772143111
772153124
772188105
772260577
772356907
772400568
772442064
772455846
772573758
772645144
772694191
772797227
772852445
772891943
773055370
773099778
773111558
773246596
773269682
773289462
773350033
773406815
773541248
773592335
773592377
773679212
773887585
773896640
773950857
773959729
773977966
774264578
774308194
774625156
774816095
774865603
774897862
774965467
774992422
775108660
775156171
775157109
775256413
775263395
775681368
775717080
775783004
775783710
775815318
775873740
776086937
776407215
776429331
776561634
776709506
776720706
776810545
776818198
776850592
776882258
777028141
777157287
777299316
777339935
777351132
777379533
777448866
777507533
777561836
777644833
777667278
777697695
777765253
777795438
777856553
778307224
778312551
778319538
778342669
778483038
778487382
778566138
778879875
779090748
779255682
779267981
779450891
779509584
779708106
779795239
779796286
780019753
780172933
780216204
780304218
780431323
780579197
780916503
781051842
781085534
781108081
781227175
781424845
781575283
781666483
781690125
781739250
781856326
781879146
781924006
782002008
782140585
782282232
782297431
782359376
782699608
782817077
782840784
782924452
782999743
783026718
783052173
783087477
783160430
783173202
783289068
783332003
783435481
783642181
783792154
783792454
783834552
783872993
783990261
784051472
784104689
784134788
784467306
784493169
784566965
784813685
784909468
785087158
785215736
785251022
785336327
785401928
785403767
785473772
785484017
785503811
785742329
785858230
785912842
786207971
786356000
786497215
786561714
786680584
786813557
787065466
787171687
787287334
787423818
787508962
787682852
787730174
787750228
788071354
788179123
788256711
788425457
788553154
788568354
788582597
788587518
788671459
788885488
789126266
789149536
789311341
789334369
789352455
789465230
789476177
789537139
789585935
789764858
789886696
789907313
790097095
790129345
790146343
790199992
790205515
790301229
790309547
790350580
790351197
790717172
790726981
790776542
791182626
791286646
791446242
791478448
791484444
791549715
791900242
792141898
792170014
792264175
792339421
792537996
792724196
792848599
792865439
793314379
793474968
793522466
793549258
793660058
793735934
793831512
794155092
794287768
794457473
794706909
794877126
794889878
795103338
795465770
795512986
795526497
795567873
795620392
795672320
795728109
795766636
795799542
796036631
796173728
796185222
796275711
796329974
796464336
796510007
796798486
796891084
797080460
797096223
797125258
797141184
797288373
797495258
797588284
797601799
797630287
797763503
797806995
797879621
797992548
798098821
798133943
798550357
798629087
798655277
798670200
798675221
798716933
799191625
799221018
799276175
799445058
799529419
799746292
799763231
799896419
799998858
800161028
800282659
800461406
800462391
800508397
800752851
800758354
800761158
800818107
800893643
801052381
801215389
801257372
801267245
801279924
801312404
801398618
801435228
801672432
801702537
801902831
801943953
801962946
802124877
802427554
802481012
802602647
802615506
802755410
802762395
803007180
803135886
803250407
803353613
803410522
803748235
803798454
803953272
803967659
803978622
804202552
804249978
804250389
804323050
804535372
804625534
805128882
805268239
805336634
805338056
805468611
805511372
805632101
805763236
805912112
805962046
806245304
806299982
806541339
806550506
806613141
806700769
806706074
806863289
806997652
807181409
807236789
807258171
807280662
807315330
807415816
807461718
807614951
807689472
807710844
807751995
807774071
807820300
807993158
808240006
808405356
808417871
808868874
808916764
809125847
809279846
809356149
809387659
809407172
809412561
809615916
809747612
809827727
809848468
809928092
809994462
810087543
810103018
810179175
810261652
810347472
810595349
810643713
810799873
810807510
810848739
811101094
811120008
811136626
811226562
811231793
811320356
811394601
811418512
811590670
811742859
811753583
811755498
811980419
812036871
812113201
812372344
812621401
812658039
812687421
812740859
812825934
812829312
812863090
812872447
812909747
812994102
813155872
813316859
813417008
813479460
813590380
813604300
813658380
813760752
813912621
813962000
814118933
814308889
814485495
814504803
814719748
814817201
814880054
815052762
815053319
815262468
815280538
815377454
815526172
815595335
815616537
815674034
815807187
815844471
815926964
815954849
816218212
816234882
816431510
816629360
816665862
816723868
816770305
816838919
816861114
817042715
817145027
817341134
817426962
817482720
817655233
817747623
817915871
818006609
818071252
818141029
818280541
818426599
818430538
818457052
818589560
818672516
818761700
818859160
818880471
819024343
819121718
819312652
819346305
819366457
819406272
819409092
819416565
819505337
819574328
819652799
819944040
820406387
820494423
820538416
820565477
820586189
820643517
820735033
820752387
820830852
820952976
820984978
821073274
821082781
821086257
821101080
821218832
821304729
821564011
821654175
821674238
821829368
821998101
822000023
822176918
822201467
822364042
822516650
822629411
822633334
822730165
822838878
822843119
822856594
822877702
822932699
822949950
823009852
823021179
823044805
823079580
823383682
823512512
823586493
823665532
823994058
824016921
824117470
824197220
824292432
824382929
824405650
824429644
824591719
824612084
824658556
824677081
824690943
824733797
824856585
825044214
825054139
825079657
825105879
825247369
825249272
825256618
825313701
825330776
825355127
825365255
825452337
825502865
825546235
825802130
825859553
825878662
825897905
826253122
826311182
826343636
826368682
826394572
826494282
826544659
826637058
826654240
826686013
826781188
826868955
826911040
826996571
827007758
827054098
827167726
827184052
827306724
827386738
827578557
827778383
828030887
828035778
828123489
828184465
828186610
828191936
828300549
828673865
828679310
828819622
828951548
828992939
829030663
829193319
829450631
829492276
829536201
829556303
829569195
829640337
829681003
829763048
829849191
829936811
830163355
830214153
830361911
830470389
830597008
830913841
830982739
830997564
831051397
831069989
831142488
831371539
831393363
831683777
831712642
831751134
831858340
831980314
832086057
832401831
832424592
832454042
832566027
832643134
832658695
832728216
832750259
832988205
833106707
833256644
833307981
833309163
833445443
833507583
833637314
833718132
833852260
833875484
834167207
834198334
834352878
834386783
834436964
834468740
834485330
834637350
834659514
834731536
834909570
834985772
835034916
835078109
835125249
835469053
835864278
835906468
835927327
835935359
836375672
836460517
836554296
836823683
836839431
836841662
836860772
836965440
837051834
837173898
837226375
837436602
837533794
837567136
837734018
837855571
837872565
837981187
838023489
838084812
838357643
838379234
838390598
838593023
838596200
838724883
838954366
839118540
839119116
839165607
839203758
839353195
839559289
839610250
839620403
839788331
839824028
839829313
839950109
839977759
840089412
840193837
840316805
840325514
840428874
840529307
840868708
840937941
840940446
840945084
841035471
841151107
841233575
841263488
841285962
841358531
841405028
841412872
841427104
841557939
841638903
841664053
841693171
841759059
841889277
841960362
842012460
842096358
842168125
842366702
842429151
842481306
842535663
842658437
843418619
843424476
843485786
843725932
843840348
843876864
843883395
843928002
843934788
843963798
843984982
844038313
844063471
844136077
844215491
844259463
844295836
844552646
844580309
844581662
844962606
845004124
845056601
845082946
845086270
845097774
845134463
845196416
845443377
845505255
845563840
845633894
845637349
845710937
845849927
845876678
845963804
846231092
846420004
846615977
846683018
846752279
846753683
846851311
846886285
846953320
846954883
847014184
847023456
847108183
847257591
847291058
847383392
847385504
847495653
847578425
847785657
847812438
847901395
847971370
847998841
848096161
848128889
848226355
848514461
848588953
848756359
848799931
848971828
849021112
849035754
849073337
849129353
849153824
849180830
849238628
849433994
849647733
849703045
849709883
849733144
849827248
849849928
849861175
849920004
850071494
850116006
850195805
850219352
850222620
850311098
850440052
850473193
850585191
850608793
850666606
850687562
850861376
851077895
851082251
851202031
851228885
851255804
851297534
851519536
851830081
851985679
852065467
852092127
852294514
852306868
852351651
852488068
852525119
852616883
853101063
853158818
853164327
853413889
853920024
853963364
854088521
854212619
854322478
854478211
854521411
854531431
854573112
854600232
854642742
854866699
854921467
855040969
855232521
855315857
855347490
855389158
855417406
855723705
855837184
855902349
856211878
856242088
856242275
856313188
856398363
856554899
856657508
856663478
856735477
856843663
856875887
857277508
857394222
857453764
857486243
857516344
857607870
857613681
857638864
857674008
857709392
857756239
857883700
858245351
858268522
858296845
858413340
858416194
858701674
858764035
858792492
859240160
859251259
859260718
859342418
859387607
859510717
859581336
859659469
859785288
859836047
859903731
859940747
859988455
860094260
860120368
860150924
860211766
860516927
860699130
860760209
860877201
861163936
861482247
861724772
861777954
861800240
861830251
861954421
861985149
862074922
862130552
862287942
862359163
862508895
862562723
862683453
862993600
863019285
863237961
863259006
863396593
863532874
863590996
863789788
863846212
863848412
863947795
863960196
864165930
864214722
864240345
864403670
864536602
864586011
864687761
864841974
865276019
865311786
865365429
865496824
865646450
865653675
865674069
865706807
865717869
865770634
866002082
866059736
866143702
866261838
866291148
866301951
866544954
866660600
866736385
866757896
866897371
866910559
866982256
867259318
867341629
867493191
867493703
867555677
867567458
867686043
867756769
867766582
867799761
868078303
868143175
868385007
868424011
868483067
868552957
868687349
868798490
868955255
869194855
869214410
869296217
869488269
869630097
869650781
869763821
869994097
869999575
870331426
870413503
870429059
870467742
870715996
870718796
870828495
870980069
871049763
871169612
871298343
871359643
871375507
871387549
871421325
871907698
872030784
872141649
872166389
872477413
872588430
872607060
872661431
872706905
873177932
873180633
873212735
873221242
873417188
873695186
873737891
873777797
873822160
873955548
874092282
874896598
874954272
875081117
875135725
875276209
875345366
875442181
875487840
875492140
875495957
875504194
875557601
875606122
875636444
875681769
875793211
875801817
875854351
876412451
876532738
876616550
876716499
876723826
877098590
877185432
877376868
877413731
877473049
877497898
877678918
877767989
877773371
877779843
877808873
877953014
878004108
878039158
878079151
878105322
878141066
878160479
878259885
878282847
878366254
878580135
878692735
878762359
878882959
879023047
879145454
879291360
879472164
879607996
879677055
880100759
880241406
880279221
880444741
880502419
880596196
880669793
880714480
880739932
880776150
880982254
881028368
881092953
881174567
881344840
881351969
881357759
881530495
881576126
881587826
881636784
881773492
881857990
881867198
881907715
882018172
882026810
882126088
882497811
882605688
882643534
882666009
882668162
882671702
882682073
882741742
882746315
882751239
882793067
882855912
882877926
882928819
882977187
883063165
883185421
883374935
883517287
883719850
883908963
883966820
884213672
884244978
884420814
884651609
884687462
884859235
884888319
884897818
884938443
884958869
885105901
885169010
885313412
885437374
885472969
885476606
885611423
885702022
885859746
885924776
885964889
885996155
886152502
886158688
886410027
886437554
886455469
886629777
886646645
886694685
886697564
886746931
886862391
886913778
886956146
887000792
887086411
887275139
887323997
887329093
887411398
887430366
887593603
887621428
887672683
887732020
887840178
887881423
887942997
888017319
888178113
888191620
888290105
888337051
888356183
888422263
888470066
888704208
888770562
888775318
889015102
889089046
889093584
889159113
889170335
889205405
889369732
889388211
889475132
889617688
889859095
890100290
890419442
890492238
890544974
890724168
890809666
890977671
891015032
891152183
891401306
891426969
891428155
891428826
891525471
891551659
891926986
891966348
891989282
892041957
892061439
892111374
892200939
892333608
892392083
892592882
892700007
892731769
892810970
892882239
892884526
892896906
893056518
893249573
893251981
893617342
893658785
893810489
893971942
894249620
894313748
894314644
894361925
894387762
894428894
894462710
894604609
894610554
894663874
894683260
894964369
895198707
895268610
895459774
895499380
895550913
895652970
895813248
895842974
896308354
896602487
896636926
896672576
897178279
897381440
897427523
897516527
897558477
897678693
897910555
897916594
897920300
897963506
898030847
898035685
898097194
898262751
898307672
898403503
898507826
898599354
898692291
898794360
898878746
898886664
898893188
898899840
899033679
899057483
899100471
899186740
899437744
899487750
899520136
899879552
899957543
900104848
900135741
900148778
900175745
900190665
900199744
900213145
900225584
900280192
900283387
900355587
900369888
900488665
900682000
900728253
900920247
900947181
901132508
901377858
901403101
901430760
901480128
901486959
901525995
901640967
901825083
901835967
901850492
901966993
902328270
902597060
902648227
902669090
902859209
902890081
902912564
902978006
903079057
903140645
903166202
903175048
903216955
903329707
903339161
903390286
903750449
903769722
903793338
903917808
903984323
904091908
904134030
904171620
904256221
904376632
904465739
904608106
904672970
904837684
904848297
904854420
904902144
905143105
905210948
905363688
905491882
905608567
905786898
905979726
906010140
906020915
906024601
906030567
906124379
906148777
906158029
906190804
906218334
906276202
906279536
906346273
906376874
906567761
906645783
906675863
906738724
906748550
906804305
906905387
906988557
907150130
907273043
907329083
907419936
907857047
907865164
908035651
908054612
908093401
908302091
908381554
908401163
908758039
908852674
909017017
909160048
909476630
909525603
909637493
909662758
909919932
910004937
910107740
910166687
910189562
910201770
910339496
910370478
910376940
910742593
910915596
911070543
911382439
911385297
911386959
911388062
911399344
911429639
911459404
911540869
911598638
911599788
911640713
911700374
911788943
911813571
911860941
911933062
911961546
911999899
912006613
912334194
912427323
912440316
912459821
912486327
912748150
913033099
913035122
913249454
913264283
913298806
913317275
913361985
913517865
913563575
913660525
913731199
914110986
914442941
914516805
915069598
915236701
915345312
915405312
915681489
915727223
915812450
916103964
916134283
916283533
916302034
916355655
916362271
916427307
916477043
916626927
916661006
916938034
916996711
916998557
917272478
917320598
917387879
917796114
917798819
917834130
917835258
918192506
918286099
918374625
918406850
918426711
918523259
918543379
918584951
918755349
918994638
919004622
919048849
919157329
919211251
919462340
919569906
919638574
919657843
919676123
920065184
920103874
920154988
920189270
920333125
920466773
920678240
920756006
920827262
920944290
921237922
921499528
921526544
921600256
921663854
921720904
921769399
922085317
922112131
922234386
922367715
922370440
922673454
922762970
922933136
923147245
923362644
923647563
924001486
924086081
924481197
924518535
924551733
924589970
924762169
924811104
924844812
925058652
925080235
925241834
925255022
925313972
925374361
925375529
925387705
925390148
925589947
925600627
925640782
925865251
926127402
926232162
926327218
926362319
926552946
926647570
926810945
926979496
927092893
927397570
927417573
927765702
928103413
928217411
928330430
928400321
928456645
928731386
928772559
929095329
929386492
929587801
929638815
929803906
929931900
930102806
930132710
930179521
930286108
930398784
930441424
930560245
930638010
930660674
930725429
931089130
931190969
931333835
931492013
931679453
931754340
931823294
931840685
931868421
931923475
932017245
932180965
932299227
932371279
932428920
932479220
932554756
932588776
932645843
932989037
932998708
933007103
933073802
933106070
933318070
933391653
933435691
933502419
933691754
933753673
933776790
933848433
934019351
934025376
934075980
934267062
934301800
934593511
934629952
934645141
934819350
934839209
934970123
935052392
935191454
935445478
935525304
935651126
935736604
935752836
935948744
936007123
936236782
936353343
936422800
936470429
936588383
936714802
936882990
937247162
937301238
937442314
937504662
937570036
937657186
937676214
937681862
937770668
937806683
937821750
937872530
937902280
937986505
938013085
938174366
938382345
938477200
938539978
938606531
938627891
939195409
939211291
939314801
939496784
939524879
939563368
939648121
939745510
939748637
939840421
939841786
939896029
940000251
940016324
940057710
940155721
940215458
940424092
940564817
940574493
940599411
940624353
940633822
940708893
940905607
940915463
941103426
941111321
941154117
941188507
941189159
941194613
941222842
941252207
941271908
941294659
941331785
941409803
941551426
941679147
942023420
942075783
942193081
942265579
942318161
942348881
942430534
942485940
942491465
942585472
942880609
942885259
943029031
943549804
943588263
943920985
944210698
944282762
944331823
944386326
944568999
944734148
944817278
944877627
945172230
945221006
945264677
945267122
945398839
945540986
945544801
945729906
945985961
946026358
946035726
946095619
946216744
946512743
946565379
946579612
946602447
946637996
946670239
946796628
946865978
946881548
946913620
947053663
947054010
947110714
947436242
947537991
947682807
947862146
947866290
947948842
948150542
948221500
948315948
948371984
948412974
948462895
948606977
948730924
948770720
948801145
948809056
948849324
948868986
949070406
949115344
949202937
949502645
949881675
949958984
949965728
949985959
950095167
950190729
950268526
950406888
950495488
950542387
950576082
950632588
950668699
950740349
950760705
950800154
950873727
951191667
951237654
951258532
951276547
951313379
951333214
951402812
951441991
951531085
951588677
951649354
952414604
952484801
952513376
952521190
952570154
952584964
952677228
953233137
953367297
953551257
953597424
953643571
953693580
953825718
953830524
953846889
953918790
953966842
954096907
954251512
954268299
954300855
954301849
954410505
954538353
954538536
954735543
954751655
954822648
954943149
955102819
955106196
955162469
955247252
955431249
955486144
955548762
955571760
955661644
955724734
955834831
955912625
955914734
955952720
956026449
956069195
956205728
956245027
956285603
956405856
956429156
956754896
957108393
957163801
957292426
957316603
957343819
957642863
957986900
958220840
958351730
958383868
958432966
958503667
958508581
958756698
958928582
959043357
959127741
959387442
959404882
959507207
959550133
960011848
960089868
960131807
960252705
960284011
960293996
960299395
960407648
960430727
960508782
960645521
960813998
960864148
960963188
961165031
961193568
961209830
961291385
961369541
961544380
961572838
961648333
961747625
961960805
961972609
961978292
962001762
962201567
962306012
962406314
962436027
962477863
962487421
962520665
962657507
962717410
962859940
962929588
963067321
963332550
963350602
963375532
963417200
963504518
963814832
963841464
963928574
964177793
964202979
964207113
964236402
964559580
964688837
964822660
964868397
965058975
965274389
965343356
965437674
965496535
965646447
965950502
966049743
966193614
966200457
966282514
966338887
966459766
966493011
966572126
966724951
966842100
966855150
966901480
966903957
966943550
966945282
966957806
967004368
967070074
967133117
967234931
967243600
967342683
967352601
967357897
967404211
967558275
967818696
968132104
968167596
968194700
968414735
968499240
968509020
968556985
968679014
968859158
968917390
968963234
969102668
969142211
969397857
969621375
969624955
969672924
969713242
969885723
969986249
970149311
970238019
970351212
970582812
970726524
970939646
970941481
971135072
971163042
971431908
971592190
971594646
971734284
971762915
971916498
972041454
972194728
972238605
972746333
972776843
972857308
972936236
973006432
973053309
973084822
973263075
973336489
973345653
973352557
973369376
973508842
973608873
973715080
973822039
973841259
973925597
974310912
974321364
974540182
974577488
974706569
974755560
974770482
974966354
975031149
975032497
975067554
975073537
975234586
975349236
975456504
975631215
975653133
975754835
975854687
976131829
976176975
976246769
976311752
976665641
976774670
976845935
976867226
976903713
977134487
977239750
977446578
977473365
977485095
977549030
977555210
977619153
977667860
977691357
977800802
977945530
978012485
978024243
978130294
978190136
978259614
978372513
978415090
978442577
978526498
978592731
978752409
978828395
979091174
979173348
979177692
979260506
979500053
979609661
979651724
979718599
979738586
979758771
979978608
980038022
980081034
980230302
980573509
980594884
980650675
980699648
980705996
980748661
980904479
980966651
981051881
981203374
981248977
981369974
981521265
981557176
981694034
981803965
981927404
982006750
982018051
982089640
982141771
982281365
982367815
982383663
982447606
982457179
982512563
982581270
982811420
982981392
983021998
983536243
983627658
983756674
983775131
983779413
983862006
983920211
984193581
984299395
984457942
984560426
984589929
984913436
984966958
985071703
985134391
985292300
985473021
985639160
985662906
985684565
985685436
985817375
985825590
985878211
985899602
985991213
986101139
986187728
986207440
986508214
986583960
986697642
986778366
986798551
986983037
987002029
987131104
987164801
987178186
987288949
987333881
987504647
987517345
987519637
987554734
987580070
987663285
987704095
987966944
988064799
988243343
988256352
988365237
988391861
988427947
988541783
988595667
988660806
988833241
989030090
989198645
989207455
989341848
989597604
989625991
989650558
989683402
989704826
989768101
989929378
989945637
990048423
990504929
990581293
990708617
990900302
990941814
990943918
991034583
991074486
991099721
991163984
991267880
991277776
991434568
991554438
991558589
991691860
991778420
991801400
991935956
991959198
992014746
992146963
992252058
992565223
992728449
992748183
992809516
992841428
992852408
992865294
992894947
992921405
992924588
992974265
992991390
993012244
993130771
993184743
993229448
993284446
993340309
993350627
993387036
993388112
993441914
993582974
993590213
993720048
993783032
993851201
994042667
994177916
994188287
994330077
994455305
994635725
994691098
995117760
995483410
995649386
995675093
995827182
995851097
996013250
996239254
996285379
996319630
996338937
996363776
996462412
996462555
996471270
996590800
996611003
997130794
997226691
997390095
997422454
997506306
997534049
997690414
997709892
997717535
997797826
998003755
998069105
998111393
998183433
998243811
998304379
998714600
998789485
998847818
998849987
998911430
998986838
999071279
999091977
999586146
999729432
999758858
999819869
999868679
999894250
999919343
