11053
46912
209191
298749
309710
368807
380869
526401
555889
601876
603723
894737
1061324
1107432
1125806
1142286
1253962
1330568
1384947
1495027
1499382
1600064
1684716
1993918
2187936
2202299
2355079
2455045
2466672
2503422
2632092
2683777
2848038
2900544
3155446
3331623
3419864
3558506
3701924
3716872
3732060
4161389
4168745
4194597
4535587
4723571
4811950
4818462
4841437
4844208
4869666
4877784
4882583
5143265
5211048
5310404
5362323
5397424
5530170
5636501
5970511
6100878
6119488
6236527
6387582
6459709
6551106
6643025
6780407
6948433
6966182
7344432
7437772
7473824
7538023
7540554
7766116
7794253
7810061
7811069
8005884
8251727
8266810
8477380
8581920
8606092
8666474
8864027
9106338
9114265
9128836
9252610
9274170
9297704
9361291
9392300
9400356
9441609
9544285
9588826
9779203
9795569
9871929
9889190
9903683
9985012
10077352
10423804
10497058
10576714
10630647
10723385
10780583
10873023
10941155
10978585
11005338
11017924
11190697
11267719
11350559
11596421
11676923
11712056
11753964
12099043
12101110
12124458
12159372
12368204
12373432
12480612
12487666
12642328
13124381
13253120
13350107
13384913
13545037
13556239
13814168
13921624
13981997
14035539
14462442
14602714
14641475
14888403
15033655
15107415
15235073
15252451
15266591
15360618
15387266
15414982
15432278
16046942
16060437
16186694
16289429
16296070
16510196
16989618
17026357
17432413
17446929
17518938
17608207
17663853
17762419
17797375
17831328
17927025
18032105
18105096
18165923
18341816
18349574
18484971
18499963
18628595
18808146
18996247
19119029
19147512
19299012
19301380
19327180
19401919
19511379
19529774
19531470
19565577
19698315
19845939
19846540
19910238
19926261
20202375
20315841
20366596
20561389
20594346
20623074
20679207
20740754
20778627
20820713
21024609
21108315
21204673
21207396
21263433
21445458
21512511
21551301
21630252
21705454
21778583
21838259
21869907
21883342
22033340
22326629
22440682
22492156
22562611
22653952
22696777
22733741
22766676
22934141
22963662
23110319
23700150
23709856
23876743
23963013
24059925
24417686
24418793
24454088
24738064
25105598
25182063
25232638
25396464
25401489
25450715
25480183
25492081
25580262
25912982
25955797
26219135
26272107
26278001
26432690
26475259
26534996
26723586
26737135
27174124
27692656
27718995
27788388
28184030
28215036
28220951
28234296
28275482
28394554
28439545
28522657
28753124
28819835
28868366
29114975
29148040
29149152
29159634
29238230
29372219
29561765
29703068
29707710
29905549
29953713
30000789
30103909
30209378
30217803
30350131
30643826
30803634
30811896
30893412
31131956
31350148
31384554
31493237
31509382
31516626
31723095
31739628
32008148
32181040
32414190
32811285
32964045
33003380
33063144
33166020
33214087
33276380
33331991
33401816
33762669
34085802
34133496
34149687
34157671
34188053
34340559
34492655
34542559
34544652
34599422
34760739
34919217
35011477
35027593
35034247
35045025
35062217
35291198
35436921
35611574
35679227
35696491
35874742
35912619
35918187
35936922
36252444
36370779
36380213
36493074
36520951
36578648
36987559
36988920
37109788
37128992
37398877
37561301
37637479
37819146
38010319
38061037
38199961
38229884
38257772
38327583
38673201
38675390
39220858
39494131
39578116
39665664
39694432
39823953
39904583
40214353
40224136
40330310
40451474
40648880
40787304
40808058
40846334
41184986
41224110
41234674
41236349
41324364
41468501
41476387
41534288
41631158
41713753
41792451
42054035
42183231
42558561
42620714
42641546
42707810
42833409
42850057
42908219
42928690
43111653
43216515
43296842
43413831
43554217
43629388
43717955
43911321
44030932
44085579
44142636
44154647
44200738
44307792
44503272
44513202
44551825
44719018
45016708
45075538
45219276
45271410
45366371
45422429
45491165
45646221
45678824
46135635
46140434
46396594
46432658
46465602
46569289
46649298
46665516
46749571
46900534
46910180
46914895
47048240
47109880
47225545
47284406
47426501
47500989
47566276
47794999
48092971
48235487
48288034
48304634
48371809
48526787
48656787
48898277
49020639
49142420
49173647
49215939
49291734
49387855
49613122
49745533
49786677
49931606
50068429
50122605
50187563
50300205
50330889
50466643
50590085
50606310
50767014
50791903
50881253
51345528
51379567
51460596
51584360
51620468
51731838
51871037
51938956
51967875
52036244
52262460
52717253
52992938
53677331
53690650
54038028
54099542
54245389
54401218
54606067
54620310
54695280
54933366
55033215
55100671
55189478
55200903
55306276
55430055
55782477
55837119
55871001
55904422
55938006
56071829
56168784
56434093
56440863
56497470
56788602
56921398
57046928
57059104
57167121
57171062
57254135
57302935
57407592
57589929
57599060
57622255
57663327
57756976
57784794
57920667
57997044
58127629
58132219
58142460
58258657
58449097
58575940
58715652
58802343
58836044
58893976
58901620
59096457
59128280
59313998
59654343
59703543
59767847
59768175
59846546
60230263
60230785
60234040
60262443
60400831
60513202
60553745
60621368
60684078
60694202
60906903
60994507
61013569
61216810
61316066
61406630
61440008
61489037
61510755
61626643
61908967
62013308
62206363
62207745
62268927
62444724
62482913
62722845
62775251
62806195
62966420
63123176
63228159
63327809
63339030
63367115
63415221
63424488
63451462
63455840
63594734
63626670
63644302
64060606
64070820
64149379
64160387
64167070
64179508
64194481
64242136
64275731
64372438
64376085
64435826
64489575
64522970
64564339
64627068
64657147
64769555
64846655
64963604
65069366
65085589
65173250
65281883
65304358
65477300
65568125
65575497
65706101
65791876
65994363
66273018
66431961
66601367
67022503
67029777
67042495
67213440
67287940
67304852
67556690
67663309
67684000
67850138
67918078
68138579
68265852
68305903
68358701
68396984
68640195
68743820
68808940
68863652
68885933
69065261
69065695
69077201
69136049
69239515
69733358
69914943
69927838
70084676
70421001
70978802
71040805
71151883
71153624
71192018
71247145
71256056
71356763
71475758
71612570
71773928
71800814
71968720
71972976
72019079
72079877
72256710
72330259
72436566
72769710
72866819
72966313
73011299
73219165
73228624
73313494
73340744
73516129
73599948
73751178
73864607
73890394
73984287
74279060
74385155
74509997
74562103
74616486
74755969
74850428
75015901
75327395
75353151
75438212
75508045
75530713
75546526
75936838
76041486
76175619
76289130
76298428
76557808
76597895
76599784
76908536
76929870
77022248
77047052
77086036
77458007
77546557
77622374
77862372
78087167
78113254
78159355
78174934
78483708
78535408
78578085
78603551
78861834
79006402
79021617
79039886
79078634
79128592
79191728
79203472
79431445
79665167
79757823
79915827
79923541
80013301
80101469
80336565
80384473
80418793
80712360
80798247
80819034
80827208
80842962
80844791
80850679
80938959
81211103
81225124
81374394
81432193
81501175
81532923
81619857
81645958
81653525
81657412
81717489
81772298
81844140
81858825
82052707
82744928
82936005
82956232
83002652
83321866
83401603
83428977
83484414
83825186
83979319
84171552
84175793
84264671
84522052
84524687
84785332
84920738
84987698
85074664
85143859
85164649
85232428
85314546
85781042
86008139
86114869
86204701
86292931
86306516
86523652
86537879
86541548
86541861
86651515
86658049
86936489
86944353
87488152
87885866
87987712
88090013
88324680
88582632
88609943
88631556
88668895
88726333
88795695
88885569
88929079
89054459
89410569
89451106
89494451
89554709
89561108
89709863
89762821
89803430
90052184
90109217
90121483
90363432
90382551
90453386
90561396
90638512
90784232
90923992
90931251
91227987
91300194
91312931
91457153
91571425
91888948
92015129
92069810
92204524
92274862
92374192
92473083
92510774
92631255
92733368
92791991
92826968
92896703
92945322
93006686
93007784
93226622
93284010
93305302
93383948
93450472
93497974
93952462
93975893
94337517
94405380
94512896
94515616
94524280
94546067
94696196
94732313
94910848
94914805
95059035
95127629
95288135
95293537
95354076
95746049
95755861
95776546
95792514
95876939
95967020
96107398
96168475
96180477
96267517
96396876
96455068
96558226
96685114
96892631
96955382
97019717
97047527
97269305
97623880
97698288
97704535
97809303
97831129
98050415
98081281
98278445
98426737
98671196
98793310
98977209
99087636
99143239
99146715
99389133
99425075
99426352
99441932
99700326
99784905
99806516
100015363
100194223
100226014
100291814
100351716
100435510
100456526
100493613
100718804
100741218
100783767
100800226
100853443
100899855
101046951
101058072
101071038
101234058
101276358
101354099
101431680
101474337
101816463
101920182
102009540
102024665
102043949
102060592
102080819
102098669
102151874
102294654
102758870
102766866
102793404
102840259
103001978
103042757
103082553
103469861
103514535
103542048
103562014
103573992
103609757
103687747
103990303
104088426
104127608
104193465
104225485
104384144
104444324
104475442
104521104
104568101
104572081
104711980
104778862
105032961
105373257
105446582
105621466
105670274
105767847
105951844
106032030
106060898
106261004
106292184
106564975
106829453
107015170
107274851
107467050
107625235
107695111
107796378
108150509
108183916
108196599
108247821
108248427
108326649
108466524
108515029
108561096
108633499
108737010
108784277
108867610
108893094
109012635
109353318
109441457
109450527
109699347
109811694
110104321
110174847
110468407
110615931
110651985
110727613
110737294
110849952
110856434
110968185
111128600
111178052
111298791
111480788
111518465
111828555
111843372
111861009
112118940
112155748
112300224
112620400
112629085
112646291
112988924
113319033
113479847
113624390
113635521
113672427
114007822
114055149
114056568
114319433
114336678
114384597
114478239
114522482
114522826
114585496
114919395
114959448
114970798
114985754
115249783
115294377
115427071
115612029
115810128
115880729
116103927
116128751
116278798
116285231
116338702
116543175
116680812
116765665
116910019
116963046
117026330
117054972
117128315
117128377
117242144
117370088
117379744
117383867
117416674
117462465
117470358
117709417
117854824
118019172
118067953
118209640
118242883
118287375
118299876
118300646
118372352
118390219
118427918
118541540
118565714
118631674
118706390
118938073
119011876
119030513
119087981
119171332
119442917
119446847
119455534
119479552
119640103
120204996
120384608
120575117
120591514
120690040
120818486
120818649
120846479
120862477
120953626
121113418
121125523
121204373
121209488
121233477
121267773
121308293
121453569
121543002
121840568
121853703
122029919
122060739
122271880
122288198
122384335
122730656
122925492
123029023
123032783
123255598
123416968
123833550
123950086
124120507
124352398
124503950
124640220
124667030
124878923
124916059
125135351
125150734
125199169
125280038
125312369
125355780
125458278
125604911
125751058
125912990
125945569
125983900
126078455
126102566
126306859
126328177
126494886
126642897
126681001
126945654
126962738
126974943
127029961
127102465
127209605
127216509
127297578
127364595
127396670
127742967
127827707
127840581
127921966
128007165
128209359
128285258
128329364
128338838
128443569
128667841
128881116
128908371
129171482
129276610
129778695
129842812
130044609
130336488
130429911
130506180
130653872
130937450
131078607
131242077
131592684
131747588
131826940
131917510
131925595
131984404
131986686
132006469
132228372
132232409
132306240
132344511
132352085
132472490
132570788
132731451
132731677
132813284
132834060
132895067
132902942
132915893
133288538
133337513
133383213
133395714
133584749
133592044
133655918
133811299
133899302
133906811
133998273
134052242
134263730
134613683
134741981
134746882
134883887
134995289
135030391
135057413
135311080
135378719
135474363
135549330
135659474
135781704
135847338
135996824
136429656
136596526
136646406
136714796
136718165
136818520
136824897
136932788
137034484
137065755
137426137
137519073
137538945
137602146
137685083
137789413
137795887
137819892
137959502
137998106
138212092
138218651
138396464
138458058
138590535
138620368
138791765
138844605
138867138
138920752
139058313
139099754
139215013
139459339
139492612
139770755
139800526
139825615
140021373
140155569
140279604
140289919
140406814
140718721
141191530
141385271
141412434
141416277
141524930
141548214
141615983
141638427
141871214
142008380
142065920
142087227
142117530
142142903
142198690
142401247
142512778
142536673
142542198
142555896
142758789
143246648
143558293
143615496
143742820
143750595
144079765
144147113
144187675
144236796
144319582
144437893
144493046
144552715
144576149
144636894
144824703
144848567
144864444
145049150
145405234
145449911
145856774
146202569
146320322
146539367
146615126
146666658
146721386
146840780
147491229
147786923
147811715
147877510
147905830
148023404
148045580
148092886
148157467
148586221
148693014
148710893
149064600
149102557
149155740
149504206
149561923
149577505
149621228
149796502
149930461
149937164
149962817
149986862
150094253
150210152
150229713
150334446
150416832
150474076
150546983
150709207
150760282
150820933
150948960
151073280
151073669
151153225
151162619
151209012
151250338
151361752
151486893
151532897
151627798
151632534
151651633
151740005
151930457
152128671
152264728
152300128
152312213
152479181
152547331
152780958
152832344
153057694
153165124
153222555
153246940
153361315
153568314
153934009
154324258
154438835
154460495
154779810
154805087
154811080
155279416
155480023
155667774
155669771
155763535
155946699
155994161
156066364
156151070
156185031
156268515
156305035
156307658
156382758
156399426
156423736
156817629
157148076
157175471
157322072
157455106
157457173
157719510
157738293
158178412
158248851
158311291
158446413
158880240
158930082
159125755
159137013
159330730
159471080
159602396
159662910
159786598
159803606
159883518
159932667
160034824
160106344
160162123
160174345
160228768
160250711
160362219
160408107
160559019
160639753
160748661
160780324
161055118
161078238
161267097
161702861
161805020
161811476
161835100
161920958
162019866
162330168
162386591
162389165
162409729
162471655
162833060
162894435
162938715
162968065
163004717
163148988
163152681
163199595
163278600
163308314
163352563
163468333
163514233
163557926
163649581
163659163
163857233
164066274
164290451
164312602
164370989
164417600
164537162
164680500
164687115
164720618
164734779
164815925
164976425
165033029
165098988
165151144
165183222
165315711
165709888
165729117
165734257
165753443
165778640
165815166
165993487
165994240
166057330
166085174
166121396
166267072
166271784
166308620
166374427
166434549
166551028
166600852
166686322
166747141
166896056
166903234
167225408
167353958
167380143
167546114
167593965
167691805
167928832
167953120
168035834
168129655
168283603
168338344
169014639
169184493
169189754
169248521
169250560
169399352
169631396
169766642
169792176
170015491
170079513
170119363
170162194
170214761
170219023
170260305
170295183
170350366
170398804
170461531
170477117
170506194
170784073
170801356
170842124
170898668
171243440
171340679
171349812
171549558
171978156
172035672
172199292
172234162
172252381
172383279
172600113
172647553
172687615
172718626
172884301
172966237
173001526
173077227
173098697
173142777
173189310
173427079
173653002
173665403
173749952
173758101
173765665
173778348
173902650
174000093
174283341
174456860
174733121
174787654
174862479
175020429
175099121
175369183
175437878
175483908
175545183
175581256
175589020
175616140
175659901
176004073
176155683
176188772
176299200
176345746
176366950
176458037
176519599
176573672
176718872
176724743
176733235
176754841
176813814
177006903
177145185
177211610
177366542
177435000
177498800
177535168
177824696
177844194
177847910
177876467
177889015
177966722
177972876
177978388
178045264
178159538
178200732
178417444
178427775
178531271
178715736
178786773
178815044
178875899
179250526
179315896
179586952
179628017
179687800
179688541
179816667
179904367
179906404
179908557
179992175
180061714
180126031
180293425
180381635
180432868
180540811
180542774
180675948
180826056
180861396
180901572
180957279
180981057
181017675
181136024
181199956
181205388
181364076
181527223
181543594
181575713
181578342
181618231
181661916
181722694
181787314
181963120
182051068
182087293
182116688
182265156
182621010
182722360
182841155
182909010
182945937
182966277
182993819
183194699
183259427
183270643
183347167
183355662
183425463
183515994
183579934
183585336
183592336
183669605
183676083
183730462
183747172
183764119
183834986
183889079
184099860
184100831
184287901
184314436
184384098
184416660
184427571
184514272
184810590
184819274
184854654
185007529
185086259
185248273
185256247
185375104
185395396
185411022
185558885
185635382
185665264
185699571
185763206
185823916
185912301
185980786
186045371
186234105
186250070
186524263
186705444
186712494
186865412
187167910
187192319
187213145
187236990
187481913
187666207
187832850
187862485
187882032
187895930
187993791
188036621
188114319
188148070
188489643
188493419
188617593
188763096
188840575
188958367
189009661
189055652
189072021
189199514
189243997
189433237
189528799
189677721
189726103
189761832
189764619
190049542
190054940
190259225
190352839
190395132
190532026
190579473
190613534
190706165
190717288
190745444
190808538
190810008
191017457
191024290
191117534
191118633
191126878
191143440
191172293
191206989
191350563
191382360
191423097
191545769
191620560
191852945
191959995
192073778
192370815
192690354
192724717
192859449
192891649
193019575
193082064
193177508
193236125
193527695
193562211
193765350
193962742
193977714
193983971
194034667
194387479
194538456
194557409
194771740
194829385
194862437
195079197
195184392
195305412
195315584
195325600
195722928
195849073
195938039
195982719
196074924
196174224
196269369
196437383
196492820
196705482
196713093
196714975
196931512
197055682
197271977
197377559
197406979
197422104
197682936
197709611
197719832
197775730
197925689
197957556
198183158
198204099
198253319
198256929
198285108
198326391
198361858
198406727
198677287
198749640
198990892
199047307
199225265
199260288
199331856
199579775
199634313
199723150
199847544
199885029
200000098
200011016
200011583
200109188
200137279
200205928
200362797
200422987
200430558
200893737
200900914
201020510
201064506
201130623
201216054
201327384
201425019
201460641
201588437
201661023
201678019
201727991
201729297
201782873
201928300
202006027
202162609
202352755
202369686
202536857
202773232
202808967
202840418
203103638
203177682
203249864
203403467
203425963
203583698
203708531
203709325
204005912
204046436
204185187
204345733
204426435
204708886
204727154
204882400
205107563
205129411
205139079
205175321
205195047
205329808
205341066
205524995
205583766
205659678
205688035
206247533
206251901
206323966
206392352
206418292
206459689
206546940
206725542
206833164
206975927
207062863
207093982
207108425
207434808
207532062
207756643
207767748
207839026
208071358
208121406
208168404
208216586
208301063
208411535
208470823
209020585
209085423
209139161
209351102
209491241
209595358
209600531
209747585
210061415
210071092
210156736
210206877
210317017
210326168
210341392
210410562
210584000
210689898
210853743
210876712
210975455
211009427
211013856
211021007
211034993
211277863
211491456
211517352
211540818
211560288
211968373
212079277
212293431
212326201
212457176
212511055
212573420
212627961
212641912
212729669
212831594
213075559
213083320
213175702
213323508
213418512
213477559
213569117
214132774
214233667
214304140
214320527
214377396
214616572
214860490
215163213
215233658
215285986
215407037
215493421
215527745
215634634
215678954
216013552
216077557
216079571
216252968
216269435
216534768
216540178
216542120
216671992
216714858
216742345
216806036
216816506
216960674
217010192
217065644
217094089
217186347
217263293
217363516
217405373
217782308
217804813
217813463
217853103
217950903
217964858
218139158
218187898
218208323
218215619
218393728
218438714
218682650
219116651
219157036
219279731
219403937
219421094
219677030
219868668
219900688
219973426
220110611
220190660
220200034
220255982
220280050
220354691
220460078
220464310
220682967
220779197
220868588
221030612
221183748
221236100
221541609
221751985
221815198
221852272
221939912
221951773
222225292
222317750
222333431
222342651
222343407
222473358
222773833
222846205
222890652
222891422
222905247
222961054
223472963
223568422
223781245
223815148
223843337
223896437
224120176
224168453
224204314
224295002
224347736
224397921
224433726
224588233
224647394
224807096
224853765
224882812
224905322
225119917
225440884
226300315
226451029
226526311
226601577
226614455
226704956
226714405
226742725
226928106
226930747
226948580
227134759
227201201
227329800
227406754
227579115
227804114
227804939
227811127
227883495
228024620
228193692
228373142
228398416
228481351
228842054
228879383
228891846
229011304
229108360
229155391
229187891
229202952
229223706
229505498
229530889
229557148
229701441
229712521
229728496
229874634
229881861
229903831
229905650
230015114
230075256
230085632
230221728
230298706
230333286
230467185
230545782
230681956
230723419
230795332
230811177
231029330
231495581
231538411
231583569
231754508
231865378
231876905
232204601
232432933
232558799
232679445
232713748
232774879
232846301
232969822
233145227
233204613
233253151
233445657
233468915
233597994
233682651
233693076
233704176
233716492
233717296
233847047
233878813
233914600
233937119
233992035
234166451
234258293
234349334
234552563
234565321
234584890
234791935
234972921
234981908
235142865
235202191
235233453
235253963
235351932
235418311
235428804
235565452
235643696
235662719
235852973
235871838
235881010
235908700
235924380
235943577
235954673
236018573
236054184
236062113
236204902
236270775
236349452
236395061
236868266
236894418
237027265
237037503
237038525
237051809
237233541
237254267
237257923
237361138
237363225
237374894
237439864
237469825
237573434
237682912
237719702
237752875
238140671
238142541
238322637
238527285
238538193
238827943
239068266
239072179
239164629
239183235
239259672
239310430
239353376
239360100
239389930
239486093
239501710
239753457
239755247
239772007
239856455
239894576
239921734
240166088
240270524
240293190
240675029
240783173
240792533
240814925
240817038
241030529
241076566
241154884
241468881
241483115
241584999
241769662
241779555
241781060
241841584
241897878
242064438
242162194
242357884
242517614
242569467
242656066
242719385
242873692
242892499
242951151
243158498
243267447
243294595
243367204
243406733
243555096
243628003
243714094
243978718
244285618
244300408
244401398
244532889
244581994
244618130
244709015
244866012
244895875
245015497
245108130
245226038
245344614
245610638
245651090
245732530
245767404
246047620
246171542
246355654
246364243
246457610
246589347
246657696
246672537
246758361
246901746
246939558
247047583
247047996
247058294
247448654
247450832
247589899
247712036
247730800
247810933
248075483
248090445
248187425
248315054
248558199
248602651
248635362
248640595
249112683
249233570
249480623
249569708
249609099
249832334
249863335
250084947
250202820
250270268
250320556
250408206
250416189
250607851
250650925
250666770
250709806
250838069
250992273
251047622
251112445
251218370
251256900
251262856
251269923
251408125
251483188
251485477
251497733
251527005
251658352
251701713
251709496
251762517
251792652
251823434
251988327
252115625
252155370
252238975
252253530
252328068
252450377
252547329
252616511
252677414
252766512
253019469
253028664
253060818
253206925
253301286
253385108
253714296
253819521
253837838
253969278
254049454
254197864
254200458
254361789
254416187
254483487
254504785
254544332
254547312
254554332
254555323
254722808
254772585
255011671
255014768
255032478
255089341
255127846
255339229
255656632
255819832
255844178
255851175
256000275
256080820
256100293
256131267
256174804
256324735
256458652
256461454
256658733
257350834
257660067
258025371
258114269
258120741
258275054
258664687
258770197
258811164
258981124
259037281
259379908
259443543
259455108
259690689
259697592
259734662
259842695
260303156
260514266
260538974
260573000
260583724
260656313
260730625
260872049
260898479
260931762
261069899
261072040
261126367
261258960
261347155
261378382
261497719
261532781
261567352
261711141
261712561
261824170
261861805
261880898
261897187
262129935
262331454
262471401
262587554
262594475
262614116
262622960
262665975
262827162
262871399
262875185
262949996
262964177
262985036
263065816
263076819
263089690
263102650
263138848
263236467
263294057
263425123
263522633
264076719
264147853
264152861
264329047
264481713
264515820
264625926
264777177
264945246
265265847
265345373
265472799
265664713
265695084
265753795
265842939
266307750
266333338
266364704
266407214
266491298
266502395
266528647
266623636
266714964
267001564
267010320
267075145
267214387
267225753
267300695
267424008
267437668
267549248
267567496
267621978
267820171
267849484
268193241
268483665
268548642
268567092
268591798
268613108
268685009
268719660
268788186
268853902
268897591
268963773
269040574
269233521
269388284
269409775
269443981
269548111
269560317
270035457
270057385
270124859
270152842
270188630
270222659
270237711
270315568
270330601
270472206
270496330
270520036
270584250
270727607
270757670
271020465
271038668
271085350
271191566
271615300
271619903
271727019
271943373
271949079
272112393
272271738
272305686
272504052
272923173
272954743
273067747
273128343
273316205
273647225
273700035
273737732
273866013
273986285
274018623
274186705
274284199
274382730
274598060
274639450
274695096
274815370
274842191
274958016
275307103
275689576
275714481
275835151
275863775
275977485
275980198
276027228
276050267
276186292
276195551
276197476
276449724
276460146
276630225
276697328
276704849
276759439
276768459
276844472
276847330
276944842
276978747
277098183
277291147
277439739
277445930
277464486
277509590
277639173
277736471
277783435
278113601
278132771
278321512
278324605
278377403
278435139
278437372
278510929
278651519
278733683
278861557
278999073
279046178
279062964
279388218
279454114
279552637
279571494
279739235
279813737
279941933
279982421
280113890
280239813
280287160
280642319
280822070
280926716
281105088
281172285
281173605
281261766
281282977
281299724
281383595
281559010
281593381
281613594
281688119
281821857
281890211
281955791
282026533
282040474
282152730
282285577
282308961
282338254
282392182
282424396
282440649
282487657
282566997
282581309
282669997
282868392
282986873
283067314
283112612
283223681
283259274
283270216
283528517
283617763
283667759
283796877
283796928
283881852
284027520
284030012
284203449
284219755
284248405
284267037
284282583
284427993
284473244
284487742
284733300
284755643
284811246
284843242
284966958
285139078
285160608
285627251
285780944
285814401
285952715
286037222
286084252
286252948
286264895
286286813
286583332
286596965
286651776
286664464
286673975
286967470
287018850
287109305
287128004
287132544
287261921
287265188
287395111
287415248
287552918
287782015
287878086
287961384
288021792
288042600
288121414
288161894
288224031
288372545
288401247
288435314
288463857
288582351
288646837
288846088
288925046
288934999
289137448
289574576
289609726
289649340
289801158
289839649
289906205
290085572
290127083
290155690
290161881
290167221
290207256
290355525
290634771
290744288
290752090
290796069
291286313
291335059
291369667
291402261
291492896
291511138
291652689
291683210
291693249
291728334
291788893
291804594
291995077
292249211
292398697
292440434
292560197
292836582
292953886
293078260
293595368
293637224
293675424
293681250
293756101
293882574
294036045
294068575
294078835
294198024
294224715
294294703
294353594
294413670
294435391
294470276
294659137
294672216
294841715
294896249
294986625
295136004
295244697
295253298
295269922
295291500
295541895
295579583
295584546
295774769
295803237
295913526
296129466
296162483
296285048
296500385
296559872
296733480
296747911
296903608
297011340
297037704
297166197
297372001
297430947
297504263
297513470
297587871
297636330
297672416
297764496
297864068
298032512
298164429
298463338
298533116
298646770
298754835
298757526
298777521
298932806
298950959
298958456
299000930
299008605
299097728
299246714
299308059
299352288
299407521
299582816
299599766
299692017
299784902
299987349
300181055
300256418
300310560
300320727
300434184
300478177
300490758
300848896
300890291
300924788
301361997
301387601
301440227
301592324
301998409
302003799
302030964
302163201
302256933
302428532
302464259
302558660
302621013
302659686
302836848
302992168
303019201
303214229
303608147
303643078
303649316
303806670
303888721
303922727
304047086
304301015
304383967
304445193
304497676
304800410
304825271
304837317
304903189
304906789
305016596
305054434
305095179
305107727
305171444
305181341
305187038
305250689
305344755
305382335
305532347
305583608
305599377
305740369
305872654
305907907
305938320
305944573
305990614
306107993
306331359
306428393
306432764
306541881
306555742
306678945
306963560
307036466
307244050
307410519
307421694
307501037
307560282
307737572
307906329
307982068
308139509
308492057
308529103
308555901
308565210
308638969
308706905
308773107
308781047
308986105
309022281
309044950
309156192
309199933
309357437
309450936
309561780
309631837
309873591
309950084
309988532
310163570
310235742
310404640
310505748
310531737
310694968
310721346
310746859
310880565
310980253
311164939
311213108
311312669
311491722
311997780
312002074
312044538
312134583
312216308
312259196
312361312
312417905
312453821
312675313
312836206
312886589
312910505
312956290
312990381
313156221
313539108
313680019
313689563
313729436
314099108
314104700
314175506
314461884
314545204
314820918
315047509
315112455
315157009
315249150
315294986
315426904
315428153
315554531
315574891
315656726
315768138
315963437
316070406
316317936
316492819
316545506
316718142
316742360
316795759
316856785
316888175
317310421
317359684
317470222
317582499
317669024
317700535
317718659
317850149
317920806
317921566
317961938
317971813
318109836
318160183
318174410
318188306
318321357
318579041
318762005
318821019
318862454
319057417
319421706
319447894
319485182
319500902
319700590
319713510
319826362
319848552
319922798
320138647
320178123
320464834
320612313
320716557
320787356
320878211
320943799
320989366
321012365
321083328
321193336
321282683
321364650
321437572
321529237
321648361
321831707
322035456
322133642
322144658
322164038
322194211
322211779
322483428
322700931
322757138
322906178
322914407
323039328
323060443
323116127
323200978
323245379
323282204
323415225
323440893
323642161
323669894
323954155
323988491
324081109
324160228
324205863
324335370
324336082
324431753
324572610
324669665
324674890
324810836
324828447
324867340
324956470
324969717
325016245
325123981
325191439
325212451
325238871
325241799
325253268
325532054
325536511
325624224
325814959
325818003
325825261
325853796
325960864
325969620
326146171
326190667
326348435
326451200
326486843
326576529
326687849
326748951
326839566
326900898
326927144
327321239
327420320
327522694
327716349
327818166
327821114
328134931
328399893
328497264
328601434
328613855
328628548
328684100
328718597
328787345
328801748
328843730
328855214
328856185
328887014
328968302
329082251
329152696
329157005
329208211
329296378
329326305
329326814
329329937
329340608
329379028
329415738
329610193
329656903
329970048
329981876
330036374
330229128
330370095
330648727
330652442
330851881
331154553
331271988
331504388
331506766
331657831
331753779
332018434
332197341
332285313
332314711
332332192
332494257
332535560
332992647
333037310
333141079
333167272
333168971
333200258
333221785
333259473
333336667
333380867
333400348
333474678
333652402
333769489
333920900
333940840
334041235
334132016
334134741
334141572
334148005
334203778
334313915
334417045
334421399
334668882
334756623
334829665
335088091
335128692
335263494
335269973
335387948
335624129
335675782
335727763
335893391
336029547
336097059
336310611
336504693
336664259
336680092
336770026
336904200
337317057
337321248
337348720
337349061
337588167
337877523
338184352
338238550
338271922
338339238
338561488
338657893
338792009
338890195
338949352
339000018
339096359
339253179
339253513
339332141
339464550
339675153
339734841
339898353
339905404
339981234
339988953
339995514
340091346
340277768
340317081
340537020
340576115
340672671
340791164
340986869
341095306
341256504
341508553
341510911
341882291
342020216
342127123
342294643
342325444
342380374
342396145
342563864
342567737
342636087
342800527
342808947
342843584
342893291
342932580
343151291
343296350
343418876
343643279
343751777
343833478
343995129
344018014
344160632
344212391
344223001
344406769
344420991
344588502
344590806
344664705
344874964
345008599
345110457
345324614
345363319
345394167
345456123
345577011
345964288
346047281
346603163
346671154
346678419
346738844
346954124
347048064
347213468
347309820
347345472
347412264
347692385
347853958
347939099
347939605
348059382
348098228
348100804
348125168
348328351
348340086
348688712
348689391
348713822
348838652
348877104
349227983
349337728
349443118
349443174
349483365
349540009
349551982
349562969
349655473
349714576
349737086
350052638
350152271
350182181
350432959
350514963
350591300
350614504
350693781
350853321
350867291
350905458
351086245
351114042
351199611
351249029
351257767
351342159
351466976
351702173
351916599
351979468
351990315
352024440
352069026
352117277
352275713
352291993
352329708
352340234
352457695
352531041
352533038
352637376
352668058
352750024
352810620
352838418
352845512
353157712
353158513
353174479
353193814
353242179
353245049
353330095
353384758
353653266
353711212
354015654
354242095
354547190
354635456
354712466
354971789
355040266
355113029
355152497
355227781
355253717
355282312
355394416
355703440
355838584
355839881
355852289
355894113
355958460
356083947
356141054
356694344
356697236
356785160
356989864
357061999
357190538
357438358
357446476
357617086
357648746
357801959
358146896
358397941
358524193
358570136
358628871
358748285
358784286
358972441
359067550
359215408
359291558
359441038
359493028
359510352
359669729
359750354
359780927
359790251
359811192
359817667
359839689
359869760
359885660
359897546
359902839
359923683
360063206
360086822
360332648
360498488
360561256
360618773
360876573
361132572
361132581
361142686
361179469
361216512
361377906
361380031
361381374
361445835
361620589
361747220
361765941
361829276
361955653
361975701
361997920
362184097
362457992
362467822
362507590
362907719
363068219
363141487
363175845
363369194
363487196
363527880
363639285
363873695
363960183
364091183
364226485
364297213
364307134
364435360
364617013
364661608
364780085
364809659
365245218
365318300
365452603
365588289
365721714
365734097
365825139
365827530
365902913
366181373
366221776
366356207
366432134
366479307
366567900
366594511
366706006
366717870
366766743
366774648
366848407
366992833
367031117
367147636
367533506
367710050
367762496
367853349
367886487
368071685
368174035
368271050
368515558
368527944
368543643
368637743
368751012
368763218
368937110
368981645
369014283
369156113
369157386
369273117
369390022
369493781
369729817
369985933
370020521
370068770
370120392
370163511
370170670
370295738
370340626
370507396
370525363
370684767
370714582
370780498
370786214
370864063
370927004
370951905
371095549
371105204
371145622
371213863
371217526
371425957
371470776
371720184
371815323
371848845
372369922
372666653
372675139
372912794
373098099
373217333
373298880
373447395
373621047
373765343
373802835
373822034
374172525
374262786
374611445
374632799
374742756
374755693
374779893
374960504
375064193
375099707
375174165
375450802
375554955
375637251
375682833
375685915
375740369
375811700
375840241
375906857
375986430
376056234
376242342
376257989
376375075
376516614
376534117
376627724
376796795
376819499
376823223
376871791
376933791
377062200
377094577
377133853
377160640
377214995
377390822
377716344
377942082
377951240
377971290
377996467
378024512
378115656
378120440
378295457
378331571
378525623
378584582
378600699
378739111
378880976
378919027
378978310
379040462
379118066
379276240
379295365
379304751
379330860
379362536
379429770
379484280
379499823
379855734
379944682
380030800
380079843
380149828
380245743
380298936
380499488
380593098
380776248
380814324
380870625
380891116
380963604
381042029
381443483
381462387
381471874
381518521
381588730
381733749
381877255
381890723
381999844
382070148
382584392
382602086
382819004
382828897
382979735
383051119
383066773
383100166
383206467
383225157
383289733
383320462
383354338
383488297
383657744
383673012
383714830
383831145
384050425
384121260
384222732
384374384
384374885
384478324
384484869
384640331
384996560
384998825
385002941
385080536
385233226
385248042
385666988
385682681
385993499
385998286
386129961
386169858
386172057
386221749
386282413
386316530
386454909
386561318
386565069
386589540
386590222
386621791
386863455
386872553
386918860
386936107
387087981
387133589
387522909
387590826
387594359
387711115
387808786
387867849
387919220
387935965
387950133
388003109
388142099
388252857
388571725
388603138
388942096
388980281
389001098
389059891
389063960
389088534
389108724
389240685
389277957
389522183
389527001
389824386
389961186
390015507
390250367
390293029
390366831
390501781
390522483
390539261
390549551
390564008
390616336
390697424
390810604
390974825
391114127
391376264
391410922
391485339
391595059
391628636
391645785
391790567
391800969
391868188
391885503
391922566
391956502
391960830
392036820
392112031
392241314
392481276
392489517
392510886
392629375
392825347
392927378
393004939
393005144
393019356
393100818
393221193
393391493
393485188
393572447
393590991
393786450
393813955
393823894
393825082
394012279
394018778
394158480
394215867
394236924
394304936
394463163
394565994
394590623
394813829
394879654
394907775
394960133
395065329
395086228
395086977
395137590
395147338
395154660
395208205
395416465
395717376
395809255
395837622
395860795
395888450
395989083
396093933
396221494
396247237
396411708
396441674
396513651
396570522
396635071
396649824
396664252
396729743
396735149
397325736
397589660
397623023
397678568
397742831
398266279
398274684
398370724
398603021
398662274
398694748
398960454
399050549
399089508
399198783
399229139
399271630
399286673
399381038
399462578
399749263
399777793
399839864
399896687
399973521
399987497
400084760
400229195
400279581
400410593
400428342
400512808
400630799
400680245
400721957
400792523
400976258
400983123
401120029
401184592
401260053
401446020
401569379
401721795
402008421
402021756
402307229
402319342
402371548
402375342
402388497
402670500
402674021
402788942
402969286
403090256
403252431
403267988
403311602
403341334
403377555
403472184
403482755
403585449
403752865
403817188
403838909
403896220
403945776
404027380
404168190
404653183
404707429
404731017
404749764
404750469
404865913
404882245
404916131
405051373
405187459
405194238
405414990
405509074
405522986
405726951
405817789
405831043
405831948
406194214
406323118
406339613
406355928
406571480
406612692
406969351
407023285
407023679
407076875
407146617
407147428
407212139
407217830
407340506
407350841
407390559
407460052
407519608
407599725
407885112
407931154
407946216
408008263
408073009
408093962
408178697
408375195
408433339
408469828
408997230
409086852
409145469
409150339
409192871
409289646
409309427
409316555
409478321
409591146
409742708
410127741
410161377
410276994
410356358
410359780
410506846
410590928
410767777
411075644
411137547
411567624
411587681
411873176
411957357
412071660
412230790
412232960
412406331
412529027
412637977
412680369
412835957
412897681
412943589
413038884
413089250
413103053
413334104
413337968
413352537
413415216
413429380
413571561
413726102
413729658
413749572
413810062
413838559
414023994
414154540
414162619
414219316
414462269
414499476
414547199
414549889
414696986
414723740
414739431
414847960
414993781
414995399
415045215
415067746
415234016
415250801
415342762
415362724
415387195
415440885
415487400
415492664
415534898
415813187
415830152
415903056
416043223
416115175
416149289
416238034
416377819
416502616
416522493
416566558
416666668
416672588
416692060
416736870
416746028
416832228
416886311
416970311
417173702
417246605
417258373
417326742
417479220
417499690
417544575
417613174
417661214
417788500
417873723
417879819
417909656
418016565
418060658
418186503
418253972
418278369
418288325
418373605
418448227
418459113
418460820
418551196
418552843
418756222
418892789
419027875
419134062
419165381
419319588
419341202
419461466
419606511
419654084
419723611
419725769
419803474
419853257
419897858
420230512
420295674
420490844
420592538
420635549
420668286
420700972
420767745
420808747
420839997
420847950
420895463
420989248
421159925
421340460
421550143
421639075
421800340
421887991
422089429
422292357
422306828
422325430
422457824
422495818
422613840
422653507
422690608
422691330
423044129
423064668
423123852
423256735
423372325
423478095
423725687
423854814
423891548
424013449
424301962
424401310
424509527
425101455
425259337
425276586
425516817
425621450
425717134
425993603
426004178
426122062
426128075
426271451
426377742
426447102
426455000
426524256
426531503
426739233
426758604
426792163
426997119
427149661
427250977
427331167
427472191
427618301
427665134
427679217
427728226
427857688
427959362
428041269
428154423
428554329
428565429
428631432
428755976
428927753
429045820
429117103
429272617
429287890
429374385
429419784
429526704
429699206
429798846
430037880
430084846
430192191
430307844
430312859
430434253
430669344
430693520
430794979
430830069
430848746
430883177
431074298
431122583
431133535
431142668
431256476
431281149
431332272
431394214
431440906
431469608
431506762
431747861
431805756
432115811
432241212
432435493
432800501
432880720
432937568
432958217
432987775
433078586
433098787
433239394
433271022
433282609
433334305
433385010
433391712
433599901
433635297
433734653
433779626
433909659
433922245
434011654
434046860
434337632
434361711
434417993
434489100
434490886
434548271
434609738
434652413
434684562
434780932
435033950
435075219
435104822
435276342
435501107
435530913
435556090
435566247
435675340
435703712
435709608
435751303
435782387
435812219
435950499
435981983
436099456
436183210
436309108
436325041
436465745
436585037
436756562
436947891
437257058
437459536
437717246
437748094
437765395
437766725
437818782
437880845
438176210
438338536
438481502
438548251
438570109
438621797
438623158
438732534
438793421
438944441
439031916
439261708
439262994
439460501
439464400
439482939
439660505
439848372
439893055
439943395
440082463
440265027
440310639
440683613
440703657
440707136
440739182
440900752
440989070
441210218
441229664
441315004
441382368
441419457
441622071
441651237
441662605
441776823
441958927
441976696
441992835
442141734
442150320
442169593
442212543
442617768
442746389
442884170
442907740
443062456
443139325
443214713
443235082
443321822
443396621
443399231
443931204
443936316
443960743
444030200
444130609
444160514
444364379
444849740
445016989
445411190
445427772
445432778
445788187
445880039
445942168
446098000
446105357
446258831
446282602
446379028
446432018
447013531
447060746
447094326
447100534
447130043
447268231
447279041
447371782
447449913
447553649
447583858
447697975
447842742
448076605
448155790
448199488
448237543
448270322
448291264
448318378
448402813
448447519
448453065
448466981
448511883
448673292
448701165
448873795
448894357
448906861
449122418
449276768
449345150
449543099
449775320
449779078
449793926
449901306
449917516
449921746
449963885
450002625
450151930
450185281
450195021
450252909
450256217
450443466
450517849
450680547
450731822
450732921
450797025
451000316
451112018
451160711
451293679
451384063
451394150
451403471
451534890
451724731
451736655
451990303
452010636
452084002
452178092
452321518
452327118
452565508
452639242
452647957
452769480
452859067
452998970
453110701
453125380
453325936
453444489
453574341
453678707
453862583
453988162
454106651
454431555
454573427
454609195
454892314
455058573
455099093
455129674
455140823
455331496
455355337
455444120
455460177
455499361
455825821
456238712
456294620
456301355
456366223
456379271
456379626
456519448
456579705
456587243
456595298
456695099
456956312
457028157
457045236
457081370
457187592
457232383
457317662
457869692
457993200
458058440
458093817
458208311
458226507
458231785
458295046
458441509
458477768
458493761
458521073
458804894
459180128
459280461
459344969
459404372
459449524
459474884
459627423
459682551
459812341
459850739
459865559
459899025
460050969
460217141
460258416
460426213
460500600
460936319
460951385
461010354
461179983
461324858
461379097
461643490
461709061
461931044
461965431
461967215
462077013
462081951
462154055
462427247
462497073
462624544
462676013
462765379
463063985
463064498
463266572
463387946
463645892
463868393
464098286
464503522
464563481
464654572
464729732
464731972
464833391
464904873
464912174
464944364
465005860
465099228
465434573
465751132
465797357
465823090
465970001
466043356
466058055
466245233
466254989
466456005
466482273
466539291
466573260
466772961
466852179
466891955
466899439
466913825
466918860
467197141
467246195
467321246
467419144
467499591
467537478
467541364
467886595
467891286
468027374
468036025
468089665
468249918
468338491
468353583
468524051
468661611
468680947
468698705
468998366
469024885
469067101
469087707
469105522
469186088
469245622
469352716
469711423
469721997
470080424
470254417
470313366
470326916
470335382
470346628
470500431
470540395
470621620
470793686
470851050
470972615
471229784
471314861
471321756
471468708
471501494
471900630
471969157
472047169
472113487
472180255
472235895
472365676
472377870
472452824
472509222
472552166
472730645
472743570
472817119
472827662
473096689
473230483
473363392
473567697
473630306
473655403
473872937
473877319
473879339
473938776
473960138
473980412
474131221
474257612
474395926
474422807
474576262
474727648
474733798
474990223
475025160
475160887
475266029
475303135
475581935
475926229
475969940
476026888
476071941
476267899
476293595
476481090
476914787
477017857
477080397
477214387
477285966
477471120
477474581
477604255
477617806
477755285
477835102
478202954
478268899
478396361
478505336
478616031
478634347
478659761
478680520
478723917
478728350
478837740
478929072
478954290
479106456
479155968
479451861
479469332
479734388
479813702
479814900
479876126
479882182
480153590
480235923
480352293
480364521
480405370
480560468
480971667
481342684
481344520
481523900
481643670
481646330
481944195
482005292
482029476
482243194
482308686
482713469
482812142
482859984
482902300
483114781
483147312
483347515
483365588
483380410
483406707
483410106
483601034
483684653
483792422
483815346
483930655
484104670
484137551
484254608
484321591
484583260
484763120
485003049
485043415
485075014
485145955
485247660
485283678
485528311
485759372
485764197
485859343
485881776
486083816
486155197
486191019
486535072
486606100
486710364
486839792
486928870
486940498
487456298
487575464
487675649
487687608
487776845
488032579
488133364
488275263
488404742
488497240
488528501
488676058
488726903
488851132
489083048
489083890
489100679
489192251
489299117
489344356
489363161
489600260
489698029
489943238
490024311
490080270
490275126
490375617
490382880
490547532
490548496
490641909
490714595
490966229
491138916
491289796
491348725
491537524
491698927
491788688
491823582
492077199
492081289
492086337
492123817
492161463
492301870
492450805
492455298
492469921
492506789
492530831
492648557
492804844
492993018
493053280
493416632
493595855
493696430
493723407
493746725
493877027
494110992
494119150
494169732
494181550
494244402
494254538
494533072
494649432
494714279
494772700
494991455
495001565
495176155
495207577
495279164
495343369
495597495
495731501
495860722
495974638
496024225
496055565
496153120
496238289
496469171
496501696
496528756
496621507
496663055
496827063
496848272
497123098
497184280
497270815
497302281
497347378
497426109
497467740
497722033
497788465
497941412
498054476
498082506
498353237
498370494
498500423
498505396
498697903
498903143
499051166
499172167
499251269
499433869
499475480
499490444
499581001
499714567
499821094
500027984
500387182
500480929
500512543
500521834
500561421
500590116
500985016
501043669
501063114
501085768
501408994
501445372
501611401
501633618
501733712
502322471
502334617
502501137
502507418
502652884
502749805
502923241
502952217
503228403
503276464
503392191
503515285
503564140
503634656
503987942
504022679
504043061
504117395
504144096
504257632
504318292
504364431
504394592
504428432
504676721
504757079
504882208
504886753
504964129
505372453
505409523
505517478
505586298
505821763
505821777
505854886
505972941
506277117
506461079
506524339
506577852
506741409
506779856
506784124
506922030
506924389
506932695
506972869
507025648
507073769
507301995
507307465
507636438
507885893
507906362
507961734
508030938
508088417
508127259
508255356
508359269
508461516
508513377
508541479
508683671
508781153
508948766
508953093
508969532
509041427
509171319
509176309
509177978
509178404
509324236
509361287
509370169
509403199
509415324
509639213
509666599
509762456
510105324
510301322
510378552
510401262
510442456
510530293
510612897
510675802
510974987
510988826
510989371
510990306
511099401
511198646
511365775
511607972
511613479
511817183
511929175
511937271
512029090
512050570
512127947
512164177
512216029
512221811
512259830
512382597
512527020
512579955
512655440
512837194
512841759
512926224
513413631
513484404
513616804
513762491
513804398
513820642
513944603
514047678
514093003
514402623
514555583
514596529
514686931
514703814
514829973
514969053
515067010
515305781
515328901
515398932
515458011
515658407
515942423
516359960
516361850
516723560
516732034
517074218
517115054
517193131
517270210
517345306
517450826
517608168
517635828
517710498
517952720
517954695
518013876
518148100
518281880
518452646
518485338
518553682
518559732
518566582
519220488
519245946
519252919
519310300
519406123
519622873
519732540
519754695
519819494
519993341
520084628
520098149
520197754
520334862
520440541
520486693
520546359
520581832
521018496
521139724
521156997
521196140
521210179
521355335
521497779
521799481
521848348
521993714
522092504
522122819
522141042
522187517
522359147
522377250
522421428
522440901
522529792
522716915
522734309
522777195
522780082
522852701
522925467
522933098
522982715
523187453
523221095
523402197
523465030
523535695
523584394
523602800
523632538
523926715
523928183
523992097
523996016
524096081
524137101
524347987
524382835
524435554
524444930
524447303
524566073
524606706
524888339
524891666
524930607
524951671
525013539
525087136
525122146
525167846
525237542
525301767
525328842
525343119
525446211
525484259
525620986
525702289
525796591
525871957
525978504
526126133
526253295
526402710
526464728
526509722
526524391
526531274
526651511
526675406
526738257
526834811
526955361
527142339
527148870
527252076
527328509
527566726
527605299
527738305
527855551
527897491
527915016
528415000
528504432
528648821
529179998
529515110
529543224
529558917
529598321
529671201
529888156
529931847
529941446
529960453
529989589
530233206
530451549
530657438
530746088
530803500
530879862
530956504
530960222
530994925
531100225
531167814
531330871
531338193
531426017
531429058
531577592
531942635
531985737
532171468
532172987
532210851
532226602
532245911
532356089
532408918
532478874
532507427
532638652
532845528
532925560
533096802
533181692
533220549
533312580
533332806
533621364
533750117
533931375
533939181
533951143
534028656
534029804
534057465
534073628
534083571
534220393
534536328
534556730
534631289
534804265
534846436
534857144
534941882
535114898
535240691
535319101
535590692
535669254
535733055
535792208
535842992
535937335
535974554
536042165
536255452
536299238
536351503
536400711
536649818
536667005
536819084
536886674
536935214
536978676
537019986
537037534
537082901
537183662
537319771
537351747
537440490
537529987
537628925
537748740
537835733
537918320
538016552
538101499
538116449
538272043
538329494
538335799
538498033
538787967
538855797
538864725
538891636
539032951
539078946
539109311
539141711
539148422
539168570
539295524
539550029
539598381
539664194
539752963
539889610
540007165
540054940
540075661
540233177
540243994
540309771
540340295
540468264
540506265
540551655
540558725
540667712
540702926
540788466
540927970
540991533
541139966
541344521
541426395
541449015
541451670
541465980
541558159
541636625
541645431
541663436
541704508
541717007
541837752
542069063
542117813
542120243
542246817
542294682
542296561
542351411
542457602
542486731
542487828
542504453
542619686
542628811
542825237
542834344
542871078
543224734
543354415
543414046
543684394
543794304
543885557
543939519
543950834
544129609
544259794
544454162
544528031
544598060
544735734
544908411
545501988
545841262
546184029
546375530
546503121
546722538
546794535
547004029
547123716
547246021
547448908
547618755
547739407
547841476
547845571
547995658
548053099
548142982
548206717
548290129
548344723
548576716
548611038
548755660
548971816
548985901
548992700
549084342
549296694
549321872
549358751
549426069
549454143
549476264
549572283
549697907
549727576
550025031
550062085
550161113
550393683
550411997
550525077
550657749
550732798
550806420
550848477
550861304
550920385
550953367
551045961
551253209
551287315
551296797
551383896
551433662
551506607
551681423
551812906
551840373
551924775
552150393
552235122
552323244
552378683
552484312
552706361
552843623
552870330
552896640
552950565
552952437
553281393
553364934
553398460
553488297
553564424
553623819
553927295
553956350
553965565
554035751
554231833
554242295
554261130
554285506
554433297
554735948
554773294
554790707
554853238
554913125
555031060
555134271
555147039
555193659
555215896
555331903
555444886
555577063
555630906
555638664
555719425
555825078
556135764
556339252
556887527
557037513
557071321
557170999
557216502
557300797
557564260
557996469
558006629
558049248
558129587
558241668
558319437
558320527
558387144
558388423
558487543
558501531
558543327
558623075
558640310
558718681
558746609
558790540
558924952
558946826
559092606
559104245
559158598
559251171
559440766
559574027
559769615
559893365
559977436
560254867
560497957
560533774
560781568
560874154
561027577
561472710
561537524
561700696
561791113
561858854
562109044
562118919
562150443
562541969
562564429
562771316
562948320
562951271
563009665
563111288
563123003
563414832
563575250
564001018
564045846
564051862
564157006
564299233
564364419
564565960
564578932
564615065
564632744
564702820
565081980
565132138
565165478
565220762
565245643
565263750
565293708
565366162
565491839
565585484
565641318
565791158
565953991
566032303
566151984
566234027
566277434
566285903
566439346
566579960
566601189
566721588
566758798
566890711
566901564
566910818
566926324
567392661
567402951
567425886
567437030
567686263
567750766
567852499
567943447
568091868
568109419
568219884
568289436
568301357
568349098
568429800
568536179
568681790
568811950
569040459
569117941
569156709
569271928
569489357
569535545
569958451
570012716
570083167
570179806
570192223
570255325
570296407
570306590
570414366
570420041
570432677
570998810
571013085
571096355
571241579
571266331
571356478
571367226
571456477
571482588
571661389
571671110
571719198
571834083
571898166
571949507
571979626
572074899
572406930
572639457
572738178
573106727
573131182
573357851
573387407
573417446
573420396
573440846
573485731
573830140
573831489
573898141
573939032
574009305
574106209
574111710
574115011
574552111
574759028
574882693
574970433
575146190
575290912
575394395
575478027
575649872
575649979
575746808
575799272
575909415
575990265
576023056
576112204
576255123
576424388
576582770
576748258
576784698
576787017
576846614
576857428
577205818
577396392
577463571
577470246
577670249
577969915
577973608
578272992
578328207
578678007
578809908
578837608
578903725
579109693
579137259
579243101
579249118
579267732
579308766
579473160
579491791
579543959
579565011
579695909
579712993
579807076
579811885
579906252
579915682
580048441
580072729
580357726
580526005
580575971
580580679
580621137
580713644
580787368
580876343
581118989
581170117
581174427
581176175
581269518
581456889
581477841
581562401
581645435
581685616
581718927
581772908
581794840
581933419
581999916
582340545
582351360
582581111
582728219
582754089
582816935
582818432
582888776
583220185
583430069
583479444
583624812
583772495
583779413
583809976
583884492
584119991
584430599
584432639
584454876
584480717
584497414
584537143
584581181
584626147
584648839
584659218
584746432
584868282
584897777
585257947
585258062
585391436
585622069
585982798
586082473
586121244
586220722
586221671
586233309
586247720
586306388
586336970
586425394
586491996
586908723
586916605
586990909
587032927
587047284
587231885
587257865
587362937
587440269
587660939
587685219
587822507
587881648
587954915
588017994
588070249
588148738
588304002
588319752
588434924
588476830
588605341
588657390
588661689
588751389
588766600
589051987
589073187
589141110
589146091
589172792
589211838
589412336
589498197
589536576
589574737
589607512
589730385
589766040
589823769
589878915
589939472
589954351
589997110
590010547
590085873
590252612
590301542
590342672
590368295
590377287
590378144
590474471
590490328
590592771
590635002
590774145
590894256
591138862
591245889
591366624
591402199
591427036
591438272
591545255
591742066
591778198
591784635
591793913
592026608
592091964
592150562
592176137
592281741
592339554
592507068
592644904
592646877
592659019
592716925
592949153
592961859
593038366
593125092
593213732
593376729
593462365
593598480
593632091
593656974
593818278
594010715
594102151
594295639
594315947
594433981
594470592
594497637
594516580
594609529
594978860
595232703
595576028
595695171
595741069
595782357
596121962
596131289
596167976
596697427
596981049
597047005
597102562
597164813
597215913
597251361
597287630
597461934
597470557
597602483
597630625
597639872
597756422
597830020
598201211
598509199
598551704
598633591
598715543
598770681
599081389
599514756
599662708
599722462
599813136
599820526
599902818
599923434
600107869
600120226
600351891
600465082
600493050
600658654
600661835
600702449
600939020
601028667
601034580
601217530
601235014
601237338
601422250
601426256
601498795
601522283
601532502
601586214
601605804
601620603
601776184
602046423
602149943
602228968
602284951
602668634
602688358
602704792
602820821
602830593
603161066
603180561
603413811
603538294
603553601
603563044
603596925
603892021
603926172
604080906
604099899
604195994
604198064
604243537
604459736
604464260
604504284
604525026
604945659
604978442
605090735
605142425
605197863
605247311
605539710
605585873
605809951
605827666
605858316
605953464
606127355
606138243
606175464
606406494
606631097
606685914
606818844
607137602
607186240
607193819
607282340
607496525
607498296
607666455
607818404
607838935
607927839
608109923
608162578
608195511
608237148
608413900
608455707
608469017
608849934
608874973
608923358
609008586
609022228
609025270
609259986
609542040
609615776
609846557
610032110
610057343
610080147
610329674
610465061
610507653
610547478
610594772
610610826
610834339
610841203
611087430
611106293
611172084
611265724
611305657
611321548
611328683
611332882
611392841
611397233
611819734
611961660
612275629
612485970
612541229
612601319
612648265
612652320
612678344
612879834
613156078
613223234
613237837
613457871
613689442
613959465
614178047
614211444
614298474
614496585
614647239
614679480
614924341
614980618
615019685
615024605
615078009
615168818
615219482
615366458
615387032
615457795
615497856
615519156
615634151
615772157
615794456
616084637
616109837
616193852
616310738
616354699
616417338
616545276
616809968
616927613
617153414
617181226
617255474
617340091
617441313
617516792
617540339
617733832
617794239
617834558
617946924
618126512
618477777
618516237
618650329
618673773
619020587
619214493
619291548
619304734
619422517
619547923
619588164
619675394
619926910
620021557
620088394
620096582
620101546
620106877
620148957
620249003
620252174
620492305
620676970
620705170
620846794
621289790
621625564
621757872
621986299
622041705
622099287
622194522
622252812
622327503
622376532
622534590
622591998
622671627
622717965
622774655
622812085
622895280
622986074
623037328
623361980
623534239
623611915
623621245
623675482
623764698
623766894
623784907
623869597
624028848
624032241
624053511
624112603
624169852
624281501
624364120
624420562
624523475
624527004
624567691
624756149
624803596
624841554
624875921
624876892
625198756
625215488
625244750
625304587
625505748
625749183
625757089
625894352
626176208
626296000
626401046
626522054
626701419
626758453
626878226
626978518
627030373
627052949
627078136
627406460
627419087
627502217
627640931
627707636
627740861
627746614
627839733
627901611
628064456
628112690
628142916
628175654
628281144
628300082
628333073
628368357
628399615
628467785
628707799
628972715
629094136
629170547
629289346
629537762
629545343
629751567
629766948
629787007
629790191
629791375
629826244
630462904
630605587
630673734
630827016
630941156
631271831
631339582
631741838
631785135
631853521
631972793
632197953
632209146
632240920
632317302
632350306
632365851
632451301
632573795
632621526
632834427
632843766
633082271
633166270
633212160
633282557
633317469
633379202
633534853
634005976
634279534
634401898
634477624
634562556
634625526
634637700
634665341
634804352
634846902
635002862
635045154
635196567
635235319
635350266
635537449
635618009
635618869
635622231
635636120
635697618
635702683
635709236
635728777
635786086
635863140
635885772
636267495
636560564
636571139
636814618
636848253
636990000
637007203
637008348
637140650
637372331
637384592
637404162
637489688
637575400
637629511
637796028
637846632
637956304
637976023
638092803
638137294
638180347
638204540
638336904
638357956
638407183
638522721
638661850
638767068
638814298
638992872
639010978
639046483
639089286
639199116
639260409
639406990
639755897
639764033
639848869
639860813
640153391
640240047
640242484
640311365
640319594
640391629
640555281
640672068
640748845
640770455
640852602
640919284
641210074
641387169
641417531
641568705
641659485
641749832
641822063
641861779
641977559
642072392
642095617
642118344
642271565
642275108
642379336
642417241
642525093
642691186
642702516
642721547
642862178
643008415
643254438
643276254
643536663
643718611
643818345
643933587
643963087
643971405
644103427
644219172
644303876
644418662
644428838
644499707
644534758
644683050
644687496
644769317
644860853
644986676
645034911
645061899
645115076
645198455
645278227
645392141
645642401
645720653
645773633
645787985
645882783
646082360
646116437
646169083
646211725
646217078
646234449
646254018
646300192
646314602
646576612
646631556
646641363
646738046
646872705
646880174
646882008
647026143
647057242
647118860
647201479
647270749
647502630
647735386
648193144
648238656
648262694
648302086
648314127
648554564
648652726
648712416
648713521
648760258
649050458
649274944
649466371
649636553
649789041
650035158
650121484
650376498
650392258
650604501
650681392
650684459
650744426
650868249
650893301
651125437
651150475
651158026
651285225
651326553
651360487
651385253
651579264
651633256
651885311
651950208
652070846
652237450
652341143
652541667
652550367
652551813
652586775
652644876
652721800
652754427
652782789
652845430
652864053
652866336
652873953
652987880
653034936
653313183
653409052
653699658
653705467
653842037
654014830
654290852
654367660
654407106
654454362
654464480
654484074
654495178
654607202
654643341
654763551
655066367
655088706
655127796
655178832
655223758
655296199
655484069
655486758
655575258
655610503
655818672
655844628
655978298
655979825
656038286
656053351
656112609
656140026
656211065
656215902
656270179
656340640
656509454
656661579
656686310
656856716
656888914
656893531
656906086
657018925
657052252
657232103
657477924
657573479
657662268
657744069
657865024
657897171
657965211
658030473
658046238
658048553
658052617
658209656
658239634
658508808
658572276
658755277
658892977
659176240
659373461
659414875
659453041
659581528
659703674
659925617
660047844
660409828
660783305
660862276
661014499
661176665
661528043
661766113
661797927
662003368
662006749
662129342
662286889
662318328
662429139
662453714
662484859
662589852
662723409
662751708
662919585
662969480
663108074
663452929
663492934
663550928
663594577
663765970
663775791
663861969
664142165
664166395
664261043
664450918
664474737
664489126
664606996
664613467
664651609
664796570
664836051
664901860
664941334
665059549
665095142
665170842
665175674
665280508
665401579
665412711
665461122
665491776
665624771
665628530
665684036
665816417
665916111
666209664
666233188
666530014
666607685
666645637
666645885
666661850
666979056
667160282
667458322
667624544
667749020
668134108
668197100
668226580
668435049
668460492
668470747
668476620
668794094
668812545
668973051
669041235
669044606
669101865
669111034
669200480
669250125
669365622
669385171
669393682
669398144
669452456
669460713
669466172
669503735
669549523
669783261
669784713
669818982
669874751
670205676
670207160
670301349
670500394
670515336
670526947
670773649
671041123
671049073
671109358
671233494
671301641
671443197
671573453
671759831
671904503
671987627
672216246
672324616
672349321
672377135
672431438
672460775
672959643
672991461
673038780
673410827
673732248
673835222
673916419
673996563
674148645
674184756
674239939
674263640
674292911
674383103
674415740
674465544
674531308
674640439
674647685
674719912
674737253
674888874
674890099
674917711
675030186
675085398
675112172
675271522
675302786
675401504
675465523
675703292
676314724
676738206
676875522
676885439
676973843
677150663
677463291
677736674
677859201
678004998
678097676
678117366
678119612
678281195
678455739
678538585
678607336
678782276
678786406
678835389
678917576
678925271
679000542
679024534
679036135
679072447
679255102
679305997
679308898
679348611
679455173
679461423
679471367
679599724
679729402
679845263
680298952
680477898
680485170
680677075
680780260
680966325
680982975
681041158
681115758
681135681
681149396
681177707
681269239
681286469
681327882
681380260
681603615
681776402
681782102
681813199
681898455
682347670
682371732
682387926
682598988
682642134
682865401
683050225
683077218
683135880
683237290
683444615
683566181
683617162
683683883
683724703
683782315
683889631
683903771
683917235
684244844
684249959
684319241
684371693
684406007
684435127
684492657
684630412
684746632
684884584
684885840
684924979
684988120
685049356
685062750
685094611
685159676
685482232
685508574
685562403
685756603
685833139
685857206
685873252
686029271
686051005
686206380
686309064
686341535
686389054
686430940
686514450
686579827
686587420
686591886
686595631
686752099
686788971
686804166
686815393
687087808
687123970
687127505
687363117
687623662
687836153
687857179
687859688
687867112
687948463
688040367
688099336
688148637
688526985
688694078
688695747
688723192
688998577
689048143
689224966
689255847
689417032
689440095
689495910
689536925
689616826
689628707
689778918
689948712
690001008
690060014
690206930
690263519
690292358
690508526
690609902
690626434
690688012
690710837
690735138
690929368
690946296
691226475
691329933
691460796
691461463
691480808
691500118
691548976
691563012
691648906
691892450
692015754
692049932
692222531
692234280
692469226
692492826
692502968
692504529
692602868
692604322
692658695
692708364
692768218
692841794
692859348
693020387
693026729
693060683
693326505
693431790
693555125
693573190
693629752
693676902
693686386
693731308
693816699
693940873
693964024
694050859
694088934
694121857
694289926
694337318
694371577
694426871
694551100
694622162
694712738
694807780
694832376
694842584
695014236
695015269
695225011
695289533
695521679
695627421
695661193
695686201
695780950
696047737
696198413
696312934
696372851
696642890
696643179
696670513
696675729
696850180
696894068
696896638
696916289
696920631
696926399
697060381
697119869
697183023
697378622
697626875
697766743
697992532
698057305
698068132
698264221
698280212
698362684
698403772
698430433
698433432
698540604
698646537
698826904
698852206
698857729
698873837
698985878
699067462
699089850
699274277
699293407
699409424
699423757
699544614
699580858
699591719
699677567
699677587
699752564
699893789
699942741
699995954
700082579
700160748
700218893
700252704
700266985
700273447
700276455
700394593
700512721
700758935
700795225
700870258
701075347
701154059
701378522
701582624
701587217
701950646
701962641
702247382
702346961
702353472
702364618
702428491
702726779
702798357
702848349
702895387
702950498
703099696
703128723
703640785
703690214
703958395
703982661
704066462
704195086
704216938
704441524
704610230
704932753
705054155
705080585
705108488
705387082
705461191
705563474
705575368
705639766
705774756
705867917
705902989
705982736
706120220
706264147
706390876
706419550
706508830
706605385
706613198
706759325
707146183
707233049
707242778
707304943
707392907
707522869
707591486
707797865
707814190
708083431
708176824
708200087
708343868
708555412
708581485
708698262
708701484
708759433
708818008
708851906
708897288
708914024
708961413
709005234
709121233
709219968
709361496
709538701
709578586
709835881
710014735
710032832
710077864
710254890
710336372
710383190
710465151
710596597
710657539
710668995
710751580
710782858
710937926
711136406
711174153
711425757
711579174
711641045
711725200
711794609
711823505
711860022
711916609
711964810
712132405
712164998
712338019
712375191
712460740
712834935
713136499
713159919
713160876
713459024
713602492
713669316
713671055
713857152
713975280
714070619
714188623
714411273
714412597
714473008
714670578
714776149
714824130
714970251
715005879
715046856
715096779
715216316
715263664
715266324
715636580
715751089
715781009
715782180
715826098
715969468
716047874
716146989
716193031
716201184
716223142
716231529
716373896
716401537
716439522
716500395
716509493
716732350
716803252
716975094
717324605
717352516
717512055
717728065
717796138
717828903
717893760
717973955
718094866
718313878
718426318
718486882
718570895
718694056
718890632
719164613
719189625
719198902
719304898
719387416
719396547
719410958
719579151
719635946
719834076
719851627
719904308
720021748
720090111
720300990
720324076
720451051
720607622
720635443
720717295
720848712
720919234
721081662
721422260
721491204
721529491
721728597
721777768
721869198
721885529
721944391
722011160
722019986
722131851
722213211
722241810
722401586
722433414
722454031
722466907
722547317
722571056
722620713
722643782
722652818
722652901
722659853
722741991
722859730
722949194
723006680
723029879
723055671
723244435
723420525
723538461
723540555
723676974
723760539
723787737
723857353
724102786
724276476
724355883
724382171
724461692
724474039
724547430
724578746
724580013
724709326
724817385
724897038
724904362
725285051
725286856
725315988
725333250
725534435
725585273
725594712
725730467
725847696
726061204
726139611
726261654
726284993
726362819
726465223
726497038
726527540
726571289
726601326
726603563
726615536
727125963
727367589
727383771
727647027
727732928
727825272
727850984
727888525
727979908
728040351
728088268
728210796
728371548
728450772
728475602
728506008
728506454
728605003
728629823
728629879
728631338
728669368
729034725
729148598
729159891
729238260
729418972
729427844
729524452
729591437
729664294
729728047
729853923
729894319
729931503
729957912
729992432
730068945
730161026
730906350
730929473
731055269
731103368
731275370
731295330
731465655
731670561
731841313
731881292
731936705
732046743
732064046
732098030
732510636
732517512
732628593
732642157
732687706
732763720
732795315
732871556
733033119
733084514
733091518
733146783
733164167
733173815
733220808
733259679
733639838
733672047
733843708
733927553
733958704
733966318
734085259
734197281
734349350
734428056
734456848
734539304
734558895
734678623
734943820
734978113
735005902
735179351
735245442
735360989
735361547
735481073
735558479
735687770
735808069
735824430
735839954
735886332
736190267
736227256
736278195
736411687
736496691
736560748
736665533
736668765
736701262
736763377
736804158
736809840
736820045
736831517
736936670
737077552
737288947
737398870
737415501
737416901
737446595
737602522
737704825
737724340
737762062
737972360
738068899
738111904
738185426
738203604
738234576
738257221
738291332
738507595
738681781
739024297
739083329
739106292
739268141
739427993
739508882
739542183
739878105
739925354
740256633
740371904
740424683
740536203
740593138
741148882
741206280
741244346
741312888
741546393
741568175
741602783
741653347
741704765
741800526
741826284
741831325
741879661
742035393
742047749
742086238
742138327
742202172
742202692
742307080
742391784
742533764
742536292
742604075
742844969
742851355
742945700
743137911
743198921
743237319
743327674
743416324
743434724
743575257
743590392
743761002
743806296
743843644
743953542
743995352
744131727
744269157
744524304
744621083
744724018
744754164
744782085
744787159
744902559
744965052
744969181
745053087
745168765
745204033
745461811
745545417
745697051
745773716
745904329
745931192
746244879
746249705
746518923
746564625
746587574
746739133
746920566
747039022
747216419
747604712
747763287
747954781
748070199
748077869
748079077
748096041
748116826
748144271
748228053
748271850
748412659
748677130
748781373
749032336
749042637
749053525
749313362
749322535
749751413
750100993
750214250
750283738
750367505
750575950
750701476
750748106
750775645
750790358
750968954
750982015
751020303
751125796
751346237
751484331
751485997
751690393
751705393
751854506
751972596
752246409
752292782
752373405
752472126
752626867
752852056
752857000
752871062
752990640
753021120
753175726
753527641
753704606
753826293
753893155
753920428
753963226
754045290
754117720
754118230
754147009
754209301
754535813
754597923
754718633
754815893
754849944
754979606
755379857
755506734
755664182
755679018
755689345
755727169
755738233
755754456
755759112
755767713
755893503
755907339
755955487
756006000
756011620
756234829
756635150
757098586
757206237
757227195
757227493
757242915
757247063
757266082
757347765
757518609
757607711
757686728
757712002
757932203
757969450
757984256
757994949
758124109
758199747
758274365
758441777
758533185
758574774
758661372
758694352
758789150
758823211
758918043
759068745
759162056
759414000
759495059
759499273
759562873
759665637
759691618
759762042
759851565
759876041
760241108
760299021
760399934
760408522
760486220
760536905
760601663
760682589
760803817
760827062
760934472
761018213
761209692
761281136
761372375
761489612
761700411
761736669
761741837
761850493
761907959
762105822
762313886
762351720
762433248
762437100
762568842
762693953
762743310
762868354
763124426
763218513
763390204
763481523
763484213
763898190
763908750
764058871
764146313
764285234
764407286
764426827
764629112
764691812
764712779
764739725
764799765
764863870
765020021
765186573
765664765
765733050
765759325
765849635
765903100
765911991
765940435
766001900
766238251
766248239
766354963
766372798
766557114
766703930
767121015
767167247
767181009
767393183
767588174
767806554
767853405
768160520
768175648
768369032
768403237
768517153
768575984
768586237
768807395
768869694
768872384
768974413
769027211
769149529
769184986
769224851
769399883
769511537
769596456
769862725
769875928
769912504
769982126
770286939
770349029
770409482
770451559
770534195
770668022
770704427
770884891
770907563
771025393
771054779
771152812
771226061
771594768
771816335
771948411
772104931
772193282
772252032
772295041
772362320
772385219
772396295
772494357
772504275
772516324
772683420
772687109
772687259
773137917
773176574
773257083
773295289
773300375
773374026
773602257
773627003
773705620
773746374
773920785
774210638
774266628
774403117
774487160
774561419
774582134
774594402
774609883
774640704
774651443
774688921
774831232
774867630
774875338
774900123
774929826
775121030
775335434
775347787
775374328
775535222
775642445
775851225
775969010
776016973
776017589
776081650
776131887
776323624
776497094
776673919
776901773
776923193
776945588
777005478
777230186
777586773
777601088
777607650
777719190
778147284
778215669
778237117
778241361
778356031
778513520
778652204
778932877
779082763
779129923
779162184
779237898
779273461
779326448
779374302
779414865
779576119
779605542
779605730
779883252
780215857
780235472
780332833
780360790
780394196
780482153
780535412
780563522
780565929
780623583
780635162
780888893
781129397
781339388
781393837
781555071
781575880
781637667
781729794
781761640
781786677
781901324
781982053
782061365
782092276
782119979
782124302
782318333
782715274
783118272
783294729
783323107
783370736
783449867
783495079
783570591
783585074
783592178
783599313
783643620
783709885
783753556
783778633
784001746
784059225
784377768
784431295
784707668
784802913
784867216
785005869
785075284
785214304
785228542
785355123
785589075
785683456
785692471
785738162
785858506
785883815
785886266
786033762
786140106
786323401
786324854
786777550
786804225
786936046
786980564
787045190
787093425
787189949
787411573
787543511
787633460
787738968
787740258
787859469
787992450
788149158
788149734
788221133
788221797
788328937
788431870
788440970
788735011
788841480
788882078
788977182
789017665
789175007
789857558
790009495
790019616
790032627
790045404
790061449
790391426
790444444
790679840
790878829
790903965
790966756
791161290
791189306
791223530
791237879
791320138
791531825
791545772
791567600
791590147
791747821
791942408
791961936
792018285
792092303
792234247
792324969
792436468
792477299
792504525
792560864
792615437
792637149
792639730
792660464
792671699
792742078
792900780
792962238
793022032
793166401
793313414
793451756
793582179
793643171
793750286
794297775
794334023
794364390
794430079
794687126
794689171
794691764
794842192
794918656
795117893
795135160
795208498
795347469
795472140
795472636
795643362
795659402
795669838
795889628
795894054
795921527
795934507
795990306
796049782
796055825
796426839
796554382
796640427
796770184
796967166
797039575
797054871
797404551
797429683
797439167
797571755
797758823
797764375
797849193
797884946
797955159
797971164
798297765
798416146
798506028
798607267
798632174
798733872
798806240
798970592
799111123
799203075
799372961
799412994
799447515
799448591
799544339
799603791
799625247
799987644
800056500
800089865
800220457
800273539
800351583
800354836
800509924
800530783
800563602
800567033
800756407
800892652
800931483
801137391
801169944
801348629
801368567
801439443
801513684
801570595
801572534
801642826
801659542
801780152
801865057
801954746
802019784
802052896
802061698
802063192
802088258
802133101
802211548
802364050
802600315
802611011
802926333
803086691
803344078
803361008
803460258
803515982
803721625
803891880
803893978
803924134
803960585
804060561
804093442
804197948
804377862
804834654
804837481
804894302
804972186
805047644
805066560
805141419
805309538
805319083
805333185
805402154
805562330
805583241
805684383
805686397
805864479
805865587
805892658
806059742
806259967
806364558
806376886
806486154
806499719
806501599
806531521
806572909
806775842
806935032
807138237
807176298
807358608
807413085
807447258
807527266
807649379
807719629
807722397
807741172
807908775
807949088
807960667
808099495
808188777
808289435
808553944
808635213
808728487
808809629
808858959
808951595
809018890
809351946
809389026
809404023
809450517
809570120
809625397
809740655
809860443
809909396
810010335
810183030
810302619
810492752
810502194
810623555
810697242
810816548
810918723
811131839
811275231
811439922
811499770
811617192
811688416
811766892
811904584
811939519
812052970
812118714
812307235
812469645
812558924
812631518
812675593
812881168
812952042
813005244
813066948
813083118
813214961
813252801
813325211
813367804
813398818
813594053
813611811
813645795
813690162
813741527
813811915
813846790
813921188
813921822
814177805
814289471
814310396
814460227
814521030
814650258
814773092
814816647
814871380
814958055
815078002
815350346
815497053
815534443
815619634
815804315
816174179
816250308
816254495
816353779
816381025
816536093
816712459
816745208
816787385
816852268
816933733
817100138
817324792
817629455
817701530
817821757
817842425
818183509
818259180
818279362
818414425
818434560
818435096
818466554
818475329
818484918
818519616
818519786
818742305
818935115
819082487
819300126
819352894
819371719
819421203
819477597
819594422
819603948
819643573
819954293
819983205
820357877
820652486
820652509
820826010
820847747
820868168
821123242
821190537
821195370
821232295
821268123
821664507
821712751
821835263
821952178
822098127
822140066
822331162
822367373
822577256
822708261
822805952
822830128
822986108
823055865
823065463
823118487
823205794
823527641
823639867
823785263
823788880
823881294
823932819
823954751
824251789
824327915
824463766
824477570
824482183
824568362
824584461
824628373
824736717
824877369
824947844
824953299
824968558
824976731
825019844
825155841
825216179
825309797
825453083
825743589
825783134
825910168
825956288
825996292
826064052
826064113
826119324
826159064
826221915
826300955
826318738
826338661
826516169
826618460
826637138
826668494
826726614
826933876
827207626
827223607
827386806
827391581
827576402
827632565
827919315
828124059
828170507
828222456
828263471
828308956
828314851
828375450
828379531
828458006
828741428
828750567
828770938
828951427
829015670
829044960
829268261
829270713
829419254
829529855
829597353
829653894
829757302
829820501
830222581
830700443
830725129
830750409
830758250
830938670
831037043
831217542
831403075
831429234
831460490
831634599
831729368
831803392
831849387
831867640
831914154
831933713
832073452
832077317
832140309
832248406
832381547
832394591
832425228
832714382
832778567
832901057
832976260
832986373
832987595
833089009
833227854
833432434
833498799
833519535
833607081
833614939
833701359
833766217
833973628
833986130
834089127
834110992
834237672
834252457
834360358
834371573
834446629
834659080
834675267
834719620
834792423
834832381
834907103
835200093
835232779
835545315
835856031
835898036
836068967
836233171
836324439
836599452
836604765
836658538
836674227
836751357
836925492
836989615
837141525
837255271
837341542
837411728
837447667
837503524
837555456
837645700
837664469
837678647
837699991
837871664
837923277
838143298
838208885
838232846
838264614
838268255
838367503
838808439
838857250
838898572
838973365
839144055
839147142
839178178
839184754
839300842
839330423
839635438
839743964
839806622
839859022
840057520
840118081
840131936
840166736
840228154
840248603
840333951
840457867
840518185
840568298
840645600
840750324
840780728
840984749
841047143
841382607
841407573
841461110
841758932
842191496
842232399
842326322
842371464
842389059
842529550
842799616
842870418
842904271
842941157
843140224
843206544
843338003
843431069
843453617
843497917
843513378
843529257
843552015
843561575
843799650
843868252
843946325
844025789
844064984
844185179
844221532
844440219
844563376
844604633
844830543
845175748
845356685
845445548
845595803
845765531
845779518
845792921
845863433
845931802
845944030
846040936
846108213
846183984
846185391
846409348
846435744
846608939
846623102
846793525
846890986
846891848
847044387
847061678
847082974
847083582
847229043
847363292
847393859
847483509
847583994
847766047
847778630
847792917
847836759
847916525
848231995
848253860
848412650
848673983
848681577
848770034
848800401
848864855
848981361
849012426
849023838
849041855
849046802
849099555
849318482
849433828
849537578
849756387
849766648
849785148
849902676
849955418
849992330
850107914
850125670
850334055
850455274
850642185
850760509
850818309
850951243
850987867
851032771
851235122
851437633
851442907
851529814
851537206
851577650
851580603
851836515
852137949
852194122
852208288
852246045
852286472
852392595
852577427
852625976
852750771
852880761
852951406
852974115
853511120
853554707
853605787
853735781
853829089
853970731
854199432
854481767
854484674
854662972
854971018
855046613
855143955
855164087
855205834
855256629
855309500
855386099
855458792
855459574
855494704
855570487
855572815
855769808
855799811
855919564
856043999
856136354
856327222
856657505
856895268
857086433
857203068
857339500
857596391
857637060
857730990
857762693
857768153
857991308
858001984
858190850
858390455
858441861
858707222
858741330
858817780
858823647
858847190
859170515
859185363
859353291
859536423
859564682
859568554
859683441
859839387
859899042
859964744
860105708
860142282
860455297
860500625
860535187
860568053
860621196
860674897
860784346
860838065
860967424
861178911
861250410
861281460
861289528
861601353
861608080
861726385
861793311
861959027
861994912
862135291
862194341
862281730
862336205
862363356
862478660
862511627
862616912
862767546
862860948
862872364
862907980
862923633
862981202
863062108
863088775
863116195
863159907
863395264
863813466
863845871
863859041
864056170
864079911
864113402
864621779
864702860
864748880
864999118
865018533
865128521
865342622
865367830
865897989
865956971
866036116
866053588
866065865
866085244
866216791
866295328
866359798
866682636
866838681
867075668
867090586
867255161
867313776
867369328
867432276
867655821
868020419
868073883
868091686
868205082
868223108
868243725
868488508
868508151
868740875
868801263
868868817
868886025
868975223
869054319
869263331
869276307
869319226
869488409
869513406
869611842
869790838
869840812
869955942
869976534
870068361
870174916
870379306
870408685
870435196
870483007
870954743
871198352
871476226
871607729
871702252
871778467
871818194
871842750
871876255
871999260
872042547
872112148
872381565
872461061
872588757
872615614
872746750
872774613
872864909
872968936
873000248
873132909
873227473
873414599
873460511
873460975
873492512
873562560
873576820
873645173
873707427
873750263
873807977
874145261
874187309
874359523
874406327
874446069
874580566
874960158
875447006
875617385
875701204
875727426
875911392
875942908
876094355
876575087
876630003
876741661
876770390
876804360
876846182
876923703
877024720
877032193
877091328
877331951
877410772
877511978
877515948
877525457
877553950
877975612
877985567
877993836
878109991
878156585
878360726
878371890
878779384
878813321
878950005
878959595
879067489
879069169
879091348
879115515
879338703
879381273
879389458
879534509
879667152
879721294
879839340
879928466
880018106
880059200
880066587
880072779
880233039
880563800
880579536
880620213
880636793
880708884
880793423
880824048
880913273
881218570
881228431
881257989
881297427
881317557
881410682
881524961
881576095
881609283
881676198
881857643
881933086
881982942
882009915
882017570
882021944
882153856
882272418
882460392
882580471
882627930
882814637
882968074
883153048
883262135
883289844
883317670
883340212
883567236
883593609
883640283
883699266
883772495
883920077
883985684
884001752
884081545
884086746
884203948
884474083
884509763
884537264
884611047
884696924
884700853
884786386
884840196
884859208
885176499
885241179
885262192
885278970
885307477
885589558
885725907
885750810
885820269
885868419
886096695
886275163
886285760
886417317
886547384
886825907
886828188
886975721
887105995
887227180
887512059
887605219
887845923
887883869
887956199
887970375
888021736
888194866
888438253
888451262
888544919
888634991
888839542
888854841
889011215
889066946
889070986
889142233
889269874
889372138
889574064
889609947
889666628
889672760
889728285
889847810
890007883
890053112
890109499
890465040
890496383
890599323
890603919
890663550
890791796
890896762
890985008
891102248
891195094
891261011
891362146
891395794
891498853
891602772
891642185
891785363
891961072
892007022
892121693
892175703
892351564
892366099
892440872
892441996
892443955
892465103
892554127
892626435
892654105
892723013
892729480
892745278
892795027
892905030
893196707
893202110
893276755
893433924
893502237
893567856
893572171
893740529
893791150
893792556
893807922
893820022
893850659
893908212
893981493
894006382
894013187
894029273
894051898
894121792
894288780
894818962
894972861
895333757
895400502
895479712
895486047
895541491
895729534
895796362
895871300
895994345
896170463
896249359
896339082
896536653
896703876
896813789
896936586
896948294
897100546
897142444
897151379
897196119
897438231
897696662
897709239
897789807
897830318
897851188
897926109
898028895
898200297
898283549
898382767
898427758
898481634
898568670
898597725
898616482
898718544
898755611
898758368
898762098
898797269
898841733
898882422
899004441
899024946
899255432
899451749
899543590
899607565
899711248
899849149
899869863
900055272
900086631
900133919
900134014
900135423
900137012
900618929
900703946
900787362
900918246
900982216
901015079
901038872
901071761
901147388
901179219
901366299
901512331
901625415
901677118
901755467
901858829
902065599
902318218
902409080
902454578
902616854
902689951
902951615
902971666
903049674
903109550
903112790
903176192
903183198
903225450
903286457
903315537
903319880
903410746
903487303
903593449
903756758
904022449
904071077
904103566
904163280
904169975
904217444
904372449
904455903
904812777
904912796
904973062
904973973
905067904
905175401
905194009
905222624
905325288
905345682
905376563
905498284
905606324
905618840
905700945
905811615
905821939
905843655
905844891
906254932
906278331
906410791
906716442
906750046
906867687
906964819
907041499
907408019
907429729
907698335
907797677
907853051
907903526
908231267
908419629
908513063
908516604
908785168
908801874
908878604
909029484
909106536
909121854
909170725
909185943
909296186
909343342
909454404
909619489
909678152
910024220
910218142
910257678
910375092
910405772
910593704
910797220
910982004
911095332
911123601
911182247
911193454
911362168
911652035
911793072
911823322
911865800
911934862
912050330
912062162
912081834
912118614
912142972
912174018
912342352
912343043
912455450
912572661
912759921
912815901
912925603
913056977
913118944
913219584
913348534
913518511
913832247
914068323
914159611
914349737
914420036
914526248
914634059
914698373
914710979
914812596
914852880
914976146
915133501
915242361
915294926
915295125
915353763
915357386
915384887
915400591
915818718
915877104
916007744
916035588
916138315
916398318
916445536
916453202
916512065
916529061
916549855
916586001
916620640
916627539
916646442
916680271
916763135
917064654
917089917
917192674
917225794
917294390
917338940
917475540
917581791
917680251
917691804
917740663
917833143
917947867
918046244
918105197
918142084
918241536
918339047
918353041
918679718
918691002
918793082
918965380
918975504
919167932
919189466
919200752
919318071
919334681
919376458
919667158
920040941
920087913
920123945
920356251
920439318
920483098
920505482
920521948
920634373
920648896
920831292
920850024
921044755
921062441
921173660
921233752
921411095
921434866
921538599
921731742
921854555
921855776
921944011
922044294
922146036
922185401
922306840
922447348
922470692
922519366
922796649
922851691
922990540
923036596
923133250
923406494
923442342
923729122
923761070
924142328
924329119
924339656
924348435
924497964
924551317
924795504
924807413
924816042
924858040
924941714
925081874
925120695
925238255
925272663
925304572
925332498
925735651
925747630
925945269
925992045
925999658
926036844
926100397
926328223
926356042
926381505
926396679
926425500
926749868
926777486
926860129
927062802
927100137
927170653
927234465
927328747
927375015
927430273
927667757
927679575
927815797
927886846
928054719
928117446
928454560
928536336
928548391
928580754
928635879
928644193
928768480
928800652
928845073
928867957
928944411
929031494
929052305
929063780
929104874
929111199
929122048
929313624
929396784
929491625
929585823
929745720
929817690
929825822
929845246
929987251
930226563
930575835
930739247
931013930
931147870
931156515
931187919
931295732
931371013
931507566
931808197
931959143
932025467
932280179
932289345
932357375
932614496
932819429
932913557
933081055
933457659
933550010
933578752
933747171
933859206
933874782
933932000
933953535
933966409
934016263
934043839
934114051
934387154
934399838
934701940
934812257
934826321
934859958
934917112
934999056
935072039
935252504
935344866
935386155
935445497
935463747
935554133
935594419
935730041
935779471
935782935
935846835
935877165
935901538
935977540
936029010
936134289
936318222
936347263
936356313
936362424
936616930
936873008
936946977
937131995
937163827
937259527
937260100
937333261
937642591
937685676
937782936
937937425
937971451
938169398
938193743
938313857
938363260
938386090
938469286
938478956
938493878
938567871
938607639
938808222
938860268
938885930
939029170
939053635
939284728
939463822
939470310
939647788
939755948
939820208
939888396
939901332
939922719
940016808
940048779
940085876
940118017
940227855
940287345
940298071
940313228
940316565
940373351
940396092
940407487
940419589
940581370
940624238
940662584
940695139
940881455
940963382
941013391
941241540
941341786
942041984
942134001
942257689
942423777
942635986
942671545
942860186
943106374
943143521
943211943
943214214
943287920
943352668
943378167
943418940
943438948
943571112
943959541
944040751
944303770
944356216
944380910
944421791
944468120
944491597
944757005
944827992
944915263
945015418
945051838
945100903
945222555
945293043
945316434
945483972
945629508
945682788
946228069
946265566
946560742
946601090
946649764
946877645
946895174
946957566
947018129
947063399
947218782
947548482
947559804
947684871
947686220
947759811
947796848
947996181
948004350
948037290
948261673
948282536
948485989
948542743
948603658
948724128
948770556
948852365
948940508
948995759
949076339
949111488
949169275
949210853
949533417
949558338
949564912
950132616
950176154
950319332
950322880
950524407
950552538
950559535
950645906
950674630
950844615
950925265
951018780
951184352
951263309
951387436
951420556
951436536
951620632
951800156
951812880
951980002
952040387
952049100
952306052
952312662
952330414
952391174
952404159
952632615
952656657
952664380
952795513
952834139
952967529
952975461
953139239
953386679
953479495
953494878
953630458
953766316
953769294
953811439
954054248
954098474
954122384
954136466
954193971
954214574
954448069
954489674
954500870
954674112
954764006
954882971
955127311
955333273
955412856
955467116
955495760
955514581
955553664
955759687
955781168
955908515
955952949
955982115
956021025
956353236
956479723
956529090
956573126
956593678
956773532
956787817
956826746
956943641
956973445
957008494
957078914
957114812
957208779
957316502
957524277
957540903
957561949
957607021
957710055
957874577
958033614
958104713
958195424
958212797
958297565
958325923
958360104
958367120
958410281
958490624
958513840
958538255
958552176
958729603
958782436
958918027
958948593
959179911
959254014
959409531
959831986
960157760
960174789
960230783
960242946
960329655
960386610
960583415
960592714
960689228
960973402
961220691
961770273
962112639
962115641
962199871
962310255
962327741
962377885
962590552
962628724
962751713
962858169
962905602
963017303
963053000
963341646
963543533
963869363
963888210
963952383
963959396
964007677
964115397
964146394
964385143
964424474
964437199
964450405
964461360
964618175
964711686
964719124
965018910
965024864
965210767
965241811
965344404
965387005
965397691
965549620
965578379
965584820
965660492
965764523
965774756
965890113
965966614
966057595
966180285
966413162
966622707
966688084
966772008
966817932
966821502
966830283
966995177
967016762
967181887
967231442
967327088
967656899
967871522
967932482
967970180
967985691
968064374
968089448
968365849
968443978
968452047
968790785
968821831
968891629
968950748
968970455
969221284
969284426
969429764
969485579
969536566
969831360
969903743
969985128
970126897
970191524
970209949
970243808
970256970
970303825
970378116
970421418
970446154
970734845
970742061
970923627
971027445
971093673
971130918
971138377
971169870
971414373
971417071
971541869
971944359
971985734
971988631
972098601
972208880
972217683
972237978
972262732
972304841
972336129
972434881
972688071
972757622
972811209
972861021
972900725
972923865
973187016
973499975
973602559
973630029
973705287
973807061
973866420
973951503
973973761
974082845
974098320
974206070
974230034
974364428
974477213
974637453
974741183
974771712
974786599
974985057
975062196
975083266
975676486
975684961
975977846
976259430
976274954
976282196
976325411
976377784
976386568
976432029
976520182
976789213
976882748
976901943
976961200
976999930
977009783
977024361
977143040
977153155
977390740
977452648
977574917
977652785
977688751
977830063
977933496
978008910
978283344
978399672
978447031
978531481
978649867
978673243
978791263
978840155
978879824
978896012
978981915
979008838
979199767
979243097
979296006
979352806
979459799
979478625
979478766
979576687
979614196
979804522
979867696
979887055
979938324
979955604
979998275
980044544
980120384
980260024
980415969
980537701
980545740
980773222
980818926
981075955
981294669
981375912
981399772
981411500
981419970
981427046
981450053
981458967
981672571
982064043
982071204
982105456
982164936
982231926
982433276
982680629
982820000
982917573
983027706
983345164
983405332
983443756
983548858
983583874
983641104
983840565
983848707
984284830
984423904
984429737
984436029
984473397
984496133
984541660
984696491
984711512
984740257
984741213
984833966
984872432
984883913
985201896
985374031
985699403
985846716
985923221
986007577
986081889
986181833
986191560
986261588
986391323
986420271
986545347
986562049
986825977
987109265
987344237
987365220
987431244
987442055
987775399
987806228
987901637
988512341
988727066
988951509
989055388
989111631
989386119
989527163
989538403
989689834
989705139
989742229
989849519
989868473
989958889
989972637
990066583
990187179
990375247
990411268
990412184
990435447
990542624
990557441
990802885
990856323
990984409
991015314
991107172
991216474
991249403
991615129
991745609
992040693
992177941
992281547
992362861
992366502
992397702
992427709
992477676
992518209
992851387
992867195
992917682
992976878
993003964
993178375
993311582
993368524
993569531
993582990
994085177
994128302
994186889
994273191
994284180
994449697
994539023
994624223
994713689
994941038
994987343
995169595
995309854
995462495
995600793
995619399
995845782
995876031
995989774
995992810
995997178
996025318
996257457
996321491
996336490
996498200
996550820
996734751
996811337
996846065
996912002
996942687
996957178
996982440
997176547
997296932
997382590
997551189
997705161
998062201
998167895
998488017
998554596
998628884
998867376
998916527
998922851
999089216
999094006
999286218
999470605
999625388
999836829
999883277
999986918
