38750
165087
217956
252256
271503
361431
435669
599834
720390
817074
1014772
1131793
1175898
1316576
1457546
1497819
1529904
2368250
2423537
2437090
2478371
2642346
2647470
2662645
2697226
2736956
2815034
2835583
2861772
2950770
2990397
3010481
3188925
3270130
3497361
3522837
3526399
3541821
3603979
3624173
3631832
3760458
3793592
3854390
3854627
4107048
4121535
4189899
4236634
4270179
4522838
4549533
4814604
4904568
4933701
4994902
4995042
5021611
5096114
5108356
5138751
5157264
5336970
5440919
5516766
5523522
5527242
5616209
5844665
6454886
6478723
6493287
6616248
6770579
6786708
6815738
6846729
7020531
7089721
7140026
7194392
7675170
7859024
7936272
7963667
7979026
8288753
8430911
8447225
8458323
8460799
8524055
8626833
8651538
8782465
8844717
8906051
8936072
9049138
9052147
9056776
9091386
9094429
9170943
9193781
9240732
9248876
9359352
9366237
9452234
9452890
9543179
9569149
9569230
9848454
10144252
10240612
10264531
10391025
10527523
10742683
11251763
11464343
11558420
11572496
11685530
11808413
11875420
12014168
12031452
12247695
12484288
12536923
12632212
12693523
12750448
12872031
12880487
12893284
12983864
13019519
13068734
13171517
13233169
13378954
13466133
13532886
13569676
13585373
13787747
13804928
13817632
13911366
14088379
14145978
14146262
14300429
14374112
14463721
14503274
14585708
14656700
14702693
14772575
14916951
15104608
15267367
15272616
15578496
15605226
15764171
15797981
15812348
15823797
16429223
16673538
16884614
17191526
17212896
17395905
17477766
17510554
17531527
17561351
17609968
17723417
17898315
17947514
17947841
17977341
18000257
18177829
18334532
18414162
18473522
18553909
18608842
18622539
18679832
18766768
18967137
19173190
19181103
19240445
19710485
19797676
20159013
20340165
20413571
20629336
20662559
20865408
20925006
20944008
21061523
21074739
21160269
21294016
21367153
21474776
21629259
21789121
22063240
22198667
22202846
22406815
22510313
22559616
22774914
22859300
23041321
23117449
23178131
23278654
23363068
23468776
23510635
23671617
23743114
23756304
23955992
24054890
24417015
24426944
24628676
24695380
24738909
24879360
24902432
25087017
25094694
25289527
25338053
25448716
25609177
25609746
25622202
25812896
25834825
25896568
25955603
25992327
26211434
26280572
26346898
26554124
26760349
26916502
27033598
27086448
27150352
27161147
27271397
27282258
27291357
27406082
27527115
27683969
27902059
27963210
27967954
27996407
28013208
28361941
28423830
28462176
28803824
28826668
28863508
28973822
29101390
29107147
29140429
29162896
29252774
29281932
29464589
29603255
29638660
29782258
29860411
29866748
30035188
30074186
30230171
30292592
30596165
30610376
30623328
30626206
30662221
30920979
30929802
30982743
31044745
31281947
31550362
31555376
31605060
31626107
31907590
32122945
32159272
32211857
32391191
32517197
32771959
32917204
33078640
33093692
33105838
33141331
33165503
33203104
33268350
33495132
33614802
33678493
33707251
33736774
33859651
33866984
33872770
34059466
34117018
34320057
34373170
34457236
34587295
34602978
34749083
34838505
34859162
34956765
35038293
35043716
35047770
35163753
35207937
35313847
35378453
35596288
35621723
35693102
35759861
35763444
35788868
35857751
36046600
36138431
36144945
36449853
36468434
36498650
36502743
36644227
36724819
36861739
37092901
37165319
37174973
37194293
37288962
37408789
37740333
37893718
37928011
38021562
38151934
38266378
38284216
38375113
38388090
38438025
38518876
38700321
38780035
38819107
38885513
39016684
39033297
39450405
39588544
39677579
40024426
40059208
40196696
40200275
40398398
40462588
40475918
40656786
40668636
40670653
41025572
41174634
41209820
41247039
41346976
41505867
41795627
41817407
41938203
41961620
41976832
42167161
42353350
42354007
42357246
42378518
42479714
42521966
42534360
42590750
42654370
42777023
43086518
43206329
43217860
43325892
43342505
43422675
43464892
43469375
43480135
43598550
43775830
43969176
44127733
44199734
44212162
44379895
44720219
44787734
44805439
44920270
44921320
45049592
45091971
45148703
45202075
45272338
45387337
45428850
45439544
45470539
45605867
45640419
45701705
45930769
45949516
46029037
46055287
46101585
46111203
46270507
46429312
46636508
46750843
47368269
47429840
47792055
47794910
48051131
48144566
48169801
48219457
48327772
48360439
48402062
48515587
48657742
48702962
48742855
48802618
48871293
48897817
49039771
49107112
49179367
49314074
49349444
49402532
49478040
49514573
49590306
49675157
49710389
49775642
49783292
49846056
49890599
49930422
50001424
50580636
50600726
50649388
50833994
50836138
50979094
50987726
51060746
51256036
51328019
51376939
51649125
51748602
52042364
52255684
52489908
52587567
52619541
52673964
52804015
53175463
53185669
53274500
53290212
53445124
53451911
53566312
53578909
53581623
53645313
53669570
53745437
53800034
53853525
53896340
53962729
54062807
54192288
54437098
54465718
54574433
54675244
54684018
54737785
54906819
54957779
54996056
55283218
55285023
55308251
55421394
55687039
55785982
55933830
55953567
56101678
56182546
56319409
56361971
56595525
56823435
56828732
56834500
56911837
57070627
57169306
57222003
57312158
57455053
57488146
58004819
58059912
58124007
58302316
58305551
58323587
58386412
58388083
58505986
58600187
58954270
58982778
59080623
59088174
59217229
59242479
59247206
59384021
59456596
59457380
59468606
59559529
59588771
59853714
59883853
59891374
59927448
59929845
60085227
60189564
60199827
60212478
60248959
60284195
60652170
60652711
60749574
60900976
60903432
60911946
61062364
61073244
61314150
61397949
61671606
61740568
61785932
61819856
61979446
61989111
62091711
62251830
62385450
62695912
62945169
62998875
63111935
63117851
63193245
63220929
63262745
63290285
63346211
63361332
63402552
63485813
63500662
63553905
64095961
64412073
64496481
64567098
64802823
64995961
65000312
65026123
65105551
65308668
65321583
65348777
65361746
65803302
65804931
65910376
65918175
65933105
66007907
66182958
66297292
66304861
66757529
66897592
67050476
67361773
67660602
67999536
68071809
68394458
68411666
68432542
68446886
68523340
68597429
68739996
68809026
69002055
69162596
69167110
69223757
69226147
69424675
69496986
69508531
69533506
69657301
69794956
69841063
69873757
69912092
70098785
70136962
70190606
70288413
70616972
70624529
70652408
70764500
71116332
71144503
71161900
71252185
71322701
71354561
71370722
71469414
71624645
71820956
71851319
71907343
72265424
72379168
72463680
72564159
72846248
72974581
72991928
73005952
73138838
73140124
73172642
73504307
73538994
73667965
73673955
73687387
73780042
73877327
73882836
74083371
74148134
74330575
74356056
74386943
74389790
74434144
74527163
74538581
74629203
74789489
74976512
75371439
75690776
75715087
75781331
75843872
76298424
76379287
76403544
76474903
76484563
76590261
76645148
76843750
76982350
77004225
77075155
77096747
77222279
77373453
77453938
77560702
77934778
77948998
78000371
78155993
78180840
78414289
78645100
78657439
78704605
78721256
78723084
78821924
78875244
78910076
78988815
79003533
79205010
79333727
79399345
79442040
79476483
79743306
79759955
79892754
79927778
79943226
80043903
80213707
80513128
80569959
80653169
80717144
80817311
80865738
81022119
81099868
81290310
81356463
81372008
81434306
81522475
81796156
82136159
82354170
82460884
82620202
82759163
82949754
82978829
83040931
83049132
83333538
83351325
83428222
83455247
83569471
83626628
83846062
83858142
83960536
84111800
84264549
84573719
84598623
84630370
84790171
84809126
84909380
84957862
84986861
85007426
85045677
85131124
85287210
85297457
85317212
85406411
85480672
85617819
85644006
85782929
85945817
86005667
86251809
86392286
86422107
86436871
86522582
86594397
86725171
86755007
86771993
86860938
86950607
86991589
87211134
87274341
87391272
87403763
87422416
87457707
87604342
88280673
88289392
88312513
88486346
88509091
88726592
88989421
89186220
89276746
89292469
89409957
89442755
89587233
89592136
89616473
89647724
89676401
89687875
89749400
89845211
89919970
90032320
90351083
90354677
90513919
90538650
90773763
90795923
90819895
90849876
90982027
91027304
91189291
91325233
91391098
91524259
91581399
91593331
91656727
91691250
91852318
91876609
92318149
92514106
92719735
92780845
92849094
93070275
93082273
93280040
93286541
93353709
93538893
93590307
93599567
93614154
93629466
93750930
93796150
94069046
94177715
94218652
94276445
94831495
94960086
95185604
95264572
95278286
95331047
95703716
95880940
95933914
95995954
96158694
96171888
96259052
96289720
96332316
96543711
96549457
96838188
96872583
96975155
97059646
97080038
97208132
97229925
97423735
97487089
97624387
97794417
97804507
97874051
98225079
98491756
98536914
98543491
98590261
98731188
98869499
98994849
99256600
99258409
99378005
99518269
99574344
99576931
99616790
99712386
99964412
100314857
100491775
100517128
100612576
100733248
100962434
100994662
101172755
101252428
101342781
101470083
101526386
101827314
101973928
102087059
102149627
102210008
102449025
102497916
102508117
102538469
102561813
102740758
102779759
102888436
103067819
103115714
103385541
103489090
103682160
103770711
103784209
103875662
104173535
104271416
104310931
104548768
104577348
105128266
105174860
105327143
105715511
105802498
105933701
106033573
106309506
106370381
106375531
106405097
106797353
106824338
106952380
107185754
107203701
107288394
107431840
107610097
107764386
107905824
107920140
108000754
108462998
108516502
108638184
108823829
108883231
109006671
109009869
109057694
109086456
109131221
109197750
109245283
109303030
109307973
109512435
109819574
109831589
109858811
109973712
110077929
110358131
110497156
110688159
110715627
110716024
110833702
110956161
111130316
111139044
111371855
111389389
111424901
111465719
111475118
111521639
111581506
111598682
111689785
111919732
111964312
111984358
112149605
112525254
112591634
112795806
112804086
112922815
113216460
113240855
113384288
113426630
113436454
113469544
113576775
113684889
113702075
113824369
113841780
113951257
113971941
114007334
114086277
114166866
114233148
114296828
114433094
114438152
114475871
114495766
114564151
114863531
114928495
114986144
115330969
115404836
115443768
115461073
115940155
116083051
116137957
116351439
116420399
116490930
116584169
116682064
116906117
117122975
117297655
117304289
117333807
117465761
117520475
117532132
117552429
117679062
117729371
117796292
117824816
117839397
117992571
118044910
118079881
118098062
118201575
118357576
118528215
118723651
118759098
118958836
119072278
119076784
119128151
119183976
119228217
119266120
119329792
119417588
119468652
119483970
119801590
119816503
119896329
119983169
120053896
120172173
120207682
120240268
120345801
120470097
120483979
120613727
120641307
120754881
120782821
120838527
121007811
121281926
121376286
121395745
121483285
121543242
121589291
121677701
121732433
121746967
121817986
121850492
121889449
121972700
122041230
122172260
122191646
122251481
122290479
122312373
122616032
122619367
122754265
122767815
122869350
122872356
122906259
123003646
123076634
123132800
123363899
123365415
123425194
123478480
123584198
123598988
123618626
123637649
123746843
123756260
124006271
124373675
124386655
124594153
124660759
124668030
124827082
124941733
124978975
125229674
125273388
125526233
125572932
125692581
125806006
125817590
125879350
126127512
126455825
126560658
126561721
126630957
126678095
126853185
126929747
126937248
127164168
127179952
127227169
127298903
127317456
127515008
127792623
127796803
127831890
128137745
128140834
128150966
128315361
128482291
128517966
128557203
128611981
128669656
128788820
128827030
128913968
129109243
129192242
129489930
129541951
129572857
129797086
130006720
130123846
130291236
130332015
130339802
130471509
130486840
130724056
130740913
130908086
130969595
131014299
131298161
131298239
131374982
131441188
131670170
132093660
132278506
132312356
132348965
132533457
132553207
132565148
132639611
132728970
132820926
132865576
132910579
132980797
133049161
133177441
133195289
133385597
133617491
133641442
133843870
134066002
134097398
134101528
134117029
134157763
134167332
134215933
134323900
134408193
134491014
134534941
135020227
135101494
135161766
135213854
135308702
135391111
135456422
135501640
135684932
135699203
135898809
136011189
136057801
136085044
136132829
136355234
136622596
136670196
136714793
137121510
137233682
137427825
137582775
137601990
137608131
137630919
137652044
137743903
137826248
138036036
138137893
138200182
138310678
138418972
138639418
138656578
139063774
139153525
139208494
139373181
139462643
139514590
139582347
139611965
139846806
139966914
140025502
140162490
140327419
140346537
140397149
140790439
140832313
140964935
141014970
141089467
141264324
141350504
141386982
141659660
141810251
141980252
142209581
142299378
142397386
142407467
142565392
142566978
142801760
142854946
142992631
143096271
143120427
143502165
143514300
143614214
143832119
143989510
144379188
144421031
144765447
144861376
144865471
144937977
144981081
145119237
145217086
145303651
145523935
145536385
145758537
145812481
145877683
145905834
146016218
146116987
146148238
146461406
146670514
146871722
146960333
147013471
147142117
147172912
147249466
147270973
147312496
147346129
147465150
147579428
147722479
147731188
147777310
147970616
148068587
148158765
148249021
148267201
148295201
148518389
148609516
148616738
148647564
148717587
148744416
148783887
148879719
148880505
148895083
148897050
148975225
149196826
149237249
149296186
149489849
149496729
149639991
149687693
149770643
149795813
149930031
150032402
150064665
150128383
150340716
150359433
150412272
150452750
150543320
150714253
150765302
150834890
150879522
151051888
151214941
151359342
151372896
151606017
151897617
151902165
152062399
152086388
152108154
152198395
152393814
152673705
153037052
153074334
153295504
153327866
153375308
153413937
153521794
153557176
153571488
153599445
153616336
153648914
153668827
153752467
153925048
154280360
154445570
154616690
154719803
154811741
154825250
154825827
154837826
155032028
155065454
155176646
155384347
155410935
155707749
155837128
155915348
155972918
156361567
156503593
156519585
156651449
156687200
156814747
156883933
156959182
156959738
157048924
157128416
157161778
157191009
157370763
157536149
157840867
157910197
158066292
158174197
158328254
158519516
158927992
159250230
159296724
159322204
159328642
159352259
159411429
159583847
159638487
159677301
159852206
159855034
160262064
160357941
160394291
160426336
160479507
160522822
160636180
160787230
160917901
161006985
161425440
161568156
161581955
161631156
161684013
161691436
161866624
161871038
161920013
161967078
162165520
162191964
162199449
162313381
162366300
162382566
162459387
162613974
162678059
162713657
162827873
162941850
163024255
163229606
163543165
163584889
163740499
163793350
163882172
164099915
164228360
164373221
164384310
164785406
165052533
165127114
165148235
165183474
165389965
165487354
165530320
165560314
165589298
165764631
165869505
166043478
166095143
166222972
166262046
166263816
166299736
166433316
166615307
166649846
166838618
166920978
167028747
167152746
167267060
167282356
167362436
167577677
167647763
167775319
167776838
168027143
168111119
168136621
168281519
168352876
168438051
168518849
168693891
168749605
169099885
169150771
169171513
169313832
169349494
169435554
169451483
169500021
169524823
169595731
169760380
169766236
169852993
169893929
170036113
170207791
170306235
170338249
170340584
170420058
170468221
170699376
170726514
170880331
171341176
171437057
171567399
171597559
171777321
172067046
172210390
172307052
172475208
172570849
172593279
172688708
172763656
172843674
172870381
173091454
173162952
173209386
173218218
173436588
173490607
173532692
173577439
173959666
173987743
174070499
174125973
174153416
174154657
174253217
174304509
174306810
174323340
174424233
174557858
174808064
175015775
175023040
175039016
175091959
175123839
175164609
175185502
175210986
175247825
175326869
175587597
175610432
175633405
175912927
176134851
176217596
176237759
176321810
176347095
176455974
176546264
176702430
176764839
177105455
177121384
177141886
177154372
177400629
177570822
177721289
177796961
177896540
177921401
178066079
178080141
178096196
178188520
178194406
178305882
178378315
178395588
178446555
178514212
178564753
178617448
178747236
178845003
178991462
179123301
179277125
179307092
179322240
179344655
179380576
179416929
179548409
179671629
179679040
179766327
179806646
179928299
180003424
180156936
180189720
180331099
180366320
180408639
180708256
180713559
180756792
180827032
180832136
180904660
181023115
181280459
181294994
181443597
181457293
181534444
181588019
181866307
181883306
182345637
182533413
182588734
182634414
182666756
182800382
182822075
182915257
182917823
183031856
183040487
183448313
183477786
183548037
183618817
183744592
183779259
183829447
183835813
183861791
183906314
184011306
184026123
184096782
184517023
184589046
184617378
184645811
184707144
184897051
184969138
184986895
184998018
185140558
185416335
185435632
185654429
185850907
185863610
186008447
186137071
186181417
186341329
186392549
186425636
186471276
186482698
186751699
186796585
186805858
186943452
187122423
187566886
187574139
187667302
187694585
187730679
187775158
187802735
187812870
188063109
188229334
188258452
188507048
189010287
189109934
189179379
189468167
189503086
189728115
189801226
190024510
190055998
190122278
190612898
190655659
190814852
190833769
190842767
190857826
191202164
191205817
191263514
191404120
191457756
191521412
191662294
191676117
191781068
191897913
191909844
191938744
192003392
192034125
192256824
192408708
192438995
192722190
192790528
192800843
192825389
192941592
193075791
193115054
193146535
193239660
193308046
193356259
193513464
193934160
194046970
194195978
194372380
194508868
194603489
194699302
194712466
194818238
194818581
194941033
194980802
195120643
195157493
195393784
195422259
195474502
195487125
195583302
195665344
195776044
195802325
195807996
195841882
195860241
195908639
195915661
195977937
195988446
196034523
196058125
196183928
196291693
196501507
196571518
196646044
196648581
196650411
196713447
196803761
196820414
196822925
196926053
196957058
197135801
197212790
197328078
197420857
197487890
197670359
197754644
197937215
198278611
198329568
198531664
198768517
198826086
199042594
199146277
199186162
199186604
199219386
199249833
199356088
199389560
199409031
199450748
199699463
199896742
199958186
200023033
200324436
200437032
200582363
200681347
200736457
200812376
200853413
200925093
200983023
201050878
201089675
201129531
201163419
201173641
201178909
201383262
201500303
201541147
201546087
201556224
201660410
201765574
201969082
202155378
202259929
202538899
202634810
202646067
202652585
202760693
202785130
202950382
202964279
203134231
203170816
203521407
203704842
203724407
203850959
203927247
204050996
204079642
204165361
204433409
204668136
204746336
204955192
204967012
204979946
205036921
205210899
205215793
205286896
205337114
205392455
205655188
205742346
205769176
205813642
205814900
205936103
205954745
206034138
206108538
206115152
206274891
206280666
206426910
206437155
206485212
206557364
206627853
206702175
206751268
207166246
207307372
207425015
207524706
207602150
207674972
207691103
207708771
207708783
207812551
208420263
208661801
208691493
208827257
208968093
209099623
209176989
209249078
209368632
209495950
209528410
209790652
209875579
209917528
209925609
209964243
210129483
210268752
210301492
210411601
210612461
210633781
210785746
210941777
211214526
211219065
211248265
211271463
211360914
211496608
211536562
211620661
211637698
211784515
211785013
211814992
211976134
212037938
212161811
212183971
212211642
212361256
212381953
212575706
212612246
212650576
212686739
212835005
212904619
212908578
213068253
213081008
213182965
213196695
213636725
213657123
213715254
213715950
213885808
213947460
214010456
214047977
214051960
214259888
214268122
214408938
214423648
214517626
214549327
214591675
214751071
214963743
214988824
215011201
215059511
215320903
215382878
215493492
215582043
215655491
215827913
215947016
215973360
216009913
216099580
216108248
216121341
216194287
216334736
216509939
216555683
216610918
216715493
216792585
216897319
217198995
217236097
217475203
217476990
217559153
217563812
217677810
217690729
217707372
217719737
217720298
217742155
217930520
217975025
217982026
218253446
218429325
218590994
218591399
218793465
218814828
218868109
218919006
218931305
218977009
219070990
219445959
219528513
219547017
219668336
220199730
220254741
220398765
220552893
220588984
220616487
220688818
220716977
220857051
220883836
220886298
220936978
221212254
221258095
221371473
221390317
221586047
221607555
221707121
221899965
221959923
222044844
222393447
222428847
222526199
222663756
222698683
222754085
222836235
222960736
223045926
223080904
223135883
223241777
223242776
223354513
223387723
223589373
223596721
223625209
223645160
223884907
224025416
224099771
224128478
224142376
224154332
224203980
224259281
224366604
224436354
224439657
224496759
224523146
224668264
224762357
224950930
225183724
225324886
225336806
225364813
225423448
225541193
225658640
225895150
225947718
225979863
226097104
226168259
226235949
226270356
226284014
226343276
226514163
226571431
226576212
226701214
226775548
226794377
226970202
226970726
227255922
227298717
227348320
227496109
227640534
227726998
227728521
227892325
227990593
228008042
228008118
228047957
228123008
228348765
228622307
228921173
228932435
229010950
229282357
229378209
229378992
229497640
229590280
229657720
229709068
229757471
229850521
229912769
229913847
229944651
229977937
230072530
230143529
230402153
230561601
230691547
230844278
230858417
230873830
230886551
231104116
231350314
231360817
231388495
231390779
231449256
231517584
231652442
231658851
232295293
232532132
232564474
232648039
232782928
232835410
233026902
233116094
233116954
233417938
233501344
233536885
233665503
233682001
233727410
233765557
234016706
234089621
234142555
234314997
234347743
234371818
234427979
234589249
234711817
234908340
234942819
234998577
235038427
235161430
235174807
235240781
235282409
235352965
235848708
236280134
236336695
236482233
236518643
236644473
236703113
236773509
236877523
236901954
237101390
237243604
237268365
237361668
237395299
237428625
237437078
237465435
237511485
237601407
237687778
237839404
237850348
237903707
237944679
238245752
238248701
238577772
238815052
239000680
239018723
239120689
239146173
239236314
239482225
239484173
239658687
239693359
239805283
239923145
240039968
240194680
240296432
240308777
240314050
240355940
240659789
240769652
240814396
240848611
240949469
241051321
241095554
241287972
241409878
241492568
241618518
242067485
242086688
242089308
242171346
242319221
242381573
242472819
242665459
242684689
242816359
243038154
243047198
243119773
243292209
243333778
243334465
243407119
243417448
243567417
243625023
243633489
243706509
243768198
243775486
243874324
244114453
244121346
244252598
244301267
244318736
244353612
244396939
244425528
244730548
245037958
245058119
245263322
245283575
245304545
245384765
245398836
245448930
245481991
245910309
246094349
246206931
246330591
246593433
246610424
246625022
246969738
246978057
247220332
247229558
247240655
247304299
247401056
247574856
247640586
247705744
247751676
247768466
248001714
248010061
248237620
248252583
248316925
248373077
248380187
248533042
248630978
248641841
248690775
248747760
248813056
248889510
248954986
248981742
249077240
249456919
249675013
249751307
249799798
249823103
250169815
250366537
250706010
250748785
250795200
250809902
250839012
250849299
250968767
251086680
251128612
251171020
251172204
251258570
251463739
251474219
251514550
251531305
251560279
251603915
251779120
251847639
251998214
252177285
252179631
252196145
252347172
252412782
252786310
252796360
252866608
252877929
252908743
252932259
252939539
253151735
253230756
253301467
253304604
253306407
253341258
254009725
254189859
254219706
254314627
254400860
254410021
254516055
254544782
254788543
254917116
254962405
255003247
255115402
255128602
255171926
255192868
255265809
255288746
255323526
255410582
255945047
256046584
256067580
256238987
256595032
256670673
256883518
256997573
257005609
257502430
257573327
257604735
257703712
257770442
257810962
258134825
258189477
258217532
258254371
258307948
258385242
258499271
258934397
258942546
258980209
259008348
259037087
259083642
259577566
259752721
259885312
259979694
260027822
260169288
260204627
260473073
260516284
260570405
260646698
260702561
260714108
260905616
260910915
261180611
261213971
261364333
261700871
261743947
261819077
261861171
261891257
261923700
262142292
262435851
262444340
262526098
262648031
262776573
262806793
262834903
262932947
262992619
263034840
263113978
263136881
263147370
263181516
263344113
263418192
263454687
263460162
263587147
263753707
263828475
263843314
263912970
264038384
264061036
264461903
264686529
264713491
264935494
265041536
265077847
265314603
265655395
265672160
265858451
265872288
265885218
266029409
266054781
266122686
266447179
266513906
266660169
266775329
266778617
267047602
267107897
267149403
267227139
267333005
267580810
267638104
267772772
267994039
268054379
268600530
268617864
268688089
268805447
268945268
269049305
269144050
269310964
269490271
269502106
269600887
269603472
269638465
269641407
269903774
270063862
270152589
270159186
270169780
270194030
270304499
270429643
270452662
270561191
270633054
270666935
270845676
270863829
270888890
270911714
270933862
270991660
271051166
271136829
271517630
271535734
271579940
271638678
271722439
271883539
271916899
272005038
272011646
272060848
272173681
272227497
272268116
272346810
272366124
272403827
272503319
272590682
272745862
272793919
272798352
272867080
272874688
273001919
273183652
273420746
273441943
273618873
273667508
273847754
273927854
273928355
273968760
273977217
274083904
274120214
274159079
274203029
274468172
274509478
274545040
274551288
274603869
274618742
274642667
274650826
274743543
274937994
275151991
275196812
275530587
275721885
275911069
276128339
276341585
276382364
276401840
276452517
276809829
276821405
276948707
276986391
277029078
277315918
277520066
277718593
277731971
277765869
277821981
277991139
278039458
278107541
278151678
278293072
278326285
278397379
278403956
278441631
278446818
278901721
278953585
279008509
279017097
279115492
279134704
279162504
279252889
279263248
279466576
279522080
279913703
280115172
280150707
280273292
280484860
281112316
281357901
281416767
281474978
281666013
281738877
281774361
281925605
281962010
282205458
282220853
282385163
282438947
282439014
282449916
282677068
282722219
282779896
282794572
282907521
283066736
283231475
283429980
283433841
283521636
283633599
283726624
283844006
283948991
284083364
284094878
284153886
284287042
284314703
284326556
284363720
284365525
284370783
284455627
284479961
284613523
284676780
284807410
284814655
284815398
284863359
285027213
285269560
285317486
285336355
285657322
285804456
285833692
285842171
285890828
285958599
286072874
286293747
286320723
286339567
286372890
286518153
286608592
286799215
286861015
287291543
287331479
287361057
287368992
287413366
287543415
287602848
287979731
288427262
288509207
288528529
288755008
288848562
288877650
288901599
288911404
288997555
289045375
289081347
289112027
289322324
289335787
289398276
289469994
289480512
289583866
289618643
289655988
289689404
289690631
289732322
290057574
290162692
290317955
290528246
290535759
290623517
290631237
290675166
290823825
290997244
291013424
291074206
291365311
291365973
291370180
291492616
291561911
291634143
291774467
291909079
292151190
292176480
292280962
292304779
292343686
292564037
292646771
292736861
292758854
292898025
293078643
293090574
293308692
293349478
293539160
293639959
293896648
293926445
294115331
294116453
294162422
294231047
294252793
294312970
294319355
294382026
294600011
294676737
294786520
294924284
294971646
295220951
295384290
295418665
295520898
295671172
295814202
295827123
295889649
295950660
296156991
296219143
296309666
296562014
296576336
296744746
296776235
296864621
296873973
297420164
297426088
297495394
297563673
297642563
297668619
297784367
297924599
298023145
298026893
298158037
298228633
298286240
298735897
298819802
298860084
298894436
299006177
299073022
299139243
299310192
299484269
299714771
299812313
299918894
299954200
299974242
300034689
300180056
300192245
300217222
300362254
300545763
300561224
300805746
300916849
301205183
301218078
301320919
301354646
301378274
301429721
301576280
301605396
301778130
301886771
301966245
301995042
302245901
302355148
302669796
302806763
302827741
302866241
302935953
302999341
303070888
303157123
303276172
303598482
303764268
303963555
304097475
304574997
304664916
304695000
304997651
305146478
305193338
305197268
305204309
305656241
305666921
305669562
305776729
305814115
305833238
306052926
306120301
306375920
306417406
306437852
306476838
306586964
306635718
306682956
306731100
306755400
306877402
307055194
307131448
307162700
307226956
307343601
307399687
307408312
307409760
307478249
307496916
307723749
307909635
308253700
308270454
308338315
308395958
308476924
308531369
308638000
308769961
308776808
308975328
308996378
309172467
309428611
309544702
309744113
309797913
309969192
310312506
310449014
310489549
310604727
310686524
310750830
310761236
310789331
310801558
311021938
311117610
311452516
311592556
311688743
311798236
311882149
312065518
312479569
312540657
312572036
312683498
312905089
313050716
313142627
313177009
313218219
313256804
313283714
313348322
313467215
313618100
313755609
313776025
313896362
313941424
313993808
314254642
314862452
315424531
315583428
315679197
315702872
315787458
315817216
315860949
315876535
315885727
316086715
316181072
316242411
316252930
316555780
316676197
317301889
317377167
317500956
317542815
317611828
317889901
318192648
318206585
318246777
318292869
318319392
318357269
318572372
318764375
318951687
319035651
319203369
319282203
319319523
319343693
319355825
319356681
319372380
319385398
319616334
319716127
319811586
319883237
320030759
320272535
320459315
320477026
320500492
320570306
320642641
320687245
320795269
320890506
320975699
321118555
321281167
321362707
321737045
321877139
321979428
321979739
322021113
322085414
322335217
322340802
322363527
322413427
322563672
322933093
323159048
323167260
323193351
323248054
323364935
323514890
323681402
323686479
323817158
323920480
323930373
324111128
324243022
324350178
324378152
324513049
324551837
324675731
324851560
324902347
324914057
324965314
324993810
325011667
325148607
325158827
325163080
325295528
325319786
325350359
325371465
325458464
325538044
325639388
325780892
326252109
326416202
326491490
326504511
326528880
326536450
326552928
326752271
326853256
326933452
327119695
327184953
327303995
327410554
327767389
327784839
327839150
327928508
327966068
328042062
328078301
328439861
328530935
328574569
328612033
328822488
328962664
328986364
329131199
329151057
329279655
329292580
329375091
329815290
330182133
330256689
330293186
330352092
330421982
330649505
330784348
331020843
331384639
331420313
331485972
331650980
331661044
331708185
331748806
331759182
331970476
332035899
332066356
332143008
332148570
332244137
332341167
332481948
332498575
332564860
332631146
333006639
333026593
333074143
333083766
333172618
333309379
333343871
333483365
333537880
333609962
333671799
333718966
333757822
333901111
334026539
334047806
334051848
334483038
334486554
334553880
334586752
334697454
334799878
334976196
335028263
335159723
335182528
335323486
335404884
335472731
335594808
335709930
335750331
335750901
335961131
336231259
336247335
336484777
336499024
337051148
337066091
337268232
337286730
337460170
337616062
337618396
337783714
337972264
338008318
338098225
338324166
338336047
338456274
338624662
338639850
338815246
338881462
339043217
339214888
339529502
339686090
339694633
339770854
339955037
340026554
340376311
340583264
340782624
340869963
341093511
341094563
341104736
341107229
341170204
341170418
341225382
341485781
341761065
341985381
341987260
342118929
342439125
342494665
342621326
342637569
342768983
342826376
342859358
342886630
342981813
343132067
343167712
343305770
343354620
343412097
343738215
343790979
343814926
343992443
343996895
344113607
344192174
344298161
344529047
344537602
344762014
344784206
344788363
344843156
344854158
344999787
345034046
345052498
345092599
345167149
345177086
345249423
345331261
345352866
345388755
345693529
345710800
345732994
345852414
346155846
346313579
346441448
346697727
347032256
347051062
347057434
347070509
347133335
347386003
347425802
347612758
347629846
347886180
347970238
348041542
348149143
348151771
348202560
348351553
348484691
348519358
348821330
349005078
349040982
349189192
349353058
349385812
349489639
349589551
349637976
349779477
349820787
349979591
349986493
350018722
350152240
350187922
350197871
350224962
350436224
350462186
350541601
350686321
350696338
350797818
350898271
350953024
351011116
351035883
351047449
351227851
351250671
351300863
351421696
351423588
351571382
351612622
351623650
351648583
351767848
351800123
351818955
351826636
351867212
351888682
351890230
351906183
351962734
351999917
352262099
352502295
352943498
353000318
353278757
353441672
353445605
353581547
353601305
353648573
353674654
353768044
353947985
354049126
354125034
354162470
354181934
354268900
354486780
354506991
354565506
354679851
354695926
354701617
354816528
354881534
354934342
355022803
355116640
355227426
355325499
355380229
355568443
355587824
355597704
355721810
355859080
355975733
355980858
356091353
356113389
356286399
356379048
356510714
356542749
356580266
356747013
356817523
356920011
356946493
356964228
357016119
357026586
357061744
357073523
357145077
357155803
357228968
357382733
357517878
357543322
357554949
357850223
357873859
358097161
358108948
358305638
358383188
358427847
358465334
358507020
358545878
358606166
358634464
358649723
358720037
358952006
359117157
359281753
359305618
359345432
359393210
359518783
359569056
359665380
359756634
359761974
359787120
359797332
360110958
360210279
360366847
360435533
360456548
360463994
360524201
360704756
360723352
360780527
360948630
361018411
361224567
361622338
361826728
361847465
362024237
362079205
362116526
362178287
362190935
362208699
362215955
362395627
362488857
362573423
362779614
362858738
362862934
362943920
362985215
363164647
363216016
363219046
363248202
363254634
363434369
363526354
363530762
363558572
363568125
363590272
363617167
363644719
363670464
363680430
363761048
363938264
364047342
364108646
364212100
364245755
364280882
364400085
364423430
364486610
364576608
364681070
364684631
364718013
364862663
364929258
365124311
365310399
365557747
365597410
365704890
365706457
365997315
366009465
366023497
366036555
366041290
366079309
366093754
366119995
366248314
366278817
366353301
366354734
366364435
366499634
366695887
366699775
366709167
366740181
366843010
366917827
366980234
367049641
367083832
367256837
367262856
367310536
367375644
367409350
367473745
367477631
367690727
367785252
367818416
367889305
367933113
367966889
367972548
368010317
368044650
368223756
368325006
368396487
368413428
368437301
368449226
368478118
368637626
368869811
368879675
368882322
369012563
369108956
369241978
369433008
369547744
369626211
369684370
369884943
370012608
370067601
370278940
370281511
370338075
370393953
370453966
370591906
370654986
371133832
371150614
371265634
371366569
371427562
371471827
371625883
371712346
371791803
371798590
371806643
371938692
371968104
372048156
372095679
372098746
372308963
372533217
372818608
372842385
372878035
372921364
373036789
373155971
373346412
373485727
373529210
373533837
373571200
373589701
373603969
373924167
374044775
374048097
374067064
374132845
374187978
374245165
374278203
374295277
374440424
374443285
374531473
374565721
374686445
374940662
375035405
375076636
375110691
375360706
375363237
375406256
375496486
375505670
375578271
375649023
375719164
375843520
375902546
375982718
376037730
376126554
376220959
376229357
376246530
376270139
376327108
376334253
376361520
376367059
376375083
376417379
376537806
376589322
376722883
376769207
376881401
376911276
377055819
377279527
377292999
377523150
377690553
377713777
378188788
378210692
378503763
378577428
378590294
378590520
378640584
378684060
378808928
378906394
379077497
379461624
379785460
379987211
380134886
380244648
380382598
380459504
380585954
380605659
380653676
380752174
380785939
380795739
380945149
380946903
380987502
381130191
381204785
381314081
381356688
381657612
381717700
381765200
381843820
382058454
382132281
382239953
382302029
382341488
382372719
382588605
382645988
382744613
382759972
382783993
382920607
383003779
383036910
383444537
383606579
384054955
384219970
384228072
384308397
384364266
384646985
384671960
384684014
384719702
384784686
384985834
385062532
385100299
385294786
385310178
385351086
385410329
385471802
385665832
386024523
386178425
386246980
386354844
386366222
386482851
386561250
386584937
386604605
386735307
386782332
386811154
386814544
386914453
387161481
387205398
387265080
387524149
387592878
387783636
387904718
387991348
388000126
388021793
388088590
388091507
388134518
388221782
388433764
388576786
388823013
388823566
388853763
388929931
388980240
389248266
389255709
389357414
389446529
389492637
389540580
389652632
389687762
389958432
390115588
390437889
390600945
390642694
390901097
390910483
390958050
391090400
391104220
391372350
391374399
391392631
391562406
391580414
391606830
391816701
391849889
392039559
392475061
392498927
392512941
392677388
392684590
392688103
392869861
392978151
393079949
393100012
393197888
393384597
393512514
393513135
393593000
393623079
393635532
393790140
393797999
393804402
394017364
394080688
394189415
394217167
394328336
394377037
394800510
394819860
394994103
395032278
395269463
395305363
395305385
395374668
395590249
395619556
395674177
395748308
395923325
396219627
396254936
396435589
396621870
396789428
396803914
396836418
396939679
396979570
397021034
397172239
397408580
397538436
397907445
397912706
397965243
398158681
398182304
398211358
398546664
398547655
398556302
398568085
398587246
398644209
398793083
398941639
398963588
399109159
399212066
399457105
399472787
399482629
399531679
399565766
399575390
399580629
399619245
399641322
399731498
399784823
399814601
400025996
400045738
400083704
400138576
400181554
400187273
400314193
400520846
400581887
400608511
400637255
400984021
401060828
401146465
401248597
401261698
401376941
401655553
402148997
402161442
402165039
402327802
402391949
402490546
402590229
402833206
403018728
403039333
403150544
403195142
403239110
403301609
403660576
403761053
403871808
403907843
403953733
403966424
404071854
404251931
404282125
404294572
404301847
404357836
404381615
404394440
404426466
404439694
404609205
404770888
404788040
404871378
405100282
405170782
405178749
405205919
405312939
405335481
405398086
405689322
405738900
406206700
406279615
406809028
406916338
406937884
406955564
406990902
407287443
407321355
407441003
407598676
407657764
407789283
407845855
408117385
408123937
408231410
408265344
408324066
408422015
408904964
408925865
408966801
409019474
409153952
409260894
409363867
409463211
409463750
409554549
409592816
409633022
409713183
409752099
409793188
409871289
410044697
410071345
410179710
410303563
410579963
410713802
410850685
411009222
411102564
411148654
411370914
411425193
411451908
411546229
411721820
411731258
412049203
412174518
412241154
412275697
412326921
412369882
412433327
412562286
412744021
412769713
412787429
413129393
413137666
413197956
413359246
413491455
413580396
413730505
413786492
413792867
414047904
414196951
414226448
414275397
414379308
414413529
414444464
414486604
414494990
414601657
414639072
414654123
414695127
414700524
415000979
415045407
415095457
415157758
415215881
415276583
415502254
415528263
415783619
416245141
416362114
416424426
416425525
416550371
416581447
416610072
416725418
416780563
416797606
417100144
417135470
417237188
417262690
417779932
417858182
417890963
418105163
418256157
418343398
418347612
418435005
418505198
418543699
418665240
418739954
418793929
418801026
418867592
419048358
419187395
419262910
419274631
419281688
419390949
419492321
419539012
419777639
419851439
419911210
420014032
420109430
420152816
420440681
420583759
420797653
420960666
421027669
421070177
421105334
421286312
421410053
421474193
421504340
421588212
421649419
421743944
421772492
421849825
421983426
422018330
422385457
422435035
422466841
422615753
422634381
422780158
422791975
422826949
422902008
422934507
422946282
423080964
423263881
423340233
423352214
423498488
423502112
423509027
423537816
423599953
423726211
423768466
423833767
423847767
424002486
424046713
424416229
424433653
424459510
424466794
424489372
424905174
424920202
425076667
425106918
425128004
425133945
425138117
425180967
425269918
425281529
425322227
425407327
425533042
425658391
425776080
425786288
425815240
425910918
425986541
426015440
426079806
426084822
426322743
426366262
426526775
426723533
426818034
426986203
426988370
427313891
427389862
427644744
427684487
427950177
427953725
428021871
428128185
428185997
428274143
428353832
428358708
428496528
428643704
428830596
429081997
429101889
429305215
429310419
429355852
429359354
429412435
429424010
429512799
429514415
429534121
429536043
429935264
430095271
430295056
430475062
430628432
430652761
430714989
430941690
430951452
431047627
431066806
431270642
431471640
431490709
431521843
431650042
431709030
431848079
431910053
431931456
431966612
431975443
432028628
432134798
432171155
432207607
432212984
432299838
432305067
432341902
432477297
432560906
432838579
432954611
433120173
433163228
433316221
433515183
433571821
433905828
434174690
434216631
434324858
434354859
434377183
434482784
434552256
434723711
434740256
434811064
434850723
434874881
435100006
435187571
435251580
435255542
435300644
435303401
435368607
435373154
435500803
435513976
435600840
435693452
435730407
435747293
435752644
435799568
435911311
435928727
436064375
436128053
436170180
436249974
436254588
436410810
436413467
436577769
436865277
436887591
436973616
437084144
437251211
437287362
437579772
437602093
437659542
437662060
437731071
437929111
438074410
438104336
438275788
438301386
438360983
438402336
438424116
438505467
438518697
438558442
438635864
438800726
439002568
439053955
439130891
439144552
439226508
439246332
439285463
439394337
439490300
439509343
439585749
439727941
439777091
439957295
439960277
439971308
440266381
440321725
440359995
440453255
440477366
440627639
440757609
440845824
440854886
440951316
441165505
441199143
441252240
441286713
441331385
441369546
441401306
441707445
442014444
442309002
442396599
442421077
442422959
442947937
443103683
443108960
443128656
443155373
443274378
443345673
443424495
443700171
443914239
443939586
443976988
443979932
444046566
444105341
444110752
444239775
444573396
444623898
444704122
444940949
445027087
445100119
445150063
445247276
445402577
445489962
445588841
445742708
445843549
445851173
445883409
446115035
446184581
446553428
446572047
446589380
446806440
446854648
446885349
447052516
447152953
447288608
447351813
447641407
447777679
447902126
448011838
448030278
448210618
448535563
448578249
448579466
448617921
448869691
448884404
448944022
448963149
448980465
449003557
449021170
449057848
449099284
449120253
449233190
449339684
449413999
449418647
449441844
449591994
449731545
449790441
450141584
450222172
450318743
450391734
450534229
450730855
450780094
450841450
451108810
451147543
451179505
451196754
451415821
451685726
451760977
451845023
451881587
451882155
452005611
452021537
452092580
452103153
452107853
452139165
452158969
452240747
452268667
452355073
452435207
452496695
452595726
452674683
452674990
452698074
452884662
452924960
452979589
453062908
453072668
453177576
453353776
453465868
453481912
453494525
453591058
453832526
453996810
454036963
454039741
454067785
454132491
454187140
454231895
454254857
454294696
454313788
454383540
454414514
454565243
454631226
454715178
454759688
454887256
455018466
455060038
455257457
455261356
455449255
455477981
455559168
456055128
456094691
456101736
456146182
456202838
456583377
456630758
456754203
456851854
457233971
457264912
457273626
457454523
457479771
457532065
457561938
457679139
457702353
457822893
457859382
457929317
457929855
458101158
458117334
458388257
458466109
458561543
458782556
459117766
459307097
459406579
459845858
459878427
459952510
460247685
460441467
460899079
460901407
461173543
461270272
461300834
461425284
461454098
461493147
461590282
461782217
461872804
461980330
462004908
462334593
462551548
462560864
462620918
462630647
462744166
462762669
462848218
462976770
463093487
463197860
463269451
463339467
463566303
463616746
463639141
463909870
463911243
464036174
464039035
464450552
464587056
464682859
464836778
464840604
465055491
465109378
465274333
465389944
465461017
465514870
465562238
465590401
465680096
465717553
465731456
465901024
466053458
466136063
466180116
466189315
466304948
466401718
466590457
466906924
467089535
467191540
467206403
467398610
467471134
467508262
467708889
467796887
468051843
468293747
468340711
468438204
468476768
468600344
468676784
468770430
468826324
469035419
469322098
469333504
469466241
469470495
469592077
469650604
469682200
469930718
469990409
470165012
470188100
470338033
470402458
470425985
470591283
470667181
470685606
470688539
470741858
470880045
471127415
471166459
471307805
471483768
471651994
471675433
471839323
471849302
472062538
472079611
472090591
472205618
472274079
472484099
472550978
472590902
472608635
472731492
472773666
472872086
472953361
473157948
473172103
473188901
473354411
473442375
473450020
473510415
473546102
473586531
473590989
473655684
473935398
473986852
474114066
474244981
474354256
474672663
474756961
474762477
474768364
474905078
475056889
475122811
475126565
475308694
475414393
475477240
475647559
475769073
476105981
476217395
476222197
476378232
476434977
476443503
476484660
476552978
476783897
476787534
476848928
477021222
477070235
477191026
477261433
477296483
477397845
477420376
477594121
477620745
477933621
477987102
478086909
478171433
478175873
478556397
478563746
478639139
478786489
479058626
479072477
479155859
479232683
479316229
479411457
479602940
479704357
479984620
480126754
480178865
480259889
480312525
480352506
480356350
480478779
480483450
480607839
480702069
480947588
481024551
481271736
481384361
481432120
481749282
481775564
481780736
481794874
481844018
482061112
482108161
482119338
482371885
482504341
482584572
482915818
482950852
482965554
483028925
483183090
483218850
483223255
483304925
483340900
483356295
483496883
483504886
483596419
483710450
483806142
483821102
483984463
483993746
484004302
484012025
484136624
484151409
484182555
484233414
484251597
484493043
484562873
484566929
484786918
484817479
484875255
485103447
485146800
485259415
485406405
485468092
485527300
485641042
485658117
485748237
485803349
485974354
486454687
486506681
486883413
486935284
487006322
487030492
487116590
487139372
487144252
487297205
487302210
487432623
487970065
488065347
488163527
488203478
488273964
488337308
488378414
488450430
488575978
488783238
489343733
489489643
489506800
489565255
489884866
489960411
490010724
490012598
490030670
490139655
490384821
490512360
490539887
490617753
490661307
490665864
490804314
490807125
490814245
490892196
490944231
490960048
491094989
491233460
491335189
491339838
491357988
491650410
491749846
491860706
491920324
492195328
492214055
492275807
492485476
492543265
492559692
492809923
493024122
493166670
493216126
493341205
493460930
493705639
493710074
493898995
493995366
494002953
494139522
494181098
494251990
494451365
494753857
494816151
494822300
494885201
494915374
495000090
495576659
495675266
495843925
496157270
496192867
496351314
496588148
496630987
496665874
496765173
496795419
496834378
496899864
496909921
496976923
497039546
497075353
497465788
497473273
497487738
497679424
497706796
497837636
498040208
498059979
498064453
498129691
498168975
498201181
498224616
498226692
498280543
498344478
498354175
498419850
498575313
498660175
498820362
498826040
498859718
498927726
498968822
499183290
499255063
499265843
499287166
499521970
499582910
499651176
499655398
499821999
499946058
500034380
500130345
500206439
500330940
500391450
500442639
500820322
500910021
500943252
500991329
500998894
501035892
501149985
501345068
501433205
501508731
501732223
501779235
501908178
502037210
502142564
502314050
502437802
502550349
502664995
502695791
502724209
503036412
503063502
503081511
503128606
503144176
503240217
503264644
503547257
503562276
503620626
503779457
503992143
504066938
504096256
504124735
504134923
504187041
504198669
504214680
504492741
504555858
504659211
504771567
504822310
505223827
505799008
505916457
506134237
506170477
506308293
506339265
506441638
506522553
506534039
506563892
506644194
506764624
506814374
506926714
507102947
507229827
507250308
507267229
507295550
507350944
507413062
507437992
507495603
507546279
507629368
507678945
508161275
508235545
508252142
508258055
508385690
508414285
508599690
508656992
508684812
508714792
508781798
508853921
508927368
508955619
509099494
509187158
509287064
509476563
509635431
509648398
509741938
509763550
509803349
509953019
510176953
510262393
510383177
510601848
510692013
510739200
510745578
510849937
510856714
511069050
511187357
511294857
511469622
511542171
511544805
511582973
511612717
511642721
511662146
511708524
511736063
512150102
512201251
512477218
512496341
512524071
512604128
512668794
512679429
512770982
512898753
512941853
513164397
513238555
513239887
513254178
513334260
513364737
513528827
513648734
513682273
513684206
513759937
513788069
514431137
514432038
514532289
514823062
514874782
515030427
515187444
515259369
515363114
515365914
515429372
515540376
515542083
515580020
515741712
515809349
515960392
516021473
516052181
516073941
516172102
516261921
516335975
516422652
516438876
516455661
516547502
516907077
517132110
517278416
517453011
517507501
517512663
517722266
517910489
518142542
518160217
518236102
518263344
518291699
518399663
518543141
518547682
518896979
519170086
519513827
519543765
519573049
519600731
519720095
519867097
519949147
519988420
520059965
520080210
520399219
520713215
520740700
520841227
520952115
521138176
521139246
521256318
521286891
521328547
521343371
521543209
521558436
521682827
521750550
521769763
521963816
521966654
522016303
522065786
522076626
522155025
522219461
522303896
522477620
522616251
522834421
522904875
522979283
523088012
523296581
523402966
523704310
523760297
523813854
524378759
524417072
524439832
524468586
524568525
524751922
524813177
524829081
524924081
524935391
524941115
525039122
525139945
525145120
525258122
525339685
525735282
525743996
525832299
525908266
525972056
526242142
526255889
526520197
526532130
526665795
526701892
526716140
526883192
526886804
527189884
527214468
527214621
527316695
527320178
527364560
527374010
527664861
527754233
527789326
527938983
528052046
528133781
528174431
528255350
528268297
528484510
528503510
529386475
529497544
529518871
529746362
529775180
529828652
529883498
529981794
530054323
530108619
530162497
530308884
530363771
530384782
530445867
530470383
530486657
530512574
530601070
530650446
530740638
530742723
530791942
530960457
530982492
531013706
531086837
531480406
531636094
531654608
531666156
531675233
531723298
531742506
531786223
531991762
532142509
532278492
532320990
532404124
532469053
532490428
532608324
532866042
532926170
533069834
533193663
533195908
533206844
533419644
533500710
533502867
533832465
533857523
533861384
533867173
533901380
534063773
534084359
534145000
534181337
534595771
534675793
534799099
534809360
534825291
534886778
534905429
535039914
535077453
535097516
535098941
535317662
535503377
535619719
535640424
535723462
535765245
535993977
536156160
536254356
536437571
536486806
536638583
536715530
536743153
536838158
536921489
536959419
537011930
537237001
537274742
537332098
537688215
537718231
537877883
537898715
537942090
537974448
538009447
538230426
538334943
538495828
538792061
538809881
538920877
539026882
539113204
539170682
539182457
539244232
539292091
539393151
539393972
539422873
539660778
539832025
540167583
540411546
540421347
540441725
540460329
540887153
541176362
541183922
541230492
541415579
541497869
541549202
541912046
542191363
542756528
542774973
542801924
542915133
542977486
543059160
543133054
543293093
543297037
543445222
543598608
543728445
543787506
543892152
543917330
543935921
544038793
544067067
544157629
544199940
544335478
544494468
544553746
544602203
544614644
544700523
544878398
545054802
545069064
545082373
545300511
545309588
545397833
545468495
545520525
545554056
545672556
545795822
545848891
545881828
545947656
546027456
546151704
546280126
546389695
546624918
546669561
546717349
546796458
546806327
546847582
547064160
547320783
547365621
547610763
547653056
547700049
547716824
548023720
548098451
548186675
548239446
548274684
548461730
548502600
548609671
548639136
548978591
549029937
549031720
549062500
549211992
549274482
549424575
549476775
549998400
550009281
550124604
550131694
550232668
550310363
550322068
550386724
550431716
550728210
550909650
550928387
551031347
551046188
551120931
551349914
551430924
551535732
551540718
551737146
551793056
551825374
551912187
551923765
552153238
552225034
552411288
552425721
552769322
553130918
553173626
553451783
553586572
553660971
553809100
553904473
553919591
553961876
553984941
554003126
554092449
554129366
554184335
554578212
554643020
554676943
554699867
554909719
555013869
555191007
555197245
555421998
555528610
555649435
555747523
555861100
555974731
556004725
556032512
556439583
556501922
556509868
556532870
556867603
556925223
556936522
556948765
556969696
557020817
557064082
557100902
557123159
557192831
557282549
557369537
557409385
557638091
557672224
557757798
557769036
557900685
557939675
557987765
557990708
558167917
558235181
558241356
558566330
558766069
558871817
559139112
559232339
559265605
559452349
559499364
559506526
560003328
560029136
560050265
560071460
560102729
560142967
560228391
560412262
560491939
560502038
560580439
560641017
560705582
560737681
560786136
560888024
560909670
560913681
560930579
561078064
561158415
561241560
561302199
561309458
561321495
561352689
561353515
561421692
561490288
561502212
561654798
561728281
561779426
561915929
562083117
562127875
562190568
562194672
562213352
562258497
562278540
562337880
562363894
562419103
562431586
562446301
562526221
562548433
562572777
562602521
562804365
562876307
562959662
562975093
563006029
563030313
563131188
563240515
563778739
563813844
563890949
564002176
564099803
564148503
564203548
564284003
564290015
564499707
564679315
564882569
565110785
565202318
565285301
565313408
565389547
565471181
565536687
565542457
565543561
565654927
565669005
565778193
565891238
565936003
566116491
566206086
566243499
566337059
566351307
566388538
566581857
566646380
566726613
566915114
566984812
567148054
567330923
567511948
567570711
567937391
568270802
568296632
568322080
568414748
568433190
568441504
568578868
568699975
568817088
568979938
569086731
569118793
569152506
569162871
569187819
569264071
569286564
569416269
569487160
569584020
569611520
569655242
569781310
569831355
569905366
570099708
570147280
570202655
570484519
570523825
570537995
570573341
570580676
570619428
570706966
570787519
570950745
571024129
571134443
571169837
571402992
571468658
571703628
571812605
571924780
571949425
572369528
572519243
572611044
572711642
572721830
572775962
572825424
573012110
573073610
573104644
573278640
573456175
573514586
573591149
573616971
573666542
573938125
574132057
574150647
574174391
574180319
574435060
574490833
574575061
574602792
574613122
574613262
574785488
575071077
575218319
575238802
575716774
575718883
575733843
575749004
576018047
576019663
576229018
576292163
576429136
576749979
576800083
576908918
577308647
577392550
577507498
577625097
577628829
577808742
577865146
577946796
578088740
578141413
578156454
578179814
578796889
578804930
578845016
579005930
579097358
579104717
579110261
579143603
579147656
579216847
579380154
579462638
579478353
579480755
579777012
579829793
579928563
579947950
580044516
580075173
580304905
580367790
580388395
580417205
580432700
580433640
580475337
580482568
580487180
580508294
580593171
580610164
580697646
580734278
580792269
580846855
580972638
581023008
581104327
581207253
581255988
581439429
581470312
581557653
581715698
581755488
581970676
581974314
581986228
582055042
582112207
582131991
582140898
582344341
582363355
582608475
582722982
582784281
582823621
582954693
582966991
582975682
582984386
583151709
583273424
583295935
583409403
583419766
583576943
583615439
583713368
583913398
584036279
584263653
584325471
584360601
584436393
584508624
584638047
584879725
584928759
584936801
585022653
585026665
585133428
585248873
585328016
585337045
585438535
585516756
585658479
585842193
585844774
586085170
586096078
586124698
586491068
586798717
586812869
586836023
586971127
587094052
587130871
587261071
587418354
587705016
587706617
587892454
588027586
588158843
588286961
588370494
588393793
588656917
588974722
588994022
589043358
589137013
589277954
589335831
589339248
589375777
589470536
589690202
589712697
589753125
589928122
590192396
590423905
590663846
590700536
590795909
590833278
590864909
590954223
591051436
591408281
591449047
591685028
592067971
592090905
592212401
592538206
592614148
592759900
592915049
592958083
592963068
593187313
593280518
593496672
593564229
593635894
593657822
593805716
593834756
593874439
593892817
594068130
594159230
594198268
594404996
594475155
594493621
594499423
594536006
594801304
594821336
595046219
595115533
595173379
595181282
595392992
595407774
595420250
595475394
595585420
595609872
595643643
595965320
595983263
596050082
596080472
596137922
596350929
596467644
596758947
596772173
596964108
597002474
597059385
597256477
597410880
597436958
597482562
597548284
597748790
597752831
597803060
597814910
597959841
597971446
598191843
598227640
598447953
598519949
598793267
598858483
599014853
599019127
599175337
599277533
599318918
599349074
599412707
599446823
599497677
599547874
599589935
599591581
599600980
599999036
600177697
600335179
600462943
600548171
600635032
600676490
600767353
600993787
601156741
601191307
601404196
601421559
601602274
601637433
601679824
601710605
602001866
602218466
602379848
602421795
602695561
602722372
602773075
602936312
603015150
603085047
603124397
603339447
603410218
603426736
603647936
603905312
603945057
603980828
604117303
604248133
604347613
604405698
604460112
604529404
604658179
604673233
604778542
604846740
604969579
604982970
605129912
605249213
605340667
605349580
605394127
605435727
605553810
605600534
605651351
605823020
605904816
605988832
606213967
606368924
606614516
606891889
607130056
607154299
607262287
607495154
607554417
607808277
607821434
607878932
607929124
608469202
608552678
608746576
608771140
608982297
609012346
609044839
609144449
609496193
609554139
609716134
609729562
609935086
610040056
610181404
610393100
610856004
610879230
610882882
611278448
611322601
611338413
611437656
611581348
611678080
611689010
611964527
612113086
612119457
612327530
612355995
612449956
612453097
612508343
612539406
612668299
612683549
612714481
612881142
612956258
612967385
613068649
613074461
613098930
613101671
613122071
613163328
613379944
613467170
613540181
613576469
613648815
613727040
613737060
613849858
613894509
613937579
613976528
614036416
614109940
614115472
614129111
614450259
614567199
614590197
614624443
614627275
614696631
614785993
614787910
614943281
615028276
615157635
615257953
615496270
615546897
615599111
615842992
615956482
616072146
616426421
616535395
616566938
616827916
617194892
617372960
617385065
617428944
617539316
617544567
617843118
617843690
617965631
617999376
618018210
618104490
618108658
618111902
618128264
618161091
618265443
618269780
618400827
618467187
618498214
618517889
618738895
618908282
618918861
619281912
619444792
619467819
619572280
619602215
619667608
619821590
619979394
619991335
620144009
620175118
620473266
620476034
620520175
620527861
620695700
620814313
620865972
620879018
620910073
620991866
621103035
621151808
621168894
621249624
621337196
621342445
621380993
621508993
621651971
621670967
621672204
621701231
621847097
621933216
622003299
622218848
622336960
622555922
622776215
622886230
623076396
623181193
623284662
623320061
623535317
623577186
623689647
623747297
623864961
623935546
624127428
624409554
624541758
624865580
625034705
625042655
625413558
625579190
625589989
625689717
625812111
625934497
626206170
626226696
626307539
626368414
626457220
626565033
626566511
626570665
626779352
626849923
627096590
627110543
627215396
627283372
627475066
627569485
627691878
627733380
627864293
627965375
628020687
628240708
628415487
628456839
628510327
628525745
628693068
628700187
628701969
628852165
628874214
628876674
628892018
628904120
628924305
628938929
629010378
629196498
629266576
629307540
629316312
629361562
629437020
629486800
629507327
629528933
629537550
629561866
629644075
629701579
629864691
629870369
629885296
630196840
630295349
630336005
630372812
630461872
630557682
630649177
630675844
630687635
630730549
630839548
630931102
630958453
631019562
631117252
631179487
631191425
631430265
631566945
631640119
632055874
632101845
632148836
632205339
632207267
632296516
632346274
632370371
632394836
632453309
632493578
632498558
632622523
632761628
632804010
632867182
632944750
632961503
633027611
633064253
633103079
633243466
633429541
633534372
633558836
633587825
633605934
633732104
633733910
633810231
633855213
633971962
633996153
634187379
634196910
634199339
634212824
634282003
634327627
634633561
634880374
634885573
634971389
635050190
635179412
635282184
635350497
635469948
635536392
635603436
635699692
635841052
635844108
635868607
636102667
636269944
636364490
636430463
636541625
636796105
636842088
636861256
637013577
637041571
637088731
637269521
637313908
637761281
637790661
637825118
638059364
638277975
638517434
638559930
638576787
638587465
638729006
639185131
639275274
639411598
639652560
639662528
639758599
639783542
639990975
639991234
640001779
640026604
640126175
640316882
640520925
640528213
640582819
640593257
640672844
640681456
640742580
640764664
640800837
640859186
640913802
641211162
641264115
641497004
641533041
641635738
641666102
641839392
641909098
642052615
642059804
642112320
642181831
642223706
642295085
642315969
642370124
642399496
642487031
642602669
642657564
642700283
642737150
642769188
642850070
642954256
643017987
643043506
643043544
643211806
643311634
643364317
643396391
643467104
643755790
643765353
643790875
643801735
643813910
643815184
643817969
643895303
643933762
644003093
644028660
644047639
644159776
644706141
644884120
645203949
645451867
645461478
645528325
645866884
645874326
645936000
646044445
646224736
646375279
646569508
646622205
646639334
646822735
646877829
646881104
646887273
646998431
647039707
647052974
647104363
647480646
647544437
647611989
647815050
648156548
648311902
648370277
648487726
648641115
648757767
648919949
648958772
649016748
649070665
649225955
649269572
649432103
649496582
649528417
649880275
649927413
650043583
650045608
650050362
650056848
650059426
650271653
650412348
650424716
650443605
650753171
650908457
651015942
651048938
651073824
651507481
651525206
651547403
651563322
651611880
651857697
652046123
652087801
652349815
652457967
652472609
652860616
652923751
653112795
653194835
653323775
653455223
653560474
653833022
653904270
653926227
653944409
653981363
654315267
654526470
654554556
654560586
654709313
654828769
654913618
654926547
654988500
655017519
655075530
655353684
655419138
655428285
655445670
655528335
655721149
655807545
655812325
655855381
655912889
656052278
656064263
656154686
656215692
656520677
656641158
656710240
656723595
656768656
656974200
656998754
657232920
657292089
657329728
657937753
658108371
658168264
658190234
658252159
658363657
658380357
658508024
658718553
658802347
658845191
659001509
659048174
659090022
659091751
659096126
659160281
659389710
659426507
659443817
659545120
659623545
659874926
659882795
659891263
659903219
660215760
660330333
660495007
660509782
660633866
660726808
660734373
660768947
660903492
660975799
661031456
661045518
661097899
661181469
661252205
661326256
661536425
661603715
661615213
661742150
662123808
662210083
662278212
662377086
662429230
662489448
662593963
662660912
662741313
662980426
663017860
663019601
663131606
663205566
663346414
663411690
663501333
663520123
663520347
663584423
663671312
663746077
663964181
664008218
664361632
664510125
664563354
664577036
664613601
664833888
664869016
664904447
664947868
665241551
665255442
665472820
665633750
665730829
665773476
665870088
665920924
666024476
666114603
666648093
666708474
666778535
666828783
666840032
667127336
667169959
667272096
667301901
667388299
667555998
667790202
667849897
667870094
668001017
668073711
668074002
668074432
668224289
668300268
668366047
668458606
668460362
668491808
668594946
668710410
668903431
668921944
668979243
669368559
669544204
669620039
669726062
669773783
669844571
669980199
670214182
670230106
670231638
670248370
670398235
670421297
670435115
670491582
670805457
670916989
670970759
671368504
671541924
671584085
671761978
671796376
671806507
671807513
672030313
672035562
672189798
672302498
672327647
672409827
672660992
672666472
672727308
672813806
672843721
672913198
673174196
673204959
673277850
673498585
673653718
673713776
673723972
673794823
673796269
673827973
673973766
674019277
674316733
674509456
674585602
674625390
674741911
674743587
674754975
674963960
675004527
675568502
675579753
675591434
675603203
675700509
675728351
675749299
675927379
676044366
676052763
676076864
676112698
676283744
676363543
676504264
676611412
676621678
676797813
676853818
677067024
677089375
677375789
677477569
677509210
677795520
677965996
678026402
678046181
678093218
678153726
678174691
678193960
678201991
678216829
678554023
678613906
678735591
678772911
678811077
678823206
679145615
679148384
679154180
679229507
679270617
679299275
679341482
679524996
679614788
679839032
679872630
679903391
679933492
679946319
680027571
680031319
680687429
680741168
680760605
681077850
681178544
681191102
681264869
681388874
681616382
681689534
682059539
682163150
682164388
682236899
682288281
682589977
682603142
682694451
682708813
682746077
682937551
682943889
683020270
683237405
683251969
683326852
683442242
683451104
683479309
683501834
683513034
683597518
683682587
683715369
683826581
683943314
684266625
684541361
684560558
685071535
685247940
685286076
685423352
685520135
685720996
685774212
685801890
685840723
685858209
685859355
685994038
686036312
686153517
686659957
686883609
686909236
687067374
687343495
687541826
687568204
687583484
687616728
687632680
687735312
687743900
687773342
687855421
687931525
688049343
688050318
688242186
688374249
688421935
688649444
688674251
688674660
688758585
688952090
688960311
689023528
689302562
689305535
689373375
689604722
689717091
689906770
689962349
690052148
690176937
690292656
690303974
690316038
690332400
690390145
690716439
690723293
690738877
691055153
691300481
691480754
691486540
691768339
692104930
692131871
692264347
692295986
692480756
692663734
692863603
692877163
692936092
693059145
693113203
693334359
693357271
693510578
693540952
693712958
693883092
694057901
694230478
694288713
694521645
694594368
694662751
694722153
694742060
695098929
695289427
695494244
695517378
695647835
695661247
695667460
695695748
695746910
695817108
695961928
695967576
696105004
696228305
696264169
696356357
696599512
696806444
696913859
697164846
697240596
697336225
697490253
697495318
697589688
697618256
697677019
697935190
698042247
698181609
698242925
698247133
698270467
698487254
698943201
699133371
699257193
699349032
699388489
699403811
699656713
699695182
699735090
699893626
699987506
700007293
700015959
700106547
700245108
700281719
700350096
700521175
700651326
700706393
700740816
700757479
700857989
701136522
701169988
701207762
701338480
701339233
701364924
701388793
701552179
701906305
701994233
702000946
702040757
702122977
702282827
702451511
702709471
702782084
702805230
702943588
702969851
703045161
703462143
703502466
703693358
703696686
703704870
703826362
704801678
704828830
705231692
705451296
705672581
705800764
705922474
706086956
706159594
706495332
706560282
706683907
706687618
707152993
707211629
707474056
707587863
707623204
707731232
708120085
708270646
708296122
708499819
708548621
708574537
708767939
708838425
708890005
709019298
709039549
709068451
709097000
709490325
709505106
709547964
709576895
709608747
709659389
709870767
709874056
709903914
710135818
710305398
710497633
710537504
710580412
710628691
710734027
710745814
710815987
710820638
710849166
710852171
710858178
710864631
710953359
711040903
711100369
711212417
711229954
711433612
711752909
712596261
712634816
712645465
712801086
712900982
712907115
713002939
713027300
713080309
713113954
713183292
713211067
713240122
713376312
713495271
713640586
713727197
713769998
713785962
714255528
714260718
714269104
714301081
714333443
714455226
714472784
714523513
714567639
714610278
714722200
714899749
715106137
715326305
715454934
715474557
715501993
715566194
715610195
715851516
715902279
715997208
716025865
716044427
716091683
716112312
716175029
716239475
716281908
716357407
716398264
716444177
716709754
716722441
716821382
717136044
717182978
717279549
717541813
717682776
717839641
718036847
718076640
718123120
718334109
718383298
718394073
718478079
718524569
718586870
718634170
718720004
718734884
718970568
719011293
719096370
719255413
719403489
719403895
719434534
719506563
719589500
719602265
719748598
719749383
720028957
720355982
720357615
720363124
720481608
720528094
720645562
720797373
720807145
720966062
721106704
721112094
721140912
721206256
721306297
721334902
721433891
721502146
721563705
721615258
721700099
721876349
721968471
722007447
722144433
722170909
722599978
722745282
722957358
723180044
723245117
723272749
723285955
723356219
723388816
723507540
723590001
723611102
723704699
723737585
723864026
723955598
724204681
724387469
724489526
724541428
724632552
724687955
724716106
724749788
724757661
724790304
724791880
725059860
725180313
725204360
725426711
725525101
725587979
725633009
725680732
725690786
725780254
725830989
725932000
726107826
726389449
726569672
726755749
726773570
726821374
726848186
726851918
726953997
726999597
727072954
727126641
727205258
727206632
727230934
727276368
727453653
727499914
727528323
727613904
727684637
727769321
727836120
727982099
728239688
728279143
728480873
728532484
728560599
728626436
728651350
728661728
728677495
728720043
728758676
728945009
729007954
729012414
729060792
729080953
729195266
729636032
729652238
729733337
729771253
729799710
730125689
730185962
730344504
730347712
730364373
730369678
730661845
730695084
730773826
730776997
730806259
730843820
730860984
731338799
731381062
731433587
731621676
731696303
731733162
731817517
732007268
732191348
732243558
732253514
732258111
732304286
732396672
732402000
732419600
732444692
732451268
732526649
732616431
732700598
732796829
732806223
732949785
733022424
733261142
733415615
733509816
733522883
733899720
734151728
734479654
734570797
734660880
734700013
734774804
734804840
735124056
735157746
735578458
735630169
735908105
735952674
736007675
736122570
736339543
736368125
736477302
736543560
736761069
736940880
736980090
737107782
737154048
737284050
737599720
737634287
737661413
737727742
737785980
737811731
737840273
737855939
738118738
738214611
738222492
738364155
738383969
738470691
738480403
738497457
738625006
738853949
738964863
739027483
739354819
739387883
739429666
739452151
739467883
739664602
739713344
739815442
739994587
740075950
740086463
740235122
740286868
740424108
740447633
740449697
740474699
740501270
740518279
740702815
740848122
740981619
741077855
741194472
741290748
741481014
741495303
741685187
742110829
742246676
742384735
742491408
742752878
742904022
743050999
743136530
743151552
743223888
743464371
743484869
743731689
743868221
744115034
744452853
744463402
744492926
744530356
744576148
744664215
744980046
745099142
745107031
745208784
745522980
745577066
745596401
745681854
745854988
745866189
746041582
746091243
746209048
746249559
746469791
746565556
746704375
747044223
747162306
747194106
747250233
747257372
747272703
747284564
747599480
747602410
747808264
747969892
748000014
748088623
748264090
748397017
748439702
748446878
748529960
748554866
748565598
748573397
748719963
748753997
748810060
748971251
749113276
749184524
749307162
749471851
749725818
749863890
749884634
749970457
750273671
750371416
750412417
750656993
750781200
750876125
751052987
751078475
751175449
751291239
751310068
751388688
751421762
751580616
751929650
751964098
752012102
752104620
752389052
752578051
752578783
752592431
752779095
752826687
752865899
753005387
753005548
753255322
753286287
753306454
753454636
753757819
753778762
753803845
753848696
753852877
753868703
754014119
754179668
754304470
754348281
754363882
754449108
754622702
754768013
754815176
754986457
754994281
755506644
755773728
755924381
756112853
756190082
756414984
756554026
756588168
756646663
756769672
756779069
756815071
756902820
757012373
757113174
757125456
757182990
757210098
757460112
757521219
757596416
757622910
757857016
757884458
757947127
757961002
757961960
758210454
758263105
758366195
758584667
758882770
759017270
759143724
759159303
759445666
759520433
759538641
759689591
759906877
759906935
759937890
760015720
760281484
760314938
760354809
760442327
760468867
760493490
760497447
760552058
760559064
760575330
760849468
760857443
760914074
760956809
761040279
761160285
761281328
761331078
761360894
761593031
761932959
762065803
762146989
762160854
762311751
762413831
762599436
762641286
762762383
763057342
763113530
763433539
763522181
763632917
763674446
763692511
763710421
763776595
763858001
763867610
763891636
763904978
763943651
764037010
764045867
764229523
764294060
764793596
765122959
765169376
765402887
765886647
765889433
765962148
766022476
766052585
766118833
766530280
766919585
767022567
767183063
767207929
767268282
767308754
767556016
767650607
767652461
767663462
767668574
767749677
767888679
767941495
768130384
768311489
768331450
768333825
768427616
768498693
768567405
768618014
768634595
768675318
768745967
768905329
768908294
769279691
769341446
769695419
769937366
770126731
770204483
770223134
770270095
770406742
770471162
770531886
770716720
770734778
770774977
770834691
770872840
770899784
771041431
771053728
771216202
771332704
771439716
771614399
771664570
771692416
771758718
771934587
772027706
772171719
772212324
772215663
772241316
772376916
772442636
772842527
773357081
773603630
773834436
774123263
774126735
774202189
774243487
774261493
774312383
774390335
774447479
774490258
774663597
774748993
774870534
774928951
775150301
775170110
775197296
775359364
775375242
775421288
775441852
775666368
775688043
775994481
776164035
776245036
776318494
776443867
776628745
776806075
777018962
777095236
777268833
777341397
777346460
777355591
777430359
777517473
777671383
777844161
778228310
778511071
778692474
778719817
778815886
778874739
779040682
779088633
779271223
779276542
779489468
779689234
779788883
779791564
779935867
779960215
779968149
779976598
780035293
780057768
780282352
780285405
780600532
780713823
780736403
780770643
780940580
781325370
781392123
781719789
781765485
781773257
781931110
781936930
782014285
782098332
782119838
782198751
782313312
782468566
782528751
782663437
782721212
782729833
782760036
782808192
782922718
783018570
783380568
783393586
783560067
783562497
783617707
783644813
783671860
783757262
783761958
783793958
783838807
783888556
783907050
784137058
784142379
784147183
784268649
784354311
784429711
784500813
784504860
784618753
784629602
784687132
784716788
784723815
784752901
784851427
784864841
784953593
784996284
785108487
785182534
785346020
785393531
785421086
785643882
785683780
785734879
785770560
785835346
785991863
786252720
786272339
786274166
786310573
786351524
786375966
786633317
786971285
787080235
787144098
787174972
787636010
787744998
787801520
787993855
788050321
788073365
788109832
788187471
788197832
788565581
788648615
788750110
788831191
788935701
788983854
789022545
789100172
789217821
789486302
789569577
789771315
789803389
789938581
790174715
790271614
790272886
790400826
790566674
790615140
790633279
790866025
790874510
790905073
791121118
791430334
791566968
792088522
792119106
792142332
792166616
792190183
792190920
792234301
792373752
792603376
792648118
792740416
792755604
792805244
792943050
792981189
793039455
793045644
793360111
793381719
793514934
793731863
793855352
793931798
793952633
794092784
794158080
794184753
794210436
794211799
794239915
794356552
794507813
794563401
794578631
794593997
794699474
794748656
794758577
794796831
795073254
795082078
795298270
795303043
795351180
795922762
795960616
796078463
796119005
796188625
796307517
796355413
796499921
796659127
796675140
797027433
797532312
797589744
797661390
797779494
797966339
798005664
798159095
798824204
798983007
799055447
799191555
799205621
799224621
799385169
799401629
799444847
799577730
799641357
799666612
799882838
799894311
800333163
800576694
800712636
800799591
800863449
800889664
800893367
801149409
801203541
801210640
801234372
801294675
801563025
801653971
801823183
801896810
802094648
802180227
802235662
802266863
802317527
802413205
802440596
802573273
802594846
802612527
802741210
802931198
802970284
802975805
803094237
803100225
803288868
803497308
803511968
803517944
803689471
803718140
803882534
804065674
804276733
804364719
804400018
804526510
804581565
804586542
804630534
804685455
804835564
804855897
804856066
804937319
805058274
805080253
805087213
805143694
805204719
805219477
805310043
805318740
805382967
805448545
805487527
805716855
805825894
805921351
805925693
806152410
806179788
806284974
806296928
806396596
806532426
806844603
806884750
806907860
806977652
807071320
807092124
807253754
807276716
807302205
807530348
807532189
807537723
807659520
807738588
807936242
807943881
808017133
808186846
808219023
808282415
808329288
808379521
808404297
808409837
808449051
808524683
808545158
808589852
808632308
808639317
808647981
808980089
809066247
809256337
809308872
809401942
809455007
809487744
809564713
809564812
809602455
809645144
810111130
810212302
810629017
810855506
810932215
811040408
811219028
811221584
811459711
811542221
811605992
811703011
811714052
811742876
811892099
811958698
811972168
811983484
812034836
812166129
812170708
812367885
812442988
812453124
812474740
812600908
812745677
812794354
812888262
812911696
813091949
813100497
813241890
813430649
813573391
813724088
813848484
813959805
814019325
814079974
814344240
814436029
814639992
814765945
815153270
815157802
815161714
815194216
815221112
815399011
815490678
815495054
815774684
815813978
815874833
816193238
816826909
817160822
817299110
817354270
817532143
817670150
817831118
817841969
818045981
818235370
818302207
818329401
818458002
818557960
818706440
818716318
818752503
818765863
818771790
818777770
818995604
819034915
819112284
819288014
819419834
819934481
820209251
820327041
820343222
820414116
820667108
820765726
820834277
820837031
820970804
820977773
821177837
821428425
821502051
821541838
821629816
821676991
821701135
821960656
821962455
822059411
822240829
822313363
822449258
822562475
822639860
822669111
822681130
822781754
822985681
823002004
823046538
823060884
823528963
823533096
823761851
823931944
823941377
824029447
824085480
824128549
824222886
824253215
824296108
824444346
824467188
824499943
824537936
824550340
824644672
824800337
824814480
824827727
824901689
824973220
825057572
825062154
825295451
825309954
825651922
825966771
826006682
826215754
826501804
826558630
826562850
826835324
826837939
827046196
827113024
827113953
827178636
827207773
827213564
827339879
827659870
827725780
827779532
827986548
828039421
828069348
828314315
828539165
828548506
828917962
828929166
829088858
829125118
829205090
829301284
829414625
829421099
829467961
829544751
829786067
829790049
829817608
829821108
829929463
829953604
830143116
830252307
830418970
830514029
830598365
830980815
831338639
831355037
831541915
831582897
831599807
831676740
831710282
831865440
831867891
831962048
832121300
832217280
832396995
832444784
832446662
832463430
832662485
832953652
832998788
833098954
833113448
833371774
833616092
833710456
833724720
833761996
833831936
833950133
834052894
834274153
834285457
834421471
834483686
834559042
834561756
834687599
834830586
834962130
834992562
835046300
835087869
835108266
835290148
835512076
835575410
835658090
835687552
835700692
835747015
835756103
835756174
835790846
835894679
836046811
836602780
836700658
836768142
836782478
836858552
836913395
836939748
836990777
837124117
837251988
837329589
837330907
837396596
837458993
837542935
837543594
837567382
837631794
837647012
837677213
837800341
837915940
837934668
837958208
837975745
838177411
838185762
838530472
838648331
838807846
838833140
839002850
839060525
839063978
839122138
839134551
839266317
839502652
839506766
839514807
839569566
839575925
839609107
839654479
839663409
839808559
840033330
840042764
840049281
840389113
840528607
840614050
840624024
840865598
840878171
840939887
841106826
841121260
841149307
841154074
841329165
841343019
841353318
841471605
841555054
841563605
841615834
841631053
841686897
841766596
841941218
842080095
842131510
842273343
842414102
842421990
842431616
842466074
842504400
842599862
842750289
842880924
842916150
843221105
843285024
843289737
843479125
843533291
843586801
843635428
843726249
844108030
844121783
844150921
844152156
844295033
844446555
844609452
844882402
844900364
845038891
845219062
845323354
845419516
845715573
845791138
845877221
845879014
845905538
846257135
846305795
846377395
846491095
846558343
846568924
846894058
846949447
846996556
847095956
847151754
847283677
847337313
847477385
847481695
847564516
847692619
848007181
848014977
848056887
848181185
848191001
848337502
848501807
848702167
848776826
848816288
848832349
848845655
848862780
848881880
848991964
849093527
849125245
849169958
849200942
849224531
849341739
849443240
849465330
849493194
849531921
849589219
849603855
849638377
849709965
849880990
849989993
850004520
850036511
850072520
850191830
850232589
850351195
850371393
850917876
851043299
851157898
851246449
851575930
851628812
851644127
851667497
851726698
851791775
851919244
852070544
852122344
852126442
852243205
852246513
852307794
852310949
852402274
852436457
852446583
852491974
852505930
852569246
852634755
852677614
852708665
852820261
852974634
853198848
853384578
853451128
853590853
853603011
853651960
853712990
853898695
853969707
853991957
854072394
854179816
854453355
854483868
854615020
854615828
854640054
854696463
854707576
854869905
854888930
854939491
855057801
855289819
855474265
855504366
855523729
855687768
855737005
855786683
855873065
855883234
856191982
856193545
856335079
856356562
856513681
856574121
856692658
856839600
856844676
856992811
857150162
857294215
857294427
857354760
857357783
857655473
857774119
857832728
857908332
858142595
858221043
858416608
858421789
858511644
858649836
858668963
858795667
859055125
859172594
859267707
859287899
859330048
859395376
859704946
859807505
859810519
859870594
859937932
859967397
860007032
860013559
860069500
860186935
860206593
860605039
860629018
860751625
860821857
860861522
860959668
861138870
861179598
861219535
861280853
861285863
861416000
861656056
861679908
861720025
861743897
861763560
861880379
862091325
862125073
862214443
862482990
862484648
862579669
862828247
863106940
863261701
863298606
863340831
863351284
863587965
863615288
863662066
863871959
863914931
864007510
864014248
864115842
864268884
864573140
864612754
864647887
864650892
864654417
864718638
864728265
864870825
865132190
865168774
865174722
865206149
865287769
865304629
865394263
865441795
865474736
865479619
865570238
865718386
865791615
866039425
866215096
866444851
866659450
867085944
867135649
867164066
867350097
867491715
867667106
867808393
867813842
867818575
868127068
868248634
868364586
868384847
868395409
868447835
868511674
868514174
868595299
868631089
868655090
868748576
868816712
868845318
869347401
869389651
869486997
869514064
869584244
869651647
869736387
869784228
869860012
869919346
870031582
870156646
870200614
870210305
870269897
870392480
870438798
870644633
870654613
870987230
871126816
871159133
871652371
871877918
871987500
872055637
872144957
872153710
872246590
872499169
872651257
872699218
872750755
872890708
872964892
873025021
873028750
873103081
873106108
873153084
873369182
873408157
873499775
873641053
873646863
873673827
874035064
874225548
874494474
874495881
874573883
874593233
874596862
874625620
874761618
874784732
874789092
874798920
874807282
874953099
875061429
875101337
875115833
875145474
875181581
875372476
875455983
875470540
875566125
875617999
875672837
875676122
875677986
875735049
875757524
876065127
876072147
876168876
876320192
876323411
876386772
876436737
876450700
876650311
876764908
876787058
876968999
877176714
877253729
877407194
877479384
877496143
877747345
877786556
877825037
877833167
877837906
877952521
878013641
878274115
878282790
878440119
878506002
878555335
878726580
878765497
878875314
878893636
879072326
879268806
879383549
879399009
879420214
879550868
879660480
879665576
879716595
879811358
879888965
879934298
879961807
879966617
879969724
880137770
880190243
880268446
880321391
880492675
880584269
880623639
880678234
880708685
880828782
880937625
881077195
881142325
881146928
881323678
881673801
881681195
881750821
881894669
881953548
882043830
882078829
882102371
882106955
882121865
882225113
882265887
882613693
882656521
882666254
882692633
882784640
882785425
883095008
883155153
883324326
883372828
883520659
883745891
883774440
883812699
883817618
883920510
883976532
884028207
884166417
884265746
884495660
884498225
884510756
884627814
884663719
884682416
884689757
884954405
884971508
885035755
885076091
885155234
885158766
885303378
885462459
885512441
885626853
885649953
885713734
885766589
885776831
885814642
885848613
886060710
886154324
886256873
886359678
886378971
886413473
886491113
886624631
886705158
886916591
886929684
887126261
887422180
887443580
887444661
887540294
887790535
887888918
887996029
888018514
888131089
888246071
888421909
888599692
888805634
889092008
889202129
889227563
889383300
889442012
889526184
889557336
889656909
889694842
889844090
889995787
890179727
890331197
890336959
890396674
890476630
890572128
890597829
890620672
890711130
890912384
891033469
891150283
891182576
891207328
891213165
891571935
891590478
891700331
891735279
891750074
891953315
892031342
892117286
892226483
892283741
892320591
892368122
892377792
892411620
892558389
892602061
892655061
892657983
892777475
892901733
892925304
892939672
893024634
893091195
893092399
893216122
893272290
893336608
893455872
893715097
893752278
893774291
893868755
893891423
893903015
893911393
893937579
893977207
894068963
894224321
894283262
894381930
894415959
894501096
894582411
894650362
894676168
894683858
894721640
894766278
894784804
894845268
894853571
894922839
894932566
895008964
895013718
895098897
895384320
895408414
895445940
895491690
895620312
895658659
895859310
896034183
896043396
896065604
896193306
896239904
896258029
896287969
896291748
896297102
896376135
896388066
896402233
896467477
896475626
896509497
896536561
896744559
897019806
897025122
897036578
897043884
897230766
897236094
897354417
897397740
897858539
897876362
897942563
898000387
898014910
898035616
898035898
898043940
898163360
898218746
898613750
898710191
898815890
898862734
898925473
898982494
899078896
899085155
899184287
899244231
899359347
899554837
899725330
899795858
900204858
900415304
900622937
900788547
900978571
901032470
901183495
901342366
901590761
902000194
902222529
902394983
902569100
902676789
902818765
902840214
903181832
903319706
903395490
903493372
903652103
903659520
903817455
903871693
904005511
904016507
904242582
904268184
904432988
904468283
904499330
904575374
904649598
904672353
904708178
904796768
904861323
904908511
905164719
905191289
905194934
905358392
905526943
905627596
905714136
905715466
905779676
905804094
905806590
905934986
906054427
906079312
906172094
906210497
906228041
906243940
906278795
906335170
906437594
906510676
906593709
906617405
906633235
906712561
906721280
906763248
906853315
906890462
906938226
906959560
907063695
907209545
907316635
907323348
907425716
907594397
907600946
907605371
907723595
907932806
908008977
908076419
908077866
908146314
908193846
908206060
908291643
908308052
908354866
908472271
908482150
908547786
908623189
908639218
908822386
908850764
908944433
908947087
909080619
909128514
909348031
909400873
909432675
909605034
909618867
909736272
909823001
909834014
910011895
910019568
910132259
910312889
910354943
910361203
910375743
910441101
910563576
910577175
910637782
910655592
910990763
911005339
911198629
911386892
911552524
911585241
911786180
911795478
911823427
911993892
912051099
912400342
912440764
912661661
912922408
912990804
913137355
913166967
913468807
913506667
913509310
913779113
913935774
914063882
914349481
914355573
914544173
914668568
914741945
915065269
915416980
915439935
915488055
915528069
915688440
916082103
916086384
916219691
916473711
916516818
916557814
916623137
916779525
916788560
916822621
916898348
916970688
917149767
917208377
917297024
917322327
917372246
917496920
917655516
917729580
917806101
917884658
917988019
918000098
918128614
918223086
918268346
918525483
918722639
918852829
918981221
919014405
919040020
919146497
919212191
919273391
919285054
919438495
919545491
919821643
919859049
920052963
920085918
920101463
920164579
920206754
920344946
920348742
920356591
920458804
920577824
921040640
921070780
921206847
921259770
921268257
921301002
921404111
921476696
921501501
921558526
921832762
921927456
921995264
922099393
922120484
922259385
922284406
922358778
922699058
922715210
922854168
922928097
923053588
923076798
923282887
923294296
923534177
923696098
923861754
923999549
924200273
924292070
924524191
924529765
924682010
924757855
924780960
925078529
925371146
925397469
925421866
925521631
925768201
925959271
926201112
926379271
926418959
926431432
926691497
926749866
926824317
926824948
926957325
927191897
927205588
927462063
927490930
927544559
927616107
927656133
927771772
927956157
928007146
928011248
928259325
928278447
928374358
928527161
928817829
928989167
928996699
929310368
929318084
929347737
929370763
929488176
929586308
929655098
929663672
929712700
929715112
929778229
929910937
930348928
930463276
930560999
930768050
930906508
930917592
931014318
931412185
931450782
931608264
931629040
931756551
931864077
931867823
931874629
931896225
931940600
932042494
932448407
932483442
932511021
932557283
932558513
932613858
932695961
932795289
933180194
933224853
933328260
933557373
933943178
933973390
934028964
934188901
934357725
934639780
934665120
934727650
934942250
935091965
935283460
935286574
935389400
935600180
935733676
935761377
935776280
935987487
936290298
936462083
936503273
936599348
936897880
937059162
937074972
937167241
937246268
937620999
937776603
937852727
937957068
938001152
938072140
938213244
938222653
938315783
938416196
938449825
938488109
938688852
938702821
938727007
938772531
938967780
938973078
939052046
939088079
939176454
939371563
939517934
939693058
939784101
939786377
939816624
939848739
940431195
940473007
940692356
940781661
940803663
940825653
940892702
940932249
940934417
941073168
941077146
941256156
941468373
941642941
941867487
941884942
941895104
941950424
942084716
942263621
942326726
942344800
942375253
942408524
942431680
942584020
942638434
942763487
942806320
942816042
942908198
942943860
942991352
943217113
943269683
943273906
943344110
943424499
943472787
943633958
943656211
943660424
943676055
943848582
943881218
944335069
944417232
944427275
944435819
944774812
945064700
945084574
945162200
945181726
945249777
945341003
945457166
945512467
945580679
945585571
945590855
945815977
945830667
945880477
946067097
946168407
946362836
946374936
946466599
946536406
946571937
946634286
946658490
946850190
947046117
947091075
947120935
947430539
947449168
947509037
947811414
947892594
947908877
948024967
948054388
948132350
948224908
948259608
948293928
948379962
948749850
948765333
948775577
948779201
948896284
948910098
949077365
949150552
949679909
949798105
949883408
949883532
950002823
950744619
950833324
950890877
950979825
950993533
951012582
951244750
951309490
951377574
951515002
951642159
951695227
951856994
952039008
952064757
952143606
952222679
952362400
952393274
952411716
952468419
952555515
952566080
952624255
952662206
952730793
952737243
952849970
952900022
953028169
953037766
953052873
953062238
953078280
953118304
953132619
953142150
953242834
953259129
953614218
953648456
953817846
953847663
953849327
953983890
953988447
954039069
954069073
954073583
954180103
954204828
954220869
954302322
954403001
954652275
954667364
954803705
954935363
955260395
955269144
955273306
955278246
955375396
955540359
955542313
955756259
955880730
955924491
956023714
956270120
956350102
956431404
956524102
956750941
956787212
956812705
957020123
957383667
957483987
957621677
957694693
957807485
957866291
957985306
958061342
958176227
958518000
958575412
958589474
958695215
958774369
958877160
959051226
959102299
959128054
959201720
959331114
959348366
959474797
959730555
959782074
959797847
959851758
959897918
959982328
960052072
960076126
960188389
960193934
960240436
960273738
960491989
960509010
960525907
960563786
960577133
960596424
960597090
960697830
960707256
960783458
960793312
960899730
960985365
961192149
961249903
961524629
961700261
961809434
961826827
961886928
961935207
962105583
962109461
962126746
962365697
962677004
962690404
962884884
962932188
963254861
963340161
963407636
963647882
963662338
963737753
963745288
963787804
963815121
963890227
963991764
964007758
964149230
964257247
964304015
964524299
964670826
964697540
964799117
965171667
965224539
965229001
965248792
965611877
965709146
965758142
966071513
966133341
966464335
966542465
966568948
966574110
966608957
966636130
966639266
966804701
967069211
967085501
967216308
967244897
967329782
967375513
967467539
967488930
967558785
967661927
967685378
967698533
967738642
967815317
967844188
967953217
967963006
968097879
968214963
968290398
968309316
968370002
968376823
968393209
968439171
968522422
968694453
968813267
968879394
968929541
969000838
969170493
969173969
969178954
969295693
969336683
969517921
969539536
969595699
969684444
969691873
969712867
969786643
970090840
970222462
970329168
970407496
970575195
970650351
970723021
970873181
970893112
971109236
971117280
971168381
971172993
971173322
971390660
971530431
971716073
971795500
971824716
971953333
972033638
972136405
972168260
972235031
972245427
972270868
972490120
972616365
972683980
972758509
972782077
972788700
972816603
972829544
972838751
972876713
973026157
973141763
973164226
973249053
973354617
973451010
973470870
973662180
973791589
973945807
974090990
974127621
974134217
974251415
974433897
974521045
974675344
974684456
974716835
974802888
974917328
975005422
975020373
975046610
975115354
975423488
975604762
975855797
975879512
975885269
976021635
976029706
976050355
976070792
976190089
976218355
976241683
976334070
976452331
976673895
977471082
977836195
978070358
978274573
978316366
978391919
978516370
978598775
978687770
978754725
978860045
978899402
978952984
979110603
979196692
979217304
979227089
979270198
979370484
979380985
979505109
979548307
979720051
979809631
979851516
979949943
979980589
980321415
980340701
980438445
980448492
980472352
980612318
980887291
981197470
981471592
981480279
981504630
981622132
981626918
981763647
981768946
981782459
981796747
981845179
982158239
982188472
982201849
982217806
982265204
982315074
982347429
982388154
982521581
982642134
982690641
982964853
982982454
983107138
983435346
983520394
983530410
983754611
984009964
984201793
984240183
984355386
984563771
984570278
984633688
984635131
984846510
984866736
984947449
984975169
984983682
985469216
985471042
985482267
985547007
985882043
985964945
986096849
986128521
986145694
986270160
986278045
986877327
986936406
987030499
987035793
987139203
987279791
987322857
987493345
987543446
987550873
987637833
987770833
987779668
987806828
987834419
987934095
987985174
988087537
988105787
988199754
988263950
988334703
988581215
988612732
988701910
988866688
988875887
988918083
988980819
989113973
989316995
989334763
989451576
989468269
989507230
989515810
989520298
989612803
989625626
989647039
989729836
990102485
990225586
990268114
990268554
990303202
990357820
990386285
990480441
990490319
990572826
990780840
990821410
990850847
991072671
991094737
991199532
991248665
991262294
991297354
991466730
991481199
991576772
991700692
991701501
991702895
991783171
991864266
991872457
991885246
991936362
992064620
992103532
992134295
992322190
992335547
992644431
992923602
992938635
992939149
993153432
993445353
993518809
993686357
993694420
993856429
993877240
993941462
994035245
994165442
994167334
994185696
994195858
994306509
994400089
994423270
994470466
994526100
994600627
995125068
995175753
995281175
995323894
995509963
995619824
995654276
995840409
996112742
996391190
996429563
996496214
996705722
996708552
996718356
996843987
996874528
996989974
997021426
997225667
997330349
997332323
997503230
997558834
997595727
997676297
997680363
997779232
997849409
997860058
997938310
998448293
998554632
998663223
998821452
998832177
999014433
999265566
999358461
999395127
999488565
999591833
999684536
999786216
999800816
999896824
999905224
999911033
999938057
999938642
