68693
172259
237957
366786
380709
588661
903426
954859
999087
1003585
1137065
1256978
1344483
1362262
1563729
1614900
1633489
1635323
1788574
2505237
2544334
2653728
2723104
2769551
2777086
2869510
2877865
2916088
3070950
3167749
3200351
3377398
3458539
3474890
3580919
3586329
3662755
3911272
4032027
4040797
4171841
4283818
4411011
4590360
4626562
4642316
4832562
5048028
5074942
5263587
5347242
5416605
5416833
5507377
5588916
5629793
5640062
5957115
6066733
6193320
6578794
6653571
6962419
7164296
7326510
7616627
7939670
7990873
8428087
8518398
8588166
8610838
8619514
8718632
8724484
8767824
8842530
8915780
8992720
9004318
9035039
9081052
9177369
9366621
9608143
9836149
9886279
10043864
10075634
10155951
10196645
10320318
10530405
10608029
10682539
10776721
10834796
10834874
10888209
10933977
10970816
11097627
11132833
11172704
11263850
11299983
11364553
11487897
11557498
11784596
11943350
12182960
12186866
12207881
12226258
12325048
12475603
12677818
12687985
12776312
13027543
13069026
13152474
13171004
13220858
13507621
13545563
13613992
13627021
13733836
13749643
13760246
13796007
13879389
13979277
14064761
14237508
14298028
14634109
14677684
14913945
14945883
15077580
15099232
15116891
15241816
15255594
15316341
15463950
15636450
15657140
15676498
15818501
15853727
15904836
15911515
16346205
16424843
16431025
16444954
16539803
16606887
16663139
16728748
17202272
17209829
17301262
17540777
17730796
17737562
17769971
17919256
18090193
18246484
18282501
18350951
18370012
18499786
18606706
18739758
18779933
18878246
18985146
19126898
19199434
19308374
19310021
19432581
19498333
19612740
19616649
19648170
19812922
19968664
20392677
20485968
20777169
20815940
21093602
21213069
21219775
21404734
21467196
21493018
21591142
21674069
21715182
21758620
21805546
21816874
21847406
21888668
21979746
22042890
22050755
22328307
22464910
22666373
22680948
22785163
22799617
22911507
22933984
23069923
23288046
23428058
23438798
23604404
23655798
23798265
23872641
23906301
23958438
23982319
23993978
24069617
24150397
24322479
24325555
24656418
24771428
24815492
24969608
25065788
25411804
25423619
25452772
25470597
25564540
25608950
25647060
25649249
25715837
25760630
25793900
25950801
26085916
26182297
26229852
26375850
26429932
26532729
26705928
26738019
26777538
26846730
26902627
26932732
27178334
27192636
27258123
27334863
27439278
27527568
27607430
27764792
27772513
27873674
27895589
28254701
28431662
29038911
29096401
29142290
29500554
29629870
29738882
29965653
29977908
30122910
30173049
30206844
30371810
30399792
30558461
30614684
31060302
31201719
31523728
31530312
31589216
31653923
31663136
31728629
32055366
32104785
32139261
32155461
32396940
32672840
32748319
32751756
32767567
32952192
32972840
33021818
33091919
33116758
33200808
33337750
33470384
33484430
33981772
34099813
34158941
34258853
34328703
34567573
34730498
34853535
34914305
35250485
35350749
35385659
35481252
35604602
35708072
35774202
35859979
35877437
35956746
36082106
36091010
36115403
36173578
36201101
36391850
36418968
36559878
36695068
36713080
37101523
37185788
37231886
37329717
37512542
37559851
37598978
37808845
37811519
37829077
38023940
38088209
38162960
38198455
38198663
38262368
38262884
38299274
38308891
38398460
38673835
38746102
38773493
38810219
38898936
38904367
38990412
39417266
39742038
39798591
39828371
39894060
39938824
39981590
40178608
40280656
40391591
40418049
40880654
40967312
41088627
41176335
41301136
41394477
41696692
41725505
41730236
41796955
41798553
41798781
41981666
41997618
42065084
42365901
42407725
42436393
42473568
42655970
42845096
42884041
42951296
42974005
42985158
43160132
43193123
43338100
43450645
43587846
43725072
43764811
43800383
43844846
44002610
44095069
44160354
44185012
44361403
44426213
44478759
44558345
44819464
44907748
44930160
44987260
45013730
45439874
45695221
45817184
45879046
46006007
46130765
46151100
46366639
46440965
46451863
46457578
46718168
46880237
47132406
47169670
47215966
47286261
47543707
47710193
47723515
47832506
47879674
47989626
48066274
48171590
48216333
48359687
48405216
48413247
48483879
48637779
48658289
48748019
48756087
48933759
49062080
49137039
49308425
49521860
49631289
49694708
50107468
50161577
50174493
50284656
50391278
50496941
50518859
50532254
50619710
50680871
50736573
50795684
50875292
50900935
50982084
51001594
51227382
51240899
51247716
51489662
51589171
51618881
51632056
51654940
51725500
51799478
51805390
51991982
52232366
52572488
52710774
52785729
52814277
52980834
52991419
53067292
53081136
53220547
53496849
53574801
53623127
53793395
53833355
54126601
54152993
54457318
54487197
54517512
54540182
54552959
54747298
54957439
54985013
55040922
55319014
55340538
55354381
55366960
55476140
55596262
55688246
55973901
56003953
56037350
56038310
56305343
56371414
56465656
56690327
56768764
56805326
56942254
57076827
57120644
57306499
57377333
57405264
57408784
57478934
57571234
57674420
57706982
57796917
58018021
58087432
58097720
58168347
58180740
58236849
58437284
58507162
58677358
58682191
58888258
59011457
59051616
59053453
59096254
59143286
59189890
59335136
59354552
59388050
59419303
60133606
60208510
60263882
60289158
60295290
60353233
60430498
60445285
60559251
60566188
60594774
60738856
60758585
60823941
60901934
60908174
61072836
61169918
61212579
61213001
61231764
61305502
61415576
61564434
61683081
61821190
61851397
62084619
62119330
62137940
62318356
62460830
62610545
62639226
62721037
62776476
62811886
62839755
62994807
63062416
63174286
63193790
63265911
63299514
63335703
63347864
63439103
63467347
63590430
63648755
63741422
64021164
64160575
64396113
64475487
64499153
64529641
64564015
64622689
64746132
64768868
64789722
64793392
65001823
65025283
65068163
65175224
65474734
65810530
65982854
66101628
66241824
66330943
66490026
66591158
66696725
66802850
66821315
66963966
67234685
67370494
67871567
67915588
67971635
67986461
68062321
68152044
68370804
68379962
68410335
68659888
68814293
68898848
68938363
68955578
69052781
69067092
69162693
69174806
69443991
69640215
69935491
70048264
70142080
70152003
70225409
70294359
70389384
70417885
70446480
70509842
70516434
70541993
70683065
70712566
70739314
70791227
71000225
71026852
71077472
71458357
71657327
71763796
71862564
71898910
71952862
71975262
72148497
72214138
72327420
72343752
72505480
72601806
72784452
72790109
73206161
73301795
73455874
73517567
73527061
73588109
73640216
73722507
73736505
73793665
73822372
73857241
73928927
73936886
74024436
74028273
74056569
74282963
74470920
74616339
74893653
74896458
75022055
75048681
75104144
75113656
75139303
75290464
75626708
75770798
75827026
75827247
76155709
76214856
76253125
76369710
76423408
76424405
76434305
76665965
76685428
76774897
76808834
77005056
77045595
77102001
77137843
77185105
77313615
77385307
77694550
77761357
77866522
77936921
78030108
78064370
78076581
78096257
78163906
78207921
78338623
78521664
78684521
79047560
79199239
79378252
79651850
79741447
79951147
80160971
80207847
80361607
80457128
80495969
80516381
80665293
80690927
80729630
80771859
80849451
80849603
80976138
81111526
81248223
81250757
81254595
81361614
81372587
81447717
81581075
81679739
81848119
81980271
82086562
82145261
82158966
82301652
82335977
82484373
82491343
82533231
82535649
82546561
82565925
82575423
82576106
82619039
82631216
82687617
83075604
83214009
83235560
83328937
83442294
83457085
83547495
83562937
83588761
83676000
83685904
83836973
84003567
84276958
84281720
84495679
84577837
84616199
84836240
84860084
84903001
85141502
85213064
85232667
85301453
85440352
85521303
85577342
85679087
85902107
85944606
86022070
86069437
86109979
86299651
86315383
86346168
86455646
86589808
86646231
86662965
86757618
87036855
87091248
87102509
87127211
87251809
87277174
87529817
87558787
87564588
87624405
87665443
87796019
87808503
87935182
88016541
88119063
88135391
88279347
88302612
88314342
88362752
88534091
88566806
88610373
88637168
88758019
89170858
89379422
89947718
89998226
90175589
90206004
90370820
90385893
90393810
90418067
90569809
90577394
90791498
91017445
91035395
91059463
91133499
91178840
91248181
91278585
91290320
91358422
91517125
91666423
91789824
91818160
91910838
92057607
92111983
92134168
92223052
92281678
92464729
92619652
92677390
92687678
92720879
92870990
92900270
93218923
93316820
93322125
93333425
93365937
93768760
93981405
94148747
94190393
94194394
94310962
94373402
94513872
94593522
94621300
94885203
94982055
95060377
95077531
95211178
95268733
95275743
95345996
95482301
95653795
95698876
95739373
95747194
95923039
95951170
95963613
96050761
96196418
96216775
96472790
96479430
96654148
96672152
97014795
97021453
97074846
97092416
97298217
97318010
97334679
97370302
97696157
97802098
97855974
97906772
98028892
98136636
98193450
98470824
98535741
98543046
98576562
98663795
98795432
98905309
98975001
98978944
99194196
99211278
99283850
99380308
99558799
99623188
99649840
99692878
99766751
99808826
100040949
100052530
100072244
100265459
100311590
100322015
100806353
100878436
101256772
101291161
101316137
101316953
101322491
101363472
101431396
101484202
101509734
101608847
101661614
101752508
101791328
101819777
101866197
101897654
102042680
102315027
102352033
102451386
102568742
102580255
102649331
102955720
102982240
103014677
103055727
103152268
103174034
103218551
103261047
103377754
103568269
103690260
103748255
103770427
103812857
103905718
104099055
104178451
104242471
104997747
105037673
105085111
105277976
105295324
105298397
105601744
105658334
105701644
105813967
105828826
105928897
105940692
106058396
106260154
106397727
106428135
106468428
106632001
106642984
106682806
106684889
106727049
106729971
106984682
107044357
107084649
107131179
107310068
107394997
107526058
107601017
107611744
107777375
107798566
107939357
108025951
108196645
108304537
108350440
108361222
108497996
108662350
108984756
109008785
109070495
109080464
109121537
109277233
109359444
109478357
109549211
109560232
109739932
109796988
109868759
109886082
110309911
110406764
110451583
110576583
110610576
110632695
110657303
110667086
110691592
110780953
110786139
110819923
111165745
111235801
111273427
111290627
111371427
111392973
111409220
111423462
111553311
111556868
111610727
111820948
111848838
111885676
111910887
112050182
112182016
112203522
112354413
112601052
112608110
112711512
112983738
113105859
113163113
113166444
113293972
113377278
113379399
113416844
113433955
113575704
113788335
113831169
114039539
114128627
114338970
114363578
114395744
114447393
114474495
114532432
114562057
114605410
114837244
114846322
114924405
115026962
115118135
115134449
115220760
115284172
115302088
115353592
115676287
115726099
115821143
115843569
115902087
116121363
116231668
116312526
116420675
116593416
116598697
116605598
116638914
116705803
116908259
117016706
117081398
117276654
117343077
117670410
117761940
117805238
117871780
118155344
118303537
118329528
118350806
118631761
118841561
118864023
119066745
119184326
119311647
119379360
119486374
119589670
119659669
119689089
119756121
119981662
120175366
120308767
120401157
120447399
120499968
120582380
120731667
120828581
120889162
120915143
121002843
121114836
121168415
121371077
121377805
121721253
121902573
122106454
122147809
122188325
122201322
122312021
122382292
122674818
122779859
122959593
123028248
123057685
123435150
123501456
123549816
123588298
123603982
123867766
123903486
123968150
123998820
124095276
124175391
124315125
124758981
124926302
124976579
125004288
125018853
125089456
125103387
125254723
125255817
125261372
125408426
125440670
125513873
125653653
125833437
125836205
125941426
125988316
126100516
126108485
126193234
126244499
126303109
126416402
126471098
126481683
126676190
126857712
126933284
127042403
127105800
127166187
127216163
127217875
127244199
127581054
127701174
127704148
127887748
127907441
128066862
128072462
128313900
128330681
128471212
128476229
128979398
129221225
129258656
129283936
129444072
129528984
130125616
130198105
130279342
130442624
130578363
130756640
130775751
130806268
130822999
131061910
131096030
131180549
131218397
131253658
131415912
131473512
131544215
131607519
131742382
131837575
131892886
131999211
132183337
132230959
132470288
132510188
132802157
132840529
132853503
132854249
133067030
133126148
133356914
133580201
133591798
133647187
133728609
133776597
133922219
133977202
134274215
134340788
134551709
134573540
134718662
134736770
134793128
134970305
135314452
135335605
135465544
135509767
135554954
135614628
135788270
135820376
135864363
135883167
135902255
136066588
136262149
136368313
136490044
136594091
136746726
136942585
137182312
137356137
137429558
137430341
137438776
137439914
137481728
137593419
137644153
137675099
137864402
137872152
137894362
137915697
137940176
138203474
138225093
138523377
138665963
138689332
138699281
138777121
138965754
139015514
139250567
139455402
139507662
139550395
139594435
139620691
139820151
139909885
139915077
139952540
140112583
140220376
140255031
140445473
140462106
140504378
140516514
140673622
140710186
140758300
140948904
141037092
141152313
141175018
141181586
141245822
141255746
141269531
141372630
141495216
141557630
141755873
141756566
142196197
142232953
142298243
142343058
142475833
142776380
142805566
142952648
143086775
143095726
143217175
143231869
143439561
143475613
143579246
143627897
143816711
143909170
143934204
144062763
144514248
144646277
144735621
144810345
145326741
145440329
145678681
145749194
146119358
146261757
146286898
146364011
146422598
146693837
146783261
146887860
146906231
146940882
147005832
147119859
147344826
147348873
147473636
147508120
147618211
148345645
148368470
148385481
148412447
148529079
148692499
148726791
148825248
148843031
148886588
148907954
148955850
148968314
149049237
149091567
149128552
149255645
149336086
149487587
149540904
149700581
149919695
149972283
149989595
150013379
150020249
150244774
150430797
150486063
150528238
150539074
150572732
150612254
150645170
150666131
150699039
150959856
150961378
151096403
151101949
151200379
151212612
151236856
151459958
151731505
151786917
151927871
151941541
151981108
152083502
152106345
152225361
152276903
152431976
152481202
152502240
152528583
152599521
152619408
152684455
152687034
152691895
152715127
152755262
152809652
152908951
153037502
153069393
153080098
153353935
153395865
153411166
153722252
153753333
153811539
153879944
153906797
153928324
154204120
154213741
154395125
154537550
154555141
154591309
154791204
154966718
154988680
155102230
155226502
155248497
155307450
155391423
155479177
155488219
155754049
155865810
155902182
155908266
156017570
156041638
156042953
156062341
156098331
156143965
156178221
156205663
156317803
156372256
156501309
156597847
156626725
156673881
156934166
156957105
157051515
157059814
157234610
157294980
157433959
157506736
157597512
157600066
157664488
157864409
157870269
158018123
158027072
158225502
158629545
158917205
158950777
159008722
159049867
159053149
159077641
159209095
159306654
159336532
159443388
159454475
159745679
159760841
159761133
159866830
160180790
160199356
160204135
160342724
160355377
160619011
160706310
160707453
160823592
160957196
161025901
161203673
161278991
161457673
161680140
161685494
161891155
162015583
162032006
162086709
162091998
162127375
162198776
162215794
162658364
162707297
162764880
162966908
163035686
163069320
163173396
163178224
163376293
163626930
163748167
163801584
163945363
163977314
163980912
164111825
164182330
164187626
164471222
164563251
164581764
164679910
164708811
164710958
164890250
164892288
164986281
165039972
165109841
165116237
165125577
165174863
165269330
165384362
165515222
165878771
166021420
166051311
166054642
166071165
166082597
166135186
166159343
166449291
166575767
166598164
166806117
167110397
167316365
167605415
167716314
167796083
168018739
168108957
168293324
168296010
168330618
168334396
168450052
168479922
168555604
168563774
168569856
168642869
168660604
168804711
168988159
169378310
169393200
169463860
169530578
169599477
169684707
169890444
169937685
170109466
170139697
170313188
170338578
170492488
170666170
170672891
170774629
170808212
170838910
170964816
171072554
171152774
171313186
171323856
171392349
171443008
171468929
171522270
171584540
171697080
171698181
171739562
171746733
171789514
171793420
171852993
171879203
172045375
172060185
172100802
172228160
172261060
172284987
172418064
172537920
172636677
172669964
172682735
172785756
172823725
172838429
172882298
172918701
173084198
173162238
173202516
173632619
173726982
173812084
173844892
173860184
173997893
173999965
174410673
174411366
174512196
174541890
175080161
175129633
175444868
175445481
175466983
175474591
175496667
175522796
175598925
175609380
175689358
175758964
176097211
176145675
176329903
176388045
176448402
176583299
176653529
176675937
176806905
176896756
177130404
177205872
177258515
177304132
177424990
177488959
177581989
177777921
177825100
177874686
177939286
178020460
178110197
178112596
178128229
178200372
178214721
178486900
178888820
178925772
178929606
179206911
179323451
179457038
179524291
179562208
179655401
179795880
179872362
179905040
179984375
180079660
180198370
180306232
180542125
180676831
180737154
180821319
180864362
180971952
181160091
181247545
181395506
181419500
181479052
181484170
181642254
181756287
181812380
181852019
181912604
181919176
181939886
182070614
182404749
182407120
182412500
182571560
182587742
182786832
182860384
183153668
183488603
183661023
183895204
184028807
184049852
184142021
184351441
184396649
184489253
184735861
184757836
184841300
184891392
185399105
185403121
185413244
185645591
185861954
185955671
186019125
186064214
186207289
186361570
186366530
186437022
186521309
186784568
186806659
186828330
186832913
186870688
187021011
187086952
187101249
187115528
187171741
187280278
187280632
187325131
187446604
187616116
187697614
187769934
187888131
187933037
187967990
188070905
188096247
188242798
188366505
188493664
188539876
188630124
188725447
188742292
188812584
188832764
188931570
189040255
189117144
189217009
189463511
189527179
189600516
189722982
189770487
189882581
189883233
189916825
189936531
190011635
190112382
190186707
190444613
190623947
190643464
190877714
190886859
190920551
190983423
191008682
191034839
191128116
191344975
191593785
191609024
191841251
191897758
191906530
192098134
192357830
192458565
192570231
192583359
192694267
192800156
192914497
193379217
193552988
193829815
193850733
193871201
193974937
194149715
194150701
194155161
194298726
194370948
194475362
194584954
194774047
195072402
195093747
195628006
195730066
195829236
195935496
196063703
196138057
196154446
196161081
196174718
196271245
196638784
196796760
196906946
196967283
197205022
197425678
197467588
197495988
197556716
197743636
197833480
198020267
198051518
198161061
198183760
198211757
198350145
198476904
198514854
198639429
198681618
198698213
198767169
198838410
198974455
199001706
199116914
199200446
199362988
199502845
199572471
199634714
199697709
199816677
199984991
200299886
200354739
200460385
200509894
200523918
200553330
200717670
200777933
201024235
201079246
201083666
201282182
201315388
201316132
201354569
201436987
201469072
201480952
201579913
201590800
201988498
202028022
202120471
202156307
202295619
202347336
202531498
202549157
202634177
202734165
202821137
203051691
203147762
203158425
203171732
203206207
203415025
203448076
203509941
203695383
203754509
203911614
204082709
204230965
204345386
204447335
204483049
204519826
204697530
204837184
204843084
204877250
205130016
205403190
205451021
205599824
205693693
205705264
205708677
205837793
206006726
206054793
206058081
206060586
206087930
206112805
206117474
206210742
206338035
206569369
206577838
206627399
206857527
206912109
207095938
207166773
207486093
207509290
207558538
207962478
208056867
208114362
208151176
208173855
208238218
208255452
208277550
208306424
208411910
208526329
208647755
208983951
208995289
209085822
209322888
209363447
209435020
209443048
209533825
209551910
209571410
209922502
210006949
210068075
210188384
210332709
210383610
210401907
210569415
210741537
210889630
211141039
211195274
211294265
211374453
211428745
211579172
211682858
211725364
211802800
211834674
211924403
211986772
212007800
212074667
212387534
212603819
212737096
212752134
212829991
212879700
212892624
212931594
213080230
213272263
213298602
213301443
213361178
213478759
213522747
213616993
213811464
213873698
214003978
214078972
214148730
214379975
214388807
214683203
214877037
214988532
215006851
215017394
215399826
215454087
215549227
215812319
215862382
216116219
216526036
216544502
216637492
216718226
216800613
216805097
216821099
216836556
217084710
217300345
217352602
217382791
217498055
217580376
217641619
217828078
217887158
217965621
218031042
218040280
218054007
218243294
218289288
218451484
218570409
218586842
218704159
218879955
219005785
219076671
219212095
219294937
219404697
219505796
219609906
219640690
219656033
219819010
219865961
219880636
219906435
219980948
219991888
220022706
220067484
220088135
220482291
220575453
220675925
221181449
222182764
222332951
222555086
222589841
222632200
222777785
222789835
222905798
222909925
222987285
223057508
223158226
223264632
223345499
223439690
223472452
223525506
223556805
223590163
223627672
223630128
223668151
223737481
224024971
224075747
224118456
224177380
224181922
224545411
224548438
224548521
224686376
224862208
224879819
225079589
225146525
225253474
225321697
225343481
225532377
225575463
225667653
225755303
225757241
225885677
225927562
225998916
226162720
226279581
226343217
226640777
226688456
226959996
226982396
227096505
227586001
227587769
227614358
227661619
227749203
227895610
228012047
228059362
228121193
228360869
228379982
228431888
228532769
228679130
229089265
229096073
229111730
229198926
229232782
229345087
229435562
229455469
229632978
229647762
229649801
229717855
229876992
230018747
230049921
230116994
230279194
230288034
230510725
230670544
230679669
230837010
231426745
231484874
231522919
231590086
231606377
231692461
231848771
232018025
232042083
232056449
232172904
232371038
232476141
232629016
232872707
232898167
233011656
233165459
233372187
233508516
233641801
233663593
233805315
233807250
233814701
233833843
233890655
233908363
233985192
234033905
234078829
234114351
234138108
234335082
234376585
234441047
234668197
234806915
234848744
234900785
235299984
235420223
235430752
235577602
235699682
235845704
235919013
236013632
236196105
236344196
236365686
236366869
236377840
236543183
236557665
236585993
236591881
236613333
236672255
236686906
236723876
236724733
236887422
236925222
237037120
237374006
237411997
237745842
237794094
237815486
237970902
237978293
238100960
238411395
238430145
238572590
238688495
238864709
238929302
238934008
238944485
239059375
239072959
239317656
239363598
239446499
239895902
239915341
239962644
240006387
240266724
240280932
240282800
240295699
240510737
240853338
240894591
240950830
240977980
241074113
241083210
241195985
241224853
241325472
241335047
241360512
241418250
241431069
241518388
241555659
241649708
241662185
241723844
241749494
241786750
241799324
242105840
242220792
242245418
242368033
242459324
242594386
242839441
242848325
242912129
243099750
243309964
243324887
243329571
243823500
243852028
243964079
243967344
244070208
244092049
244105657
244215072
244299452
244354942
244670946
244879135
244935810
244990326
245024480
245057180
245076150
245162745
245390184
245582932
245779068
245789159
245853181
245857608
246194823
246226602
246312324
246385493
246393267
246452508
246492553
246499741
246586570
246651258
246720295
246859912
246895375
247066021
247213874
247629897
247780055
247794493
247880197
248132398
248213206
248219014
248320597
248426495
248578895
248608937
248816890
248872206
249106191
249205577
249480361
249515009
249656975
249680712
249933864
249948567
249949990
250003752
250035129
250196577
250379322
250438728
250452138
250586912
250873007
250983215
251054140
251390958
251405267
251509873
251552541
251850720
251854205
251940302
252143755
252157223
252163705
252351983
252409523
253028098
253030889
253113884
253175959
253201136
253269753
253586727
253692012
253783787
254049852
254089303
254143076
254144325
254285356
254313810
254417264
254445846
254746877
254805031
254929141
254959517
255034016
255217632
255227600
255240875
255309017
255376811
255562657
255701942
255782350
255936013
256330976
256430320
256505313
256661497
256700211
256781799
256789953
256816401
257050760
257072001
257074197
257342668
257471130
257517719
257519885
257678216
257695854
257712529
257775091
257790072
258081596
258109272
258255338
258273234
258315130
258336966
258668157
258972688
259272405
259314303
259354117
259551830
259649448
259671289
259705794
259829263
259859977
259893041
259893878
259911714
259939995
260010052
260144718
260212642
260310063
260377892
260385951
260762563
260939707
260941091
261001325
261037703
261073730
261081040
261142269
261216557
261247126
261247710
261430008
261465129
261617690
261951432
262077044
262258004
262345094
262554124
262608004
262682786
262770771
262847166
262958390
263071511
263112547
263201625
263465431
263550498
263703390
263842304
263938393
263967723
264028191
264040859
264416596
264592633
264662157
264782144
264794610
264807793
264887232
265005906
265085679
265136782
265148648
265681361
265845833
265934269
266010208
266045663
266050734
266230615
266302761
266317914
266604798
266901602
267106294
267174909
267318503
267412294
267729462
267760012
267806248
267883481
267889778
268003897
268034545
268078801
268145967
268192854
268257935
268371014
268502628
268805204
268835508
268858398
268978905
268979608
269254347
269293853
269519566
269533088
269572845
269791899
269928625
270040263
270261886
270287290
270621258
270692638
270702624
270937644
270989556
271213613
271308518
271403693
271688837
271737092
272424531
272440542
272623007
272726593
272761158
273050107
273056748
273075628
273111741
273182035
273192291
273244621
273310333
273417235
273651634
273699317
273808192
273813906
273916839
273981861
274403190
274478356
274829808
274912069
275212472
275292602
275322023
275326449
275354893
275467063
275542939
275604766
275733791
275811268
275894246
275925373
275960332
276057820
276093903
276126053
276196431
276361445
276608640
276719990
276821091
277159510
277222082
277225841
277240887
277646258
277723353
277795495
278044113
278215706
278328393
278440041
278571332
278610048
278806953
278837514
278909360
278935910
279075929
279364842
279378190
279468690
279469847
279690787
279946879
279978133
280001511
280263681
280328619
280394892
280415441
280523909
280580459
280609910
280614174
280637135
280787566
280799291
280972363
280991100
281001792
281027873
281189938
281320339
281472397
281707068
281858654
281916868
282046826
282209355
282220508
282267421
282389210
282439867
282520853
282580171
282630294
282682982
282690037
282729229
282787378
282899497
283085761
283282426
283334359
283353393
283488361
283525848
283576820
283676287
283691871
283709646
283878140
284150058
284296834
284297150
284388724
284571512
285282905
285379000
285414111
285458521
285576397
285690587
285699296
285739838
285825093
285842148
285877276
285889925
285956234
285958724
286086223
286101250
286211238
286245579
286360115
286431578
286458375
286494280
286596981
286652877
286659895
286808328
286812812
286889529
287001449
287285163
287307259
287405495
287822236
287913280
287938869
288408755
288418699
288610838
288675937
288813791
288815117
288879941
288914281
289036171
289069536
289090654
289222491
289223547
289271316
289344294
289363801
289397303
289663993
289837119
289897614
290092535
290109128
290154343
290206048
290325974
290348996
290368694
290572947
290674097
290683673
291202467
291406661
291417940
291462610
291695854
291727054
291873864
291885158
291892274
291995030
292121528
292210225
292266820
292286752
292320997
292556139
292581321
292823213
292979860
292980889
292986495
293009581
293074924
293196059
293318889
293325163
293905077
294077229
294192562
294269418
294570336
294635670
294703454
294718543
294765536
294916037
294946164
294974061
295084614
295325384
295477569
295508624
295574447
295700557
295775219
295927743
295980180
296167720
296242236
296322719
296390874
296526588
296723948
296782942
297161056
297246982
297412961
297658910
297715924
297834102
297863002
297943965
297960685
298000369
298029385
298056371
298139791
298166610
298230163
298335404
298343178
298558832
298825791
298852296
298894908
298923452
299022246
299096711
299138979
299210926
299315852
299389882
299685406
299713789
299772983
299951093
300224487
300408645
300687602
301189492
301201729
301236002
301241417
301636030
301879182
301901703
301928319
301975187
302159410
302225528
302243356
302251671
302354489
302365425
302382850
302581979
302596531
302617448
302633439
302917384
302943997
303002765
303131162
303134009
303148462
303208181
303330511
303400805
303545058
303552183
303604032
303606880
303624651
303740765
303800388
303848610
304134300
304411513
305009242
305130003
305256287
305294559
305303603
305351014
305507198
305528145
305543333
305644915
305711086
305746341
305838248
306236294
306441133
306708221
306771903
306999445
307037385
307051273
307163427
307183206
307209891
307528386
307557184
307706329
307749441
307759592
307794885
307809144
307987789
308034017
308056161
308406409
308468344
308676949
308679399
308687248
308770195
308803380
308966891
308980014
309113200
309205811
309367692
309630386
309973434
309983710
310018615
310157224
310218901
310228497
310236218
310516927
310585224
310586198
311176926
311296723
311331230
311397601
311417308
311437832
311535885
311542030
311542995
311723332
311890251
311899891
311953511
312094193
312160637
312165371
312679615
312747357
312788844
312815819
312827150
312879643
312937795
313127637
313283908
313299310
313341512
313407728
313423879
313631621
313755526
313840977
313904506
314014568
314091398
314647775
314995032
314997986
315056638
315307046
315511192
315516232
315654068
315701060
315791285
315857033
316006247
316252364
316361205
316367781
316422847
316458780
316476295
316524964
316856663
317172489
317182091
317445353
317606556
317640384
317697968
317802213
317856104
317970711
318278591
318519777
318519900
318538926
318544908
318741391
318899633
319028551
319163157
319184080
319351081
319611192
319874680
319898239
320061040
320095897
320197875
320363355
320370566
320730415
320785056
320787652
320791275
320828253
320833286
320944993
320977984
321111844
321250604
321269599
321410732
321472027
321529574
321685766
321714145
321779983
321784319
321997769
322007886
322059766
322321813
322367074
322671593
322676811
322832052
322896176
322951632
322972466
322984906
323050067
323060354
323073781
323372786
323467311
323491320
323548827
323599606
323693612
323824471
323832366
323890389
324165632
324401201
324470099
325025895
325057464
325117254
325146439
325211718
325241220
325633062
325688614
325900339
325927377
326003947
326268112
326494892
326582865
326656089
326684785
326693684
326719955
326842255
326970953
327084237
327114588
327240932
327390443
327469803
327504035
327535286
327547482
327709774
327797329
327868732
328066605
328081782
328164836
328170586
328195271
328231974
328401299
328512302
328619204
328785400
328785575
328892928
328942692
328946669
329003305
329070160
329186926
329283746
329311244
329377544
329494765
329621759
329627087
329654294
329720820
329761357
329776878
329793002
330081984
330132343
330132605
330192182
330296590
330347836
330362107
330428727
330509548
330753961
331014208
331088179
331088920
331218993
331441195
331622431
331637273
331859759
331897264
332025181
332160883
332343642
332484315
332493215
332530764
332538082
332581572
332898613
333045364
333073741
333160365
333174762
333310921
333538026
333540737
333568895
333572570
333657048
333670941
333678745
333816969
333920412
334018983
334374948
334425969
334459821
334710922
334899810
335030927
335487836
335807460
335877830
335880020
335886440
336011059
336012964
336093636
336099230
336101795
336105343
336111944
336138845
336266186
336281819
336447730
336577180
336619063
336629730
336697799
336957346
337193146
337199772
337232795
337308214
337419193
337477455
337706635
337789089
337806552
337828045
337929690
337953942
338047364
338119012
338128674
338169358
338267028
338485324
338543659
338553825
338556252
338709772
338752474
338874485
338926987
339055617
339173592
339176864
339185429
339242458
339289995
339347662
339615072
339639480
339694235
339789456
339944858
340058652
340163837
340267110
340620645
340923335
341128076
341178086
341182917
341434236
341553378
341605656
341616796
341700729
341740770
342035188
342036713
342088838
342097423
342173348
342339941
342375738
342376345
342462181
342586268
342611286
342616646
342650455
342956870
343034640
343131211
343134550
343166961
343185392
343341016
343358884
343561421
343638313
343703120
343707289
343842115
344008258
344146349
344247992
344319693
344341768
344393506
344398319
344453608
344840182
344885103
344938785
344975752
345025592
345129854
345167554
345168230
345371592
345535698
345580327
345620045
345735444
345845207
345927682
345947782
346207227
346210864
346303768
346401313
346824395
346829779
346834718
346883836
346988389
346999944
347016687
347035851
347083613
347117861
347223766
347271744
347449755
347573076
347973404
348105098
348397132
348423615
348523131
348583016
348662850
348814988
348860379
348986204
349111405
349153636
349161063
349218102
349438995
349655648
349899153
349987968
350089623
350102431
350275505
350359893
350362465
350785502
350810737
350823578
350920395
350947959
351121291
351204523
351315336
351519424
351550345
351582562
351799152
352038071
352121325
352202363
352535537
352590086
353246028
353324312
353485056
353624017
353684104
353715519
353821161
353864514
353871528
353903428
353922491
353932647
353982087
353995532
354060244
354115115
354162591
354173375
354344482
354484648
354513306
354515184
354608023
354674929
354720180
354749195
354801401
355036971
355065044
355099305
355313708
355437728
355465387
355581635
355639794
355662601
355919087
355942775
355983704
356055035
356097096
356365978
356711657
356762602
356834007
356867106
356882272
356946059
357013326
357065521
357137014
357239430
357273347
357541677
357550498
357552060
357816887
357865352
357935231
358179631
358307298
358383976
358688014
358692449
358749391
359023284
359203403
359263911
359380273
359444338
359592940
359598040
359669100
359683843
359708623
359801037
360026941
360059805
360303213
360440162
360545531
360557677
360631555
360863906
361006380
361101017
361172201
361369234
361443167
361447841
361545877
361739238
361801654
361888427
361893010
361928031
362165701
362203255
362224474
362226179
362492631
362590272
362614151
362675907
362860280
363278002
363380618
363387777
363473038
363520522
363555939
363708240
363853391
363907506
364206234
364610009
364663364
364787263
364828164
364842747
364846671
364933298
364937851
365111657
365148961
365177958
365411001
365417161
365468165
365489428
365674185
365729726
365922888
366047100
366216608
366553199
366747088
366917914
367079435
367092273
367217666
367277560
367393944
367738298
367921168
368060859
368140442
368147258
368193157
368270339
368386508
368990613
369056611
369176196
369197208
369344112
369449567
369587123
369658983
369744624
369988835
370014092
370025395
370058547
370141576
370276908
370333872
370411625
370449791
370552673
370581127
370687338
370704497
370746116
370962420
371106705
371266411
371323074
371407653
371605579
371848871
371995241
372135504
372153185
372283687
372342832
372386729
372401501
372627741
372667985
372714535
372845849
373090300
373151873
373185410
373483058
373500400
373522313
373548181
373678814
373711341
373789474
373880418
374068878
374251316
374291992
374375709
374438965
374561035
374639807
374723520
374744250
374770630
374891586
374900890
375117666
375146217
375322459
375347311
375467627
375668424
375868123
375881878
376009831
376288991
376410053
376517422
376532352
376579523
376781635
376788512
376954466
377395709
377459506
377606842
377654962
377702183
377799829
377826481
377836873
378093028
378142039
378210339
378244059
378321337
378330019
378584576
378618931
378627935
378810931
378861353
378968045
379038148
379110735
379191323
379311994
379419997
379450824
379833037
380086272
380175391
380178572
380533324
380707577
381149853
381152538
381265859
381282431
381417353
381571623
381638024
381849498
382409016
382409585
382540828
382802506
382948773
383011939
383092412
383122511
383359798
383469599
383508999
383603531
383648797
383956794
384029501
384561009
384595515
384606623
384614107
384621842
384637706
384710224
384719073
384763138
384788010
385067149
385279573
385379526
385468246
385538389
385932432
385985317
386137251
386145381
386169426
386259324
386288094
386516391
386587136
386755672
386780493
387089609
387312059
387400292
387401766
387436717
387481865
387598054
387773857
387803900
387862464
388065237
388097418
388246492
388324321
388459029
388464734
388465824
388481797
388641259
388928016
388958866
389334002
389382363
389437078
389547611
389641761
389741421
389922237
389983475
390110179
390279090
390602867
390965672
391130756
391131606
391161680
391291111
391295033
391415525
391484070
391552717
391591122
391703698
391832498
391933359
392012989
392025290
392048190
392333668
392368175
392404498
392503566
392689363
392711246
392717384
392770354
392775618
392827117
392860081
392860612
392930916
392941516
393085681
393582908
393590648
393679913
393708983
393836858
393890644
393916361
393916523
394118077
394137278
394148260
394244469
394245628
394299947
394372562
394702160
394738764
394779989
394839614
394872879
394875593
394908973
394940672
395102566
395167525
395371657
395494881
395582515
395781328
395799377
395823670
395980750
396073130
396206998
396323452
396440200
396446563
396639080
396640140
396680253
396818385
396826299
396871404
396897538
396924897
396988923
397157870
397585898
397685146
397986651
398131163
398276779
398624515
398660746
398780501
399031467
399053166
399068425
399097421
399122697
399180834
399215461
399312879
399337808
399344475
399454588
399626595
399821807
399864787
399920218
400068192
400152412
400256959
400291308
400450440
400663093
400827206
400971358
400983523
401091567
401279411
401391183
401477869
401555774
401655725
402071214
402072803
402646114
402724339
402925454
403062608
403108669
403188219
403219658
403235109
403294655
403375256
403395104
403396919
403420744
403617091
403744164
403868762
403991228
404003753
404126345
404296920
404454053
404498094
404721500
404757393
404794514
404999354
405022567
405049225
405101197
405198235
405449653
405590041
405646227
405696342
405849398
405947697
405990893
406193952
406205148
406332187
406514855
406578376
406773769
406877757
406962063
407118536
407386247
407463591
407484061
407832658
407876227
407879643
407883088
407983544
408069125
408172234
408362381
408368598
408452227
408471486
408786915
408916242
408967193
409170574
409344429
409393740
409411165
409527811
409545439
409570449
409814577
409826264
410045813
410337174
410390115
410554415
410746976
410748409
410833748
410875214
410950355
411116721
411219987
411307923
411365614
411573127
411575480
411716799
411865580
411996600
412018541
412063438
412168533
412175982
412204089
412294541
412375854
412731518
412814516
412965273
413001360
413027446
413343023
413356431
413390377
413391941
413456344
413524855
413525524
413541694
413989377
414002078
414020785
414361432
414375573
414406519
414453319
414500048
414753382
414934248
414985343
415089001
415196369
415647132
415670722
415833128
415909534
416011247
416059489
416061583
416164969
416175561
416239547
416295835
416333484
416334627
416361924
416503374
416701542
416943216
417098660
417157285
417188323
417267753
417393945
417429331
417465140
417582972
417590060
417721509
417782925
417821276
418124303
418403438
418612602
418639104
418667219
418719815
418918017
418922930
419194952
419204649
419538693
419599659
419913708
420028176
420174210
420245326
420314155
420444722
420517381
420615390
420802101
420818026
420976728
421021746
421167516
421168011
421224702
421261059
421488691
421497105
421647877
421938670
422043860
422056677
422111181
422208628
422384712
422431608
422665571
422687800
422857001
422869121
422975653
423206212
423224436
423240673
423336988
423395878
423505172
423590698
423840369
423853287
423904940
424217972
424306795
424418651
424517543
424657572
424692165
424913008
424965197
424980225
424996356
425215179
425327427
425440349
425517631
425555319
425884349
425989256
426102050
426227691
426227850
426245586
426324284
426478207
426624908
426664132
426886938
426934301
426998928
427087137
427141510
427154469
427208747
427221485
427292818
427299444
427322703
427457471
427470346
427477377
427510948
427665508
427866300
427928241
427966163
428057657
428123722
428360425
428468244
428602462
428858845
429179506
429293512
429312599
429362106
429386638
429497251
429503097
429543959
429611947
429620520
429683969
429889473
429979437
430193282
430283644
430351576
430393197
430416856
430540474
430559412
430578490
430716820
430864566
430904774
430920866
430927884
431042180
431048539
431059210
431072955
431155644
431529939
431590524
431596064
431699162
431739338
431797098
432051008
432086960
432113173
432224626
432249013
432405770
432547954
432583121
432617816
432838241
432854031
432963976
432981276
433092425
433121138
433259793
433290104
433373279
433497258
433558929
434082446
434328810
434570339
434612974
434997350
435024219
435205269
435233033
435414212
435446722
435509394
435899847
435909567
435948862
436095069
436316720
436334016
436369240
436385026
436427217
436506272
436512474
436603313
436863302
436945428
437087042
437101357
437137755
437280016
437360522
437437206
437500055
437518178
437521940
437912641
437946181
437951412
437958724
437978226
437985238
438051267
438058346
438059905
438066450
438236348
438260629
438291887
438307845
438310264
438428681
438519944
438615560
438654661
438722556
438775101
438868415
439014594
439068939
439072909
439246156
439273751
439338336
439370246
439409257
439423387
439474180
439536764
439543164
439651249
439760075
439868370
439888302
440008148
440136454
440200419
440200727
440257732
440280391
440357905
440511916
440683600
440911994
440975354
441138698
441300036
441334469
441358463
441449050
441681636
441723380
441725331
441813028
441827517
442004407
442020967
442148069
442152559
442171366
442396405
442456914
442561834
442630417
442681000
442706300
442721663
442794773
442822421
442841139
442970415
443098983
443199364
443413188
443425041
443484558
443510261
443513103
443586095
443702260
443815948
443894234
443898760
444006891
444186732
444447656
444585419
444652333
444864725
444896119
445199543
445210198
445514687
445618620
445630250
445821580
445846358
445870614
446024282
446121547
446245459
446265497
446376461
446433820
446463982
446572094
446679401
446784610
446882603
446925368
446974629
447099248
447104539
447148815
447216936
447270484
447452616
447567117
447582485
447808159
448010250
448318570
448496480
448506945
448621808
448729385
448801391
448963731
449028372
449033487
449387411
449427549
449951061
449969082
449988856
450042636
450074349
450198263
450255283
450354208
450447647
450449895
450496047
450609212
450766849
450768186
451127308
451148010
451318224
451361484
451541605
451550498
451780861
451825452
451826704
451858644
451868805
451976437
452146738
452180756
452489787
452560635
452863990
453244701
453249147
453304827
453376287
453473909
453642320
453643410
453666809
453909706
453924037
453960953
453961942
453963254
454068088
454153762
454208006
454278921
454342562
454397950
454510852
454591958
455013275
455066738
455076583
455375599
455516778
455597660
455671462
455823359
455929594
455980531
456092147
456224445
456454270
456504737
456604982
456737190
456740194
456870537
456982774
457072682
457166675
457195485
457256670
457262364
457501831
457542343
457597190
457794628
457885712
457929984
458016413
458020053
458023280
458118597
458124547
458129110
458225506
458254170
458302319
458328892
458513588
458553418
458655596
458672589
458682058
458803999
458826494
458965489
459034192
459161402
459353880
459456103
459582616
459769795
459804613
459876854
459899262
460019736
460056466
460088276
460242788
460382960
460395686
460434435
460548979
460594076
460687872
460779273
460984512
461045742
461074780
461091018
461172696
461330218
461562345
461630005
461689783
461715080
461720123
461873145
462255481
462359224
462610280
462682998
462743180
462788512
462864487
463057034
463071667
463132204
463145554
463441985
463498756
463660973
463678855
463690566
463691952
463723618
463773062
463813381
463856193
463879522
463927017
463950567
464002367
464042173
464057346
464088887
464109209
464113279
464121713
464128798
464156482
464212709
464510021
464601009
464619266
464682854
464894315
464909122
464953006
465022120
465124890
465192742
465523469
465549415
465610904
465681706
465715172
465971042
466214182
466264822
466294159
466446056
466551307
466592048
466693105
466693379
466748253
466822199
466830066
466842948
466909362
467124482
467211607
467313322
467412368
467428084
467432970
467650101
467807593
467875559
467956262
467957100
468019326
468020218
468340814
468644764
468876896
468896671
468953769
469002695
469069128
469106014
469344552
469528051
469782262
469853079
469885724
470038811
470067187
470116357
470155539
470252936
470268147
470372255
470737469
470769934
470818129
470818722
470835564
470934532
470937806
470939733
471060824
471129125
471220678
471319261
471343173
471510967
471597985
471606947
471680445
471921988
472005760
472057748
472089284
472157709
472235332
472277623
472316340
472354675
472456184
472865296
472908098
472928453
473189903
473323221
473365049
473395440
473552458
473591984
473786547
473986332
474087993
474152753
474260583
474277480
474299486
474318532
474621155
474645008
474685254
474697948
474710926
474764120
474811761
474939167
475047836
475067196
475217261
475447641
475515738
475604600
475637159
475675942
475735622
475849134
476075791
476426533
476439866
476444103
476478338
476704151
476855604
476877792
477626451
477728892
477745196
477773107
477929171
478031085
478288615
478352585
478401732
478452765
478570621
478630661
478667295
478708206
478708475
478855488
478926329
479024973
479062914
479273829
479498888
479504073
479754668
480006928
480060789
480131354
480138733
480286539
480329833
480483544
480788437
480921317
480937181
481153730
481305773
481384959
481429343
481501946
481533891
481537912
481643242
482028260
482288288
482304597
482408732
482448425
482486750
482510675
482565293
482586320
482620650
482768073
482797595
482813218
482942771
482946933
482978403
482986619
483064915
483107756
483122279
483250120
483365144
483393890
483402172
483508534
483516178
483576988
483775199
483952062
484150067
484444714
484546703
484551505
484941646
485370775
485429306
485486302
485607776
485655354
485657205
485741290
485861167
485980393
486080112
486226173
486257469
486346082
486546453
486687508
486770032
486900104
486974842
487311263
487371607
487408568
487593108
487642457
487655459
487728942
487815806
487993270
488138771
488206234
488289288
488432910
488786059
488795627
488830638
488901660
489075383
489272227
489505933
489537417
489590974
489816073
489820217
490061676
490348239
490373403
490452357
490491284
490833001
490865427
490910687
490913548
490934434
490942317
490965445
490967320
491032279
491140745
491329922
491443927
491482938
491587258
491612578
491655183
491665052
491816856
492088972
492491897
492568211
492597551
492597571
492598292
492634547
492643628
492756703
492802510
492804589
492820522
492870243
493074623
493133137
493168540
493327481
493371062
493441539
493459485
493855782
493910740
493979959
494014914
494089703
494117827
494216493
494280517
494331921
494342786
494353811
494407738
494471953
494563729
494642532
494725289
494770236
494837601
494869403
494998171
495162841
495243321
495285737
495309310
495323798
495906465
496070428
496089564
496268154
496352165
496365167
496380712
496460699
496516424
496547165
496617114
496721187
496766163
496816681
496837448
497035498
497123564
497204924
497283259
497397218
497399257
497413069
497597836
497820974
497881091
497920190
497935628
497950808
497956548
498100841
498132031
498188150
498195257
498199459
498260432
498269653
498325246
498461016
498710427
498758992
498895452
498903830
498961776
499129635
499159349
499336070
499410304
499715534
499815242
499994361
500099737
500385651
500413440
500500710
500582141
500703175
500713285
500803366
501041118
501055171
501421528
501578305
501682659
501696807
501732540
502006901
502199737
502332031
502371581
502400026
502416632
502531167
502894481
502994672
503076240
503121372
503154782
503333216
503360003
503407769
503459087
503480947
503639775
503698189
503839558
503963805
504227373
504374565
504398366
504444761
504592997
504731773
504907927
505021874
505069440
505092415
505135972
505166970
505227369
505252731
505359108
505471619
505532426
505579505
505940921
505968998
506008715
506089086
506206114
506310037
506344488
506401548
506421278
506423461
506481754
506486389
506617214
506634516
506692228
507035490
507067049
507146176
507197094
507212332
507223993
507391300
507463278
507736232
507894183
507929181
508025991
508048565
508411731
508432468
508522230
508616026
508726243
508800419
508873592
508983359
509087136
509237581
509377373
509413847
509437561
509516468
509578853
509624939
509818793
509825873
509883595
509950789
510133715
510216110
510270646
510499168
510578491
510989126
511133351
511307699
511400833
511496036
511567951
511678155
511698592
511727326
511784247
511899592
512073123
512180354
512232322
512427000
512492327
512835807
512838548
513089861
513209423
513321095
513347002
513360493
513383474
513433433
513468672
513624005
513987859
514004171
514030820
514101636
514313754
514403476
514615571
514645584
514776995
514796655
514905763
515017210
515178147
515198573
515382403
515420006
515430794
515441276
515923979
515958420
516010154
516029482
516110420
516257958
516352514
516369550
516521040
516623075
516629381
516654479
516683426
516864608
517167813
517236177
517260406
517419339
517431637
517506607
517569211
517873922
517903816
517971048
518207692
518220766
518368301
518375557
518458295
518489652
518532462
518574230
518692869
518760915
518816285
518883348
519121320
519187623
519204964
519218460
519290997
519659298
519737061
519753717
519807494
519907972
519954625
519977141
520125608
520328028
520329579
520512221
520523489
520540500
520631653
520646448
520906325
520934665
521163627
521376110
521498265
521556880
521572205
521955438
522146888
522219231
522281933
522346986
522447797
522515250
522578568
522589255
522593869
522732540
523152553
523183460
523184073
523287747
523293523
523322762
523368555
523754896
523778436
523963128
524060246
524073406
524092901
524204754
524238334
524305437
524309389
524331444
524378637
524434685
524562476
524904407
525147020
525149609
525291088
525856593
525921423
525993043
525999740
526035125
526129986
526220113
526238321
526789452
527176281
527178249
527218903
527228913
527674787
527705773
527718145
527732440
527799596
527828525
527839245
527880222
527910048
528150429
528164087
528186944
528302004
528424323
528425927
528474929
528541668
528822373
528993812
529121517
529136487
529302407
529318722
529515786
529553126
529635521
529642825
529764785
529769432
529868148
529880708
530027064
530113031
530150160
530226188
530365419
530492511
530557215
530697566
530723026
530820688
530825332
531084992
531153345
531157440
531163486
531255886
531424149
531467024
531531361
531604295
531862250
531885454
531930876
532258611
532269651
532435988
532623562
532810720
532829243
532913098
533092075
533248767
533287183
533401612
533530452
533674187
533794825
533932465
534121048
534187230
534188637
534304949
534340890
534361512
534401234
534696380
535152727
535287082
535332396
535410391
535541141
535595917
535655444
535709042
535770345
535904769
535958885
536010180
536133849
536200116
536241697
536295950
536346517
536439627
536564166
536611952
536691717
536703524
536732394
536801425
536844179
536895983
537223548
537325241
537371165
537520710
537576971
537924373
537948169
538007321
538151167
538309002
538606271
538791359
538864623
538887372
539118041
539254885
539282882
539353172
539376557
539510288
539660644
539917269
539954805
540052304
540076675
540100944
540600613
540601337
540658666
540772371
540875192
540989648
541039389
541159993
541165930
541229199
541233722
541265553
541600160
541776736
541787679
542080520
542196481
542216498
542335005
542601677
542649456
542755435
542798463
542813123
542876961
542935731
543021721
543098677
543113948
543669940
543723296
543777383
543904863
544380560
544393783
544464049
544540321
544563456
544640051
544640675
544645318
544651290
544856561
544893408
544921258
544926860
544969093
545088886
545123442
545204215
545231772
545550884
545576818
545617345
545671081
545732984
545743066
545782905
545894616
546206809
546447057
546605376
546933442
546949007
547346466
547641128
547689292
547852529
548034396
548203169
548563686
548665297
548672390
548813300
548919675
548923437
549338614
549436915
549520440
549539598
549571858
549715979
549720800
550004744
550009677
550023989
550027004
550221124
550222090
550659579
550866145
551155901
551297225
551367856
551373129
551660211
551944220
552013042
552171672
552278066
552295348
552297143
552337822
552569826
552681526
552816610
553015405
553119363
553188615
553317612
553363335
553384295
553409920
553439508
553439871
553499102
553539837
553647315
553771802
553793866
553824831
553882024
554057112
554069408
554085437
554161035
554196703
554366094
554411294
554439040
554454841
554509877
554532485
554878195
555043958
555045224
555309732
555385729
555450469
555529246
555643122
555668231
555685146
555987977
556057439
556195717
556300154
556324489
556326415
556417510
556696071
556699641
556839614
557000486
557113746
557162564
557222557
557225799
557393493
557408929
557455409
557609167
557623141
557805444
557868710
558551640
558581956
558733864
558822092
558859366
558932558
559033915
559237303
559390736
559409901
559677456
559689125
559723447
559739352
559759599
559804643
559937869
559953562
560053591
560273214
560294324
560547597
560580573
560634191
560665077
560691311
560722483
560746197
560822750
560927685
560968510
560992679
561101764
561520164
561630417
561718506
561869120
561881070
562078728
562105919
562108834
562139325
562243713
562354481
562363653
562427569
562481916
562491978
562522335
562714706
562836327
562873610
562943525
563062676
563156009
563408853
563435475
563504949
563533998
563562164
563577303
563638359
563650713
563793526
563811934
563838452
563994926
564210125
564611781
564683367
564778679
564789411
564794118
564849704
565167465
565236360
565241190
565302561
565544791
565578601
565670336
565743726
565938957
566001061
566028299
566098453
566134194
566144688
566152419
566352148
566359183
566359275
566463607
566642824
566700870
566863758
566997030
567248658
567342635
567442976
567499830
567792615
567823996
567900985
567959594
567987734
568155497
568316314
568388156
568798974
568827553
568875834
568890536
569222838
569546523
569746578
569770466
569908367
570007832
570127019
570294072
570425637
570431667
570515905
570529023
570683448
570721752
570830662
571074289
571136087
571261124
571443888
571533776
571606807
571635794
571724837
571779426
571787985
571803532
572109092
572225859
572370578
572405213
572470681
572564940
572794784
572917262
572982576
573034276
573184265
573235015
573314972
573369473
573584046
573642367
573666655
573676413
573775151
573806996
573888827
573990886
574173106
574253878
574303304
574372474
574435769
574737434
574802468
575047577
575142381
575237023
575323100
575366155
575492997
575505285
575586691
575595372
575687683
575719184
575938133
576054503
576148397
576207825
576418985
576740066
576784905
576900069
576932016
577047226
577196530
577277277
577365363
577556353
577600847
577624142
577792026
577938964
578130605
578152330
578364608
578692868
578701670
578899501
578941462
579073033
579223416
579377302
579469447
579511408
579578923
579670878
579692653
579871087
579914781
580046318
580083241
580087700
580107606
580216917
580300000
580302764
580386361
580475775
580543640
580634583
580678806
580906237
581046999
581148499
581193979
581374750
581379564
581547117
581574867
581596464
581606904
581622464
581682621
581707784
581826980
582124626
582128229
582147112
582158483
582220162
582268998
582271318
582332030
582460952
582936551
583005508
583107561
583207651
583716403
583771622
583917391
583983623
584206745
584227838
584319037
584351372
584580486
584663293
584704616
585025831
585911160
586017440
586262469
586316359
586318485
586357959
586727239
586902912
586962051
587069639
587119503
587119609
587122900
587295854
587403571
587500416
587621011
587688107
587803307
587922583
587998398
588193775
588276843
588300029
588431640
588514796
588535755
588631521
589149475
589265361
589276470
589568215
589765833
589774752
589852558
589955119
590026533
590149468
590218139
590424102
590551674
590625655
590666965
590782215
590970757
590971064
591105697
591133886
591161944
591264296
591281532
591306425
591335386
591364606
591459831
591561842
591712179
591716242
591778488
591824874
591869847
591947161
592019586
592061748
592106782
592179813
592251622
592330417
592429612
592689911
592721428
592776085
592799157
592855707
592916249
592975465
593020542
593034956
593181610
593231080
593245956
593292886
593441058
593468040
593491078
593672498
593691637
593864748
593926284
593964306
593971119
594008521
594148077
594219277
594304635
594315111
594323250
594355576
594457887
594628667
594671854
594958477
595084496
595435116
595453786
595466419
595661032
595665245
595822689
596110103
596119368
596132456
596577893
596589716
596615352
596615621
596934618
597016251
597026926
597260501
597419183
597593063
597609250
597843057
597960143
597984324
598123209
598290470
598360979
598522817
598581876
598650256
598661504
598779113
599346764
599515891
599589764
599885010
600188466
600238574
600503616
600619491
600637852
600773937
600780409
600957320
601105129
601119878
601133003
601215026
601230263
601529880
601611024
601786058
601908937
601978504
602094163
602126692
602156583
602612433
602627769
602653421
602656765
602685254
602695516
602713307
602898839
603031979
603389155
603391370
603396007
603523016
603527471
603626978
603670157
603772764
603786946
603813656
603877604
603946413
604068721
604135450
604330856
604334723
604379114
604706124
604715068
604720710
604751288
604786831
604822334
604900125
604981983
605063688
605065533
605072830
605165365
605464309
605483842
605610099
605633847
605644342
605697763
605773445
605788886
605871805
605907851
605932421
605960901
606071818
606098497
606363125
606378453
606431649
606730688
606742823
606836533
606926736
606929708
606943315
606989429
607159273
607230181
607271697
607289869
607479618
607648287
607747805
607821429
607918648
607977195
608202337
608369183
608374543
608408863
608444790
608563514
608739437
608748697
608875235
608913708
608952246
609410049
609492761
609498360
609617228
609679655
609713268
609785704
609796708
609804698
609984460
610004469
610311117
610341138
610442864
610620165
610753040
610784467
610798658
610915329
610976911
610987580
611030624
611074433
611130658
611148349
611272859
611409903
611424095
611506708
611532319
611592403
611601638
611812751
611957389
612264389
612324777
612505486
612564019
612594509
612892663
612916841
612960710
613177598
613340351
613342051
613414189
613443085
613773516
613785096
613788393
613822197
613866172
613871798
613958617
614106496
614139900
614276172
614284393
614334142
614393421
614550208
614745570
614945651
614976781
614995916
614998855
615151059
615183911
615235224
615352645
615429076
615463087
615476183
615504777
615618423
615694370
615758835
615831866
615834846
615992449
616081555
616140413
616284061
616369584
616529057
616621789
616756847
616782444
616910710
616944797
616994416
617021659
617280860
617336509
617553096
617761085
617786225
617793999
617907102
617913978
618036059
618037685
618180651
618197478
618274100
618314837
618649981
618792144
618838986
618875600
619003424
619272910
619299327
619546491
619693821
619722122
619787478
619830710
619955072
619995524
620047075
620120470
620121361
620334976
620375903
620401646
620489587
620509997
620655142
620815665
620970496
621004881
621257567
621352689
621497838
621558414
621563313
621571683
621637218
621765617
621773425
621853164
621867757
621918146
622125579
622285156
622294099
622377622
622585648
622611501
622697786
622732774
622734037
622747589
622916230
623206220
623528201
623547602
623729577
623807911
623861544
623963425
624074809
624087161
624369166
624779824
624780042
624994175
625001876
625215440
625508871
625687831
625771605
626031433
626324532
626489718
626557845
626617288
626663655
626756071
626833560
626931239
626998289
627321867
627508127
627542121
627622894
627645065
627706716
627761786
627779364
627837599
627849943
628046409
628151944
628157075
628214528
628250785
628354512
628360661
628394255
628586503
628586558
628657095
628816593
628861411
629080804
629111857
629114737
629182581
629288521
629603137
629862362
630169262
630275433
630362987
630418360
630644741
630781013
630818670
631051410
631088945
631108277
631113658
631264064
631309854
631438159
631489611
631574090
631723550
631838446
632047001
632058586
632062500
632122370
632368137
632491500
632580884
632669814
632707932
632725901
632745552
632797186
632897887
632931650
633035048
633195139
633205957
633342581
633491883
633759848
633897531
633902890
633923987
634048066
634111952
634208963
634230090
634297058
634361769
634392948
634542615
634614040
634667584
634735154
634888387
635149657
635211686
635221903
635335889
635347415
635479747
635581486
635669790
635711935
635712586
635725906
635795367
635837223
635898299
635899644
635948538
636093137
636179837
636180958
636268818
636385024
636421339
636819103
636844952
636965308
636996982
637179800
637226031
637288447
637381795
637389882
637416442
637532713
637593430
637618694
637697247
637712885
637963757
638136481
638216277
638237380
638268549
638415473
638423241
638431187
638505997
638510268
638530401
638540901
638686208
638964810
639072039
639172341
639189855
639367590
639469205
639511447
639585258
639670246
639906295
639922943
640036173
640079007
640196905
640221531
640378103
640403148
640704072
640762076
640781275
641014962
641018878
641085714
641430257
641524881
641566869
641613173
641749962
641837334
641937814
641950142
641980436
642017456
642076338
642082950
642154015
642201176
642454267
642498498
642784821
642827271
642841438
642876898
642927111
642955440
643028541
643257386
643454238
643481779
643640162
643722186
643738666
643903463
643933546
643968449
644393599
644667752
644746612
644922727
645091322
645123841
645132877
645167864
645285543
645414664
645483274
645534760
645671459
645757090
645777876
645833137
645835113
645862010
645948323
645968730
646276576
646333692
646339036
646370597
646414094
646496871
646617090
646644193
646795224
646850048
646902790
646987569
647110979
647143146
647235300
647354150
647414972
647538322
647557805
647760806
647772622
647816157
648049599
648156996
648225064
648266591
648294593
648327089
648609493
648764632
648876416
648911187
649195147
649596605
649625850
649647797
649716159
649753755
649780444
649841944
649910936
649986357
650033343
650169368
650169819
650251030
650325260
650351319
650527443
650694671
650795586
650933672
651430939
651606093
651614428
651725578
651755106
651810348
651864127
651886704
651950036
651957019
652268821
652329333
652425362
652437473
652564641
653159769
653245774
653410625
653449621
653460843
653627027
653740646
653759393
653955948
654089732
654293639
654311890
654443729
654456773
654548251
654599789
654634059
654727490
654751480
654782061
654784104
655198324
655204673
655333504
655572223
655679729
655742146
655766537
655802299
655922906
655966380
656048281
656090715
656307802
656395465
656532644
656557049
656613907
656915386
657369445
657430774
657487966
657619906
657722978
658049286
658113130
658294881
658316568
658383158
658433133
658514808
658714111
658869220
658881534
659097269
659156625
659181430
659417384
659436643
659476064
659661270
659665203
659723121
659723954
659769361
660076652
660166995
660205193
660207022
660228053
660240252
660499875
660503470
660762654
660839246
660844530
660968732
661129564
661187452
661483000
661648344
661650322
661955315
662259123
662555935
662582919
662621438
662642981
662706645
662787884
662965233
662976024
663014724
663037026
663084067
663175237
663220971
663294501
663297909
663336337
663672802
663699415
663783840
663804311
663835979
663886109
663921589
663971961
664089497
664292445
664379263
664425083
664568980
664616418
664831902
664865424
664876066
664924809
665169297
665218767
665331760
665428637
665458231
665536979
665539747
665576350
665642774
665686983
665858110
665987910
666034709
666047514
666096717
666107073
666207330
666210416
666518485
666533769
666574067
666592367
666828021
666972900
666983404
667045778
667311103
667329402
667381831
667386533
667410385
667577899
667675843
667737059
667738080
667885116
668113459
668168203
668229280
668414548
668582108
668764375
668823724
668833048
668934301
668967040
669001997
669376040
669497536
669778854
669786787
669863737
669928325
669932091
669957542
670020233
670176798
670441343
670717999
670768068
670823274
670935235
670992936
670994188
671190142
671284819
671303153
671303558
671342752
671461498
671559402
671614756
671739910
671762298
671803251
671845583
672130053
672184580
672249017
672263914
672311120
672432478
672484004
672502517
672566108
672591404
672873559
672907427
672915880
673080519
673221726
673414544
673431715
673619488
673733958
673894904
674087089
674301832
674356180
674590445
674673984
674738096
674838079
674937676
675074131
675074577
675163133
675219109
675223763
675297877
675413221
675551575
675571862
675578824
675897215
676020053
676176783
676282144
676326791
676426023
676495876
676576894
676615604
676715975
677036699
677198546
677364703
677386150
677447726
677507209
677510874
677724558
677864471
677885575
678015851
678216877
678242548
678383004
678406544
678561992
678691392
678905791
679014794
679041853
679207457
679211260
679442680
679444084
679490032
679793044
679824212
679843349
680032090
680083568
680321662
680328961
680525006
680604771
680693242
680740671
680740796
680867660
680885355
680948666
681013210
681264637
681624900
681835913
681893889
681985892
682029750
682111695
682204592
682287055
682349266
682850875
682878776
682993049
683269534
683376778
683541262
683707170
683792730
684005219
684222880
684344180
684379844
684413637
684431163
684626337
685034919
685107067
685122768
685190699
685230465
685233534
685632017
685730681
685873812
686005434
686031127
686037941
686048467
686090909
686092438
686121752
686164012
686201375
686389827
686729190
686858107
687001048
687062343
687068236
687222375
687224568
687270734
687299793
687409066
688215401
688264348
688299047
688305706
688357801
688489055
688630024
688693165
688860260
689020506
689242984
689256296
689316778
689439555
689481502
689521880
689529918
689546990
689579257
689629093
689798079
689847872
689856237
690027388
690072938
690128652
690150443
690333975
690393197
690414157
690565777
690612640
690730674
690805137
690816348
691016902
691063193
691330701
691374818
691391855
691458225
691624432
691628069
691755064
691771907
691942579
691979009
692214416
692221335
692230303
692346944
692386154
692458465
692458759
692490813
692551435
692635124
692680250
692854626
692889157
693000223
693061687
693078707
693283466
693327060
693346426
693410660
693628568
693759070
693793645
693837380
693906587
694208999
694273005
694478550
694500583
694533711
694685865
694740127
694830380
694911859
694917393
695203255
695283323
695325784
695354146
695360434
695692476
695766174
695936332
696322308
696368812
696385940
696386142
696403802
696428581
696453245
696472468
696746754
696806818
696857066
697189201
697195234
697228503
697650568
697676280
698041642
698237293
698306569
698484954
698558690
698913275
698928740
698945430
698951641
698983087
699141427
699230405
699469532
699481710
699564116
699568055
699641186
699711381
699745998
699752062
699820965
699908579
699978391
700031343
700301698
700378020
700402796
700433371
700461587
700639541
700705280
700827001
700932322
700971526
701149333
701372468
701490680
701494069
701523735
701540439
701608369
701691245
701790395
701867635
702077688
702302990
702360237
702703390
702747798
702778134
702808179
702825649
702861642
702879546
702913568
703093720
703143127
703365756
703371977
703432222
703444438
703489966
703534736
703828291
704102629
704201447
704209450
704287485
704419170
704485320
704674635
704986161
705307837
705502086
705506790
705583898
705924642
705939874
705947874
705948871
706005531
706022109
706141333
706166841
706338949
706717274
706922042
707133393
707181562
707207534
707246692
707265211
707288315
707308582
707318619
707420387
707464478
707877177
707880656
707999023
708192991
708327799
708348045
708387264
708406879
708570458
708584871
708631747
708739327
708868332
708895929
708925008
708928890
708971907
709042732
709202321
709367892
709413925
709498185
709577378
709762769
709776314
709793140
710360165
710493579
710570126
710581547
710692341
710839740
710875502
710896422
711083264
711143560
711319110
711457895
711480819
711575308
711912956
711941461
712084333
712098999
712182452
712281418
712335591
712359335
712712141
712960904
713276937
713465638
713525978
713557670
713594195
713616381
713643328
713746364
714053088
714138994
714175566
714280331
714299189
714336779
714337086
714468841
714686072
714761150
715105080
715187276
715252477
715354030
715499990
715519292
715610493
715637567
715689254
715828820
715974923
716007941
716061347
716167713
716255462
716313072
716623136
716889864
716915753
717143534
717227934
717334947
717448758
717598963
717750232
717867690
718048653
718448179
718849472
718862520
719009237
719297728
719358291
719593334
719673149
719710092
719934494
719964390
720078122
720158341
720325168
720495012
720512859
720542908
720654670
720774744
720939922
721251427
721319806
721347315
721379960
721461159
721474453
721496780
721597404
721662643
721674066
721711552
721923692
721967356
721975283
722049599
722219199
722273876
722343894
722494600
722502674
722566131
722738596
722877216
722904152
723038650
723283497
723367232
723435275
723486793
723576481
723674807
723743177
723801880
723862704
723931893
724132743
724144186
724208016
724231029
724305485
724327025
724562792
724685243
724740766
724886431
724969465
724991564
725005586
725131896
725138011
725170772
725278935
725296660
725339726
725405359
725405869
725539310
725660741
725759810
725789051
725849320
725853564
725912161
725947698
726020201
726157671
726201745
726237889
726239033
726343459
726812707
726905719
726999406
727001660
727375823
727437328
727482576
727620503
727655060
727885864
727898557
728017878
728240501
728246705
728273305
728283296
728333123
728430449
728452846
728693806
728796137
728973461
729102371
729211110
729213360
729350801
729447498
729594466
729785506
730004921
730172698
730193726
730208310
730362655
730397166
730517625
730544331
730565489
730636711
730891006
730928272
731105721
731151422
731188222
731279027
731302079
731309582
731360872
731498408
731811476
731855680
731961710
732068410
732358266
732424921
732572450
732819403
732820745
732851276
732902682
732952780
733350191
733598396
733712789
733751819
733902888
734097733
734117195
734239964
734276504
734315035
734328431
734418250
734470837
734683142
734779019
734970760
735034420
735052446
735347146
735492123
735552951
735662059
735926502
735927415
736055846
736090031
736121155
736184811
736445523
736539879
736723220
736918210
737045937
737055393
737055459
737379306
737381313
737574232
737588797
737599064
737734818
737792930
737886599
737928133
738051195
738112570
738239549
738396433
738483778
738661012
738683482
738727445
738779223
738821883
738853612
738916144
739025348
739047244
739051862
739108093
739568579
739676492
739852667
740099467
740127350
740136131
740255625
740458212
740564580
740579108
740591897
740607027
740852220
741010258
741420956
741466918
741481366
741641192
741850814
741954866
741964560
742285348
742390603
742401382
742486572
742569439
742573102
742659878
742812562
742920690
742990683
743006050
743113298
743249680
743359448
743390118
743483927
743540820
743710765
743738076
743814665
743908247
743929926
744048569
744413821
744740462
744891084
745028146
745036259
745204242
745260380
745530918
745659931
745696406
745773050
745825822
745912384
745955367
745971692
746109633
746115311
746176212
746256724
746291175
746424672
746436158
746458113
746475374
746581750
746645999
746828606
746839018
746934102
746966502
747127806
747155470
747283522
747494975
747598775
747838299
747911569
747948971
748004107
748138359
748211935
748376127
748420342
748451547
748457793
748500485
748621816
748685274
748755358
748872203
749063012
749074272
749139790
749157520
749237360
749272973
749501386
749514024
749590603
749650473
749651259
749770755
749849721
750008466
750158267
750199002
750255374
750492756
750568936
750584960
750637753
750661319
750680739
750692250
750840742
750970294
751020539
751051208
751054636
751081192
751125927
751160138
751309301
751440509
751477500
751501779
751640045
751686758
751760342
751833952
751834108
751953725
751960429
751963584
751976478
752084230
752182919
752195579
752242636
752386379
752475519
752671853
752711345
752723976
752777100
752801362
752832567
752868524
752884626
753063910
753098072
753198663
753415531
753468380
753586220
753775076
753893052
753923091
753945027
754014722
754026305
754062311
754095964
754182602
754326590
754366001
754391678
754450388
754616109
754842533
754998538
755012346
755172935
755260406
755347103
755450871
755736380
755819642
755965569
755971547
756140409
756153300
756160640
756174186
756257528
756333954
756472612
756547538
756750636
756837780
756931750
757028942
757039074
757050423
757100189
757120334
757219192
757222443
757307055
757324072
757375654
757800383
757802141
757804812
758007704
758137600
758167692
758579640
758668050
758880689
758908093
759076474
759136153
759499136
759509273
759531438
759542995
759680446
759778529
759834241
759917664
759935529
760114853
760407151
760417521
760569125
760577078
760668578
760680487
760681195
760773798
760830202
760886883
760972271
760980878
761204838
761384945
761415703
761424449
761501220
761621619
761642226
761697836
761891092
761917417
762071002
762137763
762181895
762223061
762286340
762516091
762832128
763099378
763219163
763281910
763282631
763325973
763341593
763344209
763351816
763571677
763868068
764401504
764412494
764677767
764760247
764854981
764927653
764963223
765254249
765575363
765629563
765903930
765922916
766084707
766119422
766196178
766350588
766981443
767205056
767471224
767625840
767749357
767774146
768238765
768476574
768501177
768518536
768602181
768611398
768682524
768861849
768950604
768972704
769033378
769042096
769102583
769110089
769258770
769373976
769421321
769427067
769781602
769812864
770243353
770339008
770356033
770357454
770383667
770430761
770491799
770548820
770563642
770832668
770842675
770868809
770896773
771063837
771086290
771468088
771619524
771620104
771669171
771697700
771714840
771823520
771937413
772238624
772276277
772423238
772427590
772645599
772656192
772692804
772749723
772998005
773028413
773327554
773381686
773435657
773569232
773650037
773707301
774120528
774243995
774277557
774423985
774573223
774907857
774914411
775151349
775193768
775269435
775419245
775419899
775450064
775519439
775561449
775701443
775779615
775818067
776025089
776165693
776246597
776434012
776575677
776743745
776891125
777013690
777313137
777453476
777460424
777690909
777768023
777823724
777836327
777881879
777994841
778291806
778409970
778438176
778445092
778455281
778523436
778617796
778652637
778748258
778795548
778835659
778865764
778896027
778984140
779007662
779088891
779344119
779458822
779469440
779526221
779582380
779619615
779738367
780004929
780064510
780099481
780145147
780198243
780207936
780429539
780609880
780694340
780831403
781046648
781069606
781101486
781109264
781284820
781403471
781425771
781572889
781594235
781644181
781731558
781847742
781914820
782131600
782270760
782308186
782363069
782437269
782463576
782591828
782822361
783073416
783100181
783161658
783227950
783280443
783391905
783414441
783537096
783539800
783788955
783871938
783918977
783968471
784079580
784215776
784221999
784331643
784353241
784512492
784606832
784655605
784843745
784862943
785045008
785292722
785311394
785339158
785356103
785496014
785787447
785923646
785952015
786027433
786296169
786434767
786862377
786916568
787011060
787231491
787238723
787454165
787479149
787497418
787534121
787592753
787637462
787848994
788128142
788204026
788211950
788295322
788317429
788634581
788672923
788675705
788689592
788887964
788898063
788925874
789130456
789250780
789296566
789372671
789414385
789446557
789568957
789664106
789671004
789698826
789819686
789827892
789850595
789986560
790008447
790077643
790435854
790516465
790522949
790602651
790816947
790898855
791066129
791089951
791118827
791156353
791233866
791468937
791611974
791635395
791686743
791719076
791820179
791954783
791983974
792043893
792115519
792132211
792357954
792489486
792528831
792551542
792618718
792650531
792834321
793127270
793384511
793425660
793501905
793671351
793673246
793682377
793929530
794005437
794090489
794248322
794259883
794373027
794481387
794516196
794711884
794836781
795057173
795102494
795247463
795286687
795330275
795569032
795800756
795944852
795981077
795988373
796001613
796067460
796205169
796502401
796577732
796753318
796768271
797134546
797221717
797331378
797348311
797401363
797405993
797439464
797512030
797512992
797845696
797885813
797945607
797979095
798104287
798157233
798185350
798224788
798344403
798346203
798419964
798443783
798454463
798562739
798584707
798620725
798682676
798869714
799165711
799200103
799517495
799518451
799531753
799538998
799620953
799632382
799663193
799668596
799677257
799922728
799973225
800039858
800067441
800121487
800186115
800325264
800359848
800364617
800412078
800505063
800628255
800679837
801032290
801078746
801084958
801100439
801600054
801804037
802053352
802465744
802636602
802886212
802938944
803002835
803273257
803359983
803380640
803413974
803457672
803465254
803477380
803483847
803486050
803597817
803601656
803844752
803906970
803913915
803978794
803998410
804106327
804133024
804264131
804665776
804692374
804715702
804884852
804936293
805263461
805379090
805385963
805407114
805543322
805549136
805625631
805638620
805778236
805969335
806305911
806326945
806334206
806373311
806401138
806486284
806659333
806793321
807060665
807240659
807317777
807319328
807539312
807665617
807764988
807780143
807897364
807906946
807917512
807956257
808251915
808493411
808644272
808840851
808845196
808949034
808949732
809056170
809078240
809136312
809223335
809312892
809400805
809630441
809660593
809827015
809844572
809996837
810065636
810170775
810325119
810426281
810461651
810659145
810753252
810857383
810933349
810965062
811003090
811021820
811140411
811369683
811412096
811537634
811631700
811800046
811834763
811849085
811911624
812037795
812061210
812080842
812089628
812208640
812211998
812249811
812270634
812277824
812305108
812451786
812458393
812503508
812616676
812712524
812724310
812794552
812862726
813034101
813114700
813150166
813174544
813215284
813245772
813269419
813321981
813393126
813428931
813466430
813470258
813549359
813560768
813672224
813697409
813822128
813894458
813970292
813974559
814077949
814247727
814360828
814756013
814877663
814926395
814951267
815072349
815188189
815284369
815411863
815434985
815471142
815483798
815773210
815902865
815906053
816044670
816206523
816254454
816347549
816368553
816402537
816452067
816455760
816477573
816513462
816568347
816600683
816637049
816675267
816896098
816973273
816995727
817038740
817047095
817065843
817264517
817281217
817428074
817460781
817519383
817710237
817712112
817718865
817734654
817740533
817749952
817861463
817872599
818047346
818066601
818096477
818376554
818409232
818412691
818462190
818783732
819038514
819082410
819097750
819695072
819808523
819868202
819870198
819986019
820006702
820322161
820377669
820477353
820662058
820881321
820899740
820905598
820977037
821007553
821263706
821393561
821401774
821428790
821467373
821518155
821648672
821818649
821969318
821996447
822057603
822072992
822118626
822196016
822203452
822237488
822317018
822370823
822371986
822424596
822479966
822527459
822563759
822633685
822675089
822711228
822759064
822864069
822967963
823011467
823135304
823136695
823245016
823453509
823466034
823535251
823736293
823736466
823814002
823913221
823989021
824090961
824166795
824175028
824443869
824760410
824836943
824934311
825057539
825081018
825232200
825358884
825489522
825627268
825628390
825794204
826256600
826309568
826558223
826792819
826852020
827012568
827024328
827027137
827072191
827090658
827124676
827136208
827162125
827202097
827236129
827283249
827395026
827423535
827462755
827615636
827757050
828018722
828132501
828168075
828267584
828486109
828530663
828589238
828668181
828680676
828808684
828912341
828955171
828976971
829059687
829064610
829066249
829105033
829114517
829306414
829346669
829442967
829515877
829558085
829654065
829856312
829894384
830031816
830040128
830155519
830164362
830540520
830541774
830582132
830584185
830629510
830635335
830709145
830729658
830802251
830898797
830939299
831057916
831161942
831535715
831728891
831842064
831860226
831868263
832041379
832060600
832101975
832209672
832275405
832390338
832395786
832445047
832501364
832537371
832627612
832723406
832757971
832786526
832927419
832945180
832970292
832977350
833099341
833111438
833208333
833299762
833472647
833484493
833666385
833797420
833854220
833861162
834000323
834095767
834783204
834799199
834815092
834983005
835001750
835045402
835052741
835110227
835246306
835268428
835382699
835487586
835583548
835584996
835700415
835711666
835904104
836019307
836159873
836306362
836340241
836353189
836354725
836389150
836398082
836482042
836492828
836527941
836584189
836587401
836612776
836632867
836678035
836749167
836756031
836866583
836915727
836998138
837038225
837079417
837220866
837315997
837379797
837390231
837472081
837505564
837683787
837835382
837976897
838057168
838298990
838307925
838328775
838403355
838428495
838564689
838674802
838675537
838684626
838918322
838979817
839149654
839173471
839334061
839421191
839537921
839731208
839841847
839867991
839912965
840182605
840313043
840477244
840595142
840650415
840663313
840707771
840859565
840888004
841040245
841354164
841384650
841454615
841471423
841487976
841496139
841673184
841717328
841829308
841838665
841992658
842009751
842078869
842239992
842338491
842351710
842418379
842687889
842693506
842712447
842835037
843027563
843088886
843111792
843543525
843622644
843692666
843853449
843950764
844196802
844288851
844393039
844538719
844576763
844590043
844700812
844894627
844901413
844919129
845012508
845123912
845398592
845574909
845583680
845753518
845939255
845989116
846001396
846014454
846134714
846231946
846455570
846492305
846569064
846757755
846838526
846858483
846914824
846944067
846962171
847057595
847403792
847533877
847538987
847587584
847704653
847830622
848229979
848331048
848333190
848363513
848393738
848465258
848558112
848604109
848624377
848635989
848805478
848835032
848983593
849085017
849224728
849415508
849589398
849597973
849662188
849753221
849810436
850263962
850360699
850382849
850453443
850479848
850565404
850566974
850716831
850776964
850791003
850898355
851100151
851137679
851279410
851355313
851513925
851587043
851611747
851712657
851808169
851850649
851941669
852112904
852306037
852420925
852440796
852445761
852460945
852542206
852687433
852743959
852896591
852899999
853099397
853468380
853474834
853564571
853789150
853810899
853890195
854409928
854441082
854488554
854550720
854664829
854779604
855029516
855401352
855416004
855418740
855544832
855551659
855676316
855690697
855766629
855797644
856041996
856065158
856070933
856075955
856236294
856292180
856339506
856377393
856472726
856508439
856682849
856690409
856730023
856783164
856800561
857054290
857111991
857218884
857265477
857316250
857362029
857421620
857506478
857524553
857839854
857940513
858036368
858174589
858295798
858306783
858338909
858500104
858735245
858747809
858752117
858753846
858833950
859102383
859411357
859480539
859537918
859600270
859613344
859673373
860021530
860077525
860234303
860275313
860290286
860303189
860511459
860600160
860615401
860627441
860949632
861046291
861102615
861177269
861179166
861403077
861480199
861619229
861633331
861884351
862131770
862194899
862211553
862357968
862512469
862588270
862649021
862718746
862721770
862752893
862786450
862853092
862939497
862941217
863140401
863275519
863399817
863424579
863589344
863682675
863734663
863769531
863909290
864220367
864234794
864369316
864464776
864506679
864518396
864599929
864647202
864687077
864700493
864722318
864761803
864766435
864794949
864820586
865003050
865025199
865036947
865252584
865264962
865350403
865410166
865482932
865507803
865548047
865672240
865811881
865861416
865958681
866083802
866154686
866278188
866287703
866370839
866399680
866576281
866611438
866731170
866842534
866956137
866980968
867040444
867136158
867257851
867322790
867449596
867745764
867853723
867960905
868028341
868030244
868072887
868079846
868080987
868260310
868273027
868301346
868476571
868486289
868499366
868499818
868717256
868795211
868895334
868983466
869058503
869080852
869379435
869396772
869526572
869572072
869611978
869612911
869707992
869749004
869853408
870022078
870161505
870212766
870347718
870570564
870588746
870603171
870668622
870690480
870736080
870745648
870977097
871041763
871082495
871094499
871096653
871350134
871408461
871538332
871546701
871591460
871749038
871937877
872234600
872251545
872331827
872333043
872358654
872384229
872715179
872747599
872824860
872926034
873078129
873221008
873347936
873365091
873486805
874003021
874033191
874354152
874368269
874413925
874443838
874581061
874932300
875009608
875104481
875124180
875245154
875351604
875448469
875616362
875703233
876173595
876228473
876353443
876463676
876528184
876555171
876740817
876748663
876894508
877217723
877341224
877343680
877424639
877468300
877496098
877807764
877848964
877944762
877953374
878040054
878137719
878194052
878213800
878251321
878387695
878593068
878595047
878652450
878701422
878712306
878733076
878801922
878937587
878978965
879004639
879060140
879144224
879230170
879360167
879654757
879962899
880166021
880192380
880355698
880487214
880600936
880617285
880961924
880970169
880971841
881540643
881668651
881762115
881778175
882010434
882104260
882110504
882112880
882197223
882259051
882269691
882524733
882553493
882641945
882975611
883080605
883144769
883236516
883278774
883305332
883401333
883565709
883709397
883879026
883907670
884300644
884422314
884430516
884616439
884711438
884811196
884880024
884951381
885140643
885171542
885249921
885364693
885666059
885701179
885710480
885718988
885784788
885922098
885949030
886014914
886031717
886052189
886184590
886187090
886296752
886353948
886385063
886400788
886511238
886562799
886645843
886647170
886672402
886966585
886990403
886995365
887008473
887030288
887086397
887127576
887143323
887153766
887179278
887272879
887313880
887318579
887347461
887351346
887407442
887413151
887485454
887529180
888004631
888190033
888224995
888273195
888414612
888428857
888528810
888599757
888661522
888803456
888833072
889146374
889565414
889572432
889608873
889651088
889679582
889993203
890033396
890198150
890286589
890338679
890364712
890386348
890554628
890607279
890660901
890726883
890822108
890956090
891164923
891192541
891205801
891832055
891900328
892007978
892124966
892279738
892391653
892418396
892466754
892629743
892641331
892711939
892853756
893217091
893220308
893234625
893579214
893696487
893747512
893770273
893840158
893842869
893844236
894066936
894663248
894880201
894965369
895008258
895020007
895080571
895085749
895113573
895157547
895264942
895475917
895670714
895945763
896001013
896112569
896124906
896164784
896169857
896188514
896357630
896520536
896597114
896652544
896656357
896657309
896707840
896788304
896863749
896903985
896985602
897133021
897317929
897392479
897586316
897732028
897883559
898074862
898612483
898674969
898928407
898943742
899067605
899133783
899136790
899175250
899440747
899456501
899582492
899659297
899708799
899808144
899819514
899899587
899985136
900017270
900171764
900227173
900361787
900489590
900493134
900506430
900609823
900746862
900747887
900773328
900991765
901045571
901198409
901230317
901405714
901480305
901587641
901627420
901772697
901839753
901999097
902043521
902141368
902166459
902250062
902262765
902329604
902352342
902362414
902529806
902594714
902595702
902622406
902696178
902756439
902758215
902773109
902929224
902955852
902967315
903013900
903190275
903217821
903534756
903568441
903620051
903834203
904075136
904195404
904249142
904250437
904430469
904452152
904470137
904757128
904906069
905146026
905525317
905541817
905606571
905637080
905687812
905839374
905844787
905895826
905998861
906016892
906108218
906132398
906184960
906249411
906275619
906323613
906415362
906443605
906514473
906558714
906644663
906723827
907195234
907207186
907428095
907436452
907446771
907602349
907665313
907731786
908072514
908128894
908238336
908243961
908360114
908592372
908856263
909001328
909166499
909289547
909619761
909692347
909744781
909759860
909844508
909968099
909979591
910159174
910290227
910300112
910309613
910608825
910615229
910633883
910830731
910834698
910912670
911057827
911229825
911287050
911307214
911497069
911530652
911824561
911842956
911905749
911949696
912035884
912095430
912101445
912104678
912108780
912144436
912145632
912162515
912272194
912372726
912458150
912466044
912535929
912542987
912595635
912689721
912711557
912719908
912736698
912742999
912845221
912930105
912968012
913224840
913331301
913640015
913691864
913822199
913896493
913973057
914012161
914040937
914079615
914288884
914297979
914298133
914323431
914349331
914370181
914387161
914391846
914484632
914498875
914593499
914600933
914616533
914617437
914813143
914864808
915027075
915058233
915338325
915374622
915522417
915541663
915564980
915617566
915649211
915669843
915942422
915977667
916209052
916254412
916260470
916288293
916608856
916708864
916719492
916844097
916911462
917000626
917009218
917071895
917080879
917113952
917294882
917424803
917594488
917772315
917999303
918080372
918196191
918249949
918514761
918688227
918800497
918887828
919095928
919151848
919170328
919213754
919382992
919408099
919497353
919600095
919628439
919717775
919732860
919804660
919830982
919898830
919906031
919945787
920085856
920102707
920294788
920407434
920529319
920569382
920655280
920748521
920756336
920957617
920965998
921012698
921130093
921168062
921223011
921293813
921770404
922015602
922078427
922163148
922165946
922239306
922297350
922417680
922507989
922569402
922601717
922706956
922788890
922831954
923001829
923031427
923064627
923133415
923589145
923589486
923637970
923680065
923867938
923874099
924005749
924231562
924392353
924397845
924398168
924400345
924424917
924626277
924831674
924870629
924907392
924926098
925107095
925189257
925291264
925472652
925518886
925607236
925635556
925771077
925847539
926279074
926292511
926327818
926447091
926510072
926741536
926743814
926809560
927377343
927710040
927718541
928045683
928177083
928284317
928335621
928342215
928406941
928447141
928488910
928507491
928785251
929191426
929403764
929749254
929928791
929967233
929973282
930092647
930136954
930212327
930230616
930345435
930457996
930495033
930855022
931023205
931034183
931254236
931262312
931526036
931624914
931628766
931782716
931885550
931939723
932196938
932202461
932714844
932749907
932776996
932795989
932876348
932934856
932935462
932953496
933059933
933069986
933114112
933127382
933401434
934023399
934165268
934183837
934352618
934358391
934358939
934480675
934643173
934921181
935002598
935004864
935253725
935300602
935389598
935411810
935746465
935848826
936004280
936138818
936261336
936349702
936533246
936568490
936727014
936772577
936777059
936898719
937011279
937077614
937340480
937356323
937385817
937402418
937530091
937593521
937603348
937617736
938059793
938131525
938268136
938280900
938319849
938374086
938381997
938538794
938564050
938612754
938710748
938922244
938983731
939154848
939159554
939363298
939406896
939423171
939613390
939627395
939757365
939990980
939994808
940131327
940155856
940449596
940538901
940622414
940823713
941001012
941015539
941026046
941119208
941398805
941407358
941571930
941898941
941988710
942080529
942082270
942165932
942285109
942296570
942602456
942704301
942761984
942824942
942836340
942843068
942857236
942960452
942987514
943005366
943282562
943467407
943697381
943812363
943950235
943965529
944030589
944078815
944134501
944156434
944160068
944221390
944443287
944660606
944762833
944856621
944992337
945059765
945085965
945094220
945159981
945440932
945720344
945732351
945808953
945847842
945885358
946047507
946178851
946307867
946424110
946458109
946475964
946514448
946628033
946673985
946713352
946814616
946831239
947078545
947251547
947304033
947338978
947424433
947462519
947559300
947586314
947641999
947902088
947930319
947959776
947991454
948203156
948413621
948474606
948519208
948586852
948656471
948744502
948792919
948804721
949047051
949445883
949560824
949614013
949678758
949703223
949798443
949879779
949888753
949969446
950051871
950255600
950305051
950509172
950515463
950590478
950600382
950812981
950843234
951107294
951153862
951167777
951311713
951347001
951380706
951403802
951489736
951508365
951669634
951674148
951749859
951760828
951822675
951902685
951993779
952072045
952480561
952731527
952731881
952790665
952807373
952850933
952994592
952996280
952998579
953185340
953241570
953317891
953334526
953541158
953638508
953690223
953763300
953920034
954428260
954647242
954673678
954682532
954693231
954772073
954934670
954941099
954956158
954972732
954982191
955209073
955224683
955556229
955603578
955705450
955789729
956144425
956199272
956381240
956645086
956714362
956914518
956964120
956994390
957408193
957595826
957615470
957748006
957756227
957775165
958061009
958493934
958508182
958768417
958979289
958979549
959139104
959162846
959174804
959215357
959335813
959387644
959837364
960232195
960291546
960303728
960464827
960508949
960630611
960683288
960742773
960803231
960906336
961085886
961154259
961192492
961298206
961369017
961391354
961476930
961490540
961520050
961545364
961578086
961767249
961786123
961881704
961917400
962005407
962067399
962138843
962199817
962349505
962375349
962420853
962740367
962873083
962901264
963045415
963140512
963322651
963410844
963532456
963590659
963893685
963977685
964136619
964151333
964151670
964192452
964229593
964319110
964364918
964380769
964431728
964487674
964564195
964915988
965258204
965314363
965381802
965507990
965625478
965666596
965714952
965946973
966150205
966253922
966382638
966416524
966590891
966947298
967164289
967694944
967878040
967937472
968100624
968286416
968385423
968476761
968572133
968587294
968943400
969050229
969115605
969133077
969175640
969275935
969327674
969481765
969530478
969769329
969849408
970040552
970140255
970277231
970740404
970789995
970819771
970918274
971387940
971408707
971417845
971422150
971636049
971664658
971832694
971953488
972065281
972083153
972461059
972471924
972482084
972495681
972516950
972527213
972604864
972638485
972687268
972711335
972846318
972847690
972927194
972946086
973146519
973323350
973410573
973475975
973517318
973563538
973873782
973889305
973976308
974014917
974105701
974150488
974166097
974739160
974965687
974976387
974999954
975018215
975120067
975289811
975300178
975301252
975358763
975419230
975459166
975530204
975573650
975574815
975594063
975641845
975683733
975733767
975734213
975820732
975952239
976184348
976454745
976725264
976787635
976875701
976941968
976989887
977326337
977376048
977454794
977633202
977660304
977773970
977847938
977888086
977945259
977955872
977964965
978029516
978090823
978307360
978327978
978492137
978614245
978924364
979191627
979241074
979245851
979248530
979275130
979334032
979545153
979625172
979763568
980082938
980095823
980110514
980189413
980388464
980425269
980429181
980717342
980812996
981069243
981350351
981404937
981421273
981468470
981481976
981683940
981702178
981798216
981879070
981970213
981978277
982077508
982094885
982385879
982408746
982637517
982721026
982725480
982859700
982913632
983018932
983050287
983116008
983147017
983275789
983471216
983562798
983709792
983743662
983753351
983754195
983824845
984095177
984201762
984204750
984257275
984355859
984468183
984659186
984762619
984777266
984793244
984820214
984930818
985039889
985116008
985123727
985372625
985507768
985597737
985639616
985858623
985925331
985966097
985975682
986122471
986329017
986553043
986624185
986702336
986934415
987022820
987057148
987232267
987407501
987729069
987905044
987920948
987933860
988008663
988197125
988344128
988483560
988496571
988515535
988592731
988713157
988781379
988834566
989054743
989066467
989114385
989118325
989193126
989422326
989738186
989753339
989806998
989819608
990051506
990067856
990104102
990185858
990347875
990361243
990743153
991127229
991300915
991313405
991364781
991390884
991409153
991867106
991870614
991926294
991989749
992203702
992260385
992295053
992352649
992390806
992463923
992644917
992690860
993315885
993508592
993532361
993591912
993605486
993610822
993693768
993824149
993914277
993937435
994029913
994056426
994190081
994268547
994289868
994335186
994382156
994396501
994420931
994449969
994616133
994768079
994780858
994851216
995044783
995151209
995376474
995446306
995569501
995748749
996053926
996119248
996141608
996149752
996750020
996852321
996882208
996971003
997200037
997282896
997284195
997395210
997495728
997538665
997566222
997800060
997834223
997941654
998115759
998237110
998274474
998375508
998494658
998578463
998622956
998625286
998677715
998725203
998756139
998884105
998949211
999138574
999152290
999229136
999303828
999565772
999568540
999607703
999860890
