172061
260009
330823
365809
397917
422905
629579
647140
912044
1091076
1133073
1197716
1415840
1448267
1596914
1919841
1974579
1992964
2038406
2153287
2157619
2191454
2195827
2226765
2350063
2520629
2631066
2649643
2694060
2768450
2865611
2911952
3161786
3300636
3304759
3540525
3571055
3841035
3867347
3886835
3901977
3985555
4147494
4208772
4464891
4809683
4922378
4966855
5001890
5049925
5069138
5186856
5212550
5266244
5279941
5281718
5290341
5365442
5568893
5715713
5841293
6203823
6221548
6245662
6361703
6389900
6453589
6460632
6559403
6582543
6768018
6830975
6919848
6953781
6968750
7259844
7913529
7914540
7966720
8043768
8248557
8842639
9015024
9237655
9274932
9343518
9370479
9487613
9615501
9626715
9804034
9900360
10015252
10186137
10283723
10352714
10619306
10687617
10798915
10835432
11230447
11286102
11711411
12005056
12713584
12725820
12870353
12925051
13407087
13429848
13448093
13534556
13571596
13642887
13784701
13807343
13828547
13833384
13962546
14026012
14193957
14200145
14238796
14370114
14381418
14460545
14552840
14608463
14613161
14710394
14739758
14784453
15149263
15284778
15367727
15429836
15633352
15926767
16028735
16201418
16380712
16401153
16621500
16628759
16678747
16799950
16879322
17025957
17039881
17378187
17416794
17420519
17447355
17551942
17665148
17763476
17824373
17905662
18033826
18336846
18377341
18487067
18503076
18527258
18529187
18618714
18694336
18771732
18871769
18907792
18921973
19079857
19454958
19715975
19790932
19846179
20167995
20181545
20196185
20218761
20355253
20403806
20435385
20608039
20669363
20746185
20753416
20802799
20810035
20818519
20837133
20915803
21000545
21165328
21480157
21588168
21804752
21823516
22064059
22282954
22498131
22554944
22827103
22834367
23081063
23203987
23466283
23485519
23517452
23717312
23800882
24229316
24260073
24288020
24326097
24352562
24636081
24716002
24927881
25020682
25112174
25114692
25162810
25192603
25316288
25371332
25518157
25586187
25630285
25653198
25692389
25761037
26379680
26505227
26616558
26766416
26790286
26794263
26983487
27040320
27054782
27137700
27143282
27192839
27259973
27326426
27339626
27426915
27478798
27540143
27600795
27610797
27638970
27878527
28027630
28048561
28134038
28205906
28303222
28340834
28729478
28849676
28908380
28939906
29153349
29159643
29407541
29568228
29744607
29759391
30098504
30099724
30462231
30623788
30681119
30756589
30833658
30993438
31392498
31481218
31538654
31538703
31569078
31727337
31825840
31907017
31915019
32336158
32338361
32376443
32385462
32427383
32440569
32519516
32770762
32927105
32939423
33081906
33117982
33178126
33200739
33261847
33296780
33535621
33582733
33604103
33786133
33832424
33864422
33932011
34279278
34281204
34403499
34607224
34679981
34718773
34863254
34903168
34927943
34928825
34985646
35207352
35314298
35418702
35731590
35858154
35881475
35938702
35967978
36047475
36345836
36391525
36415514
36576512
36591986
36881049
36892392
37145146
37177461
37195670
37389564
37435226
37876415
37960061
37977828
38094605
38114151
38135644
38145399
38151322
38361432
38409769
38495468
38517817
38549924
38600402
38686965
38695578
38720495
38735921
38779926
38909556
39056748
39175545
39267131
39421659
39494727
39511199
39571747
39612694
39729640
39778209
40034892
40159099
40505678
40569483
40725667
40810778
40858440
41243539
41344149
41568561
41679282
41753272
41789657
41805754
41940197
42173878
42353993
42361849
42415059
42426666
42524269
42597541
42715200
42775373
42804743
42934272
42946226
43150064
43191006
43210141
43537359
43658766
43707173
43758644
43889267
43891384
44061169
44129441
44176381
44258276
44303135
44331223
44525282
44611309
44682667
45022743
45069228
45155040
45291545
45370500
45547708
45597119
45608176
45633995
45747876
45820933
46125915
46267687
46312491
46936404
47078668
47266492
47313182
47330555
47406333
47441106
47748940
47838295
47866911
48070247
48120752
48194969
48316221
48318594
48576803
48792038
49035307
49092577
49313117
49315814
49425436
49498959
49555398
49684406
49764083
49794632
49897417
49910185
50065793
50408130
50561318
50661047
50722722
50731718
50965066
51078744
51195020
51290751
51333036
51345263
51554753
51669219
51904801
51952487
52392829
52586297
52597318
52707339
52886909
52919759
52934762
53181741
53321503
53338939
53409392
53661073
53889151
53937654
54154394
54212347
54334229
54413915
54487173
54637851
54661385
54745156
54895246
55115869
55196067
55240007
55337410
56209845
56313376
56349696
56482011
56920149
56986301
57033519
57076195
57223688
57294005
57306757
57319282
57399751
57455963
57525425
57543160
58007685
58036561
58127304
58281970
58569489
58635954
58736488
58808651
58945221
59260725
59294403
59335265
59447986
59554982
59644532
59729368
59785489
59889380
59971459
59999823
60161963
60178329
60186199
60262012
60372918
60453180
60467571
60557624
60617609
60646239
60834268
60913868
60926232
60957227
61156386
61240721
61386797
61639332
61911547
61980519
62196496
62320224
62322084
62329904
62339283
62480067
62492377
62878493
62880192
62900660
63038376
63158641
63408745
63461530
63474264
63483169
63533305
63613430
63623377
63956551
63983150
63999931
64211952
64338671
64405222
64413784
64542753
64744137
64864524
64875583
65152983
65156058
65170221
65367986
65385679
65455744
65493795
65498992
65693624
65813681
66143591
66154083
66251974
66297265
66315707
66462771
66739242
66814495
66885569
66885669
66904163
67018909
67091399
67091887
67228549
67245785
67350544
67378060
67511601
67523713
67618738
67631121
67699202
67923692
68014898
68032647
68034921
68094528
68121014
68205897
68836949
68870036
69076144
69094851
69362715
69367570
69592771
69650499
69666387
69866920
69890656
70003133
70237885
70270883
70368116
70414393
70429471
70623547
70739740
70923202
71011639
71177101
71208801
71276617
71411023
71595956
71983084
72049422
72069881
72167598
72293927
72302106
72489901
72612741
72767968
72801222
72928544
72960668
73015607
73108186
73371220
73594264
73661896
73687628
73818421
73860016
73953083
73970072
74031459
74241758
74543308
74693350
74762425
74838771
74866974
74948055
75020174
75320935
75468624
75570648
75630937
75873456
75927682
75978062
76217347
76295058
76578209
76616926
76884596
77015636
77061257
77089967
77158636
77174559
77254887
77257805
77300086
77304527
77446018
77492828
77516327
77560258
77602281
77972362
78159880
78343831
78487509
78511475
78547793
78851291
78855417
78983245
79140543
79141554
79325500
79743110
79805953
79817354
79866702
80004055
80025515
80032855
80370185
80381341
80412488
80593970
80600972
80636983
80692149
80717760
80790458
80887790
81056829
81063220
81091755
81097321
81106370
81196811
81200612
81344460
81593382
81607193
81611506
81653999
81697613
81765410
81770818
81789958
81970630
82076870
82265180
82347761
82423465
82488338
82572333
82658111
82695222
82710205
82878082
82920815
83338161
83700625
83731446
83877581
83904122
84109292
84298088
84310293
84343696
84344867
84345295
84498386
84726995
84803846
85036787
85291413
85524524
85595620
85785634
86104228
86198269
86236861
86364296
86632007
86673425
86679289
86711442
86790818
86902618
87025807
87065483
87076350
87434725
87503105
87505740
87515955
87607868
87619523
87678943
87920485
87963384
87992298
88075146
88101600
88117688
88121400
88151228
88191744
88476621
88533501
88621266
88758756
88878582
88879971
89016154
89117187
89140307
89205844
89310762
89435935
89550416
89559535
89587100
89619626
89633913
89640975
89706334
90009276
90285820
90390900
90393424
90475232
90560241
90702959
90722038
90820966
90897794
90902462
90985350
91124174
91198563
91234317
91427990
91483399
91588314
91617943
91758213
91769029
91951225
91971864
91987139
91988111
92135650
92313343
92607106
92628124
92761942
92779567
92827196
92865601
92908955
92963487
92967643
93006016
93036902
93069611
93075224
93338457
93559097
93561904
93564779
93635559
93815383
93944380
94242480
94257006
94348979
94364552
94548868
94573036
94650388
94658221
94739673
94881964
94929182
94945610
95231653
95328775
95524376
95782715
95823018
95847433
95877587
96088100
96120148
96159298
96188783
96421153
96456879
96628036
96655259
96780747
96863336
96867416
97067133
97175775
97192043
97216502
97281301
97419929
97657466
97732875
97852761
98162642
98164777
98183017
98288675
98343195
98483544
98504251
98513913
98534139
98566057
98595548
98815586
98963873
98980225
99035686
99248601
99337514
99371066
99378958
99399905
99572662
99777535
99823408
99853134
100052191
100147192
100187963
100342749
100847042
101226287
101245751
101432254
101452726
101545697
101572773
101680994
101868683
101913341
101955202
102003653
102144369
102264133
102342910
102441345
102731589
102750627
103069476
103377166
103465259
103573396
103649528
103710725
103747652
103979966
104147598
104180727
104188570
104216909
104220163
104245445
104369693
104391738
104443460
104800317
104881588
104950074
105057558
105059814
105176384
105217450
105250919
105313617
105564488
105621149
105703224
105734564
105768647
105861358
105932004
106039775
106056205
106151662
106180913
106186844
106240601
106387011
106437332
106790277
106886689
106977522
107094934
107249923
107356233
107474252
107474974
107499996
107567329
107569961
107670775
107777113
107811125
107829393
107901569
108095400
108195149
108265346
108282529
108357768
108381759
108408182
108764349
108810233
108825481
108858124
108977798
109029657
109161677
109460510
109483242
109589694
109766469
109830298
109835843
109845333
109959283
110079230
110215669
110219306
110414283
110512886
110610564
110777250
110830614
110927203
110938066
111038926
111043683
111140248
111163059
111220504
111228122
111544690
111698298
111757369
111828182
111932097
111987052
112006136
112024514
112241481
112345235
112379396
112467789
112651482
112684816
112747930
112868418
112911878
112918134
112956692
113113130
113355238
113427500
113436775
113607922
113615796
114131118
114219726
114236855
114274778
114307833
114501809
114628743
114681937
114688050
114981402
115142935
115463861
115586426
116169682
116270406
116396077
116790107
117136042
117205978
117379215
117381039
117400555
117505251
117550856
117556906
117581929
117584476
117787167
118110832
118198726
118572264
118753249
118774869
118905362
119116338
119239999
119289795
119376217
119624540
120050484
120100055
120182463
120257367
120276059
120321715
120330902
120334083
120470183
120511346
120608334
120630787
121028483
121179145
121197190
121253882
121324720
121550909
121663485
121694790
121721262
121847451
121875435
121879516
121927427
122067020
122155262
122180534
122196743
122259328
122311512
122480676
123060924
123178820
123553699
123581355
123820352
124012002
124021295
124149675
124417790
124699620
124937070
124962799
124975927
125438844
125541794
125576248
125679859
125770992
125813714
125835769
125918609
126404394
126449530
126564564
126589533
126591729
126593414
126730865
126858527
126902905
126931411
127040636
127204322
127268784
127348277
127451609
127476086
127489737
127553611
127558925
127585515
127663723
127802861
127964742
128149020
128342652
128453078
128530452
128648667
128715228
128727803
128814483
129076184
129446759
129714078
129822126
129893541
129906101
130035180
130079488
130095587
130173171
130341220
130748764
130778488
130798289
130821315
130948223
131187634
131220855
131325309
131415618
131490439
131527899
131569194
131747390
131908310
132126891
132247170
132289450
132479993
132566962
132590718
132622778
132623070
132756100
132826749
132836959
132948771
133065562
133068919
133115935
133670793
134045284
134103470
134211144
134229219
134316680
134336279
134382962
134699793
134881635
134885547
134920660
134961319
135189461
135301960
135733524
135746515
135854134
135979079
135981423
135986002
136055136
136159646
136199028
136226175
136236356
136455858
136502183
136597371
136641190
136786877
136817236
137033038
137097825
137147355
137487221
137522767
137764635
137832050
137861736
137941291
137948747
138065458
138224360
138283262
138318075
138777115
138922903
139089048
139267448
139269372
139402546
139598846
139767503
139843922
139855520
139952519
140194306
140437278
140632096
140651411
140827829
140865530
140995318
141134509
141286656
141351300
141391287
141507732
141578201
141773292
141797534
141864853
141939181
142061136
142154623
142187987
142323039
142325019
142401983
142541472
142546950
142612150
142632459
142637344
142769766
142892561
143099108
143110763
143147982
143161724
143163621
143249329
143272783
143341020
143467991
143477076
143598225
143693878
143707463
143829372
143848683
144073057
144165575
144170294
144260321
144408617
144609105
144632727
144674444
144787601
144840427
144865138
145021422
145078820
145089103
145122689
145707301
145971035
146017523
146021350
146036120
146113951
146182798
146260574
146377767
146388614
146469753
146473236
146489128
146518208
146609099
146696910
146716818
146874325
147037366
147045745
147190306
147382269
147427067
147635478
147647209
147743393
147783101
147837413
147896343
147939679
147982746
148019521
148087742
148152762
148186553
148199559
148572087
148634742
148993340
149139349
149267206
149302801
149342957
149355935
149376643
149421637
149437422
149455267
149600008
149723146
149725181
149752177
149819803
150132196
150519386
150542132
150565793
150663765
150680255
150682974
150704562
150723819
150901163
151019177
151145845
151663655
151694800
151781635
151891177
151933668
152138527
152181020
152195758
152214544
152556574
152668956
152687365
152758166
152790109
153045449
153341119
153487157
153609894
153703132
153931764
154176429
154197187
154208289
154215141
154219698
154458372
154484780
154869367
154870272
154959466
154999995
155312084
155444865
155459510
155685014
155770127
155923723
156080555
156100793
156152282
156187214
156380725
156555359
156605269
156829616
157082610
157157490
157247173
157340105
157564079
157800171
157911599
158146110
158194949
158311304
158329622
158519064
158524338
158580066
158598721
158657541
158785693
158810003
158816578
158838192
158853204
158925246
159000229
159108076
159156007
159306744
159404814
159479528
160141572
160315383
160323218
160375035
160414438
160496772
160739183
160872626
161048151
161161882
161222286
161374151
161799348
161842911
161855912
161863302
162626212
162785934
162804976
162810029
162818257
162971498
163068421
163131283
163252986
163465701
163475917
163516377
163603553
163686612
163722219
163945734
164218637
164343297
164453239
164466053
164495958
164651630
164924835
164990606
165004385
165219097
165335539
165490971
165544762
165627653
165652474
165755938
165796056
165962289
166602848
166674458
166692453
166882553
166891752
166989342
167347325
167681849
167699251
167759546
167770886
167796176
167868842
167895471
167933885
168035972
168095185
168133034
168133065
168176403
168427142
168440678
168462573
168497031
168722155
168858097
168868824
168996098
169033710
169122397
169133367
169192233
169392208
169458122
169490947
169501754
169528153
169540564
169637249
169649389
169689518
169810472
169824112
170030000
170269878
170275087
170307892
170345001
170368071
170518282
170739281
170740263
170901449
171134117
171233111
171246771
171307754
171540393
171815211
172143856
172317167
172459794
172488180
172492085
172508129
172583681
172619576
172652169
172689673
172756814
172899261
173029314
173034966
173069672
173073855
173107756
173133009
173217737
173282658
173364782
173518547
173987288
173989266
174071509
174095777
174155390
174193417
174262925
174394367
174517511
174647577
175008059
175026935
175041033
175054327
175111976
175152180
175205972
175487141
175574683
175604575
175691805
175718530
175969861
175985965
176124344
176157251
176483768
176557560
176582245
176585681
176621287
176648857
176711764
176819114
176982452
177065216
177068778
177296316
177335660
177421379
177554158
177623685
177654363
177800554
177969665
178020563
178047867
178113686
178196650
178248079
178510219
178602138
178668382
178914236
179012015
179018163
179149259
179274198
179295270
179298657
179402167
179511508
179546027
179599078
179617742
179726854
179731250
179801216
179821793
179880028
179896723
179953797
179960988
179968415
180060839
180130267
180147601
180163310
180292797
180327657
180378357
180650485
180650763
180665936
180809241
180825100
180914688
180954875
180991860
181074007
181112239
181120051
181264798
181292080
181397229
181578132
181624523
181746610
181786174
181792826
181927653
182155675
182329414
182611127
182670871
182702149
183021794
183033167
183132207
183252758
183329171
183549787
183642471
183734880
183747549
183800484
183849943
183936907
183982325
184120197
184241006
184426384
184445098
184453890
184516969
184555803
184642052
184673200
184823102
184867442
185412903
185424432
185514165
185726346
185735903
185785320
185920625
185932626
185950371
186065608
186335213
186434296
186525966
186671275
186705049
186965323
187216312
187435598
187445330
187488270
187619726
187785033
187874491
188014089
188022319
188097828
188113961
188182222
188272528
188288399
188326719
188465324
188480055
188617785
188643474
189215200
189249481
189300281
189357652
189840336
190038375
190058367
190071905
190096816
190173831
190242864
190272103
190445896
190490023
190490262
190602814
190679432
190797572
191037484
191080399
191383070
191430637
191764957
191811996
191842451
191855078
191887388
191899810
191952052
192063399
192380600
192504152
192568775
192598821
192768240
193068297
193105588
193125907
193208274
193257217
193308202
193321292
193411860
193501613
193623189
193681717
193845033
193870072
193885770
193891542
193947540
194072164
194076641
194218753
194351876
194731158
194792749
194923064
195008469
195012022
195202663
195208186
195344822
195534959
195558877
195646982
195670478
195865196
195890621
195935225
196074202
196202021
196233481
196260089
196426979
196487364
196625488
196816741
197125188
197171346
197431528
197472781
197641564
197761555
198050008
198373972
198513855
198565567
198783211
199104609
199204735
199369388
199395391
199841310
199878080
200089133
200189416
200623510
200637138
200754742
200977663
200988820
201237494
201448621
201645867
201810938
201894749
201984070
202054392
202089979
202317649
202363140
202483139
202675528
203225755
203364662
203451622
203505037
203667349
203695960
203719690
203791165
203805671
203907292
204033943
204084247
204137732
204140614
204146314
204146421
204180248
204262557
204315888
204792239
204972730
204976275
205028596
205121325
205161496
205538034
205543584
205630327
205699201
205734517
205771430
205843474
205878165
205884147
205998707
206020412
206037142
206069923
206083347
206642036
206685905
206778248
207055445
207072119
207109477
207183478
207302860
207373995
207374096
207544799
207552376
207610654
207693438
207875680
207900474
207910549
207949320
208096712
208174162
208445644
208486641
208499968
208661005
209009757
209009961
209061919
209324663
209326899
209478639
209685021
209723771
209922209
209997039
210058267
210258621
210289228
210350396
210441227
210534513
210682011
210707768
210876948
210897123
211001276
211126036
211235236
211368902
211518670
211559015
211582119
211662101
211674104
211683160
211697856
212064333
212173977
212340490
212443990
212621573
212717111
212848390
212933208
212933500
213154254
213170872
213179376
213214443
213336299
213417884
213499271
213585329
213667102
213676498
213800079
213863004
213901241
213914494
214023779
214095694
214246975
214347293
214736841
214881704
214890041
214933053
215272501
215312939
215758806
215785841
215966629
215977948
216002886
216080685
216189700
216191650
216198365
216238465
216313301
216341671
216427024
216582513
216667031
216879298
216921599
216966449
216993806
217023029
217046759
217098447
217799326
217861631
217865784
217869613
217914059
218005149
218055974
218163421
218275549
218369504
218390294
218447856
218460368
218679874
218686598
218864288
218893706
218939217
218969611
218998591
219104230
219191848
219279792
219360242
219433599
219471484
219517227
219715881
219741741
219750690
219913235
220120142
220183694
220408977
220419574
220519167
220555013
220571044
220587385
220660828
220717866
220784637
220912286
220943078
220961613
220964458
220996190
221035942
221097241
221161160
221171455
221187525
221292819
221321271
221390409
221421552
221450876
221498343
221700304
221835206
221850630
222043354
222087110
222127730
222221310
222357516
222410068
222462325
222573543
222799815
222852974
222874955
223240721
223283898
223314405
223566320
223582852
223590218
223783775
223802080
223902989
223914912
224197943
224294439
224404592
224478642
224588746
224642454
224666980
224783693
224856440
225098286
225160108
225180513
225185906
225416352
225423331
225642833
225677324
225705908
225706324
225892139
225899735
225918593
225949699
225967369
225999626
226025641
226221442
226285823
226295304
226333998
226489012
226521691
226696039
226818276
226834054
226881662
226897334
227009412
227010059
227139773
227370462
227407375
227423800
227469440
227490057
227528389
227585966
227750449
227857439
227922676
227928004
227958792
228143110
228280787
228503681
228560835
228593096
228596314
228609884
228630850
228657593
228742523
228746220
228899366
228907653
229138203
229493352
229889249
229931502
229963863
230324070
230391486
230398313
230415054
230445430
230469747
230478652
230482089
230729570
230813801
230840206
230912548
230943323
231025988
231084343
231142893
231174934
231429241
231790440
231884447
231896210
231914557
231915397
231981770
232059551
232438609
232523512
232576492
232799705
232960942
232988522
233000367
233003370
233313314
233335563
233356005
233420432
233721019
233780685
233830249
234230824
234237357
234267250
234432849
234570837
234735798
234839122
234871013
234872266
234899933
234912206
234989926
235043536
235074580
235101806
235388179
235388603
235515872
235521076
235637382
235712642
235932109
235933626
236143099
236183164
236261699
236435622
236467809
236587984
236604515
236749098
236844890
236921081
237208423
237246328
237307849
237349679
237397777
237450035
237542708
237595029
237666219
237813134
237831057
237865811
237874488
238320767
238595714
238720269
238736209
239074884
239175614
239210153
239352775
239484672
239614146
239619219
239730024
239766331
239801009
240028579
240154254
240169185
240180122
240239015
240282524
240289736
240305213
240569902
240611066
240819504
241020836
241193546
241278424
241297264
241305661
241348937
241411685
241692243
241696044
241703584
241737000
241987581
242270558
242284707
242436634
242581845
242598568
242673954
242685859
242718242
242725114
243184156
243239012
243364061
243369507
243495489
243506471
243593553
243726346
243735096
243773392
243801761
244139971
244197132
244211701
244316765
244414855
244841325
244918265
244983453
245092009
245170367
245170716
245275070
245462216
245619792
245662286
245714488
245805444
245828865
245864934
246206659
246450857
246470350
246659022
246801361
247076123
247280899
247315712
247340078
247417938
247522243
247591752
247709431
247735144
247821209
247934283
248271990
248283576
248313205
248374248
248409318
248471357
248580718
248711542
248829116
248850531
248881617
248915465
248938612
249235411
249336216
249343834
249494084
249524357
249658260
249695263
249773626
249779234
249811090
249853373
249936487
249950422
249967824
250318008
250319825
250442065
250529037
250578694
250636782
250766621
250835665
250924241
250971663
251148010
251408106
251452847
251455640
251479586
251539361
251562356
251708672
251859021
251890340
251956832
251976991
252002874
252592960
252685002
252761513
252948749
253040655
253227177
253303391
253340862
253397324
253436844
253451698
253464465
253626810
253767250
254032802
254075423
254078533
254104755
254151130
254259830
254469139
254632291
254750757
254848346
254850798
254996546
255063370
255213888
255258080
255286030
255292161
255484980
255578068
255976882
256028211
256197155
256224465
256278090
256288333
256391101
256464430
256662021
256727166
256941889
256953739
256982710
257104889
257209195
257519512
257562404
257810663
258034213
258044520
258114613
258341344
258341950
258488486
258519062
258691108
258793300
258949028
259053773
259282955
259288234
259350886
259451368
259847123
259872239
259872425
259880765
259958573
259965100
260079269
260192347
260413041
260434781
260498494
260520207
260740659
260837002
260914301
261002818
261016193
261055678
261075627
261384614
261537565
261555371
261624779
261628989
261642891
262029627
262070698
262114843
262232112
262332749
262345051
262367488
262497231
262702985
263016633
263036757
263320923
263411756
263464558
263500405
263780949
263802031
263805882
263962978
264029173
264073002
264082410
264271560
264279486
264583432
264786963
264939292
265139931
265173426
265176924
265308980
265367197
265735323
265798642
265819244
265844193
265851430
266226557
266293868
266752551
266851661
266857642
266900924
267007892
267137251
267160730
267177585
267214463
267234432
267237492
267481896
267552571
267626997
267801020
267817415
267895115
268238446
268330968
268564604
268599183
268610699
268848054
268922936
268950997
269164803
269200333
269281808
269321025
269695832
269840796
269866114
269913939
270001556
270214200
270277703
270341021
270343655
270577906
270715170
270720762
270746543
270774627
270879570
270881289
270893302
270943100
271008964
271068268
271117458
271238694
271251942
271307428
271353326
271650378
271655368
271722185
271786928
271929107
272033135
272069088
272198816
272226022
272258506
272355484
272428006
272779604
272934244
273143689
273156119
273274049
273614586
273619645
273693885
273710081
273760089
273761214
273866721
274404595
274470241
274617291
274631237
274667589
274719633
274765664
274826555
274863019
274873941
274935991
275214683
275219881
275235272
275287868
275305016
275550223
275649577
275745341
275748455
275851903
275933646
276253034
276280551
276350594
276713517
276740499
277091297
277240878
277519136
277679439
277736845
277796225
277852997
277964747
278149422
278287136
278320829
278337324
278547929
278644802
278841816
278868050
278921433
278995436
279138824
279189487
279275696
279316699
279393715
279409964
279454860
279496372
279660464
279750507
279871525
280181667
280338507
280356602
280387046
280402832
280448103
280464435
280500140
280563592
280564664
280722669
280735576
280820826
280866699
280906854
280988462
281252782
281253274
281265789
281342537
281343301
281390407
281390454
281393587
281408166
281501157
281572460
281600248
281809301
282025335
282134064
282141355
282185812
282237216
282303727
282464955
282662044
282693584
282714055
283097038
283103534
283105288
283130188
283168880
283247584
283324055
283608027
283725157
283821861
284219361
284319242
284495281
284506009
284554931
284657508
284701917
284913626
284925758
285035779
285077641
285115149
285186979
285386107
285418911
285435378
285546356
285573557
285611811
285844217
285865678
285871730
285892742
285932405
285947826
285984478
286053042
286091732
286287302
286300249
286360237
286542375
286739564
286816113
286836251
286876315
287125001
287129001
287190541
287248633
287294546
287372115
287412794
287436790
287459418
287536769
287592430
287789433
287850611
287949416
288002283
288132218
288231968
288309455
288371412
288480821
288501734
288813153
288834745
288834907
288906558
288965856
288973879
288985146
289120715
289257500
289259643
289289957
289316496
289336919
289396181
289504937
289549339
289591453
289634787
289679359
289776373
289788052
290015615
290067698
290243526
290297575
290324112
290328781
290473069
290489468
290646542
290964066
291184421
291230761
291232702
291367304
291655143
291675408
291701355
291721267
291861374
291880280
291915825
291928656
292198683
292211174
292211304
292298661
292307652
292405289
292489334
292547728
292625505
292653203
292710451
292711983
292749348
292842988
292848252
292900264
293046830
293105017
293117867
293377098
293518733
293674548
293736781
293812387
293873437
294135792
294198515
294198767
294257544
294571939
294601339
294686037
294934746
294945690
295010332
295022438
295037680
295062454
295137325
295187823
295217427
295282972
295438340
295476697
295516748
295605419
295743037
295786086
295877443
295885145
295907266
296063692
296238876
296268719
296508910
296745148
296890134
297133656
297267793
297285956
297493180
297539798
297565437
297584011
297618217
297823924
297910216
297935297
298043855
298069089
298298380
298381651
298397017
298826471
298837420
298996934
299290082
299432405
299445153
299510986
299839890
299853577
299877784
300257810
300471543
300513486
300538150
300644318
300709650
300760242
300785444
300824248
300826359
300922981
300964280
300976713
301044114
301077371
301097943
301124074
301125752
301205407
301227988
301353889
301625091
301640998
301677191
301721790
301799615
301983647
302055793
302165511
302203157
302309248
302315763
302544089
302558930
302744883
302839526
302924667
303010119
303083336
303088816
303130443
303240494
303376222
303401347
303455732
303488535
303570431
303875866
303965132
304033981
304421504
304564932
304652717
305089741
305131517
305568884
305626935
305728865
305751376
306035283
306043185
306262692
306414822
306515982
306557375
306584557
306600871
306613059
306712564
306762509
307044764
307100097
307139682
307190874
307282929
307467712
307714168
307727492
307832660
308151302
308174750
308266873
308558747
308637070
308746186
308773627
308811309
308856937
309004003
309104372
309120840
309214797
309273614
309402221
309407057
309426828
309478670
309568029
309709804
309836380
310076816
310096302
310183557
310270922
310646185
310716098
310727998
311033548
311139111
311143976
311157382
311181697
311232948
311296026
311396909
311430157
311484357
311515258
311531048
311596454
311839925
311845896
311881828
311924198
312000439
312014699
312027384
312062131
312074432
312096609
312168810
312353391
312480029
312552291
312709223
312720691
312858967
313093994
313149297
313151484
313315937
313423054
313470209
313489613
313524037
313585719
313590882
313647519
313757074
313890813
313996779
314002651
314109563
314229175
314278918
314409586
314752209
314819693
314899287
314939043
315139019
315212513
315220708
315246127
315268252
315349374
315419548
315421148
315427753
315591476
315796754
315919090
315948183
316010756
317019215
317311342
317826623
317858604
318220656
318269151
318295260
318478342
318595578
318597090
318867113
318898550
319197841
319258139
319437898
319483224
319519608
319795569
319835213
319897979
319906624
319969407
319981878
320006683
320025977
320220421
320255781
320265225
320627928
320737729
320738251
320991141
321088111
321148193
321235393
321260786
321333534
321386722
321503925
321524445
321524796
321633541
321677578
321814492
321885381
321906130
321910010
322002399
322021886
322361789
322466288
322545298
322891655
322901791
323030538
323050577
323080306
323103667
323132799
323350979
323485818
323527706
323647898
323653506
323671961
323723678
323787527
323945143
323946880
324018291
324167039
324442208
324465668
324554706
324747285
324752892
324857744
324919825
325044785
325075286
325131367
325302770
325610730
325769164
325863973
325873599
325996444
326024552
326076341
326092805
326145384
326206291
326209850
326245579
326273134
326340536
326355554
326598859
326924669
326945871
327097547
327099839
327141869
327177049
327274361
327353708
327362083
327553523
327574373
328109008
328177635
328205714
328303737
328390789
328398104
328547345
328564231
328588429
328937845
328954561
329039929
329385601
329521712
329644892
329685850
329717658
329778525
329891150
329960332
330134178
330236852
330248526
330312997
330324083
330355374
330362966
330378875
330411583
330523534
331153545
331369647
331391585
331463320
331621687
331832698
332177492
332338684
332363973
332552628
332633279
332771304
332987763
333021066
333086807
333098881
333106056
333118102
333366772
333381890
333666849
333701533
333834179
333856141
333862446
334081220
334128198
334263676
334344458
334470858
334604692
335007471
335059205
335074961
335104215
335212049
335277719
335402346
335467016
335501966
335858202
336086763
336610361
336624014
336678347
337114866
337183756
337188509
337196170
337280854
337389026
337419051
337439876
337449081
337577091
337636097
337733124
337775604
337827989
338289272
338391045
338478832
338527935
338616844
338657336
338683147
338781655
338834253
339280471
339283788
339318569
339349021
339488562
339648688
339730105
339822074
339826714
339901013
339951451
340174524
340398277
340433896
340447439
340455830
340559249
340750775
340989874
341038712
341054482
341078720
341121297
341138392
341162579
341263557
341344432
341589456
341599531
341742433
341866616
341976427
342129776
342222970
342486413
342587432
342648396
342669623
342774487
342915938
342950772
343027207
343227511
343299266
343480991
343673649
343748600
343839939
343910760
343926817
343928390
343996843
344030535
344143906
344268663
344275814
344294132
344671679
344725353
344918431
344955716
345133707
345147441
345167478
345180817
345314001
345519419
345529635
345574738
345705858
345771508
345887619
345917708
345927109
345933590
345965152
346015333
346029817
346068012
346187038
346204984
346383609
346574319
346643368
346727354
346748657
346766538
346958817
347103489
347113767
347123937
347132084
347173845
347227212
347266971
347275582
347327706
347758636
348192863
348289929
348400578
348442436
348776897
348896018
349521618
349807310
349942036
350031775
350070011
350106395
350229870
350262548
350396054
350510914
350561608
350625916
350657995
350772407
350803874
350951441
351085640
351146689
351401305
351497761
351595376
351682559
351703201
351991406
352018836
352046630
352413140
352425079
352646700
352669037
352769470
352835466
352972343
352984035
353291209
353342611
353405037
353446345
353607075
353754571
353879087
353997549
354058809
354086170
354175779
354247833
354248221
354294744
354581335
354661510
354978338
355061189
355125520
355235963
355359648
355375301
355759013
355870876
356108269
356201874
356379390
356636546
356774751
356780663
356783599
356833628
356906016
356927021
357133690
357146458
357238279
357287983
357315253
357465444
357515327
357785239
357785762
357935097
357966593
358112881
358128148
358235879
358368760
358400790
358437234
358471888
358885437
359030619
359121403
359167286
359211017
359323396
359337707
359510289
359559636
359576778
359596817
359609262
359741277
359836788
359944192
360296482
360377057
360398864
360451681
360492722
360650919
360769843
360925769
361050700
361218331
361218558
361405820
361481503
361513882
361718795
361938491
361960868
361969554
362027783
362191316
362226114
362443881
362475509
362497900
362585610
362905880
363038720
363138077
363163399
363204159
363315849
363345563
363462394
363570221
363593994
363657585
363688651
363759164
363792365
363959741
364174806
364263337
364506783
364585147
364684365
364801703
364917625
364946607
365077058
365270221
365270774
365314425
365340593
365366633
365375577
365504030
365512916
365531072
365716258
365728016
365829376
365918535
365996241
365996932
366108549
366110107
366148713
366189175
366504038
366575623
366644487
366719208
366751991
366753398
367597978
367667927
367758948
368029607
368309575
368425552
368464389
368497672
368568731
368616063
368713050
368738053
368843466
368936290
368937213
369331116
369668566
369744394
369821293
369852782
369879928
370048006
370118366
370251725
370295797
370362207
370422728
370753768
370828154
370874109
370908528
370911174
371042210
371047214
371174894
371191486
371306521
371454555
371751047
372080148
372264748
372366064
372508124
372565413
372591537
372690348
372895769
372911090
373234421
373242786
373295226
373492759
373631058
373677856
373764615
373879276
374172694
374301173
374301332
374583074
374591614
374727773
374831164
374979642
375255021
375343431
375413956
375455376
375457913
375506337
375592859
375716126
375783087
375809895
375955783
376070377
376109939
376222353
376271852
376292140
376302204
376365378
376370904
376401788
376435671
376443433
376459795
376502370
376530226
376649191
376671006
376697298
376742032
376979220
377111956
377181513
377357677
377470371
377583739
377780367
377890309
377983943
378087503
378379491
378429802
378873934
378947744
378954866
379029406
379268656
379280678
379443319
379555165
379577537
379605071
379631057
379639867
379677253
379747955
379750294
379821613
379860244
379973464
380140215
380251788
380275112
380442116
380816177
381113552
381269436
381337700
381397346
381418540
381421007
381423072
381799676
381845862
381865239
381987239
382012298
382078044
382128132
382130540
382328787
382403175
382698534
382859018
383040697
383218407
383279604
383385303
383455023
383589879
383942140
384095520
384116076
384143145
384146263
384275341
384322784
384555174
384566419
384626709
384773248
384896751
384937275
385107156
385185420
385313860
385396427
385523152
385524129
385552981
385781897
385945799
386054075
386173734
386501100
386535167
386544823
386679953
386717083
386788860
386812929
386884455
386957505
387186903
387216151
387225366
387348575
387386001
387418955
387439064
387522473
387573545
387654132
387696645
387721693
387732439
387841976
388099766
388150400
388295582
388319978
388454482
388673617
388731308
389033851
389053765
389339869
389399154
389484293
389820905
389987597
390159073
390209505
390287322
390324358
390390113
390509673
390518296
390624098
390672045
390713830
390806538
390869469
390905705
391024553
391148522
391753619
391870852
391911625
392202880
392333345
392558798
392564497
392614107
392884293
392896971
392907267
393230995
393422566
393425140
393589547
393662612
394014850
394061401
394146448
394152923
394189457
394206209
394253374
394254735
394691990
394909287
394943180
394966299
395077625
395121496
395409120
395446433
395481152
395637090
395655741
395666853
395672064
395724859
395845543
395881354
395897273
395960037
396120173
396449614
396540201
396563652
396867688
397075369
397195868
397474687
397702297
397794061
397839332
397860624
397888581
397992553
398195793
398489924
398587444
398833609
398912339
399146752
399273369
399366057
399420822
399675231
399744227
400288853
400321128
400643897
400693904
400717475
401126273
401165706
401303181
401319742
401525869
401559998
401831367
401933718
402037806
402280086
402414440
402417747
402421016
402464769
402479049
402480319
402537545
402610859
402847820
402931799
403120960
403126547
403244967
403343797
403427390
403452011
403464983
403784128
403810909
403940905
404153212
404168796
404599535
404625310
404673296
404722384
404725919
404747166
404773775
404906310
404972519
405025777
405498973
405499455
405503640
405576526
405880648
406033072
406039952
406085917
406161113
406230513
406254851
406411530
406419623
406445747
406535071
406672132
406771462
406772882
406796226
406880049
406908893
407032471
407344017
407449219
407521930
407882014
407901265
407939743
408086191
408160626
408273555
408439269
408447097
409262341
409310392
409396782
409599608
409963894
409987854
410023691
410078244
410103143
410124361
410235963
410286276
410321580
410539888
410616184
410714033
410909366
410920463
410934602
410950262
410954064
411078213
411236668
411319456
411377197
411382105
411403178
411572704
411592385
411732408
411734897
411744779
411923118
412056916
412078345
412170733
412174958
412240784
412356286
412529606
412541375
412672118
412699621
412817180
412987701
413006656
413204656
413250250
413255709
413264279
413364864
413385885
413403976
413405541
413483770
413543189
413563396
413585323
413779701
413793805
413837935
413855727
413887824
413890566
414132690
414322260
414797843
414981228
415149247
415281415
415296665
415542170
415550624
415721838
415761500
415786181
415812869
415981861
416040676
416068307
416110824
416140851
416165699
416392685
416408808
416415543
416455191
416659626
416705877
416844331
416926371
416995573
417165602
417192588
417201712
417212979
417280850
417393115
417419599
417540111
417554579
417623208
417700746
417783704
417873094
417940433
417979902
418070393
418269808
418325619
418378189
418426791
418427777
418478827
418489996
418687432
418755320
418784183
418875163
418877605
418970381
419057635
419127339
419320788
419398624
419578737
419583167
419812991
420041396
420043459
420069587
420549846
420815002
420939019
420966207
421000006
421067168
421067598
421139851
421180060
421308919
421409079
421417879
421448300
421669853
421723442
421745734
421790049
421823542
421967963
422147394
422293824
422335359
422804258
422957561
422980773
423193391
423221303
423248823
423317040
423418498
423469774
423505248
423507904
423587510
423718098
423836668
423908179
424006243
424086145
424093095
424210011
424260959
424308345
424480238
424543914
424634008
424689773
424845736
424888265
424905118
424968968
425170562
425429582
425556400
425697344
425772480
425836732
425876529
425905684
425908181
425947109
426078111
426351787
426726177
426991059
427043975
427153639
427411580
427414745
427514685
427596901
427652385
427877126
427882775
427894184
427930001
427949995
428078628
428088324
428159450
428172643
428225763
428454008
428515193
428753668
428883840
428892242
428947477
428989179
429061040
429193798
429245534
429505356
429533359
429698093
429708685
429786078
429867505
430002269
430072605
430477545
430596161
430673949
430781190
430835734
430975369
431106861
431134244
431158395
431248415
431281417
431382790
431384962
431408961
431520135
431546696
431621878
431888604
432001005
432018537
432048785
432131246
432166223
432186191
432295353
432336965
432380234
432477835
432599193
432912874
432941034
432975947
432995603
433131186
433213331
433220339
433522690
433526589
433530950
433597570
433652267
433697269
433840256
433948151
434108612
434143841
434226893
434314088
434343978
434521148
434649780
434728321
434741634
434754758
434921928
434993058
435006792
435032383
435034987
435047105
435086136
435177772
435279906
435285992
435327486
435507077
435622825
435670693
435761032
435864746
436011070
436157842
436167655
436202121
436259160
436264154
436295026
436297375
436322887
436377145
436835332
436837334
437047037
437128575
437201092
437347665
437450892
437540430
437544811
437598172
437605229
437650954
437776692
437921518
437923282
437964373
438024812
438130146
438147375
438220146
438221955
438364910
438423857
438573912
438805628
438845435
438858833
439182785
439297264
439361465
439367223
439381331
439387470
439413525
439493814
439509484
439512677
439561542
439573991
439617255
439634411
439795049
439977958
440084909
440245305
440247978
440515504
440671653
440767464
440801478
440882218
440886327
440928305
441024540
441206394
441229009
441465697
441497970
441687025
441783045
441877142
441895609
441989125
441990067
442036980
442094029
442325998
442401342
442481962
442659486
442997398
443119168
443354987
443367321
443549922
443570289
443578016
443623676
443649674
443695068
443704678
443712961
443879162
444117489
444224725
444323491
444386402
444475361
444528818
444551388
444571647
444709575
444735576
444746543
444843972
444888357
444908434
444966655
445114010
445284933
445376320
445509343
445582016
445688913
445895723
445966321
445995799
446056712
446179124
446449518
446614825
446627105
446637926
446773408
446869646
446896920
446993413
447223714
447385786
447511098
447602714
447684783
447738690
447747159
447808000
447940732
448019084
448068662
448242374
448752601
448856644
448929494
448946056
449074604
449196741
449264786
449322266
449404017
449416315
449501066
449593031
449597923
449776579
449991420
450182549
450314501
450694455
450750485
450751682
450886872
451083731
451151318
451162311
451287694
451288570
451292876
451318038
451334066
451370639
451673413
451738200
451751921
451979738
452000673
452319183
452498543
452506350
452524775
452778370
452857125
453024290
453096922
453140893
453251504
453264884
453530107
453767283
453785200
453886812
453911013
454058945
454110892
454252047
454265935
454510402
454510935
454702200
455040056
455100244
455121492
455177035
455283558
455647068
455704834
455875516
456004564
456034527
456123934
456391335
456426622
456458282
456582377
456689741
456980300
457143489
457195144
457308077
457400685
457484641
457583665
457597223
457684685
457712730
457744612
457808492
457931047
458009462
458085711
458149882
458209926
458260322
458264291
458319101
458702500
458768034
458983459
459224746
459329083
459345537
459474570
459602031
459628923
459671071
459891067
460039642
460259001
460319417
460355859
460436528
460495652
460579207
460643369
460846236
460882597
460883664
460902709
460957125
461008936
461040454
461049870
461050998
461134968
461286716
461402405
461644424
461731847
461852765
461917636
461956521
462082241
462151347
462463576
462510279
462640154
462790655
462948911
462956684
463076059
463200479
463352106
463505079
463667119
463813952
463831870
463976075
464403036
464451685
464734220
464860910
465030189
465073069
465081799
465095648
465297394
465341752
465392945
465430623
465528104
465689213
465713349
465825013
465860867
465914159
466011410
466041162
466047394
466168911
466240743
466545069
466662927
466675332
466680133
466770546
466833044
466851680
466911212
466980555
467052632
467083591
467187934
467224419
467255401
467328287
467387989
467435019
467508944
467514755
467545730
467632030
467781916
467858271
468100795
468264105
468435478
468440176
468550698
468694262
468723999
468771907
468846676
469047706
469518782
469611853
469640777
469674974
469994684
470069418
470308631
470452296
470490200
470507693
470688420
470725877
470785298
470890733
471081951
471283016
471434981
471598864
471786752
471791260
471839486
471906722
471980537
472053990
472073136
472076791
472089142
472179291
472185919
472204456
472234055
472439260
472442094
472516750
472599311
473160909
473411746
473520505
473633398
473661189
473711244
473867814
473895322
473933144
473994222
474013617
474044842
474085949
474509342
474599447
474691309
474761806
474797138
474878439
474880148
474970663
475219302
475240876
475245201
475351451
475499150
475506635
475526649
475568527
475573401
475577970
475743460
475752013
475752768
475788905
475857671
475937359
475955243
476381303
476425805
476445817
476462700
476464982
476536078
476538249
476545466
476678102
476692249
476707370
476783670
476792980
476850018
476903706
476919720
476975786
477098060
477112892
477176882
477211990
477356742
477708151
477731023
477735105
477806141
477892944
477962999
478017427
478053464
478160056
478167333
478431364
478500882
478585839
478746802
478968233
478972008
479188163
479244624
479367451
480139258
480145706
480310642
480339223
480686574
480813367
480870840
480930863
481129937
481292256
481308275
481416087
481621103
481641975
481682639
481735327
481794669
481938024
482048570
482110090
482173509
482218431
482432664
482503530
482572492
482603299
482837852
482949128
482968577
482986860
483005910
483082505
483171637
483383050
483416181
483462832
483468380
483900478
483969388
483984347
484134811
484298320
484419711
484473996
484642737
484644512
484727812
484756268
484802889
484970031
485142293
485221648
485314463
485436604
485584914
485659326
485673514
486051403
486154135
486228830
486995805
487205185
487268086
487422652
487431910
487616792
487954288
488034970
488098607
488240967
488364067
488377216
488390144
488527945
488531552
488543540
488618079
488661333
488689954
488778325
488792753
489054387
489098237
489173545
489371958
489491910
489648711
489682178
489928048
489929543
490061545
490075554
490095362
490371386
490493240
490528256
490549768
490567251
490581764
490609545
490714251
490805345
490867139
491064640
491113746
491130717
491131350
491138369
491301206
491328456
491442493
491481479
491568867
491941219
491998656
492102720
492113915
492117040
492141472
492160351
492171477
492216864
492296035
492394202
492407520
492452126
492529645
492565619
492721538
492791080
492957177
493054280
493166532
493232747
493338276
493376034
493659026
493712934
493741753
493743539
493794357
493848767
493918577
494075997
494076745
494122854
494262732
494271779
494377580
494968896
495008575
495053483
495071533
495513999
495689887
495737178
495782484
495923348
496028184
496272417
496588075
496666838
496704794
496882116
496988253
497158633
497176590
497203892
497286613
497328568
497403579
497476205
497535352
497602378
497774893
497782356
497805934
497836253
497903174
498130699
498149368
498208099
498214691
498322737
498458299
498525106
498685094
498730769
498745746
498749568
498760636
498807493
498811727
498875724
498940177
498964842
499046833
499086914
499090600
499335557
499473162
499611143
499698467
499757731
499841265
499878787
499908546
499980346
500079601
500129005
500262194
500378335
500389858
500429476
500516009
500567291
500619746
500667675
500765866
500782485
500791472
500802050
500952830
501065683
501132176
501176847
501253972
501485087
501564161
501566423
501667021
501732474
501866582
502058853
502084146
502116633
502150420
502503831
502559510
502604241
502722429
502785380
502788666
502916820
502974409
502993398
503007079
503078660
503106774
503161154
503210765
503446575
503487806
503508485
503625953
503751777
503897826
504144738
504157575
504263119
504421490
504427994
504584667
504599945
504667085
504791530
504943306
504990142
505063324
505067174
505115233
505236832
505382315
505410580
505427210
505664947
505787862
505788503
506002574
506173539
506227492
506240628
506314141
506338882
506375093
506375197
506517057
506562105
506614516
506648122
506664901
506683727
506703393
506714957
506781387
506801252
506839645
506951091
507078103
507159725
507213065
507356500
507366654
507524489
507561604
507670234
507778368
507785278
507786791
507807391
508067313
508099582
508126201
508173849
508264725
508385189
508417899
508479243
508536373
508588065
508852763
508939312
509041452
509139126
509290087
509338603
509466937
509519010
509524747
509575151
509659680
509675861
509765652
509782959
509806214
509811397
509861285
509964479
509971494
509972843
510033800
510035443
510112627
510124554
510162371
510261853
510285545
510342995
510366578
510695292
510695785
510772028
510773310
510853018
510875457
511132509
511167083
511176636
511245551
511257244
511313846
511592798
511667901
511668045
511695875
511710576
511822658
511928516
511930119
512182026
512301519
512311495
512316652
512324908
512327411
512334649
512484712
512498329
512852970
513131072
513355691
513421249
513457925
513471823
513499108
513608396
513759016
513835187
513940743
513987737
513998812
514096125
514243354
514456577
514679894
514704240
514892557
515032729
515213784
515230491
515358833
515452030
515458861
515472036
515769345
515799714
515831703
515888501
516032699
516071855
516290509
516329387
516439428
516479093
516714381
516766933
516816677
516941189
517012929
517040491
517045595
517047103
517067478
517363600
517529602
517614024
517677678
517685771
517887074
517961676
518070735
518075856
518136333
518202559
518294703
518389665
518486424
518908827
518938627
519071614
519127085
519229733
519556625
519814489
519923061
519972756
520457891
520531927
520648326
520760213
521394403
521582367
521604959
521656056
521806364
521897755
521991868
522013959
522081916
522123360
522134262
522137165
522337851
522414209
522626950
522690517
522719981
523009494
523118047
523188976
523352220
523407001
523425310
523512759
523520567
523565776
523642094
523700204
523735796
523896070
523962973
523966846
524278338
524279353
524500515
524555377
524897643
524946502
524989001
525008059
525110733
525122002
525134756
525284905
525342166
525404111
525429421
525775531
525929254
525973244
526089827
526345041
526480902
526595106
526716163
526734452
526825040
526902461
526904524
526934260
526940886
526943354
527106270
527108400
527232899
527283470
527323111
527519996
527529902
527823600
527967592
528010925
528142831
528165544
528272413
528452369
528654415
528791106
528844340
528975121
529133871
529171058
529255826
529414615
529418736
529491805
529536458
529629608
529699480
529704117
529832822
529856476
530290426
530300625
530407992
530508217
530577685
530589069
530947544
531028563
531082545
531215192
531221673
531501732
531536559
531667373
531710611
531791412
531884040
531937037
531947821
531948252
532315500
532378753
532434000
532485477
532529279
532617829
532813421
532956048
532976474
532994957
533042705
533215860
533663420
533674137
533872353
533901403
533908874
534066735
534316001
534382532
534403222
534567484
534701833
534956155
535066279
535141051
535157230
535172984
535243947
535257000
535416570
535471517
535502615
535532950
535585187
535619530
535744326
535826394
535888601
535983545
536161734
536285252
536409376
536430066
536517800
536715647
536873932
536956163
537024236
537127660
537189651
537345269
537386965
537472663
537593220
537594520
537694274
537824138
537965292
538023041
538153623
538164196
538185298
538187783
538195937
538524921
538574928
538665401
538721640
538865951
539155059
539203815
539342525
539393503
539520362
539708456
540079974
540148757
540205355
540386292
540585468
540600558
540727402
540900671
540966560
541045505
541051999
541069381
541239866
541325087
541608399
541609186
541624162
541670528
541704042
541748183
541853786
541898738
541939430
542011849
542094860
542536001
542675430
542717387
542874107
543024252
543538652
543540492
543554565
543598837
543608838
543716961
543812314
543877108
543877266
543895884
543938363
543948925
543961499
543966378
543979098
544121768
544148099
544224757
544234592
544307629
544424063
544463967
544496770
544518491
544576745
544859540
544882570
544965175
544970323
545152468
545222685
545249787
545407290
545563120
545567296
545713073
545746128
545811601
545846875
546033680
546038196
546115590
546498470
546536164
546540230
546621082
546726084
546763283
546830202
546843221
547217545
547247920
547260316
547340292
547359067
547445564
547697380
547828723
547862765
547985572
548164627
548209840
548396986
548420043
548483087
548600632
548602882
548675182
548680241
548686366
548690644
548812740
548815578
549209591
549210200
549263436
549394056
549434632
549460662
549487662
549532729
549841500
549972395
550180362
550195945
550228313
550418551
550444907
550513220
550667738
550777581
551042748
551193686
551351126
551373233
551381426
551482424
551647508
551680635
551771825
551910368
552236332
552240823
552271692
552324998
552524002
552625249
552632321
552649232
552694393
553112964
553196440
553225572
553243562
553351257
553389420
553648844
553723837
553909581
553980677
554045584
554296912
554315419
554347604
554451239
554451580
554459157
554630297
554653061
554721045
554760964
554794216
554902889
554925198
554977787
555058506
555175330
555199279
555417966
555776819
555833338
555846254
555902197
555961778
556017688
556077413
556183530
556251845
556330518
556359156
556364781
556441681
556564318
556623010
556626997
556673268
556697132
556921155
556970462
557093677
557180810
557185605
557583486
557837127
557908876
558161031
558173795
558364747
558386056
558692216
558713806
558790693
558829569
558833850
559119739
559252530
559443592
559614833
559911806
559960350
559983822
560010252
560029729
560030766
560409352
560571691
560598000
560671997
560749796
560992427
561116233
561284517
561301902
561303848
561630226
561824222
562118700
562166440
562308765
562367175
562384508
562482923
562536048
562645180
562923092
562988825
563107075
563130683
563277814
563383226
563419290
563556143
563627823
563760116
563826449
564101898
564176256
564387107
564438035
564512608
564678343
564947265
565124591
565170162
565197546
565280657
565318506
565639169
565710842
565725834
565882806
566042662
566300561
566471107
566492683
566516556
566633005
566704365
566716811
566776386
566839831
566937060
567025990
567032173
567135510
567502843
567529306
567533812
567543256
567628357
567809416
568468381
568575279
568691857
568899187
568981760
569108703
569166215
569181727
569292188
569736488
569779808
569821870
569824093
569925069
569929173
570240053
570286435
570297236
570374901
570494739
570757204
570794366
570861607
571068190
571166954
571456794
571460788
571481447
571496652
571534875
571650614
571676296
571693344
571709450
571756793
571779039
572026827
572238161
572281158
572310566
572406727
572447717
572474424
572494625
572672585
572694136
572746309
572938810
572942200
572959700
573358595
573503366
573512243
573541812
573659891
573733197
573737082
573822035
573921568
574003967
574061830
574130525
574147101
574382170
574382831
574456682
574557508
574649020
574684492
574687311
574776607
574888246
574931509
574966965
575199501
575381572
575448669
575464451
575717063
575733603
575808903
575846820
576023718
576075253
576107454
576200364
576235326
576382387
576431808
576462854
576659709
576709659
576736176
576976686
577101092
577139116
577173124
577322497
577607469
577610264
577681934
577897042
577908905
577937919
578083831
578181054
578214171
578215572
578282318
578356669
578419044
578553813
578577889
578719370
578864314
579069855
579173287
579210970
579330520
579485940
579486745
579557417
579625530
579714107
579747171
579836837
579969920
580000282
580056126
580124023
580252918
580327791
580344877
580429280
580430592
580565562
580592809
580681245
580713605
580729855
580787500
581100202
581145524
581237679
581304709
581337991
581440817
581624804
581677060
581719705
581764463
581963260
582093561
582116996
582167106
582310758
582384903
582404148
582446834
582488835
582771270
582863047
582943484
582993048
583050202
583065297
583255524
583321099
583410029
583518280
583519547
583567219
583637600
583742069
583859531
583861416
583866755
583884337
583938405
584011528
584123661
584349763
584701872
584906617
584907906
584960194
585092666
585128066
585249325
585279642
585317133
585451166
585633816
585703234
585866269
585944003
585982304
586094710
586140760
586290912
586421376
586519398
586534862
586547193
586651500
586675829
586725837
586883918
587242670
587439250
587477264
587505937
587694708
587736108
587760875
587844701
587911321
588060074
588115188
588324029
588706211
588713676
588737725
588784851
588888644
588944035
589004564
589183906
589256137
589352210
589522134
589591124
589601404
589664607
589863494
589901739
589981354
590004150
590024320
590121566
590174010
590298600
590507154
590550998
590561799
590674176
590957306
590979920
591060182
591148316
591262064
591312727
591314332
591400698
591471330
591543521
591787982
591930325
592095147
592237923
592345569
592469935
592505031
592610255
592627566
593306696
593418726
593458492
593504744
593690894
593714656
593762230
593894851
593922405
593963422
594035595
594163883
594249168
594501759
594835905
594971171
594973221
594992646
595089190
595625525
595644719
595894298
596364484
596458829
596494953
596715815
596818148
596839786
596888041
596967244
597003169
597042039
597259746
597310229
597337811
597422986
597674954
597679726
597687416
597942203
597978972
598041897
598095486
598135594
598198562
598210455
598226624
598336092
598435764
598484967
598492468
598626405
598632209
598831820
599030828
599238755
599263332
599313275
599336486
599508684
599537174
599552109
599663836
599726856
599737011
599797857
599822082
599843857
599875317
600065283
600077617
600130802
600173372
600286226
600289928
600365848
600406855
600438511
600489266
600548893
600586817
600693065
600810061
600924122
601055420
601071750
601100620
601140567
601182020
601239032
601263447
601414318
601420415
601497754
601680414
602074245
602334649
602335349
602341103
602397577
602412188
602422242
602487655
602628982
602765446
602805852
602895961
602918146
602920813
602932054
603010593
603075641
603133541
603140649
603222779
603234064
603245272
603421664
603541753
603602347
603627646
603717484
603788115
603807207
603854804
603992005
604048907
604300485
604488933
604500415
604615166
604901092
604953931
605129264
605222444
605254938
605295476
605416002
605427984
605480518
605627454
605653953
606052832
606078058
606078748
606131957
606224452
606317162
606467297
606581027
606692869
606731965
606902138
606996085
607048245
607122226
607184502
607258458
607285800
607354487
607359941
607538952
607578466
607658129
607918284
608068364
608199649
608203698
608230314
608253172
608261757
608297708
608333202
608335776
608542022
608612207
608872861
608905897
608974355
609017942
609018941
609032346
609073455
609105893
609120186
609126368
609132310
609248429
609298236
609306593
609336048
609507891
609612319
609700793
609739430
609846113
609941793
610079849
610163435
610168796
610249767
610269904
610276170
610455636
610551446
610613695
610691607
610833113
611106213
611117478
611185249
611331878
611336700
611487659
611603176
611688666
611800903
611811252
611875054
611972754
612038199
612079581
612117573
612251153
612375070
612482229
612529726
612535819
612581749
612637444
612703165
612749416
612767472
613082080
613085468
613093281
613100491
613243544
613419127
613473712
613724237
613789459
613927244
613933712
613944186
613980365
614007776
614036983
614099274
614136974
614593725
614638705
614831173
614866926
614938329
614970619
615052005
615123923
615146131
615521615
615585408
615651609
615917422
616054292
616148437
616187823
616241509
616259199
616308000
616429073
616475102
616623355
616723054
616736606
616813786
617052791
617057592
617086767
617272247
617365177
617683618
617824831
617843256
617977789
618028451
618035870
618083479
618377929
618383923
618411084
618412529
618678281
618980942
618991061
619511866
619670627
619718537
620059516
620120309
620242708
620356618
620538282
620569747
620585411
620609870
620706671
620729035
621018366
621171026
621457001
621480302
621565381
621574863
621604758
621636268
621739674
622179532
622203451
622270724
622314453
622360373
622370782
622391236
622407206
622461252
622657271
622667928
622756452
622756691
622765088
622779763
622878153
622904038
622989143
623105196
623143007
623154824
623419529
623433147
623532696
623619412
623722595
623735223
623856192
623954996
623988790
624095522
624136630
624196941
624339912
624351380
624389275
624416627
624530800
624572371
624656483
624657054
624697383
624775825
624996664
625007975
625136894
625190073
625350476
625401880
625446879
625676702
626068126
626166492
626166501
626208568
626364781
626485985
626535992
626541796
626651498
626698171
626744637
626931405
627003197
627035176
627325991
627480167
627555224
627569115
627659843
627788036
627792689
627803501
627823858
627838036
627965171
628034752
628096322
628112282
628168028
628177050
628227062
628284323
628392984
628465496
628541872
628622523
628807081
628847942
628888559
628948818
629050789
629080987
629117904
629118313
629158117
629191942
629192151
629254181
629335633
629628670
629661270
629770982
629935076
629941811
629954318
630012571
630067391
630134509
630167823
630696338
630773881
631032476
631101913
631176655
631200073
631403840
631546009
631680697
631859244
631865481
631882337
631903339
631950302
632031494
632094991
632166464
632215652
632239165
632676595
632720565
632784350
632820196
632918306
632939799
632999992
633148815
633182760
633333545
633511613
633568311
633581545
633679038
634131156
634165168
634382417
634762721
634835872
635010079
635067552
635111768
635227139
635261001
635446590
635476261
635558365
635560586
635680621
635686010
636244411
636304882
636518069
636555670
636636205
636738982
636896104
636917115
636927725
636958274
637026429
637029383
637056226
637153031
637287736
637509985
637801824
637930658
637933931
637944180
638007043
638028823
638204595
638314087
638357570
638461930
638464251
638670601
638761809
638777471
639044619
639279208
639300518
639301883
639346804
639387903
639453773
639510318
639546613
639600511
639601814
639604331
639805467
639864134
639916148
639919049
640054661
640137103
640172571
640176093
640197815
640410086
640428100
640637792
640940000
640984201
641044897
641184883
641215565
641535075
641925227
641999964
642043973
642059670
642063482
642122360
642174877
642175933
642341832
642490706
642582145
642768114
642781393
642980753
642990125
643017281
643040402
643119871
643130925
643204123
643205501
643233782
643568891
643581300
643600730
643667967
643680515
643685463
643886869
644096566
644101279
644189447
644206886
644345122
644418170
644726959
644769020
645048926
645064513
645210032
645219115
645407240
645613683
645635333
645741972
645759299
645862716
645870642
646156103
646332633
646368583
646489262
646503691
646535967
646698393
646747720
646762303
646797752
646964933
647104003
647395827
647474414
647480185
647574325
647778542
647805890
647872014
647956989
648265338
648561018
648574305
648658885
648659980
648718017
649027841
649055134
649063447
649070759
649139210
649264675
649439922
649458410
649506738
649748364
649786564
649873135
649905727
650153142
650158696
650383592
650431734
650527378
650553734
650599257
650617456
650673588
650727518
650916600
650969644
651045110
651095488
651110437
651144050
651161016
651199354
651214925
651221625
651277120
651309287
651397298
651459968
651496131
651513402
651583628
651690711
651822717
651864262
652025325
652211017
652274498
652403580
652440355
652485275
652502849
652578075
652608863
652689521
652771347
652908123
652995411
653001942
653008708
653018645
653052175
653109984
653195553
653351902
653408385
653425055
653483347
653685038
653792366
653810425
654427180
654748877
654782494
654902820
655022005
655072668
655165532
655194016
655336602
655451816
655480112
655683189
655703617
655718639
655876586
655967586
656039489
656149513
656323597
656451466
656487082
656561328
656693008
656756220
656797809
656826136
656924212
657026576
657055162
657079909
657466245
657471632
657500200
657541624
657563796
657603177
657775724
657826199
657839084
657868723
657969759
658098682
658270338
658322235
658366701
658547440
658620444
658652286
658682748
658686614
658910716
658912661
659102614
659105900
659117557
659135371
659381079
659549654
659630042
659818995
660313832
660410528
660473583
660541247
660548062
660795825
660827165
660957961
661003329
661114009
661163347
661251844
661519658
661622906
661729250
662152438
662358531
662364009
662433023
662624490
662633249
662676733
662715319
662807553
662968248
663071075
663217811
663266129
663447832
663502321
663607343
663712224
663834771
664080267
664152826
664153698
664426372
664536508
664538048
664577344
664706439
665252947
665257021
665262638
665269631
665341682
665553762
665619313
665667636
665733144
665755216
665755419
665850124
666092821
666250833
666327868
666332920
666333848
666396339
666445814
666494491
666570665
666594215
666653346
666671283
666741986
666767682
667200827
667303762
667374271
667726624
667825155
667862854
668220302
668376960
668456504
668507300
668560164
668756235
669029912
669056566
669234684
669366692
669611572
669689755
669717757
669764652
669831408
670047770
670058152
670157156
670216852
670254366
670441225
670624730
670945928
671130825
671193405
671203987
671248734
671255953
671278737
671303879
671578469
671605656
671696156
671709428
671718770
671768249
671858965
671871663
671881029
671934859
672037632
672161634
672203021
672231403
672255096
672371612
672425546
672435798
672491119
672569636
672600895
672602498
672924282
672939865
672975825
673009488
673019095
673161960
673250436
673441053
673605732
673683497
674023316
674116213
674139181
674150574
674161162
674336749
674354820
674418948
674505134
674505957
674527108
674603755
674742213
674854918
674896754
674912826
674954302
675000685
675082197
675278250
675331230
675449078
675587217
675597645
675630794
675688152
675741559
675810871
676110611
676140679
676146951
676322483
676407845
676410727
676471402
676637266
676649601
676870531
676915265
676964202
677114453
677148398
677310208
677414619
677434813
677511969
677681754
677782189
677786606
677808737
677889178
678046916
678078554
678109060
678156850
678227551
678262153
678307698
678516299
678527795
678588202
678590393
678629192
678657936
678676164
678704526
678928225
678928888
678987465
679125924
679371718
679505629
679508179
679530718
679576501
679673660
679708246
679800016
679811650
679867446
679884713
679896320
679918250
680282418
680303268
680496952
680523979
680675167
680685268
680753188
680818020
680928404
681045877
681094284
681267080
681403570
681528003
681712319
682044543
682087359
682163785
682172848
682186908
682261848
682289364
682290961
682307787
682456305
682694403
682736004
682963706
683077668
683301076
683327808
683467926
683526446
683563445
683780642
683902554
683983500
684039129
684043686
684048661
684078080
684220621
684394318
684420735
684441120
684682998
684750887
684772864
684777296
684801458
684983710
685498508
685565716
685617086
685696626
685718663
685719486
685744231
686040059
686196552
686304811
686317877
686542299
686607764
686667056
686681803
687038983
687078373
687206245
687229959
687231084
687259588
687316990
687439957
687645501
687671701
687677288
687678690
687709737
687714675
687736314
687776991
687863307
687920864
687924840
687952609
687954580
687995702
688188343
688236067
688479501
688479959
688620326
688680240
688789537
688856097
688936723
689057821
689075160
689174049
689180130
689499910
689528221
689632183
689634089
689834109
689899889
690290944
690336567
690390747
690515810
690873153
690897699
691213570
691516187
691686551
691717032
691943523
692005366
692236079
692374074
692520971
692562623
692672512
692922230
693111107
693239256
693243200
693360110
693537390
693606081
693632859
693754542
693797712
693867146
694031992
694072762
694193246
694262450
694524860
694542011
694611688
694766223
694789956
694904310
694977010
695246697
695335546
695415701
695492398
695528509
695536644
695576689
695657522
695671895
695697986
695838450
696483422
696626104
696629686
696720031
696992190
697002317
697095057
697103094
697282314
697403200
697480463
697531884
697630978
697650558
697653169
697748976
697910150
697918797
698182508
698238479
698248070
698401328
698424025
698444199
698638141
698835478
698877087
698903995
698907972
698934306
698968785
699014418
699161791
699214707
699294377
699327774
699376539
699575323
699606704
699784242
699820870
699882898
699955570
700071692
700342919
700459110
700766692
700947243
701066911
701174722
701314321
701354329
701441547
701549524
701600399
701650394
701873549
701933683
702107596
702277973
702338600
702504345
702619524
702851449
702851736
703109871
703331901
703342335
703668467
703673274
703776012
703893386
704085131
704266700
704280676
704371775
704482516
704554617
704631090
704785662
704825240
704856191
704974108
705040293
705043945
705231366
705306845
705321513
705321846
705390339
705493568
705572631
705653909
705818802
706013237
706170404
706196274
706355267
706405108
706430383
706454446
706462494
706529013
706540337
706705794
706909896
706974627
707103432
707106401
707125053
707379018
707593876
707632246
707636874
708085778
708405037
708589638
708591965
708621046
708632486
708791111
708820512
708903237
709247973
709308737
709443520
709868451
709908279
710126386
710131408
710132388
710142869
710173112
710556193
710559983
711019940
711236130
711299155
711308422
711338714
711394992
711513564
711812697
712225661
712573777
712576625
712730768
712783691
712896632
712913389
713145978
713486941
713506194
713613251
713629645
713781247
713787883
713933829
713962900
714010614
714012374
714053500
714175126
714549156
714582435
714597671
714659364
714766488
715037558
715098913
715356010
715547667
715655159
716188982
716197439
716263258
716279375
716342968
716457307
716459132
716480608
716567099
716583158
716646160
716647437
716655349
716696992
716702634
716768090
716775319
716891922
717261672
717288803
717316074
717371698
717422626
717472781
717606103
717644595
717772761
717878379
717974759
718211745
718212985
718309328
718467687
718470470
718553006
718774516
718978976
719030054
719055113
719074130
719135044
719214832
719317686
719370702
719412500
719429217
719652278
719721548
719752912
719845893
719923123
720076182
720081303
720121900
720252877
720272556
720347009
720517466
720578619
720611168
720736402
720897239
720918829
721014672
721026401
721312060
721423623
721776404
721836449
721885367
722123398
722273218
722510086
722627445
722651691
722654363
722828095
722860213
722874571
722939457
723027207
723208514
723234781
723333563
723359410
723539186
723713675
723715802
723846997
723871063
723971250
724001678
724018460
724033328
724046457
724394253
724466363
724566732
724644599
724876111
724939787
724974384
725055976
725107054
725239522
725253026
725266392
725270759
725301953
725307801
725326738
725396782
725490039
725618935
725639241
725659527
725677286
725743841
725752689
725791376
725805133
725865891
726177453
726257575
726337777
726449494
726459879
726472093
726478563
726488884
726515798
726959966
727057165
727061278
727166743
727423696
727500035
727643970
727762040
728057198
728101534
728114647
728384417
728398405
728402540
728589147
728826134
729189595
729210508
729436477
729558109
729611516
729772420
729869311
729888742
729899059
730087015
730130035
730228870
730264681
730411580
730508336
730518346
730568112
730570076
730775697
730782304
730826528
730883826
731009109
731199729
731229814
731264901
731764162
731979001
731998697
732049937
732054720
732154896
732435302
732611307
732714961
732731220
732867639
732919152
733108783
733121716
733132692
733217766
733240979
733605631
733753445
733974411
734377111
734485319
734698243
734751502
734841768
734867028
734923824
735027283
735058108
735135478
735148004
735374360
735479058
735693475
735731062
735802172
735822515
735837106
735903277
736014831
736165732
736315587
736467699
736566142
736659984
736719949
736983675
737108642
737177734
737198306
737324381
737438710
737503917
737509743
737515581
737594763
737820521
737829056
737879056
737956902
738014677
738223444
738633047
738639772
738734189
738781419
738949732
739036164
739112035
739180879
739205585
739352193
739373162
739461049
739531537
739692097
739916702
739926575
739977974
740196873
740260466
740271149
740514071
740540650
740624640
740641830
740741686
740769089
740893135
740906851
741117970
741202366
741299754
741426153
741543297
741764602
741903566
741997356
742096084
742097194
742149383
742190358
742285464
742363120
742406948
742544344
742599207
742633036
742752753
742771202
742903744
742950271
742951985
742988489
743076745
743096225
743151682
743329438
743426361
743625126
743642727
743711144
743740092
743946242
744207752
744220307
744309385
744545168
744845057
744873936
744923878
745011439
745072867
745082521
745496786
745618419
745673523
745861009
745926988
745937759
746110339
746126737
746184330
746220375
746255932
746268067
746504825
746758250
746857443
746922419
746967915
747267582
747437482
747661865
748012215
748014148
748037824
748284409
748347523
748415357
748520233
748544558
748783588
748914655
748923144
749005106
749213059
749259760
749303955
749497853
749517215
749530164
749689136
749759811
749760831
749779548
749780106
749809462
749862271
749940168
749966127
750073989
750131938
750297765
750692859
750767900
750865251
751027305
751062594
751087379
751199890
751377958
751402205
751454909
751548752
751993880
752019886
752026185
752056395
752079976
752111523
752115947
752175622
752195553
752236473
752410745
752470612
752500694
752857317
752863748
752877574
752896377
752953654
752983393
753047432
753051701
753071382
753118206
753804406
753908504
754123312
754386627
754430964
754555881
754649278
755253595
755311245
755387006
755399488
755502157
755538094
755575651
755811235
755935234
755977074
756097390
756162094
756181893
756409721
756494083
756553255
756586883
756657172
756664039
756945645
757018274
757276847
757467857
757586805
757807103
757832023
757939448
758015127
758056386
758246135
758393048
758393515
758738145
758822141
758831984
758939918
758985864
759178498
759307855
759329712
759414979
759835926
760068340
760124741
760161367
760288155
760316037
760395859
760400604
760406414
760407434
760445858
760786529
761023446
761056733
761104131
761145257
761212136
761246289
761453039
761490444
761721429
761870745
762094598
762281439
762612100
762686489
763016521
763149216
763239139
763348207
763359910
763441810
763475806
763779084
763892013
763936396
764052605
764053880
764548936
764637499
764710789
764735173
764763008
764800702
764919665
764967950
764982753
765018088
765160459
765340978
765454104
765476048
765742817
765882517
765935752
765979615
766113273
766135050
766268361
766364616
766481988
766571045
766578710
766605598
766891319
767129946
767188946
767286298
767729893
767908487
767944506
768101502
768122760
768194277
768320030
768326706
768357906
768358807
768403354
768550458
768550532
768589781
768715506
768718221
768764143
768937888
768969536
769307691
769367469
769516023
769629757
769713750
769730704
769802151
769834166
770431068
770880205
771006767
771033352
771073336
771081087
771312286
771338713
771478459
771623045
771728911
771882470
771961549
771969732
772025020
772035098
772154838
772368634
772506295
772535729
772568757
772649210
772669329
773040687
773197155
773222702
773314512
773354759
773521760
773591655
773841224
774009909
774129209
774373356
774408409
774409362
774423591
774447750
774562371
774820294
774897185
774965402
774988445
775040479
775136077
775182134
775190617
775285282
775323756
775391865
775393041
775455290
775541410
775607842
775639549
775799460
775856780
776224185
776351853
776498639
776566596
776615039
776788376
776907595
776925735
777100399
777112914
777134974
777608176
777666503
777953121
778106298
778149389
778221523
778327176
778744360
778788907
778828268
778871105
779012937
779067080
779302419
779317932
779330121
779441180
779622714
779651240
779736070
779778306
779845552
780035105
780152155
780306362
780411806
780436661
780457208
780481904
780547377
780615350
781178304
781196501
781204841
781289402
781428099
781512797
781527566
781723836
781758528
782276169
782326556
782699402
782811153
782833772
782934301
783243231
783308384
783328389
783391834
783455051
783947342
783953786
784025683
784394099
784419908
784426513
784495402
784634019
784649505
784730671
784816912
784855445
785079445
785281241
785386468
785420832
785425526
785526504
785638446
785750799
785774136
785918381
786064133
786102371
786360991
786451321
786532146
786678731
786939033
786971877
787062684
787090218
787167093
787179081
787189852
787288883
787296849
787353565
787371532
787386639
787458964
787749308
787788621
787811993
787852308
787881558
787902091
787956484
788105747
788521939
788706833
788722279
788807002
788922710
789155831
789336721
789367211
789391456
789586846
789592600
789602603
789608402
789624485
789654769
789762557
789886769
789931898
789942070
790135278
790180820
790248577
790322000
790410233
790450236
790651196
790716877
790873612
791185097
791219331
791236589
791321237
791509293
791621326
791639016
791677737
791734024
791836623
791859158
791962082
791975636
792062412
792479829
792611089
792677906
792772327
792780268
792924239
792928244
793015414
793192451
793388614
793497217
793609765
793769143
793822388
793845358
793932212
794007002
794149172
794308296
794374974
794453460
794748709
794764513
795066517
795224208
795242990
795546989
795560463
795772642
795833746
795875868
795902613
796052669
796087144
796108327
796247222
796327578
796497511
796516819
796663804
796825351
796904683
796977070
797086431
797099996
797281918
797385373
797437084
797453432
797746881
797851942
797905113
797932997
797971124
798177228
798231342
798297660
798303502
798405906
798437460
798455112
798612530
798984269
799507321
799523659
799593218
799714352
799816257
800070610
800213525
800258675
800406475
800426224
800523928
800931104
800949036
801129027
801143083
801222564
801224429
801398169
801629574
801698226
801785867
801986436
802012609
802167385
802202688
802225307
802391316
802400858
802440235
802483078
802577251
802663500
802785638
802823780
802831416
802877229
802885063
803045985
803113492
803183481
803438351
803697344
803749961
803760303
803780345
803863447
803993121
803996807
804246602
804276700
804426862
804434756
804496188
804700326
805059360
805098714
805118018
805196482
805224059
805321856
805510258
805832996
806012763
806071076
806150450
806200124
806390888
806420071
806503845
807021169
807056539
807183725
807371305
807415996
807877914
807895082
808094333
808186079
808223606
808232479
808387736
808417679
808576190
808648937
809186709
809189275
809381496
809491353
809562049
809597175
809672303
809691429
809809686
809822637
809860794
810634666
810654671
810794241
810828425
810869688
810984068
810988941
811244706
811345579
811362651
811407076
811569857
811613736
811803445
811816201
811818858
812118983
812167411
812296240
812506445
812535958
812807852
812923978
812951616
812966509
812999843
813103718
813127499
813184595
813203759
813374107
813469951
813492896
813531697
813560548
813633463
813653846
813730347
813777447
813900877
814010974
814129463
814238230
814277110
814286357
814340885
814361654
814377809
814426338
814479871
814677504
814885755
814983253
815155844
815229343
815304803
815384990
815622196
815657920
815831301
815850083
815908652
815920661
816078999
816079879
816203814
816269366
816304805
816838206
816863328
817045027
817048841
817304673
817306521
817405278
818116419
818198204
818271034
818343411
818382784
818391458
818412032
818533151
818713350
818987622
819183569
819312162
819736883
819870700
819901638
820043820
820756656
820926546
820983359
821017535
821079833
821361225
821717998
821979301
822304333
822458241
822752687
822926737
823099223
823299947
823318339
823389963
823441333
823457210
823521932
823599721
823714897
823832251
824035400
824117472
824117960
824123532
824314969
824398284
824414271
824608672
824854005
824897439
825010570
825153209
825431935
825521396
825558750
825560647
825725341
825972702
826034709
826311371
826450719
826578447
826684158
826696755
826705019
826943335
827101854
827112569
827203748
827472628
827634656
827726559
827815525
827919722
828007278
828697279
828794019
829058377
829260713
829339186
829433551
829435346
829533096
829638439
829655319
829727287
829838130
829964703
829997948
830004601
830832087
830907679
831022398
831172253
831229464
831252331
831432606
831511191
831709233
831749482
831814001
831833456
831859357
832013979
832088891
832133667
832224916
832421984
832474818
832733537
832851168
832880789
833108851
833179585
833337152
833393278
833472413
833558096
833699116
833805639
833970924
834090858
834150079
834226061
834498607
834532927
834691306
834744432
834909978
835036102
835155742
835171704
835213979
835229183
835426275
835751711
835804819
835808943
835909874
835969189
836015034
836059134
836128991
836184511
836570943
836621796
836728858
836793734
837160569
837189880
837231716
837453264
837457705
837462555
837754234
837790016
837895741
837966229
838062042
838135152
838196921
838221710
838222084
838342986
838458962
838460880
838559545
838600762
839020757
839034532
839229502
839277745
839289472
839297510
839369117
839387886
839869194
839919744
840073802
840105589
840182136
840372454
840400712
840699715
841004304
841077304
841165926
841178600
841375992
841553595
841701850
841793424
841933609
841960534
841966785
842151766
842193953
842196318
842205395
842404476
842673572
842721944
842735654
842886863
842899555
843000429
843007102
843007455
843016143
843108208
843118927
843122084
843162168
843207154
843210670
843443058
843468517
843482674
843548149
843575599
843760801
843824797
844081013
844203123
844422534
844437485
844465747
844750306
844775402
844845180
844869129
844953441
844994212
845011928
845073293
845125956
845128334
845243431
845255694
845260141
845425137
845493598
845597924
845634131
845744960
845793743
845979182
845993036
846051149
846147614
846169675
846301362
846476546
846631182
846823142
847045501
847180544
847226502
847372701
847429683
847634795
847698981
847729416
847959337
848025422
848052813
848115433
848415445
848449929
848517343
848559625
848626892
848686464
848772935
848814957
848885578
849324595
849359270
849360839
849517153
849541414
849576416
849701746
849960443
849988466
850330343
850336882
850563985
850569536
850635666
850855067
850902457
850995928
851186718
851355039
851460040
851507455
851517342
851566194
851782413
851841544
852001790
852074080
852394176
852552913
852553339
852623173
852879853
853032455
853122142
853134672
853218363
853296341
853547540
853617561
853691406
854127421
854167266
854347606
854396742
854402827
854447821
854627849
854665784
854746322
854795517
854917845
855246115
855333852
855335883
855478177
855567226
855571338
855595416
855652493
855729923
855750628
855785712
855820333
855876080
855938768
856050547
856128545
856142271
856230413
856291508
856371048
856664278
856848342
857012718
857083857
857462494
857653624
857767343
857833937
857957156
857995380
858168729
858169621
858279212
858390812
858507157
858509838
858645447
858665632
858873095
859020192
859059375
859178620
859300506
859483444
859552332
859569179
859720623
860584673
860728644
860816310
860847661
860994892
861022747
861235889
861325156
861384032
861434584
861491478
861636076
861678429
861773191
861800648
861808467
861914137
861983456
862079188
862099515
862271839
862353817
862584657
862768377
862790972
862803329
862879165
862934363
863084937
863124444
863361216
863654927
863681867
863685786
863837744
863912141
864293457
864394158
864400799
864522661
864759978
864844123
864844579
865006701
865110427
865249853
865396446
865517375
865575039
865683526
865757247
865865945
865989422
865993677
866051612
866115075
866135350
866220995
866280184
866296282
866400617
866525895
866728536
866730637
866750789
866770471
866887419
867178037
867227091
867445438
867703148
867712400
867739006
867906438
867986191
868007380
868034848
868179910
868415720
868684086
868843997
869031427
869261791
869336727
869386407
869663307
869713609
869727995
869877246
870363241
870488655
870527021
870813942
870914011
871051298
871100823
871267827
871520115
871530028
871540062
871548161
871782014
871855419
871962748
872126912
872150863
872402499
872483447
872553464
872589260
873153718
873175270
873208957
873295207
873486122
873610184
873721231
873982967
874013802
874096680
874183941
874247868
874269293
874344115
874366507
874381598
874412529
874446749
874582165
874637673
874808318
874840298
875201056
875211435
875350187
875371774
875375845
875473557
875494998
875766901
875826378
876005340
876081856
876121290
876153414
876507681
876871816
876886761
876935412
876952051
876978924
877056958
877221355
877299265
877404864
877467122
877508473
877622618
877696110
877804931
878073086
878090488
878144635
878165477
878221116
878357869
878537939
878572303
878878941
878947302
879107596
879166750
879237765
879246106
879348717
879395612
879405521
879505386
879544991
879660694
880178781
880213622
880309469
880624935
880693975
880728960
880884037
880936514
881006426
881053476
881159789
881222637
881229527
881356728
881367160
881431687
881595651
881624804
881768962
881790184
881800956
881810789
881925316
881997331
882026427
882050584
882087500
882136529
882445657
882483763
882634865
882642162
882989832
883018768
883152637
883173225
883272882
883305775
883441131
883472975
883489284
883514241
883565701
883579767
883593942
883640792
883687376
883759541
883888429
883939289
883947800
883970061
884131646
884268056
884288913
884316140
884328307
884528612
884646686
884655125
884712273
884879795
884925960
885076685
885096077
885724877
885809376
885827417
885880064
885896888
885902234
886105605
886132541
886227709
886374348
886666883
886710752
886712926
886754929
887110018
887154229
887208713
887226774
887256855
887270909
887329277
887363195
887638979
887707803
887988333
888129434
888139287
888248892
888388419
888411117
888511743
888572863
888584088
888756492
888818795
888879533
888938249
889047460
889069666
889256604
889323423
889439033
889484662
889664604
889664652
889779040
889781721
889951158
889997091
890049676
890075191
890107904
890297884
890332575
890430858
890440559
890492564
890688971
890785021
891097615
891108760
891116715
891140213
891225139
891236283
891425708
891496318
891524333
891617482
891878015
891955305
891976280
891987959
892067433
892845243
892903713
892911640
892984307
893149987
893182509
893353385
893533705
893670953
893929129
893996648
894033275
894042847
894097440
894167588
894253830
894259118
894303051
894315059
894418838
894530032
894781637
894831551
894947148
895224508
895241581
895285995
895318307
895360644
895446409
895484818
895491269
895546387
895635082
895849568
895905976
895950545
895951397
895988782
896017915
896078059
896247824
896257355
896316217
896602415
897143161
897348660
897395921
897428139
897443754
897538343
898028614
898240651
898249708
898381919
898472752
898541388
898586073
898619824
898646407
898793166
899054245
899367682
899391321
899402168
899455577
899541539
899619781
899677955
899708590
899850065
899879162
899938149
900017359
900065470
900545143
900752527
900801216
900823349
900992156
901097548
901162380
901216990
901231973
901237711
901253131
901345784
901548947
901567031
901785176
901883883
902044087
902071412
902111328
902166497
902201051
902428603
902434985
902463707
902545156
902632124
902644700
902727941
902784931
902903325
903333741
903625234
903693793
903704610
904075547
904171378
904321539
904493097
904524983
904585514
904594711
904733422
904799639
904811888
904815545
904867400
905118209
905276309
905386222
905389060
905550956
905683377
905742241
905743566
905862141
905965091
906000766
906085053
906142146
906214594
906289929
906396055
906435406
906603878
906669017
906759883
906931797
907084214
907092431
907318258
907402938
907676153
908259608
908281488
908434674
908573855
908613094
908894281
909011922
909250301
909258282
909435679
909440611
909880306
910072074
910090694
910150187
910453513
910523189
910551686
910675681
910804543
911104053
911142785
911176687
911278884
911454572
911660439
911885180
912262718
912273582
912383447
912457827
912465913
912472335
912521661
912796587
912814183
912854877
912932415
913049529
913072423
913163885
913174907
913194039
913220402
913331550
913368521
913459093
913545465
913546737
913718605
913772410
913982513
914024494
914026345
914410462
914543954
914547224
914997305
915024600
915176555
915299647
915487164
915580839
915693179
915723047
915740205
915796719
915854882
916194434
916201438
916371793
916511285
916657742
916876709
916911093
917144043
917168770
917188927
917217863
917392633
917395823
917396191
917712103
917909749
918066888
918271994
918428358
918561141
918575644
918662865
918713599
918784346
918878783
919152681
919194673
919332440
919349454
919543564
919693629
919806599
920089814
920115540
920209021
920219579
920355932
920358622
920393710
920462528
920476850
920535531
920656926
920911407
920948078
920958142
921059289
921196914
921334646
921425171
921443796
921450695
921521947
921548116
921616440
921675959
921682801
921748491
921797547
921865619
921892059
921926752
921961176
922067272
922073179
922604335
922643448
922697539
922719890
922763210
922773194
922884014
923138799
923218010
923543752
923650853
923972416
923973315
924128999
924243715
924339091
924355546
924489761
924588828
924723183
924915763
925163955
925209677
925281239
925322377
925394944
925424173
925450519
925713213
925782109
925990961
926134110
926184361
926402118
926573984
926668515
926796929
926798971
926855850
926887100
926990383
926997153
927022091
927080451
927090619
927104728
927112450
927119384
927129758
927168584
927204144
927308343
927313573
927326229
927350346
927447428
927544344
927689419
927696942
927844417
927875147
927898987
928015337
928045548
928184838
928324921
928409886
928510741
928571725
928719935
928850799
928897891
928939882
928955484
929010303
929055211
929136150
929175541
929193281
929221131
929267305
929362034
929383103
929512116
929580770
929631937
929693850
929791181
929983471
930027874
930073862
930157186
930181154
930322607
930326547
930349488
930417577
930451077
930459271
930516453
930555554
930804280
930876414
930963362
931092579
931391692
931626884
931662687
931664528
931695793
931704213
931715974
931742835
931921153
931985960
932211199
932425244
932706205
932733546
932751075
932843056
932896407
932989581
933133581
933149335
933300806
933380598
933485729
933573391
933635695
933644164
934018290
934020956
934164051
934207013
934258633
934299315
934313628
934554157
934620445
934675936
934695517
934799818
934891992
934909336
935182402
935283517
935325372
935406141
935434592
935556039
935698509
935699624
935906654
935944962
936176314
936179442
936241620
936426401
936455016
936468306
936589992
936719872
936904642
936990966
937040533
937228407
937249036
937333718
937584327
937596638
937650677
937670680
937913644
937982446
937990425
938176647
938205370
938263093
938651597
938723138
938946160
939200389
939228280
939259405
939373050
939381730
939491483
939502725
939549524
939641719
939784776
939941929
940039449
940226268
940337097
940341432
940648435
940652090
940693986
940827165
940881818
941091832
941122697
941148730
941193127
941219154
941244024
941262167
941700501
941704316
941708753
941777907
941794561
941980164
942094071
942146251
942340664
942411677
942530720
942994485
943126227
943191622
943204819
943276108
943313801
943528765
943606191
943720636
943771869
943807965
943965108
944133654
944391956
944463033
944463951
944547504
944743534
944775529
944901469
944977837
945077777
945171364
945179315
945398221
945548476
945752583
945794928
945885268
945918767
946017249
946023249
946045048
946054707
946197644
946278858
946489118
946689776
946700219
946755396
946848922
947025141
947071949
947103685
947272777
947616538
947635684
947714335
947925047
947964151
948053109
948129546
948634281
948884345
948941659
948961707
948967056
949006398
949137334
949244438
949259886
949510694
949521804
949530572
949755070
949775235
950119411
950186732
950302156
950430154
950475471
950505818
950563159
950586335
950595170
950752895
950811201
950846939
950929597
951017781
951018064
951167671
951240736
951359268
951457493
951469548
951532894
951550843
951575893
951702248
951793896
951818219
951857499
951976539
952182917
952194473
952222576
952369933
952382214
952404217
952490843
952675210
952764736
952839163
952871895
953113576
953237401
953383981
953443366
953463724
953627901
953678235
953836466
954033443
954055748
954073335
954106847
954158206
954162049
954258327
954337205
954397353
954733310
954927102
955039282
955101379
955104484
955273695
955313755
955317835
955435779
955663167
955754302
955882969
956270237
956379872
956540593
956613972
956688000
956706176
956860569
957044583
957079755
957087427
957269534
957273455
957411654
957479616
957595635
957687307
957746985
957964135
957992228
958030934
958094749
958146991
958167394
958185760
958232517
958342320
958370930
958591233
958711625
958719612
958865947
958922086
958978532
959033693
959107652
959156805
959255837
959302461
959320553
959352328
959719361
959804769
959916973
960142494
960224025
960510028
960696148
960721576
960794030
960905883
960931670
960983144
960990068
961076592
961347162
961407482
961515271
961786562
961837642
961877169
961940590
961950112
961959840
962039287
962080516
962087074
962250042
962250420
962608178
962724979
962998805
963033400
963039274
963046475
963195742
963212869
963243390
963375019
963389512
963404341
963500790
963572589
963596585
963745759
963751810
963771501
963775545
963932389
964000189
964025631
964188835
964457391
964578100
964620119
964642915
964654892
964701984
964709024
964752036
964900220
964951075
964984502
965308640
965394844
965449144
965521686
965541698
965567779
965572692
965702971
965859579
965983931
966092549
966104302
966109085
966284922
966301864
966541640
966592473
966657281
966730976
967250044
967267206
967301979
967341537
967398221
967451279
967453006
967526611
967574173
967590525
967816484
967981944
968434338
968636487
968688627
968719514
968769749
968772040
968774055
968830182
968924542
969035809
969103933
969311420
969496519
969524565
969952229
970087778
970157190
970495621
970554017
970712970
970896307
970946955
971069461
971108246
971191122
971313179
971347407
971438120
971609761
971675510
971696148
971736908
971750667
972008592
972127965
972176240
972265599
972348358
972409522
972438160
972576709
972759453
972847827
972909229
972909675
972952430
972980644
973101144
973121119
973133450
973144916
973198536
973308056
973449380
973545552
973612079
973704973
973713298
973727864
973877457
973984807
974038495
974048294
974082179
974238697
974270425
974330966
974389016
974396686
974653469
974690924
974691420
974808019
974902958
975108421
975360570
975562421
975668684
975840862
975854549
975877235
975882856
976031954
976044454
976320285
976388763
976392551
976508219
976527371
976783239
976840741
976851058
976866267
977010432
977029521
977242107
977333631
977356272
977437336
977458228
977494237
977512150
977567087
977672031
977740216
977770021
977846031
977857973
977900462
977916013
977943272
978082450
978137771
978205183
978209135
978291633
978465435
978531935
978599963
978680342
978800834
978872021
978987573
978991582
979060655
979156993
979304156
979384032
979407528
979452257
979552413
979799072
979882272
980081416
980167067
980259379
980397491
980414203
980466526
980633171
980840386
980849669
980880465
980909084
980943955
981040410
981052612
981158481
981226488
981504331
981517635
981519802
981798330
981944885
982069606
982071257
982125854
982179634
982369667
982469477
982567014
982612389
982639798
982656115
982678042
982703714
983150224
983175313
983206828
983209699
983251843
983624370
983666188
983697006
983808824
983978281
984075657
984215866
984339202
984571870
984732659
984834714
984875782
984969476
984975061
985011603
985055713
985134958
985154255
985440014
985496961
985606561
985686942
985966938
986101547
986219302
986343735
986392396
986425648
986454755
986459073
986488293
986629394
986679351
986710953
986812604
986850254
986866185
986975082
987037490
987142646
987166763
987237000
987304509
987390653
987392467
987470750
987507937
987610519
987638226
987670998
987692726
987838998
987859207
987986847
988638791
988887264
989045510
989086885
989219023
989269024
989269729
989447718
989579233
989586381
989635977
989662823
989697733
989706967
989762868
989765772
989895833
990241821
990244485
990287269
990402374
990516764
990679784
990736232
990747350
990958869
990988077
991016615
991202761
991248097
991301418
991302522
991309949
991494994
991540329
991542370
991578372
991687816
991699296
991783684
991787309
991842355
992145628
992158798
992352344
992415433
992481210
992578236
992672446
992774107
993043621
993290044
993468314
993526018
993536314
993550828
993644305
993645773
993701304
993728455
993733466
993923170
994411936
994421979
994473776
994475185
994531039
994533415
994639798
994681278
994699690
994725298
994788333
994830038
994835796
994842811
994886712
994987584
995276408
995307193
995404264
995470529
995537899
995649271
995661817
995709866
995733456
996113803
996188706
996252942
996383130
996404109
996464109
996517259
996656060
996664500
996676062
996737254
996752982
996873026
996882795
996898656
996922534
996966884
997407241
997439004
997493919
997523488
997849140
997876517
997880749
997900948
997911106
997962925
997964592
998256245
998373515
998431358
998434408
998441406
998458418
998524858
998543325
998655724
998689028
999047908
999061531
999145894
999291194
999402303
999693353
999804191
999835207
999847976
999949278
999950457
999959867
