6019
98228
201614
215222
259228
428740
469319
481558
525597
924227
971186
1121634
1142254
1159547
1171042
1187887
1267236
1409143
1656716
1748197
1828761
1969049
1983316
1987930
2108829
2123723
2184317
2265492
2309753
2313132
2415407
2539422
2606689
2617927
2755403
2832651
2837932
2977404
2992729
3307425
3392163
3408272
3430543
3565584
3593933
3614561
3828656
4303428
4429927
4434561
4609772
4713826
4873539
4932490
4936190
4979219
5168035
5168628
5280741
5446875
5480558
5513300
5642248
5879418
5920631
5962558
5988733
5999989
6019588
6089101
6148998
6237325
6276343
6381489
6420011
6460235
6613316
6708910
6719538
6791041
7030066
7147778
7195345
7241965
7260600
7270738
7300623
7304616
7338700
7343223
7344333
7406635
7488938
7528389
7577842
7637242
7729251
7822622
7966156
8123647
8329487
8432614
8601907
8643546
8703364
8851585
8965480
9469026
9495031
9818382
10424423
10428305
10528901
10745827
10746202
10897475
10967700
10993454
11059408
11214214
11262279
11496248
11665347
11749278
11794303
11832755
12131527
12265997
12358031
12421533
12450322
12473627
12602256
12613200
12691296
12861270
12959564
12970217
13004113
13041775
13112605
13247833
13265422
13668065
13722829
13883182
14026117
14028677
14107980
14256242
14273764
14443563
14624394
14758696
14759988
15069920
15091590
15114792
15175381
15183413
15266838
15282729
15303481
15407680
15451200
15688159
15773440
15928578
16027716
16158574
16246880
16306997
16401954
16582158
16585609
16666595
16976382
16998522
17161369
17299912
17409779
17626926
17627255
17638664
17728471
17884367
18150044
18211414
18589964
18814099
18904594
19153753
19176035
19313205
19499510
19529989
19595830
19628557
20017803
20263022
20442000
20548879
20599702
20609932
20618511
20816378
20928623
20970736
21087623
21218252
21234710
21376718
21392853
21397395
21555645
21687115
21752119
21846752
22040669
22206810
22540326
22592498
22609983
22624895
22707303
22915833
22945384
23000582
23050384
23078588
23098422
23098488
23277673
23321009
23543223
23548074
23578644
23598780
23781950
23956069
24001090
24058743
24098133
24119752
24209067
24246786
24290146
24305404
24371807
24460977
24571331
24677711
24813559
24868789
24885053
24885305
24958287
25074602
25099000
25105137
25160774
25285828
25362334
25423475
25459736
25481044
25529562
25574279
25577170
25827969
25848408
25862883
25910440
25953555
26054515
26247337
26304971
26422487
26460071
26504554
26541718
26546526
26557749
26582391
26604378
26842593
26944836
26976619
27101363
27205675
27243879
27443378
27586335
27621536
27725175
27801598
27811305
28139444
28286643
28352414
28362423
28400209
28547821
28728982
28810212
28942130
29033681
29155220
29225881
29229314
29287915
29308519
29457140
29487400
29510642
29518493
29605144
29717266
29832320
30020787
30288998
30683945
30976938
31036342
31130993
31154410
31244295
31263352
31274577
31450333
31474500
31553575
31564571
31645990
32262174
32283867
32380758
32503526
32558257
32620241
32748733
32766997
32798472
32853209
33017749
33077428
33097768
33104250
33122790
33340276
33636178
33648321
33768071
33828222
33887907
33928117
33933214
33933380
34058525
34306034
34400215
34616260
34618632
35292349
35293884
35860512
35906723
35996551
36126756
36321978
36419962
36442519
36481443
36645907
36986956
37115149
37119067
37138572
37242190
37279223
37365760
37426502
37446561
37639019
37671079
37752297
37843927
37992881
38079371
38270562
38362913
38373897
38550040
38583835
38653546
38752442
38787166
38827371
38859743
39154193
39324874
39417733
39604484
39695151
39725517
39727887
39731291
39758096
40336895
40372298
40390541
40402629
40729807
40745203
40768664
40897907
41181085
41245984
41391068
41638738
41657905
41778687
41820944
41863475
41882489
41900977
42129463
42343634
42410241
42481072
42550267
42662950
42704916
42743340
42757197
42819339
42853052
43089767
43229952
43587289
43704322
43788480
43815210
43835667
43913507
43992315
44014197
44108066
44158253
44317528
44758956
44896281
44928017
45093710
45166218
45231426
45487069
45564163
45772143
45807947
45868778
45888490
45890763
45923935
45980591
46000731
46221815
46294877
46329656
46564999
46566859
46691776
46698037
46732696
46964472
47118225
47118577
47130810
47346487
47454188
47649581
47981305
48079496
48179751
48189682
48250940
48340974
48501705
48523882
48530951
48621849
48665606
48724892
48795544
48893161
49121741
49329775
49729188
49831260
49850854
49915149
50101320
50154339
50258120
50282673
50331132
50507606
50576596
50631946
50755999
50779238
50923527
50956674
51022011
51050585
51055042
51254359
51261609
51348144
51415804
51444275
51579091
51636305
51785481
51869062
51902463
52258196
52481650
52486142
52529418
52628611
52647299
52697104
52721892
52773403
52853711
52952913
53017621
53027263
53120568
53133384
53146096
53148433
53159596
53227061
53292117
53313419
53392306
53395334
53412836
53457826
53473636
53523099
53588079
53710753
53873085
53887707
53975431
54038523
54138177
54142752
54198604
54442066
54506401
54928937
55057788
55116518
55181900
55307063
55583138
55916662
56100470
56300657
56316615
56366102
56393051
56640030
56649041
56657822
56831679
56844385
56983705
57156960
57207257
57219048
57233818
57358714
57387362
57389000
57450859
57468832
57494564
57583404
57592237
57596006
57640419
57652892
57888317
57909060
57952473
58010136
58286335
58303462
58436761
58557516
58705940
58866010
58875853
58926231
58938902
58977419
59100458
59277541
59333006
59407268
59434481
59575439
59654422
59729777
59776444
59816207
60184098
60218749
60239247
60273008
60663059
60752728
60978282
60989302
61058725
61143149
61254838
61304738
61343692
61362927
61377933
61977105
62237725
62278176
62286930
62564907
62705949
62882143
62891165
62930004
62993691
63038902
63063747
63166901
63237298
63493714
63790270
63816046
63948123
63951579
64084357
64093271
64222594
64226065
64493089
64606878
64612662
64768939
64808891
64838075
64881855
64974895
64984159
65066805
65069847
65233279
65352997
65467981
65520008
65556166
65724410
65850930
65919339
65985180
66099718
66147057
66163324
66168537
66176624
66210502
66344283
66615802
66893024
66908758
67020280
67205999
67322628
67417016
67554902
67798190
67867588
67935925
68241564
68432421
68437141
68547826
68566939
68818025
69248792
69329737
69472095
69510833
69561040
69655666
69741735
69757147
69855422
70000501
70018587
70072482
70107643
70256811
70321067
70557485
70607322
70777856
70864590
71256145
71395332
71478517
71601056
71631932
71658668
71673083
71685890
72101108
72147988
72266563
72466782
72506889
72564452
72754227
72987339
73258453
73353349
73357917
73378448
73500615
73606221
73687977
73720305
73747209
73795494
73815950
74195283
74225169
74323164
74384932
74479982
74572225
74648290
74673047
74931237
75086996
75251853
75468340
75505659
75671349
75690686
75743359
75801561
75851215
75974661
76084173
76147491
76162911
76452570
76457192
76466596
76652094
76691183
76807955
76830632
77005109
77015355
77148072
77547851
77581784
77607531
77626399
77651069
77739192
77821533
77826894
77938072
78000910
78022072
78128408
78174174
78331993
78487466
78517323
78736566
78797140
78866228
78886976
79011278
79064629
79115746
79211163
79267783
79366306
79598130
79622935
79811158
79843741
79867290
79872051
79886331
79974521
80021715
80066201
80162799
80259253
80279697
80303079
80318482
80442157
80532058
80576787
80593454
80613162
80914820
81305264
81414997
81557692
81701846
81746160
81754601
81804050
81843345
81894930
81972829
81987693
82194311
82196078
82256761
82304214
82307740
82384949
82441215
82457049
82538986
82605954
82649798
82680667
82786289
83038188
83250479
83302698
83368766
83373480
83377307
83542527
83664286
83718219
83731211
83811919
83980285
84046789
84351783
84451704
84457013
84560841
84625954
84658715
85019473
85168947
85200325
85246047
85323272
85329288
85363500
85493647
85629717
85639146
85648564
85692314
85753111
85946945
86020035
86218789
86263324
86264914
86430571
86501059
86670076
86771242
86869081
86908764
86985520
87055288
87168793
87225635
87410440
87486057
87566860
87627783
87733226
87750066
87877454
87930694
87952719
87977651
88026116
88268200
88326716
88332485
88463867
88584470
88933293
89133920
89497954
89886598
90082576
90150318
90157425
90167966
90180491
90233630
90438857
90766045
90920025
90951511
90970939
90974086
91053026
91158779
91630296
91832383
91978252
92175441
92246486
92428972
92476508
92498582
92566430
92609739
92647696
92700107
92821205
92829359
92904332
92977759
92992360
93157125
93256961
93413899
93495181
93580018
93815170
93885199
94030263
94083393
94119107
94310321
94416595
94616473
94940565
94965958
95271064
95277026
95464326
95740671
95850315
95934171
96101695
96150176
96258199
96376006
96482601
96556930
96580366
96687837
96711774
96839037
96845802
97109037
97282709
97338512
97363260
97495539
97702560
97726211
97731800
97758158
97784033
97843869
97860252
98022847
98182312
98232617
98232902
98340374
98525548
98528449
98672774
98754326
98991200
99101058
99201361
99263361
99538462
99825541
99838819
99942055
100030546
100426340
100577646
100765000
100785045
101068228
101149203
101310450
101374059
101400178
101628476
101746374
101876246
101912245
102449165
102477519
102514585
102733544
102804376
102906448
102919633
102924132
102930105
102957115
103006553
103028745
103125114
103356528
103664605
103731594
103792429
103841807
103921079
103942826
104009348
104029407
104095632
104295320
104521726
104545929
104594834
104756481
104847482
105114010
105196534
105308540
105331720
105411585
105421193
105557268
105719403
105719775
105847712
106014048
106064015
106187086
106271346
106292534
106528949
106678599
107053528
107065189
107136475
107141491
107178098
107224504
107227258
107373154
107398287
107457721
107711832
107900355
107995788
108117615
108141651
108216754
108248946
108378081
108408937
108482041
109123728
109152928
109195473
109284318
109389956
109530192
109605359
109617824
109700532
109829512
109881663
110161225
110205083
110306852
110681574
110700094
111016189
111049792
111165521
111187769
111222366
111276858
111653633
111689172
111896254
112129449
112131453
112157417
112164681
112218804
112290708
112500696
112613247
112645110
112888814
113044498
113081598
113201125
113306317
113333546
113394035
113535140
113546477
113589544
113630822
113634964
113763712
113972773
114172345
114185110
114327597
114469042
114557125
114829971
114936493
115041328
115097637
115388981
115439098
115645241
115654793
115701752
115957072
115966300
116099110
116201010
116268380
116821253
116834791
116858747
117067224
117479566
117532031
117685842
117736975
117740003
117801261
117884451
117977414
118083716
118190965
118494000
118518041
118594051
118755345
118799932
118873562
118957526
118996295
119031848
119193123
119236638
119260637
119261362
119295246
119386378
119497830
119547085
119581197
119896228
119910644
120243002
120313685
120388243
120522129
120602026
120603793
120816947
120986962
121009082
121145098
121212358
121259820
121296529
121463954
121708451
121752943
121763166
121930061
121939347
122078135
122088928
122115056
122393645
122446017
122514169
122777592
122836419
122923264
122927347
123125580
123230743
123272724
123361600
123401575
123402379
123665800
124043593
124126726
124189430
124277246
124324931
124349935
124471227
124540839
124554025
124569415
124734333
124784057
124811230
124999470
125030816
125040156
125067265
125089640
125319617
125361776
125480296
125802867
125912909
126138749
126742433
126788503
126867269
126919046
127059158
127301118
127323540
127475232
127502162
127560854
127752096
127845528
127855867
127972413
128036753
128071368
128251563
128422432
128425730
128528448
128618480
128658893
128760109
128823968
128850143
128892225
128911509
129188306
129247957
129299944
129726599
129743099
129802342
129843356
129869799
129884203
129945730
129985044
130025533
130158605
130317822
130346223
130418409
130683373
130840916
130976833
131206775
131207141
131210249
131220682
131235802
131716101
131751754
131787278
131855428
131876809
131902106
131959735
132099501
132494629
132514336
132573776
132595945
133081069
133144468
133259471
133319204
133326594
133437691
133460894
133529400
133732211
133932351
134026209
134254999
134315187
134329742
134340159
134365652
134459951
134501143
134658275
134708801
134726960
134795026
134858631
134936908
134964164
134993851
135143862
135230467
135297077
135598048
135727608
135764218
135886803
136012314
136129569
136214612
136221345
136249870
136262994
136315423
136384960
136386206
136388385
136627302
136754335
136781038
137016310
137200387
137252673
137289617
137362982
137371956
137373450
137460508
137500850
137516459
137522158
137523350
137670979
137848108
137910974
138057932
138326932
138436641
138467595
138481033
138487216
138540672
138576392
138654591
138711637
138769273
138782346
138913362
138921980
138933104
139198846
139352808
139551682
139594124
139870209
139895977
139922405
140412723
140596648
140644912
140710867
140825013
140865917
140891235
140964232
141228795
141429000
141541234
141889967
141927551
142157360
142168986
142243523
142288019
142300983
142502109
142612453
142618826
142806529
143143151
143346311
143449170
143523424
143648305
144022192
144023307
144028978
144064626
144243946
144282889
144316989
144327278
144359702
144390845
144402674
144475858
144880968
145007154
145161894
145368333
145375034
145380923
145623945
145674409
145741347
145816215
145940529
145956465
146115291
146116358
146451425
146550434
146700450
146731898
146973512
147007339
147150160
147240130
147476118
147663942
147676927
147955219
148003839
148048367
148109728
148211782
148363901
148589370
148697712
148725866
148731106
148860815
148917539
148934613
149159319
149285781
149400482
149445364
149611690
149843698
149858355
150652424
150697697
150977876
151078752
151159351
151287082
151416960
151606320
151719813
151892738
151915188
152154536
152175135
152467084
152721173
152854131
152909044
153125165
153233946
153237259
153344753
153352143
153443289
153464092
153546615
153607735
153609002
153731547
153761019
153952828
153996675
154057737
154369333
154862234
155023462
155091773
155093484
155291779
155607314
155709145
155945708
155962796
156007379
156233667
156797110
157175515
157230137
157231118
157320953
157383333
157742601
157800663
157908562
157945217
157987472
158003174
158041946
158050007
158183841
158225871
158287756
158611173
158647291
158732966
158756305
158801964
158965838
159034299
159125485
159186070
159569951
159682020
159832754
159894118
159940538
160094195
160485674
160497246
160501382
160801447
160850211
161027346
161095382
161246895
161713276
161774353
161974062
162043175
162063888
162064298
162104250
162151835
162280111
162514990
162553244
162642743
162715416
162744566
162843824
162845355
162893021
162894142
163031082
163060142
163260468
163455814
163534396
163640449
163684341
163763623
163968470
164086965
164107620
164147596
164362303
164389665
164442428
164637046
164746711
165080755
165200498
165263417
165296965
165309774
165512315
165788493
165939127
165980207
166032875
166117800
166260663
166572668
166633271
166681777
166775393
166915748
167049644
167351397
167356886
167532282
167537049
167557722
167558719
167590482
167670156
167738274
167858020
167859249
167892286
168162939
168214412
168270479
168332557
168430311
168522502
168896705
168923436
168977981
169014553
169037088
169049041
169120039
169206140
169393862
169396601
169398131
169491465
169515217
169569214
169620207
169732053
169759610
169791532
169859871
169920733
169992017
170005380
170263200
170287239
170436087
170445533
170558373
170571035
170596704
170647642
170694074
170707202
170713929
170856064
171042160
171057098
171089275
171144399
171311099
171357309
171394628
171550571
171614098
172100497
172229958
172263690
172387644
172519643
172600377
172630671
172769523
172773041
172794289
172880058
172897901
172952617
173025209
173050227
173137481
173216745
173347635
173382681
173457713
173701328
173749798
173761289
173914825
173943888
174080136
174083407
174156094
174570625
174591532
174743134
174815259
174992350
175163252
175269092
175320324
175328425
175399334
175482631
175729580
175838007
175921511
175958899
176465803
176493971
176612788
176657834
177212214
177316123
177328332
177379677
177558650
177580302
177591660
177610353
177621418
177695580
177707695
177774816
177788035
177872444
177935299
178213341
178374897
178403577
178499027
178520922
178532928
178738199
178967344
179118471
179187989
179284238
179334670
179362813
179371910
179429794
179489775
179713243
179758975
179782430
179809061
180207812
180261467
180310337
180384419
180443980
180613620
180642059
180655830
180715833
180717910
180802984
180907076
181028050
181274302
181442604
181505529
181675700
181714798
181882127
182001083
182062402
182100052
182178175
182180222
182324162
182386612
182497883
182639394
182649105
182687218
182872667
183188688
183190714
183221471
183231739
183272625
183318192
183328968
183677026
183759829
183830037
183944600
184088444
184164219
184352622
184376257
184385132
184812536
184903212
184915876
185301330
185325284
185676211
185753686
186014081
186187744
186210430
186251616
186272853
186464169
186925168
187147816
187317389
187555275
187556781
187630947
187805018
187866537
188068192
188183356
188386700
188484749
188632220
188642443
188725522
188781273
188953561
189254265
189285430
189306221
189346667
189357267
189424306
189454748
189470299
189542892
189767287
190101070
190183671
190425905
190781107
190872249
190897541
190944115
191096654
191146822
191215445
191341656
191414287
191541900
191597399
191650860
191916684
191918587
192045540
192101115
192297254
192432975
192480088
192593286
192716785
192750074
192802103
192872730
192875933
192899889
193046169
193094023
193100723
193166618
193195825
193226665
193282069
193379817
193437274
193711915
193888132
193940583
194182896
194253336
194350392
194377163
194451252
194599150
194690057
194957005
195227552
195310790
195372358
195445710
195501435
195502276
195510279
195550680
195626678
195701157
195717278
195851005
196118179
196142802
196279877
196342315
196428411
196532768
196567350
196578750
196798537
196919562
197076096
197104347
197209387
197290927
197393863
197496491
197546215
197583954
198004034
198518467
198547592
198784316
198788826
198914142
199071050
199473270
199491982
199630285
199633498
199695638
199741211
199749184
200023137
200113528
200139312
200146317
200268815
200317437
200494243
200605135
200751214
200751226
200762454
200778498
200921877
201155671
201173488
201408604
201438044
201493427
201569487
201725019
201801654
201804046
201847719
202205861
202444315
202550293
202680932
202696441
202741135
202756497
202782682
202823211
202827887
203059851
203166163
203202207
203203978
203232331
203374218
203390514
203443491
203459573
203561443
203569831
203627114
203648372
203693261
203785376
204088776
204092050
204115845
204116753
204142798
204175389
204222880
204233586
204277778
204498135
204789188
204917075
204933215
204948086
204950141
204953853
205037191
205264706
205311277
205325211
205531202
205704739
205753039
205773062
205833591
205880554
205925875
206013786
206046587
206053368
206087418
206179542
206249773
206438238
206571418
206723633
206762887
206789791
207127065
207244545
207251144
207252148
207326281
207364580
207369225
207401248
207450433
207536006
207613941
207618460
207641033
207674855
207871278
207975208
207982141
207994933
208006890
208090481
208138347
208229706
208251107
208292768
208320719
208474377
208478929
208483002
208487190
208553991
208656527
208743793
208815088
208897621
208965967
209047473
209064528
209174503
209318532
209461027
209514929
209785628
209800301
209813827
209849009
209955395
210058695
210205612
210316922
210399963
210404799
210423478
210466275
210487817
210739487
210800004
210932319
211071021
211287372
211291294
211355944
211357198
211397594
211546203
211594946
211620300
211668695
211756264
212030320
212184679
212242987
212580785
212620568
212635109
212756166
212811952
212851952
212897418
213078523
213223493
213277658
213383967
213527152
213664000
213794118
213842298
213867338
213928638
214001514
214056293
214083993
214338566
214416236
214418492
214442612
214457291
214811964
214816636
214852133
214892433
214950911
215008442
215362411
215477474
215613646
215689655
216086169
216182261
216339846
216383562
216485699
216513229
216556006
216806554
216966421
216984833
217162869
217201145
217393801
217460184
217515217
217604019
217625786
217670225
217676808
217723133
217741714
217835835
218061163
218069472
218138413
218195909
218247716
218299775
218326491
218391772
218412747
218461829
218468524
218650493
218898098
218914112
218989111
219166944
219221670
219254269
219358850
219531133
219543097
219645572
219650720
219664150
219736499
219741445
220017158
220138243
220143165
220155030
220322980
220580816
220726995
220766026
220775848
220825914
220859300
220912696
221119698
221208352
221654997
221777195
221780178
221863604
221992722
222162855
222248650
222276956
222326560
222330567
222537564
222739248
222761163
222812638
222967840
223018415
223272441
223360993
223389541
223417946
223558431
223692462
224013089
224015200
224224934
224265005
224435270
224580995
224589097
224668192
225039026
225113489
225175150
225411205
225471027
225544668
225764627
225935893
226060210
226121910
226297719
226485071
226733469
226866822
226879828
226944172
226994745
227018038
227176846
227218896
227527406
227582353
227953060
228049198
228157219
228388268
228441317
228712214
228806140
228813398
228836786
229188392
229208596
229244532
229246454
229259291
229315073
229416402
229731338
229892932
229968519
229968865
230233806
230275203
230554783
230605845
230635362
230667040
230692428
230711492
230749044
230850317
230860675
230901352
230943445
231028237
231355593
231446233
231446509
231482848
231645270
231699431
231749630
231767009
231798956
231879941
231891685
231946855
231978117
232069170
232131422
232296441
232438435
232559300
232621649
232628380
232852095
232923990
233057210
233062797
233195011
233234274
233285481
233460530
233495761
233598170
233683939
233709878
233777287
233813489
233825238
233947126
233990297
234066839
234100324
234151988
234418492
234535926
234662475
234949710
234983720
235267679
235382955
235490646
235683306
235757407
236002960
236178460
236227049
236451282
236673254
236674713
237025128
237183173
237221301
237268689
237288209
237414695
237579279
237643793
237687404
237861250
237968788
238011221
238022314
238076168
238227833
238341608
238638344
238806282
238848774
238886501
238965837
239069757
239082393
239097085
239162467
239599056
239626445
239638979
239668154
239702086
239785905
239956944
240505160
240582090
240618311
240625523
240684228
240703053
240793611
240865555
241055606
241077847
241186182
241216836
241363517
241405074
241422359
241509422
241595957
241599980
242007423
242023820
242156763
242222248
242224066
242367424
242386364
242508570
242562651
242594893
242661236
242698870
242744267
242809022
242875742
243264765
243278704
243328403
243476173
243495281
243515221
243519207
243529813
243543064
243577792
243690049
243719223
244064452
244141514
244263692
244265584
244309400
244539535
244635211
244758006
244927469
244984638
244985257
244988280
245096771
245348046
245364522
245369055
245489374
245533658
245626157
245757812
245758425
245788708
245811318
245848280
245980059
245984777
246384318
246397226
246398508
246466873
246485597
246586256
246592379
246686333
246891671
247070056
247081282
247089130
247217893
247573754
247651756
247666578
247750762
247759698
247818345
247928975
247984996
248054910
248125916
248236033
248277102
248306796
248352980
248548844
248654900
248667207
248706998
248733168
249158112
249165837
249214152
249315796
249566356
249627745
249744108
249818934
249924224
249971574
250105979
250108356
250358966
250416430
250434771
250619590
250718054
250849197
250926298
250951431
251156867
251261670
251456120
251494017
251509642
251568853
251672248
251685212
251706485
251871251
251954776
252362377
252379643
252479898
252567327
252594653
252648338
252671186
252855881
253092337
253159071
253324525
253492282
253745955
253759809
253785354
253875671
253947574
254029642
254068699
254125896
254661838
254688757
254689847
254947335
255092079
255103536
255268280
255305061
255328089
255410169
255597991
255726891
255927553
255966986
255986191
255991914
255998419
256302985
256346561
256352093
256403030
256427280
256614577
256632537
256638107
256788382
256846225
257306223
257853250
258066093
258075898
258248466
258562006
258663351
258674234
258753751
259054035
259298194
259546572
259555888
259673073
259714781
259773944
259849019
259882031
259918704
260012452
260027908
260045374
260225495
260270226
260277676
260337444
260338117
260398911
260635098
260745283
260905326
260928946
261292317
261301015
261669180
261754503
261825931
261842902
262259785
262356147
262475260
262551955
262605885
262770127
263228657
263284604
263451987
263502595
263675532
263715649
264001339
264049561
264260781
264418336
264512903
264665635
264877090
264888481
264914712
265056033
265080835
265142607
265188509
265204955
265238378
265308519
265583261
265611587
265652837
265685656
265814782
265849595
265870392
266322603
266517088
266519946
266563979
266591339
266765848
266945254
267128669
267181859
267229170
267612185
267705277
267733961
267771769
267960562
267963152
268099651
268106050
268140085
268373871
268432056
268495141
268611925
268746251
268799556
269124476
269169152
269192200
269231858
269235460
269420735
269434501
269509302
269559536
269661174
269771840
269789313
269798610
269805565
269896288
269911239
269947330
270009512
270020179
270039980
270130901
270409522
270647984
270726497
270942267
270957373
271392696
271477949
271493698
271510384
271529489
271610184
271795136
271835378
271927066
271971103
272319578
272325002
272395910
272434599
272434750
272456643
272495821
272528315
272846917
272851664
272858247
272919948
272959068
272995187
273061161
273063317
273075912
273077766
273155462
273245169
273260777
273310369
273395744
273733324
273806098
273932900
273961168
274025805
274155525
274161357
274267009
274496205
274500444
274505336
274516287
274517061
274525942
274633811
274717388
274932181
274982224
275067372
275101205
275268780
275341196
275378400
275443885
275540142
275570889
275596507
275667035
275676681
275705596
276079847
276477339
276486478
276519116
276626932
276751159
276832975
276837471
276885108
276909614
276929108
277033687
277253408
277344671
277462799
277508829
277793236
277816478
277843590
277901986
277979888
278140651
278187016
278504972
278649194
278685105
278858156
278998511
279008246
279238887
279386968
279449315
279517408
279811498
279887398
279938754
279939173
279950354
279968733
279984904
280124240
280127876
280164247
280307409
280992242
281041873
281137208
281143243
281201549
281234667
281263914
281391775
281783395
281788106
282057947
282346215
282383472
282716258
282745870
282766834
282823818
282853789
283069327
283118735
283181272
283269472
283297734
283323023
283454607
283644651
283764366
283788285
283998122
284034777
284160274
284213258
284456627
284602941
284710819
284758599
284805088
284827656
284864011
284983755
285016868
285532751
285533646
285536385
285949157
286105483
286162489
286387764
286568377
286678012
286686200
286873653
286987773
287208899
287243140
287260816
287314418
287359972
287390366
287964945
288167064
288206820
288237685
288276531
288292067
288295317
288296731
288311223
288438881
288582474
288587054
288722651
288947089
289103672
289330408
289348916
289515066
289559105
289624558
289721546
289774887
289821565
289891419
289907445
289960480
290089463
290206216
290281064
290410581
290467442
290472168
290516227
290625841
290680507
290715691
290742414
290791352
290837111
290914961
290955694
291012050
291038229
291180710
291496684
291939555
292015922
292078234
292105470
292174601
292454471
292527763
292535433
292550594
292610671
292749179
292817677
292880654
292996310
293005304
293297057
293341455
293372694
293435433
293531539
293692141
293716854
293727230
293735310
293797120
293934753
294034074
294170627
294175621
294220136
294434529
294446032
294549410
294717831
294746783
294768474
294991052
295002703
295066039
295161855
295353146
295354265
295533336
296034466
296165743
296303051
296328184
296407760
296568859
296583332
296870261
296929984
297219969
297231566
297395724
297527608
297541997
297603078
297941284
297994153
298250224
298256920
298312553
298462373
298609186
298678186
298737587
298744641
298748864
298772888
298830182
298988821
299230065
299497836
299593686
299700764
300138673
300482775
300557557
300561910
300579982
300632674
300874978
300911472
301156648
301170091
301303245
301391140
301466266
301466821
301725437
301852801
301908311
301909192
301994186
302015477
302038616
302116979
302123624
302192413
302246217
302352949
302629385
302649283
302670463
302715174
302811932
302848374
302852798
303097432
303120399
303252923
303283668
303296138
303343970
303489557
303505840
303554079
303582996
303945705
303967420
304182416
304454682
304526456
304576886
304645776
304650879
304972862
305279354
305296717
305364696
305383128
305478555
305516328
305564075
305579793
305629523
305713403
305767487
305893579
306032818
306056610
306069520
306133674
306254048
306385300
306601048
306642261
306707750
306776155
306888402
306902508
306924907
307142068
307187248
307199937
307290233
307520144
307924407
308188209
308268284
308340118
308348315
308363567
308407902
308493995
308588467
308599499
308716921
308738881
308775544
308848853
308962768
308986657
309009146
309069423
309076287
309115161
309131330
309196196
309301010
309378332
309416128
309428794
309554473
309712927
309748647
309793298
309808944
309979189
310135340
310190477
310314796
310399373
310566518
310658105
310688445
310980146
311014832
311077454
311142888
311191907
311279409
311588825
312164323
312188432
312261326
312361799
312409391
312417224
312696346
312739222
312942815
313053605
313161675
313256619
313257637
313312204
313394725
313552574
313690692
313942654
314250703
314479102
314518759
314546493
314654960
314769217
314859583
314884185
314885279
314923683
315007395
315053940
315091686
315150948
315274774
315314130
315371224
315624587
315899127
316025439
316167099
316366572
316414204
316425297
316581136
316673942
316696190
316777920
316827582
316883002
317098417
317131559
317338624
317382232
317592654
317640851
317680372
318115242
318190730
318263987
318396145
318767584
318955388
319120113
319320545
319326779
319430945
319460750
319538363
319597307
319652933
319788168
319908770
319943715
320058635
320088399
320273973
320365981
320435157
320472276
320634228
320956431
321275609
321298695
321564900
321618448
321698118
321724026
321810139
321928247
322217300
322408987
322546913
322569307
322711378
322720597
322722683
322858887
323022304
323066539
323108173
323389280
323430524
323451772
323518690
323549351
323712479
323868899
324042337
324198359
324204624
324225296
324553943
324643849
324813489
324816250
324896547
324983656
325001721
325112677
325144017
325261882
325292713
325386309
325619049
325697355
325707958
325905620
325996561
326049163
326097094
326116327
326153604
326186379
326378056
326626545
326717482
326749898
327235271
327253164
327304571
327304603
327557301
327614697
327779310
327963046
327990994
328021397
328223975
328421556
328472776
328667050
328961982
329268945
329282439
329345857
329442645
329778419
329860152
329864981
329961073
329996362
330221314
330449647
330452317
330454116
330505630
330643043
330788125
330845669
330868357
330937238
330955037
331015829
331053758
331095014
331272711
331357103
331404839
331431813
331465562
331613857
331647267
331666468
331917992
331979483
332026003
332123084
332272941
332345308
332524412
332632740
332656039
332693428
333134184
333390972
333416668
333494395
333531468
333641411
333651026
333656456
333679350
333693577
333706332
334016088
334047449
334192240
334297609
334378849
334559883
334728833
334857367
335200390
335262788
335310460
335311232
335318043
335336027
335401070
335753977
335830913
335855025
336074606
336343326
336461026
336638222
336773442
337005187
337099662
337158806
337249522
337347545
337356772
337538475
337609177
337721406
337737260
337917808
337978568
337985950
338063390
338259029
338271586
338505490
338795592
338798031
338836085
338948035
338985615
339109655
339139189
339276327
339280302
339283265
339314485
339326418
339349406
339443488
339494320
339519955
339840841
340257192
340279432
340316480
340361179
340419069
340516645
340605088
340838746
341498139
341571871
341614414
341641291
341648298
341711383
341757045
341939530
342078636
342112779
342209525
342240472
342333785
342428744
342606428
342619332
342658214
342713396
342869280
342925145
343036434
343047478
343248841
343291567
343880511
343944954
344001586
344067814
344243881
344331178
344517274
344646548
344746830
344828448
344875695
344943884
344990091
345081175
345094813
345251494
345383456
345601185
345925434
345944245
346138861
346168785
346205149
346276245
346277133
346292519
346313822
346326522
346355221
346361646
346415192
346435406
346648161
346742794
346775453
346879177
346927743
346963590
347080611
347130842
347229288
347274025
347366688
347402711
347485653
347505795
347601246
347628907
347635999
348019620
348110077
348117888
348305919
348330971
348557114
348578326
348675752
348847931
348865477
348915459
348969323
349363267
349472327
349581819
349610619
349671630
349718072
349746658
349786846
349788873
349852749
349860471
349879122
350055431
350081026
350135329
350152370
350231919
350302684
350303429
350674304
350678343
350689714
350805373
350809096
350881387
350958537
350995236
351074741
351407314
351452667
351565379
351720524
351924039
352340876
352452895
352648419
352688304
352783065
352792696
352872693
352923954
352984154
352991572
353250478
353289727
353307194
353320137
353457504
353485795
353648922
353657730
353661083
353948381
354062227
354239942
354325082
354413380
354526217
354560484
354675402
354715144
354834420
354872285
354923230
355146333
355339015
355430308
355439573
355506945
355577663
355634114
355641573
355688577
356056107
356261497
356347899
356356143
356394851
356538326
356771366
356879598
356894043
356973208
356995379
357023144
357057461
357271105
357294478
357320224
357333815
357441054
357784383
357789164
357895838
358087371
358154922
358553609
358557698
358821717
358928551
359081881
359257627
359317208
359469354
359649717
359836685
359863758
359992966
360028867
360093358
360304110
360357300
360391161
360440847
360598090
360666388
360695544
360759847
360790681
360825153
360854630
360904801
361034306
361369007
361439798
361537419
361751395
361762679
361781326
361911282
361919555
362381213
362573094
362579995
362638150
362702763
362745805
362754281
362756304
362769835
363075954
363176660
363301697
363305810
363333958
363339478
363349486
363480520
363525187
363564606
363641127
363821825
363984394
364062926
364165192
364172568
364378590
364450841
364523644
364705330
364719701
364891316
364969792
365486642
365824952
365871260
365880961
366053040
366212315
366254112
366428257
366470076
366571962
366633530
366691821
366930655
366938229
366943933
367019795
367039964
367049684
367055430
367071890
367093710
367270273
367278920
367323869
367341143
367356497
367420286
367605647
367750835
367761416
367975676
367991311
368077617
368093333
368167305
368225119
368716305
368733589
368780031
369019257
369026326
369143918
369156265
369266789
369323300
369567900
369697718
370101075
370442963
370469194
370533663
370534844
370566310
370667746
370815980
370836265
370856723
371061803
371184233
371223039
371248495
371416184
371449503
371468478
371492258
371772288
372102936
372176118
372489192
372913032
372985129
373031405
373070471
373221168
373474635
373693678
373897069
373986458
374027864
374099952
374182659
374223900
374404478
374423639
374434187
374451699
374703858
375051452
375168825
375175566
375413403
375453004
375590326
375596014
375666403
375669695
375790625
375808849
375845666
376159780
376191383
376217033
376236892
376263462
376311073
376423500
376516340
376622604
377040607
377043820
377220293
377437422
377797440
377818763
377935835
377969810
378055162
378215529
378238889
378240612
378496878
378509890
378741497
378749648
378775299
379176245
379211799
379361184
379717342
379879838
379944283
380097621
380130158
380187151
380236526
380279608
380296373
380431486
380710245
380733195
380744004
380766077
380791511
380801715
380830974
380883120
380994363
381051462
381146081
381270907
381280601
381342347
381358961
381477202
381673079
381771539
381790060
381816854
381914551
382050935
382308602
382336821
382431375
382468328
382523051
382568436
382614725
382629632
382643177
382656594
382700157
382793851
382821803
382950215
382973102
383140804
383522507
383609252
383613066
383766370
384017368
384302149
384345918
384425889
384531609
384584276
384585331
384693360
384709150
384860848
384993791
385107636
385154976
385161909
385192443
385251296
385532423
385639957
385865884
385897454
385913812
385933458
386026433
386053866
386088929
386169039
386211208
386354520
386380290
386416587
386470946
386578623
386873944
386954902
387011133
387050650
387051979
387094275
387145108
387493727
387781759
387902347
388148346
388233883
388278116
388310521
388361405
388408967
388471102
388658766
388821369
388991966
389187357
389201250
389277476
389496337
389672036
389699778
389734484
389893646
390058329
390069704
390094544
390132251
390148793
390205144
390308092
390388796
390695174
390749210
390778115
391152176
391168991
391177318
391201837
391290904
391388673
391402552
391498957
391590929
391726294
391749725
391784152
391785806
391848877
391849538
391925810
391954036
392049984
392103644
392285114
392341644
392475047
392507461
392544323
392782878
392808694
392856268
392910884
392938270
393062190
393295711
393359538
393478701
393601589
393602896
393621450
393635839
393685075
393766768
393781343
393858155
393878014
393911677
394001573
394432295
394579534
394735903
394847725
395228385
395417572
395486088
395490191
395561798
395673821
395698154
396005529
396276828
396305123
396380129
396540257
396565874
396720090
396761042
396782100
396874166
396922811
396924219
397122111
397172090
397175772
397210356
397258315
397340859
397433511
397565060
397597839
397627295
397639760
397769410
397775507
397970772
398006039
398027640
398051766
398193972
398207924
398250217
398274458
398325182
398443770
398593409
398756698
398871153
398972495
398990728
398998381
399074210
399142818
399191901
399230423
399265646
399292769
399365361
399370351
399426498
399554934
399573390
399782582
399798716
399925160
400003048
400089245
400297178
400339300
400348390
400398780
400499274
400525964
400836883
400841427
400906543
400931778
401136412
401247716
401317528
401646229
401657837
401661560
401680027
401818792
401911391
401962185
402049668
402096322
402431070
402555896
402587202
402617976
402661296
402814002
402820771
402871662
402888570
402986005
403055664
403061917
403071014
403146057
403196841
403310869
403342590
403477715
403620580
403626540
403736461
403742248
403896951
403933638
403942627
403966785
404011419
404099297
404100095
404160186
404343783
404348788
404357945
404430005
404558393
404584740
404640340
404647448
404658594
404705845
404718757
405022009
405277355
405333851
405694368
405885894
406173230
406391954
406403139
406405331
406473697
406738306
406764981
406801235
406808790
406848969
406993903
407027749
407084835
407290193
407330443
407406255
407526320
407682200
407822962
407959329
408028764
408143701
408163462
408286436
408444430
408663081
408676044
408922455
409128223
409407865
409437967
409624169
409714949
410107951
410124488
410179566
410227606
410330628
410640323
410715770
410768419
410780502
410927042
411174542
411312932
411345770
411642844
411691678
411710214
411719130
411750518
411900941
412008165
412167876
412182266
412503792
412505512
412674736
413063196
413319231
413390327
413555843
413561551
413636150
413947666
413990134
414201547
414209410
414236714
414431691
414472595
414661614
414697179
414784912
414915840
414948959
414970359
414979215
414992106
415034193
415407962
415424708
415683398
415731392
416017387
416284007
416337217
416436290
416453697
416458192
416616335
416761373
416787176
416838512
417001877
417123267
417150416
417209904
417210260
417251192
417255211
417343605
417463282
417539013
417655867
417806977
418047514
418057746
418102205
418192295
418240423
418258214
418297252
418320356
418360721
418542872
418564431
418815508
418835098
418929363
418942809
419098048
419103979
419327287
419344758
419405918
419487726
419501985
419627196
419729034
419770187
419777324
419811870
419875803
420023234
420044460
420083184
420110454
420212534
420377380
420527198
420564669
420570664
420583623
420600488
420718082
420791966
421180378
421238318
421280615
421312808
421642598
421785834
422072957
422140869
422156189
422183194
422223810
422227791
422330613
422335528
422431336
422550983
422559349
422699796
422706582
422769073
422821118
423221719
423268295
423278053
423359444
423431819
423497374
423618097
423680726
423767274
424082254
424103062
424150978
424274174
424375283
424780546
424802443
424840839
424852574
424921433
424928566
424956255
425131024
425294207
425300034
425302841
425461627
425469226
425600124
425833123
425854587
425918519
425972532
426059230
426071188
426146244
426186688
426353526
426375018
426375192
426412841
426624191
426626315
426688322
426717913
427016800
427026288
427125852
427147029
427176219
427524721
427539794
427605560
427664306
427689062
427699290
427732884
428139179
428166329
428182162
428199241
428275600
428319915
428460911
428520619
428526009
428585156
428743077
428778136
428792683
428817282
428876477
428928401
429189128
429218188
429267937
429385942
429392428
429462682
429543508
429624444
429831012
429937041
430011167
430083965
430190875
430247702
430269913
430384478
430429528
430470570
430759607
430817462
430835199
430995391
431002380
431021519
431035241
431097536
431102370
431103055
431131573
431263123
431309500
431326579
431335328
431701930
431818918
431829351
432061477
432186484
432290242
432355043
432504392
432648976
432802755
432874169
432942899
433023310
433157584
433175682
433213221
433281838
433324181
433517529
433538205
433540601
433683932
433696344
433926582
433981552
434022621
434026995
434095317
434106537
434127162
434131552
434209673
434247892
434299595
434338912
434403965
434430543
434487786
434565615
434732273
434809287
434878938
434909390
434930962
435000074
435037564
435058930
435059094
435068631
435115009
435129915
435170066
435223033
435348860
435375251
435390628
435634587
435741048
436031028
436075751
436476662
436540550
436549372
436631812
436696725
436940023
436941936
437022440
437043120
437076025
437243825
437339388
437398323
437531096
438116169
438270080
438275398
438344928
438381877
438531365
438691766
438703399
438777094
438816821
438888938
438925204
438931167
438980245
439111746
439315990
439374066
439731765
439837735
439875658
440497374
440500565
440527110
440557789
440572258
440717741
440764009
440825016
440942776
440947042
440961620
440982360
441078595
441247448
441260068
441270098
441446518
441837706
441882145
442131463
442221194
442243374
442243945
442247964
442374191
442483049
442502181
442553855
443024520
443129175
443398022
443403157
443417805
443469749
443557182
443661887
443798355
444201404
444385602
444521010
444637106
444810598
444904805
444921948
444933698
445123476
445171330
445243673
445318035
445489000
445563432
445696927
446502627
446534506
446756846
446768299
446857736
446929429
447166508
447194163
447226444
447307759
447317797
447443751
447601554
447702004
447837917
447939920
448012734
448070805
448372917
448377558
448387276
448417446
448428454
448598215
448708264
448821923
448883450
448918135
448963366
449081950
449566435
449629704
449692501
449824138
449944586
450029193
450165125
450410869
450428190
450430253
450557802
450600545
450792720
450859930
451432855
451480702
451506228
451511491
451541713
451710754
451795583
451987365
452067261
452088395
452154212
452292718
452372996
452458694
452488026
452503049
452544763
452606833
452689278
452720438
453025031
453034042
453082752
453126808
453326871
453416765
453468031
453580438
453906497
453998002
454050673
454075186
454171197
454201477
454349117
454366292
454513064
454786836
454843957
455064135
455072551
455163271
455258760
455383589
455393526
455436415
455569539
455606718
455612016
455677199
455716901
455723791
455724621
455748232
455767540
455889198
455941375
456007295
456011746
456013178
456022225
456098746
456279256
456287368
456320723
456340765
456438678
456478793
456548381
456644709
456655885
456901697
456915409
457084413
457089724
457368583
457436784
457587358
457689864
457693804
457725143
457793017
457802645
457864424
458210626
458230089
458281757
458327893
458490342
458521199
458589258
458595691
458713476
458719430
458805557
458997273
459122269
459123027
459142072
459150938
459189356
459263279
459282283
459329166
459352336
459601561
459726549
459788206
459821564
459914778
459946842
460059928
460216801
460527352
460608747
460631733
461140820
461393259
461401121
461591986
461882772
461909819
462018795
462021816
462079630
462096177
462332850
462439512
462759731
462900505
463087902
463132841
463361918
463373636
463476034
463488637
463586876
463902782
463919807
463925548
463928365
464076549
464158520
464474295
464630718
464823956
464876623
464893371
464907476
464942870
465066301
465072236
465254883
465422195
465439120
465495349
465729247
465739741
465951422
466012687
466203225
466224296
466312312
466484560
466656688
467134096
467281258
467291222
467413754
467606530
467641570
467764549
467858739
467884170
468386703
468467208
468558468
468925898
469005741
469019467
469060615
469123985
469188090
469368814
469371690
469560525
469662671
469722297
470220050
470395723
470414078
470430696
470476674
470483121
470527905
470564053
470594208
470623823
470686992
470709718
471043002
471236722
471289324
471301481
471412938
471416695
471456900
471499804
471958737
472088680
472129315
472168315
472221821
472449231
472474757
472496565
472537329
472706949
472771339
472927341
473004597
473011757
473040972
473074787
473158541
473191371
473408242
473440445
473461513
473465879
473481536
473877893
474080506
474272293
474499775
474577114
474836821
475002617
475048558
475139528
475207610
475340005
475439597
475479248
475615158
475678910
475831008
476003761
476160298
476342962
476374062
476447405
476455382
476472961
476530356
476556977
476577996
476656145
476678636
476716510
476774842
476843649
476866490
476891472
476929595
477032156
477191877
477340044
477556663
477603525
477635485
477642191
477670509
477768830
477788668
477842961
477879587
477916360
477976107
478087490
478423958
478432629
478440048
478616420
478713082
478737093
478806630
478888185
478987026
479151522
479219991
479331317
479553937
479573443
479612714
479634695
479780235
479814249
479844884
480032624
480047205
480073788
480075204
480660816
480750251
480891858
481072184
481235952
481260631
481272672
481589719
481631330
481767106
482019398
482131530
482419425
482433580
482443134
482525836
482671161
482791368
482813893
482833682
483149432
483404915
483487450
483549156
483692554
483788314
483805718
483808252
484048688
484060293
484124549
484158628
484169417
484222504
484347214
484390226
484394132
484594280
484818942
484958173
485003266
485092764
485118291
485120087
485144000
485254395
485365240
485394281
485433834
485462227
485599407
485756173
485823770
485940457
485974439
486268432
486274862
486331801
486369694
486414919
486450313
486687909
486725641
486767713
486890646
486955476
487075935
487181210
487185577
487393828
487490236
487513623
487535452
487887141
487942992
487959030
488082829
488144968
488173430
488271977
488303915
488477793
488551429
488664583
488893866
488980644
489044089
489093380
489170891
489189043
489371184
489415792
489769085
489833623
489942369
490026445
490031853
490086871
490154193
490160178
490244908
490259012
490301675
490365202
490368191
490369275
490428028
490654772
490659199
490798298
490948929
490962941
491113348
491193493
491297600
491523798
491562854
491637865
491906065
491992796
492062278
492156767
492217682
492294611
492487338
492549805
492557380
492588062
492796948
492870969
492897693
493004038
493107873
493195811
493209293
493219232
493427601
493595463
493774702
493852945
494101693
494154473
494193699
494272922
494368500
494404784
494508839
494515762
494522653
494559185
494678160
494787518
494919585
495193306
495241288
495252352
495273849
495280142
495385667
495625103
495812335
495973634
496171207
496463100
496573243
496573461
496605367
496687393
497040467
497078056
497087769
497162191
497537236
497769149
497962879
498023933
498075136
498195236
498253587
498370620
498524387
498660557
498683838
498804721
498977253
499053068
499207364
499284592
499305539
499485557
499877200
499944649
499947976
499965263
500033973
500091803
500137882
500257477
500322850
500408121
500473092
500580433
500702055
500720067
500835550
500854308
500870496
500953133
501017562
501073960
501216801
501325856
501371465
501487585
501754075
501857373
502082166
502167801
502284732
502319164
502531236
502551493
502925713
502943295
502974436
503017145
503196293
503327403
503434527
503460710
503519806
503529220
503533716
503656352
503678229
503728657
503839607
503846918
503922024
503960216
504044341
504454769
504460600
504484432
504560433
504583211
504765906
504856323
504931168
505064037
505297502
505357989
505367237
505901860
505908375
506014136
506086772
506196416
506291936
506317824
506593785
506836843
506992512
507013318
507052459
507216368
507266459
507314899
507454794
507477719
507577063
507619188
507677070
507724016
507987818
508040664
508054229
508073311
508183784
508264920
508295431
508350009
508371029
508472838
508489488
508612485
508873504
509142253
509277440
509367958
509463421
509474728
509518349
509520033
509765806
509935103
510132999
510164920
510311800
510416112
510459864
510776490
510787538
510873340
510897859
510923651
511075624
511171813
511203503
511205264
511253735
511390517
511874037
511886107
512195462
512239415
512284256
512448313
512600572
512658803
512804998
512805930
512969761
513221917
513379504
513569184
513633669
513652381
513733876
513795241
513944131
514006149
514185731
514240982
514384395
514394876
514686077
514706128
514721607
514915830
514933572
515010720
515175496
515235221
515331135
515352441
515535324
515568085
515576638
515726011
515730644
515954624
516111087
516125975
516228823
516444235
516534254
516560465
516619397
516652873
516802485
516854131
516907295
516914136
516979149
517053634
517107711
517251460
517261243
517390998
517440764
517509080
517530187
517637123
517775014
517831726
517890608
518023033
518070498
518313282
518370397
518398197
518449783
518488216
518542871
518637775
518662171
518716472
518923479
518957570
519508788
519645639
519713897
519911839
520003818
520014512
520073642
520091897
520280723
520338277
520632966
520744532
520748145
520794768
520959824
521178949
521441608
521645869
521667883
521762950
521818095
521846701
521873113
521921632
521942049
522023490
522053515
522218530
522269582
522381458
522460545
522461888
522646064
522742589
522796865
522961703
523012113
523226314
523226979
523231147
523259360
523273165
523332882
523358143
523390572
523577613
523589127
523651250
523722201
523847714
523850807
524028265
524188123
524249048
524279449
524373268
524391073
524419012
524479460
524806524
525065557
525066572
525162465
525259291
525381307
525563453
525651176
525965645
525997837
526034187
526053477
526079325
526201703
526310308
526472942
526481412
526504799
526668696
526827767
526864668
526931264
526960035
527064719
527239746
527279398
527354772
527472347
527558755
527788679
528030963
528120823
528234434
528559029
528589923
528640648
528676862
528739554
528818334
529266466
529314493
529471615
529594434
529701103
529705401
529713569
529737990
529795998
529907318
530030875
530104357
530192065
530274632
530420568
530464647
530470604
530648060
530716112
530753027
531023399
531214273
531374814
531410055
531466682
531499486
531556988
531720701
531823798
531923820
532140349
532292932
532451152
532497811
532757132
532974161
533006110
533025484
533046223
533155400
533484304
533641931
533685894
533717247
533738493
533874532
533917350
534039916
534123726
534198731
534326644
534359907
534365779
534375731
534395929
534511033
534524553
534587919
534720365
534757472
534864001
534905150
535088466
535131840
535199050
535205237
535623031
535712615
535827674
535963880
536144308
536402362
536573676
536642362
536693481
536704669
536787710
536799093
536815056
536832874
536978508
536996167
537082215
537219886
537332256
537452202
537543855
537553133
537674938
537823242
537868335
537946726
537978867
538167859
538324802
538331675
538383436
538454053
538503744
538643866
538794516
539042081
539130165
539152740
539413695
539552105
539580792
539612323
539748491
539762029
539781442
540141359
540225516
540270580
540274678
540450548
540453513
540461945
540499141
540614305
540663706
540743828
540811811
540837951
540956723
540958337
540958748
541059037
541260778
541287647
541346880
541522226
541555038
541588733
541749767
542224108
542232182
542337363
542573840
542574641
542642139
542700780
543039571
543080536
543247430
543421465
543605476
543664684
543711536
543755141
543826026
543833610
543849672
543856456
544064364
544110613
544161913
544239527
544608591
544616537
544680578
544832132
544936208
544978347
545056688
545140858
545189373
545259986
545335058
545360647
545495732
545632610
545740569
545741902
545751068
545886901
546081043
546111631
546419254
546452380
546612898
546904286
546909957
546943362
547035083
547169671
547330284
547624135
547646756
547733834
547867369
548092137
548434694
548777512
548867987
548977533
548980864
549119647
549163895
549244146
549611422
549666577
549717620
549744304
549755974
550134178
550216831
550656537
550789690
550796204
550888220
550922050
551073530
551076289
551227654
551243973
551246175
551266997
551321761
551342440
551546336
551760309
551847786
551856648
551861366
551896473
551989746
552058223
552113992
552164658
552225676
552266761
552410067
552603028
553143484
553159409
553202213
553283274
553283445
553336005
553712590
553769327
553833936
553857974
553988783
554086676
554124104
554193235
554232408
554297551
554467561
554558920
554600044
554846091
554876125
554914451
554948350
554972940
555060452
555073215
555156025
555201907
555395860
555439468
555500279
555549427
555612290
555695237
555971122
556164197
556175132
556194465
556222739
556297041
556360177
556509514
556533841
556568249
556959121
557021058
557231660
557278745
557330609
557389835
557646976
557734538
557747044
557925832
557963924
558145958
558171632
558205221
558206075
558444087
558483279
558557314
558591719
558617686
558689218
558780984
558930119
558981205
559278272
559401445
559416620
559684698
559807472
559877902
559899497
559916907
560031295
560111825
560117625
560314812
560335807
560675343
560730146
560922390
561074287
561366950
561553251
561559586
561736781
561749849
561919748
561925140
562161646
562493984
562556271
562598109
562621885
562643513
562659431
563052111
563098061
563173609
563196922
563273244
563334983
563390132
563541334
563604222
563910298
563959962
564262949
564307692
564309007
564511681
564609351
564908220
564962976
565259730
565276245
565349846
565392069
565555170
565851034
565882787
566272036
566288956
566298154
566364602
566508522
566595396
566631667
566689634
566723953
566827590
566879545
567733220
568080450
568158667
568218329
568444544
568552977
568583640
568622030
568646295
569107343
569193621
569408689
569421981
569431594
569747630
569808503
569863140
569894492
569899700
570062012
570167961
570282867
570289209
570371883
570481787
570491248
570535983
570629681
570747255
570828972
570928020
570982475
571194753
571241891
571254890
571261948
571394039
571462693
571483532
571635338
571754707
571885425
572302209
572324084
572558008
572598342
572623714
572909417
572987435
573181607
573269475
573380524
573533431
573590809
573920876
574096372
574375993
574417231
574649242
574681737
574717046
574841694
574853936
574922848
574966577
574992948
575473630
575563073
575585565
575614560
575679180
575741931
575822924
575881329
575910240
575944337
576086548
576231845
576248108
576473420
576760283
576812307
577241426
577286220
577318524
577447756
577476845
577563416
577775859
577868421
577919533
578027601
578196474
578295718
578328256
578476107
578479238
578741121
578791514
578797088
579033790
579075343
579112831
579271537
579504811
579575520
579610531
579645131
579683558
579735229
579760598
579826610
579856927
580099093
580137692
580251001
580345240
580501315
580529791
580531384
580770757
581101256
581289253
581322385
581347511
581494032
581840037
582083768
582205458
582217119
582274343
582286960
582393570
582436696
582499588
582509296
582575759
582659808
582679658
582748836
582770514
582930450
582988146
583089411
583306034
583347296
583371663
583585987
583847929
584012821
584510350
584582484
584710760
584776453
584893362
584938093
585382924
585570239
585642934
585951043
585983355
586040625
586154947
586333855
586373543
586507618
586567753
586742395
586874944
587064271
587685380
587749727
587866601
587872431
587888194
588130045
588141423
588221070
588320303
588439624
588451273
588530665
588548286
588562569
588608818
588750660
588911375
589204556
589219200
589270207
589284033
589511460
589789112
589827216
589837463
589956511
589972324
590006095
590032850
590046635
590067627
590147333
590400862
590402913
590463315
590603849
590732927
590819861
590827942
590940466
591016076
591166470
591180030
591239582
591293128
591589697
591645495
591985376
592099273
592153493
592348552
592417346
592441567
592628308
592671078
592777281
592950370
593055827
593105937
593118639
593331821
593408667
593711502
593774824
593815002
594186606
594212554
594260664
594342760
594426161
594437933
594465467
594516264
594619292
594631144
594804786
594938930
594995739
595039660
595229928
595297796
595334976
595337145
595350803
595366088
595438681
595535700
595589195
595610811
595637276
595717001
595735813
595775645
595813251
595848354
595850472
595990390
596027319
596185395
596192000
596319083
596385339
596439851
596478160
596533483
596780389
596932038
597339885
597371430
597392287
597405608
597436738
597520125
597623661
597820903
597880868
597896429
597919530
597998628
598102729
598368154
598574511
598623248
598636238
598683567
598691598
598761993
598773261
598853132
598894053
598981638
599044039
599049606
599127378
599155745
599262136
599581513
599727807
599821113
599919584
599967944
599981670
599987999
600000506
600041495
600155169
600287172
600297021
600334555
600355783
600371721
600605391
600662347
600710599
601124296
601176976
601338056
601382162
601437214
601446743
601521431
601599970
601691358
601854747
602052556
602063027
602075318
602193741
602201125
602449627
602665220
602847255
602882277
602947965
602990783
603057847
603060379
603227918
603232141
603330095
603331823
603561109
603639355
603876508
603970624
604025445
604036744
604115955
604188312
604230078
604317554
604352814
604474232
604524213
604566649
604946122
604998294
605072174
605074052
605102887
605104226
605173776
605294013
605307825
605309316
605386223
605389929
605406040
605747018
605838867
605874828
605909585
605954326
605958376
606084736
606230911
606250425
606256134
606371478
606441517
606515468
606729910
606856506
607121401
607150139
607181311
607188770
607310914
607614920
607741391
607818219
607855958
607986124
608033895
608046785
608404421
608715142
608959833
609085013
609113151
609217057
609239410
609293526
609312750
609424389
609438504
609453120
610025248
610144331
610338577
610421510
610632699
610636823
610743248
610839512
611169118
611260134
611442320
611577918
611660236
611801320
612055600
612178755
612188036
612241880
612250543
612304760
612571274
612771135
612877702
612894563
613307978
613515121
613700296
613871965
613897714
614043631
614046626
614060626
614201789
614234119
614774264
614803089
614891839
614999404
615068634
615073293
615076614
615081165
615134254
615144160
615455750
615743335
615992995
616026265
616105329
616157955
616209392
616253539
616342927
616363864
616438418
616466148
616616716
616699026
616732364
616944456
617173100
617196288
617256994
617452287
617474040
617618840
617657165
617760063
617880543
617957652
617958989
618061475
618253333
618257545
618415757
618572367
618600377
618617786
618704717
618770842
618867519
618902779
618964646
618973231
619052641
619117780
619210300
619278966
619407922
619616597
619655444
619656388
619803560
619836078
620219057
620498600
620552141
620579582
620668939
620677114
620732086
620979373
621358041
621434246
621596763
621614811
621770990
621812112
621834022
621859570
621943631
621980537
622093197
622231924
622513047
622514122
622542334
622681941
622796624
622854354
622980097
623098257
623190529
623200951
623354198
623379716
623521428
623642687
623657133
623668885
623676460
623685458
623689261
623740207
623815103
623878580
623916257
624024109
624137737
624157814
624255037
624565100
624587008
624645471
624668531
624783887
625058206
625128983
625146966
625283070
625407108
625407208
625428189
625488818
625534833
625703435
625729309
625900623
625942777
626023548
626060890
626102423
626185558
626524563
626546924
626596138
626597761
626602105
626750827
626798485
626865775
626896990
627031108
627070693
627090693
627097975
627417598
627533195
627635389
627675848
627706036
627791955
627798607
627893422
627944585
627947690
627950466
628064665
628440602
628551755
628917011
628931160
628959152
629043646
629146019
629250160
629328481
629513783
629547849
629884919
630052533
630119670
630130094
630170640
630507486
630650419
630863317
630865511
630931582
631191166
631216860
631361335
631519363
631523913
631528351
631528882
631545637
631551403
631591965
631597552
631872508
632134001
632156767
632270352
632302990
632434089
632506574
632514458
632572304
632587581
632634551
632880783
632913038
632917920
633182197
633324675
633404303
633623019
633671187
633753127
633905346
634031203
634036767
634114115
634362857
634374693
634386680
634503899
634698318
634808114
634825541
634901774
635165742
635183492
635294097
635356916
635497225
635513166
635756852
635759680
635794962
635816171
635914189
635987836
636074044
636353466
636399860
636430429
636441518
636557330
636559125
636608005
636682076
636763979
636774618
636902370
637238226
637330057
637345278
637378646
637483310
637579272
637633302
637657993
637669031
637683506
637875036
637943269
638046875
638159071
638338192
638380960
638403820
638491296
638778472
638920481
639204120
639233136
639292278
639300042
639385663
639476098
639529554
639589008
639685390
639863978
640162410
640212169
640744844
640847264
640976160
641291300
641307676
641497281
641559115
641637455
641794759
641944762
641952904
642058290
642063076
642067704
642100904
642150935
642234556
642296868
642390183
642432266
642603336
642706165
643134542
643174898
643259978
643305636
643310727
643504896
643687925
643747495
643757585
643787014
643793890
643867604
643870580
643950367
644042163
644162510
644250712
644346483
644468612
644741645
644754767
645127260
645148866
645205260
645217858
645235436
645276769
645286903
645290784
645472602
645652870
645699291
645713852
645778315
645807181
646134384
646159684
646266597
646305916
646447395
646456871
646518930
646524828
646622476
646665292
646725550
646874799
646929086
647221807
647301378
647466610
647523373
647536361
647545939
647594051
647598680
647675375
647742670
647748125
647833214
647837337
647930106
648014958
648275106
648542853
648571004
648579301
648602508
648607493
648771846
648794114
648905228
649055414
649077331
649303694
649452215
649491708
649600915
649904642
650100012
650222937
650251487
650371497
650405700
650405800
650429107
650461211
650505648
650556917
650576747
650664501
650754288
650766588
651082263
651195423
651202821
651250331
651335320
651336532
651392981
651399244
651405617
651440804
651546194
651605756
651681183
651759459
651856978
651894734
652033945
652522696
652681765
652885396
652941570
653145801
653429399
653517562
653599252
653601848
653612077
653655739
653933281
654281947
654540420
654595319
654679990
654776512
654853973
654885475
655102970
655119447
655121349
655187257
655209315
655390403
655590342
655629239
655843494
655924044
656013167
656031662
656046671
656056052
656140747
656270164
656703729
656859015
656935222
657009151
657085895
657241938
657266749
657374377
657405285
657473174
657628256
657702411
658142422
658246443
658277208
658340271
658368333
658408280
658449562
658563267
658630230
658671553
658757310
658806639
659068555
659073632
659094480
659213836
659269047
659322807
659535531
659631040
659963134
659965723
660032607
660044351
660067740
660167657
660245939
660264006
660288034
660335802
660378205
660393401
660451519
660549161
661086786
661117239
661213795
661344802
661381668
661393406
661537854
661539703
661883523
662272195
662928715
662958020
663170239
663294549
663396782
663435671
663480990
663500000
663505024
663572208
663661550
663825814
663934497
663939790
664153742
664194841
664213379
664325662
664409489
664560533
664572218
664693381
664697241
664715093
664715333
664925189
665076610
665138202
665353508
665555546
665572497
665584336
665599145
665646369
665667500
665883403
666072153
666105746
666196316
666359998
666618141
666738285
666769570
666845791
666888031
666930824
667148013
667243333
667384424
667388802
667500598
667553185
667604788
667628476
667714229
667818361
668012554
668019899
668090950
668177261
668371953
668471463
668800720
668903342
668937165
669058998
669120680
669125678
669246917
669773579
669787087
669814927
670053377
670078267
670093699
670423053
670468697
670629060
670724663
670770142
670836490
670890686
670950844
671063523
671071409
671172990
671175593
671268295
671300313
671558645
671559933
671579833
671650788
671673626
671730422
671770909
671792740
671912822
672023968
672217734
672333846
672414371
672429880
672583738
672704185
672921595
673004175
673052947
673059036
673128935
673276679
673291243
673463947
673582581
673662398
673748060
673857520
673916690
674064921
674096739
674186378
674238587
674521449
674587429
674734337
674887907
675093781
675174828
675297777
675344779
675359703
675502668
675515474
675717490
675799756
675847576
676145276
676168248
676192075
676335458
676366630
676597037
676601355
676864668
676866129
676884246
676987210
677033127
677038296
677069852
677119607
677122342
677459330
677707794
677846707
677910440
678033251
678128126
678145895
678173847
678237755
678535303
678589640
678651093
678762983
678772110
678916421
678992443
679049295
679148173
679217299
679248633
679288497
679352570
679356748
679405811
679457759
679636786
679685861
679691698
679798520
680090431
680095668
680143564
680154924
680174471
680530866
680626667
680737024
680793615
680867648
681140720
681331726
681386636
681492121
681610055
681700558
681792240
681877296
681902586
682050686
682080436
682521409
682526548
682602052
682708942
682854053
683041853
683071135
683152864
683170531
683250440
683287936
683355593
683356552
683580277
683643847
683667073
683797484
684009975
684019028
684035740
684132537
684155345
684250216
684382793
684854636
684973921
685036052
685047149
685181612
685270649
685479591
685531234
685703982
685707904
685807271
685930371
686014061
686256519
686269715
686308335
686387817
686461552
686573809
686628719
686797246
686811599
687110160
687355245
687409208
687446726
687761813
687839773
688046914
688180878
688199970
688546465
688770985
688820385
688861663
688969025
688975408
689110628
689130554
689199068
689341395
689356160
689362082
689470768
689639148
689644865
690105896
690455574
690718987
690929443
690943202
691122473
691128412
691185642
691326977
691358007
691688542
691821451
691986955
691988168
692181052
692197012
692490895
692577788
692748475
692907007
692992973
693072109
693269760
693523076
693532964
693720422
693840493
693871588
694118561
694347272
694407896
694422583
694470314
694472300
694657726
694681701
694806423
694836830
695003883
695090801
695163008
695433855
695503711
695624591
695656332
695710963
695777448
695817043
695901671
695903323
695971270
696080097
696226676
696227161
696254329
696292437
696604558
696712087
696857404
696913734
696950029
697181432
697190817
697307052
697431186
697491832
697575502
697757854
697792449
697848876
697893785
697897985
697994397
698023658
698036861
698239466
698288281
698463689
698490243
698518185
698536734
698544817
698706692
698713019
698810797
699058469
699212611
699286243
699348576
699619825
699649157
699697813
699836666
699888940
699952411
700156264
700164833
700404642
700428865
700567410
700688010
700710808
700734765
700944040
700982552
700984949
701060337
701103161
701115320
701216414
701374437
701394071
701450172
701472347
701526777
701621915
701698387
701902438
702023410
702155484
702308099
702391203
702521700
702567578
702676344
702691619
703045051
703053949
703063952
703153777
703228528
703287120
703312564
703360744
703428167
703433455
703584136
703621888
703780315
703794018
703834422
703976785
704331838
704352973
704531597
704613945
704624407
704757045
704830746
704839874
704954399
704964392
705179687
705243005
705349029
705364250
705408824
705448076
705528566
705536196
705578429
705614469
705689188
705837902
705924321
705940830
705950917
706013367
706056659
706070783
706124573
706203517
706236498
706251929
706316893
706540452
706544464
706621015
706806577
706923766
707055784
707069117
707102332
707251941
707308525
707355636
707377859
707459326
707653657
707917341
707994926
708187750
708238004
708241799
708600879
708652109
708681123
708810041
708840657
708916169
708921242
708958879
709180794
709314809
709395995
709600335
709713118
709936120
710128482
710162901
710361869
710399421
710436942
710590397
710616275
710741748
710779265
711067268
711111284
711205043
711292430
711314210
711333101
711621845
711745704
711770423
711834370
711910465
712171550
712207653
712235535
712444867
712586078
712610918
712614215
712634689
712644602
712793259
712843285
712845575
712918442
712969268
713172438
713212696
713246740
713323848
713411063
713518058
713529603
713712143
713769938
713812180
713855709
713936806
714157010
714234643
714683400
714700199
714737050
714775637
714781799
714810062
714928000
714963496
715005132
715038587
715108434
715162435
715560323
715701354
715708771
715722683
715742680
715821361
715995988
716044987
716140219
716301369
716446536
716507492
716623510
716783967
717208662
717209676
717317479
717354389
717459255
717489130
717561416
717639019
717714674
717745715
717839180
717851055
718286829
718382343
718516326
718703888
718799071
718905574
718912726
718921631
718966919
719024095
719207001
719257804
719269286
719525527
719820667
720024390
720031899
720129520
720183770
720483260
720605751
720673331
720695965
720756783
720789526
721141365
721174724
721207472
721256351
721510170
721533442
721756294
721803631
722021138
722053591
722405596
722446049
722450716
722467435
722604725
722620113
722884198
722894932
722992953
723101151
723106336
723216713
723286723
723315689
723363875
723394808
723410242
723464856
723545645
723550827
723553466
723679284
723686895
723761848
723790348
723814377
723866179
723943775
724177779
724180529
724210506
724257524
724319622
724332010
724413757
724683925
724729272
724816987
724849911
724885009
724924605
725043671
725107500
725138857
725233379
725305898
725432443
725443693
725444922
725572400
725613358
725791799
725817850
725823318
725826332
725836388
725984277
726454071
726485368
726593495
726672530
726674504
726730449
726952340
727133034
727183337
727257033
727299125
727305597
727423983
727476117
727528108
727727463
727735860
727816385
728011436
728050504
728157374
728301491
728459367
728470978
728484619
728892865
728945450
728950957
728957210
728975073
729120158
729147987
729218721
729471389
729626039
729992459
730037671
730475291
730604538
730654059
730664900
730770230
730962749
731296507
731303682
732116060
732134252
732174489
732279923
732296537
732428890
732663309
732672597
732680630
732718621
732729798
732824902
732967983
733045173
733083509
733084136
733115797
733139217
733163647
733193169
733209927
733244525
733257942
733349212
733450750
733512198
733518251
733609010
733651555
733709174
733842806
733939694
733969285
733972563
734055696
734071652
734379167
734456698
734552799
734633699
734635367
734644769
735192754
735280367
735324937
735385462
735501612
735579363
735694291
735833432
735956575
736049992
736077803
736184332
736224128
736408895
736445654
736556090
736620479
736761263
736969929
736982719
737158977
737412604
737490878
737615655
737621380
737699185
738022573
738048557
738097069
738160953
738173179
738192454
738341165
738388674
738465107
738528315
738542213
738608735
738627875
738996797
739018449
739149190
739164541
739203977
739206637
739306529
739307333
739700286
739903212
739941467
739948398
739969779
739978094
740046901
740200789
740212991
740501181
740586587
740701092
740712534
740801811
740900012
740999256
741012440
741128483
741193992
741303180
741308966
741316337
741322792
741423649
741454687
741484713
741490204
741633944
741957774
742036239
742055294
742088389
742229299
742372442
742389835
742850254
742914698
743003446
743081242
743145935
743388240
743723488
743834170
743841859
743886381
743947423
744119833
744153071
744172927
744219969
744341044
744457985
744495838
744544948
744748778
744755103
744787582
744842698
744919374
744920258
745408317
745677085
745682244
745690942
745706835
745769888
745801673
745971004
746075615
746168342
746317008
746326718
746360127
746372739
746385727
746442856
746586482
746713387
746877810
746884142
747015025
747029934
747099984
747638325
747670343
747684422
747782311
747844630
747982503
748088269
748154269
748250758
748287694
748399415
748427496
748517719
748540424
748692832
748736944
748779144
748785539
748910176
748934604
748945201
749062538
749074014
749249612
749575494
749605553
749626194
749687897
749874082
749891066
749892136
749946676
749965724
750129658
750163129
750591082
750592575
750593565
750923445
751006947
751086516
751222030
751473570
751514244
751570818
751587459
751598608
751768613
751815130
751874104
752148752
752452045
752497541
752540596
752563191
752568731
752615982
752638268
752641829
752853773
753072266
753080112
753182252
753292993
753337696
753345165
753519354
753663063
753669465
753735539
753905774
754175492
754206466
754211254
754457125
754555002
754770396
754856935
755479887
755651871
756286067
756309039
756438761
756600640
756605457
756788192
756821819
756955721
757044358
757056628
757268055
757295503
757362422
757378184
757440998
757735014
757794972
757928734
758247860
758261889
758262311
758423403
758518794
758523643
758742310
758834339
758898570
758930501
759131682
759206179
759298428
759348674
759503685
759593104
759739579
759937658
759983862
760134913
760138382
760166805
760175658
760296773
760353477
760364007
760421399
760428435
760570614
760790261
760831199
760872932
761031094
761049598
761180681
761414689
761446693
761562792
761582545
761640103
761706271
761789814
762221460
762252938
762621178
762622212
762657133
762734038
762919522
762988623
763014491
763107244
763169462
763250029
763308054
763378042
763486368
763507775
763601366
763619725
763766141
763802188
763937540
764124854
764198581
764280356
764337375
764547835
764789052
764904856
764931288
764988607
765151895
765248028
765401570
765439716
765586275
765611254
765624209
765726648
765850504
765856096
765881654
765937532
766066213
766215197
766338572
766347896
766375954
766497060
766544028
766694821
766758388
766768781
766813935
766881328
766929204
766949068
767089359
767096734
767110441
767177697
767181952
767305673
767337740
767393023
767418740
767516555
767576687
767743704
767745239
767995606
768030457
768321609
768330577
768396287
768498703
768712805
768755168
768799514
768871472
768876054
769103505
769248485
769615369
769669174
769679906
769758432
769948911
769970978
770059499
770190528
770207657
770215615
770341226
770465619
770470553
770535386
770799365
770861252
770888800
770924992
771014249
771215142
771277220
771320604
771430658
771609208
771797835
771849654
771991113
772004136
772136653
772172481
772297275
772514928
772759120
772839743
772856503
772894475
773061864
773346762
773400249
773459838
773541190
773550990
773557569
773777341
774197146
774344015
774349499
774355061
774426674
774446112
774474784
774496204
774521130
774555695
774617721
774880050
775157583
775253056
775465612
775608560
775619608
775796188
775889230
775956156
775980712
775995669
776063142
776219209
776272782
776283577
776289858
776462300
776465923
776544209
776644247
776918596
777164127
777324706
777383321
777426434
777464113
777505757
777712025
777714170
777778705
777790226
778097345
778193156
778331314
778378895
778390797
778498174
779127483
779173413
779199951
779276224
779801820
780168193
780294013
780317925
780325631
780445232
780451192
780460587
780477043
780601570
780635643
780689499
780817296
781159662
781281391
781365919
781391799
781438124
781438835
781468024
781562921
781588078
781601106
781654889
781668370
781820424
781854335
782028713
782030894
782060111
782068193
782119551
782226249
782313980
782346130
782464190
782474667
782638973
782830188
782881816
783045693
783299164
783370354
783512506
783580098
783732648
783783606
783798450
783825402
783828626
783898274
784130345
784215127
784289031
784382192
784403247
784454908
784634366
784644768
784714921
784775280
785029505
785214145
785271412
785367002
785602299
785605202
785609362
785643225
786003186
786052561
786098279
786214882
786282802
786328375
786389496
786573617
786574268
786579705
786848298
787186198
787506127
787531804
787880438
787888737
787926037
787950445
788018513
788253904
788484501
788709291
788779667
788852302
789132220
789187066
789301665
789320650
789326408
789337522
789414308
789515813
789543643
789572266
789597420
789927612
789986915
790055303
790189149
790206401
790238509
790383589
790399840
790446761
790672093
790738584
790788978
790827279
790963210
790966370
791178305
791232337
791267236
791397740
791423025
791554420
791701014
791857168
791943378
792000140
792030681
792086992
792347622
792435484
792453331
792570697
792580816
792683560
792708549
792925901
793483765
793619592
793694440
793875795
793934028
794082223
794369440
794551700
794587199
794606832
794658351
794877315
794890634
795199242
795251600
795281113
795335067
795343653
795497949
795520644
795533757
795659084
795681659
795682395
795893354
795909481
796042607
796104588
796360932
796405903
796427403
796582932
796601499
796674880
796821014
796822194
796822680
796822783
796850859
797061725
797066519
797133605
797136685
797136813
797205948
797206000
797239588
797310605
797338856
797391590
797453045
797465967
797493198
797588108
797800014
798033590
798388675
798394547
798514871
798519757
798583700
798628012
798709290
798781230
798851617
798864244
798919820
799032600
799069928
799130346
799133439
799223360
799549984
799873439
800045948
800074013
800090373
800100026
800118960
800244068
800457415
800676932
800712310
800768066
800897736
801062111
801091435
801097642
801212538
801268026
801311233
801482512
801582546
801632473
801641665
801651421
801672520
801770886
801848212
801932349
801945875
801977778
802033146
802278299
802310124
802428602
802524536
802539944
802745405
802879171
803097500
803137771
803514674
803539917
803590381
803804916
804125544
804202768
804254897
804520584
804610245
804639954
804697893
804875572
804893053
805082249
805136549
805374649
805390125
805781805
805791836
806186458
806189567
806213453
806223897
806332274
806352399
806604950
806920871
807190690
807271275
807322241
807328535
807577048
807727150
807976502
808010046
808146934
808148340
808211620
808236671
808341274
808347768
808361793
808446352
808549250
808552291
808668035
808671667
808834754
809063956
809073850
809177536
809199649
809339208
809381997
809535933
809606737
809752428
809827485
809898283
810037911
810166640
810378597
810407765
810528976
810540334
810559984
810775094
810840613
810925138
811129792
811267964
811328753
811335929
811613502
811639025
811735933
811801255
811810987
811860384
812108944
812138555
812209095
812209781
812252130
812359679
812602386
812732998
812760221
812891651
812919522
812949556
813038336
813054579
813090138
813180463
813234042
813280506
813363755
813563778
814145064
814229797
814430003
814520326
814767722
814807247
814850205
815050992
815055807
815319015
815353334
815434107
815501180
815590028
815601863
815725538
815776136
815778284
815779903
815949722
815968038
815969363
815992449
816022568
816028469
816063720
816280270
816285221
816311046
816358295
816358368
816660257
817072619
817236352
817278331
817452163
817556330
817652497
817742917
817912657
818019292
818073747
818203980
818448500
818881175
818942570
818944638
819237034
819244919
819337457
819412388
819463382
819711861
819795297
819839621
820068944
820387585
820635988
820642105
820688139
820842743
820859437
820984224
821054663
821076660
821084004
821120802
821138906
821195756
821291623
821771138
821865813
822221771
822276927
822333700
822482688
822493100
822680811
822847297
822867397
822886233
822964299
822970182
823057327
823089685
823180092
823422560
823431482
823469603
823603991
823687120
823728710
823844597
824108664
824166901
824232845
824244185
824336879
824392468
824442181
824576992
824613182
824635091
824769875
824842007
824895101
824920300
825074543
825334002
825481856
825502609
825590941
825692209
825779255
825801897
825879545
826250719
826512438
827154108
827342887
827447088
827730612
827762220
827837128
827931499
828002524
828023335
828056423
828167185
828548782
829223627
829259568
829327088
829426509
829552178
829648412
829662081
829707259
829712763
829977337
829984222
830064735
830153188
830184691
830694204
830753106
830769911
830896331
830977389
831189938
831193538
831219367
831353817
831474913
831508163
831626755
831677549
831941772
831943592
832134163
832397785
832415684
832474584
832533324
832630568
832697286
832698348
832785502
832831198
832881609
832883534
832969077
832991182
833087630
833236774
833277154
833383533
833725674
833782500
833880213
833888334
833888996
833889888
833900957
834138170
834184342
834232386
834592875
834621727
834727920
834755105
834768317
834792230
834793758
834889660
834898480
835147225
835349003
835360511
835383962
835391620
835588429
835765637
835779730
835877524
835929547
835956970
836056797
836060492
836224035
836288378
836348228
836440617
836479228
836528845
836895671
837065839
837081673
837114253
837177328
837306409
837307452
837559164
837708222
837914682
837997246
838035227
838179204
838288808
838296914
838437990
838476579
838534167
838548235
838574393
838635313
838831702
838884258
839092948
839118502
839141304
839150420
839388543
839808192
839925357
840099914
840138283
840149643
840448677
840582750
840642340
840821694
841068799
841107124
841229438
841280155
841292506
841303734
841338227
841375069
841545542
841633429
841662248
841688622
841712288
841727464
841744178
841835282
841973281
842112391
842122840
842192777
842212511
842275697
842426444
842570740
842586005
842592775
842653033
842766260
842813258
842901517
842941516
842981820
843197771
843318948
843494773
843530584
843532575
843646366
843776588
843918073
843967325
843983343
844068198
844148105
844170877
844183847
844336722
844524826
844527901
844570045
844891083
845052913
845055849
845157137
845321395
845325412
845469347
845631267
845922315
846286506
846307570
846699121
846756780
846909424
846913973
846928508
846974312
847083477
847145692
847291515
847329729
847349163
847442370
847477300
847638316
847668316
847751330
847774299
847814167
847858944
848513200
848576644
848630380
848642289
848720995
848732113
849000358
849025033
849474204
849545613
849582193
849710247
849821742
849856889
850077325
850134848
850506452
850664516
850777031
850826239
850863995
850920572
851066088
851185961
851195763
851350416
851502101
851504109
851574186
851629438
851867840
851909373
851909645
851937134
852021225
852038806
852046461
852049984
852052731
852206550
852394754
852437817
852570868
852805896
852844488
852857992
852989184
853065249
853070344
853186250
853388964
853412690
853450272
853535045
853614636
853783950
853929806
854024592
854056613
854262439
854428248
854630230
854661747
855024547
855087539
855229676
855420606
855615365
855627219
855771805
855775145
855856897
855872213
855906291
856214737
856424314
856455377
856463760
856589531
856605126
856663461
856930427
857263394
857407341
857705925
857913593
857933354
857986438
858197169
858252917
858632064
858678356
858802546
858857315
858862970
858864665
858998769
859118673
859615681
859659858
859693144
859767810
859894080
859939710
859947786
860069016
860594665
860622155
860677137
860760526
860810387
860934512
860990531
861511275
861748971
861812264
861902254
862065844
862168350
862264385
862325083
862379719
862509828
862514174
862525918
862603563
862739085
862869550
863114382
863130258
863219540
863301878
863510630
863592375
863727944
863738840
863803215
863886775
864027807
864222932
864227287
864264686
864404581
864424552
864625911
864704247
864794553
864851489
864894154
865009472
865096443
865099199
865239675
865313026
865395560
865541500
865548624
865778986
865847943
865881210
865997347
866004196
866104971
866123003
866141358
866395460
866490873
866622922
866891184
866925383
867195950
867367510
867653448
867680856
867709092
867752758
867837528
867879093
867938134
867942270
868256880
868262819
868272942
868393946
868495906
868499769
868549013
868641016
868652576
869032628
869506907
869525088
869668286
869764292
869993095
870240764
870376311
870377788
870395337
870700581
870837787
870865367
870955123
870995490
871056025
871160485
871175406
871347587
871385029
871625552
871674873
871873489
871959867
871961182
872065068
872289274
872308369
872353704
872388942
872463151
872701768
872886777
872928135
873000534
873068688
873144421
873189393
873260079
873379568
873531596
873547833
873629962
873636043
873762658
873827165
873833243
873890431
874222592
874279815
874302636
874527641
874839338
874899868
874946636
874951479
875086905
875122712
875595764
875652782
875694201
875716942
875725674
875927432
876143088
876241805
876374426
876480681
876513982
876626642
876753510
876805659
876892838
877183576
877228840
877260352
877449788
877473391
877550102
877631551
877633847
877650362
878007737
878061951
878066224
878076275
878441440
878663999
879075069
879111334
879151536
879214811
879301919
879323968
879348699
879378383
879477727
879486160
879502606
879585947
879621913
879632936
879920901
879986732
879992379
880077659
880170562
880500013
880529422
880616041
880668073
880754431
880830014
880942932
881146932
881290220
881307897
881318137
881339561
881396923
881683893
881721042
881764987
881899847
882053521
882078656
882194525
882414799
882472463
882594810
883117961
883133081
883183423
883198063
883372326
883428874
883506036
883593719
883604124
884127536
884135773
884158145
884190580
884237141
884341661
884912730
884916582
885013253
885029861
885140823
885164948
885207071
885211454
885299147
885355136
885756763
886025560
886219963
886335294
886418543
886440760
886585839
887029100
887051436
887059000
887252791
887375958
887397637
887582536
887631603
887648044
887916338
888022702
888101202
888160731
888415503
888748159
889050282
889070294
889155068
889160301
889192944
889200340
889233520
889468597
889487133
889588738
889617655
889654082
889659434
889663396
889698812
889742679
889746035
889823786
890134943
890146605
890151431
890178737
890189009
890241663
890270827
890276176
890281484
890344335
890507289
890520558
890544561
890573978
890654927
890730346
890848076
890918655
890925813
891033035
891045324
891071783
891140810
891198859
891361393
891488380
891501078
891543710
892026479
892156705
892339339
892429822
892497786
892802872
892993709
893096007
893104781
893120496
893144904
893164985
893166876
893205814
893521012
893571608
893693859
893831092
893841547
893842567
893864439
893914390
894005077
894058046
894144126
894154662
894641137
894707225
894805946
894820220
894847940
894862819
895127143
895154611
895164043
895188519
895244426
895253097
895309362
895525308
895612019
895624750
895688119
895713131
895818660
895922226
895935316
895999293
896079732
896250703
896339028
896411387
896716629
896849489
896975725
897144393
897175831
897202946
897208911
897270265
897292060
897294678
897470144
897512000
897609267
897628436
897658891
897703919
897719758
897732111
898025387
898068302
898091919
898191791
898286921
898301476
898313735
898633150
898674985
898812643
898845130
898905951
898927855
899033077
899056176
899142303
899201698
899347107
899503522
899538945
899593024
899666755
899674961
899696963
899940099
900049777
900175771
900197267
900250345
900425547
900542931
900601964
900822286
900828304
900982784
900984123
901065826
901179389
901407180
901564235
901660175
901717688
901775340
901781174
901832545
901941438
901974279
902000795
902017137
902071278
902079926
902143373
902185223
902198400
902414293
902490301
902701183
902905044
902907305
902952197
903333501
903343634
903563499
903577814
903695284
903827640
903920720
903926461
904242751
904348609
904361845
904375645
904402138
904490180
904498289
904779269
904804792
904820552
904839273
904959942
905028655
905035287
905211628
905289056
905339918
905368312
905387027
905437380
905537053
905561562
905762186
905818045
905923258
906044728
906145881
906315951
906323848
906373507
906395680
906399226
906405523
906463583
906591059
906663049
906710937
906742148
906838261
906871093
906879094
906896556
906943720
907054161
907237511
907358862
907375100
907493665
907568187
907655178
907899558
907968016
908253922
908256289
908260619
908297383
908496082
908689237
908770660
908772253
908961594
909002309
909069252
909223513
909263264
909370861
909461927
909511553
909556916
909699406
909865469
909973040
910091964
910268792
910454183
910491732
910758562
910775576
910778301
910787609
910816958
911107435
911353922
911397520
911536155
911619952
911638040
911721039
911749408
911758188
911883483
911910036
911915444
912167684
912312980
912337255
912370527
912403861
912659929
912675460
912883630
912937167
912937959
912958926
913008619
913066572
913270578
913384598
913451602
913570923
913604693
913769230
913822226
913845834
913935809
913958421
914032207
914191160
914243665
914289001
914395629
914479876
914689349
914820524
914866111
914894207
914995322
915093079
915110056
915190383
915201161
915355286
915382783
915466267
915630651
915718953
915762517
915763330
915852844
915910185
916120130
916151737
916284120
916392972
916467866
916579763
916708187
917085552
917096813
917144996
917187849
917193320
917226086
917300280
917315682
917360976
917635428
917695241
917734355
917868202
917883840
918041588
918097375
918160908
918344367
918496986
918689835
918758763
918805969
918824253
919067826
919204402
919387962
919511056
919540332
919548562
919725348
919725725
919962183
919978330
919990101
920044668
920091066
920183505
920227840
920232245
920277165
920372232
920492853
920606897
920664023
920683967
920755885
920997484
921092260
921248290
921254468
921361876
921598992
921789043
921865978
922247370
922374179
922397814
922670888
922757590
922854266
923116728
923154776
923187640
923284694
923338999
923437519
923604884
923703331
923929143
923932140
923976274
923983111
924202298
924221030
924257491
924258203
924565194
924694378
924748521
924754844
924828013
924840208
924967177
925078423
925340871
925372929
925443170
925492330
925515398
925603168
925761041
926020142
926072803
926475075
926553191
926734412
926812021
926849320
926957804
927000309
927019572
927021244
927069378
927138003
927140910
927220250
927344406
927454285
927469009
927579688
927625177
927720149
927920196
927926560
928002560
928186217
928225806
928304556
928332838
928429687
928502240
928550761
928643336
928781461
928825533
928991028
929059247
929114027
929141800
929232921
929242574
929337155
929359216
929395638
929493323
929500190
929573584
929668980
929693246
929769598
929840934
929921185
930122502
930153054
930320505
930603165
930612075
930684939
930727190
930853535
930888492
931052487
931270971
931314781
931396283
931433546
931540156
931613919
931747658
931866297
931952106
932099204
932130037
932197738
932262061
932539535
932729663
932753256
932868999
932878407
932974239
933068285
933210838
933392842
933477642
933842263
934038441
934060115
934081851
934103783
934108648
934199048
934226374
934288851
934412768
934510227
934512257
934513151
934624096
934716153
934860784
935089486
935283048
935303925
935331497
935546213
935633020
935714222
935749334
936281962
936350335
936529371
936577075
936631740
936642441
936684210
936990161
937366613
937525099
937582803
937656630
937733048
937759908
937943617
937993993
938020650
938054657
938107933
938112480
938135597
938145286
938362580
938393011
938428034
938547236
938643246
938691946
939120184
939170643
939351336
939503815
939787321
939813094
939883574
939999377
940028422
940382667
940451520
940459587
940546920
940551025
940565680
940749136
941054358
941066693
941098223
941232265
941267332
941281569
941343220
941347563
941592507
941853744
941915041
941979995
942024552
942250036
942325244
942369855
942553456
942573266
942960492
942972305
943108984
943250680
943341660
943411146
943715037
943784670
943942837
944166309
944312273
944517865
944535676
944538982
944690499
944984848
945162287
945405340
945517473
945679519
945779227
945859197
945900266
945934054
946226431
946282246
946308858
946914525
946923100
947008496
947441567
947463535
947499521
947548065
947643813
947744610
947821408
948140059
948142451
948281540
948509504
948593295
948634931
948870183
949190944
949214284
949318335
949478502
949585973
949596386
949597786
949660101
949662597
949800553
949899403
949926106
949930137
949936088
949957805
949981213
950064225
950068688
950256368
950321204
950357928
950554374
950951796
950975823
951165312
951230469
951236662
951527363
951546720
951620905
951665235
951702840
951838445
951854862
951905296
952139268
952203728
952213919
952310641
952313563
952405731
952407626
952518363
952580959
952769394
952774290
952805361
952834456
952936116
952961427
952998161
953240511
953353834
953522337
953682112
953701430
953954428
953970744
954030601
954199871
954229490
954287828
954291001
954386980
954503524
954528907
954555481
954559724
954636765
954683942
954707886
954902434
954997486
955049584
955067312
955099986
955231727
955255732
955589007
955697223
955826985
955856034
955879154
955883489
955949286
956279710
956452861
956462581
956493627
956522194
956546800
956743277
956967473
957153632
957433694
957736540
957750027
958096693
958466017
958471577
958622293
958717898
958843920
959029561
959103928
959332862
959452567
959704029
959708809
959765349
959820930
959846270
960012328
960087552
960141847
960289035
960324263
960471870
960636869
960692168
960708718
960761806
960824182
960922516
961049752
961127657
961207464
961214151
961351222
961352704
961411494
961462920
961531757
961564779
961582322
961629383
961667550
961673683
961733307
961899612
961914144
962156864
962243964
962270389
962366753
962599352
962705052
962710120
962885826
963024735
963043787
963085401
963242634
963252834
963347089
963390026
963449680
963488736
963511838
963852630
963906719
964066541
964150257
964174961
964325719
964385333
964858320
964930424
964962923
964969598
965058188
965122630
965144034
965641361
965705727
965751341
966014755
966023566
966110099
966220122
966292129
966388028
966618656
966639118
966722861
967317600
967421943
967473646
967551063
967593904
967876286
968033211
968107836
968108343
968261628
968336930
968520782
968535430
968580899
968850415
968876149
969342780
969442967
969781277
969870052
970032945
970065245
970161215
970252820
970393830
970420742
970519221
970576264
970592985
970614802
970717796
970753585
970814620
971050721
971155969
971229511
971378763
971467189
971526207
971651318
971745504
971807813
971814971
971821572
971882102
971882807
971973971
972188697
972222427
972222859
972244963
972271603
972311282
972351878
972444366
972522886
972606706
972785994
972867014
973013502
973369282
973617811
973659399
973706381
973737393
973775279
973779194
973912018
974058318
974080615
974142111
974345390
974377550
974392486
974585292
974666501
974694262
974860029
974924778
974989335
975135540
975203823
975205818
975233369
975482626
975852491
976282669
976378778
976635655
976810616
976947044
977228509
977267044
977421708
977425759
977610083
977764652
977855061
977974538
977974928
977994078
978059418
978174976
978216980
978252901
978507977
978566365
978606463
978767994
978815504
978829970
978904267
978988574
979066210
979165607
979390829
979617378
979734105
979765173
979773448
979865793
979989929
980116394
980263874
980264521
980301273
980562340
980565816
980596067
980600029
980827790
981075693
981126298
981173237
981363311
981727986
981773339
981777155
981801444
981832937
981847193
981859900
981928464
981933058
982067501
982154384
982580592
982590554
982622750
982662487
982681806
982701268
982703770
982709087
982741265
982742669
982759234
982780586
983059567
983322771
983374171
983423676
983428671
983600702
983602805
983742336
983747978
983804897
984125069
984201430
984331300
984397403
984647852
984665635
984674384
984693520
984724614
984779056
984800949
984817118
984844033
984880896
985006879
985033036
985148246
985191601
985294177
985301359
985347604
985402035
985436297
985585347
985673653
985783804
986053751
986153290
986316815
986349183
986504712
986513020
986605570
986624603
986759272
986873972
986918297
987014766
987116021
987206420
987332321
987475473
987692547
987708431
987753267
987837982
987934694
988088091
988096764
988140150
988201008
988413221
988558792
988584070
988844670
988873210
988885140
988961230
988969392
988969559
989221134
989450806
989476121
989485203
989591152
989688646
989723539
989814592
989872578
990009631
990094048
990245570
990345757
990491964
990508459
990600725
990953254
991033986
991092359
991110737
991357272
991360249
991619682
991638679
991678469
991692285
991769440
991828455
991828970
991869063
991895732
992097178
992372873
992416955
992629502
992883468
993235575
993236233
993510472
993579571
993655973
993691895
993723633
993788322
993836432
993931650
993939490
993951225
994000351
994069500
994102264
994102602
994117791
994233679
994238613
994635213
994766714
994831346
994996948
995011139
995078931
995111089
995193882
995222617
995340394
995368016
995769648
995785905
996082277
996244711
996355250
996535341
996541085
996596781
996856010
997052441
997099585
997106042
997114301
997226220
997226637
997289166
997586144
997683989
998070535
998080872
998222613
998305668
998711547
998764073
998807597
998905005
999017047
999125088
999228295
999267397
999415571
999479327
999608095
999613108
999646568
999934226
