181473
380513
496581
647160
1046141
1080187
1182770
1246081
1268326
1300888
1313713
1430653
1496918
1526507
1640944
1698037
1785928
1898505
2292886
2528727
2540171
2777363
2799163
2838159
2896712
2903434
3008718
3048368
3133529
3159172
3279166
3409600
3611302
3698426
3853891
4239458
4276831
4319755
4343136
4353841
4357049
4521952
4672569
4811372
4975925
5097625
5130224
5221717
5360782
5516137
5562630
5568472
5587656
5671555
5719246
5795693
6040702
6051720
6154681
6298463
6311628
6321050
6381580
6452154
6832337
6854881
6882364
7072143
7216121
7270205
7328016
7431663
7593290
7593870
7773420
7992268
8005029
8246104
8312805
8323340
8376066
8409900
8636297
8641490
8747680
8952953
8983960
9002951
9053922
9091762
9123230
9216524
9258367
9291265
9302294
9404906
9444432
9658999
9851244
9868205
9881563
9900987
9911546
10044893
10060756
10353414
10485592
10490914
10520869
10663934
10758457
10814719
10838428
10854069
10890102
10926517
10983700
11003512
11022685
11113987
11146206
11177575
11336845
11480928
11647043
11654148
11733786
11751000
11840161
11985333
12105161
12120911
12129189
12498068
12962086
13116802
13370246
13647495
14174519
14382329
14462149
14485859
14713863
14843307
14967250
15038915
15125161
15164335
15202093
15291327
15352191
15551163
15651413
15913740
15984169
16020014
16327768
16341867
16384864
16497486
16564429
16897327
17105323
17177485
17215911
17267572
17382000
17414347
17550446
17675032
17786383
18013148
18166739
18449852
18500333
18649799
18664536
18751770
18765109
19106957
19269479
19596572
19663528
19670065
19681899
19727344
19837896
19847114
19885937
19909800
20090092
20401076
20446242
20482404
20616339
20733791
20851372
21003703
21028207
21144002
21204201
21239716
21296033
21359165
21368259
21554669
21846485
21902644
22010818
22082336
22083368
22205983
22349971
22364519
22382636
22401138
22472570
22519195
22542515
22694321
22729061
22759622
23113797
23141564
23162149
23205720
23382785
23393388
23499866
23545529
23654020
23667835
23778316
23898196
24185436
24238132
24251225
24356219
24477861
24489202
24493029
24503929
24661132
24877386
25025802
25029569
25121845
25253433
25273248
25380172
25392653
25417090
25460357
25611459
25655791
25872446
25873902
25931861
25956119
26079262
26080790
26105142
26189307
26307924
26377300
26487423
26630329
26670783
26694669
26772282
26781858
26846755
26880768
26927478
27005828
27010773
27174359
27277779
27346164
27349504
27515136
27672844
27888744
28042048
28084585
28357645
28397713
28399056
28399667
28539796
28728959
28760493
28796306
28834454
29322778
29414118
29622168
29654913
29682267
29733728
29921561
30032196
30137395
30139829
30330961
30419602
30420447
30550003
30866483
30953999
31255263
31255945
31304558
31487879
31532229
31557785
31920597
32023775
32223129
32297591
32349290
32431048
32446297
32602555
32677389
32995082
33036890
33054333
33186539
33558113
33648408
33749140
33788005
33913422
34031396
34068355
34068837
34087036
34158503
34256102
34378722
34626732
34642243
34952668
34970331
35070647
35084070
35140280
35302010
35378308
35593931
35750236
35988869
36026656
36122777
36170110
36227173
36709004
36885184
36911106
36965077
37007871
37013974
37144534
37188486
37249137
37284285
37499577
37528006
37596121
37872217
38170079
38198414
38242519
38346510
38386869
38541268
38573979
38607720
38631882
38897658
39014026
39128594
39145720
39282704
39325708
39391724
39702707
39704310
39708272
39858274
39904101
40133236
40260611
40300930
40410300
40529351
40529671
41066037
41220665
41436861
41437288
41531760
41564735
41848113
42004359
42083970
42179629
42216382
42430903
42433267
42606176
42656427
42988675
43166556
43222705
43322294
43789235
43893549
43901948
44017267
44074018
44087644
44269632
44276876
44333151
44412890
44582378
44615529
44668920
44694284
44734517
44871501
44959667
44965749
45147385
45221924
45238952
45380490
45420660
45712904
45740495
45877002
45877083
45941830
45990644
46042772
46079614
46123304
46134394
46172394
46414843
46529821
46591851
46695516
46757767
46767778
46842433
47018656
47082627
47276758
47346254
47523058
47562934
47564313
47575279
47630191
47676145
47689273
47719390
47854306
47888273
47932495
47934547
47965122
48114004
48264184
48285392
48428425
48557334
48641188
48806962
48819178
48894781
49089137
49251359
49340732
49346145
49634065
49796872
49913436
49966462
50117527
50248410
50291850
50324846
50705009
50790504
50913699
51105946
51109990
51164326
51256295
51419912
51546241
51555334
51669463
51735077
51822258
51847861
51934464
51936936
51943534
52075917
52134589
52210001
52489431
52529434
52858487
52862400
52987595
53037814
53158493
53647514
53686344
53696206
53753988
53941025
54055534
54139917
54209680
54212144
54354093
54394566
54442052
54694864
54804925
54923398
54974782
55027014
55276364
55291113
55358550
55579654
55598466
55629515
55925926
55989635
56015968
56102503
56118820
56249182
56462957
56487179
56516237
56542656
56578124
56594924
56621334
56675455
56703845
56787997
56872918
57046970
57116916
57281771
57410760
57611138
58009390
58009636
58034538
58226311
58264141
58360000
58456348
58665780
58727286
58796257
58997539
59022783
59377927
59401708
59514476
59650912
59677602
59684780
59976295
59991450
60006224
60041698
60042490
60108874
60111081
60149508
60270620
60324756
60537168
60537442
60611642
60758925
60813939
60831030
60912701
61101871
61135371
61191030
61195895
61196706
61228163
61254055
61303893
61453422
61659284
61796101
61829677
61901570
62003659
62049426
62137610
62149005
62167158
62175515
62178087
62187352
62321247
62380124
62635190
62749756
62782806
62850469
63027717
63174313
63305822
63709449
63734905
63781047
63963206
63977756
64000182
64050529
64178873
64180600
64191918
64306427
64530289
64560245
64575620
64660225
64693721
64758755
64874581
64925452
65023186
65065926
65088350
65098499
65191224
65423454
65758957
65874942
65942162
66154861
66518775
66716864
66798072
66830901
66867995
66904921
66986336
67164344
67202046
67224704
67233731
67546551
67610950
67700329
67723032
67919908
67954512
67979028
67985559
68091651
68224023
68466480
68528113
68666348
68721342
68774051
68812461
68842794
69030102
69236831
69387658
69410494
69563665
69651128
69916990
69996656
70150643
70243246
70264479
70336798
70352593
70376295
70400308
70406039
71115679
71172593
71282678
71513160
71543574
71550489
71635443
71686764
71702338
71734975
71828195
72083611
72095987
72214118
72260477
72280492
72620229
72623095
72657000
72737350
72760961
72765748
72774012
73082517
73160168
73410335
73474517
73508401
73533627
73639652
73683778
73748171
73795412
73929924
74029742
74039650
74244835
74261700
74294295
74464922
74467001
74672896
74793614
75066049
75242548
75268021
75341846
75441455
75444597
75451983
75554333
75565523
75615872
75683328
75705592
75728691
75735738
75743949
76037445
76039356
76094341
76149453
76266696
76287533
76362845
76521278
76678584
76692937
76812373
76816069
76874989
77116773
77148292
77482712
77553745
77599585
77687059
77744165
77776875
77810811
78150965
78370957
78402743
78578711
78673597
78718186
78743748
78783662
78893464
79019654
79115315
79385524
79410775
79450971
79584721
79679503
79798433
79862514
79892467
79900928
79944317
80399137
80443988
80532536
80977624
80999180
81051535
81172108
81193961
81197094
81203853
81214891
81318309
81404128
81541859
81543118
81597400
81612882
81666251
82354511
82377122
82574028
82728828
82787339
82826260
82900278
82909832
82961907
82975634
83134324
83170778
84181011
84184184
84195735
84226373
84277476
84349296
84373102
84413205
84476229
84702834
84713509
84845599
85180702
85367421
85413126
85602158
85788364
86041231
86101934
86139523
86280126
86313803
86423595
86601760
86700313
86783691
86969513
87019978
87020288
87318028
87504535
87593570
87612557
87730570
87746506
87866528
88126601
88197931
88234631
88357945
88791605
88797101
88803149
89138904
89195570
89253396
89314469
89421554
89544238
89843408
89938043
90065553
90236920
90688028
90694306
91783193
92153281
92344225
92481582
92741844
92853603
92917917
93025740
93044554
93113075
93137644
93379806
93598249
93598980
93659764
93675009
93832081
93960515
94030613
94101606
94111350
94138124
94153017
94191248
94311074
94713140
94795680
95013334
95038931
95151010
95252479
95659947
95660478
95674763
95692761
95783448
95864997
95869337
96252624
96336405
96377182
96714630
96822602
96917749
96934910
96945586
97093481
97496386
97518609
97621811
97672297
97938173
98109750
98294639
98384987
98399166
98649552
98652159
98706003
98762608
98836687
98867059
99020054
99021703
99044639
99103546
99406150
99620937
99712385
99977422
100074200
100123649
100162164
100272043
100353352
100473569
100518225
100521145
100712877
100756192
100782094
100834969
100917530
100961139
101055530
101171465
101205396
101323749
101741898
101767939
101894383
101936781
102139643
102623628
102746983
102869294
102907641
102981882
103092831
103122359
103221309
103378601
103444295
103545455
103593625
103721969
103897712
103987161
104386150
104397248
104494765
104602703
104695713
104917520
105076616
105143813
105158143
105329259
105397025
105503479
105572353
105575190
105780973
105833942
105867008
105886910
105901706
106018575
106036670
106099327
106116386
106131034
106171743
106284350
106391642
106430865
106602794
106717349
106730376
106889027
106966647
107189025
107256596
107290959
107343967
107631300
107641956
107656920
107702851
107715808
107936659
108211007
108324171
108467412
108576729
108630678
108674658
108712679
108774427
108944586
109073470
109093660
109398852
109422466
109876939
109926429
110013771
110150475
110196199
110216513
110406559
110437944
110707731
110986065
111179739
111215447
111258645
111262845
111445452
111620508
111662772
111740938
111803967
112007998
112202023
112267528
112643546
112674604
112725848
112734470
112773345
112785229
112807384
112812417
112871657
112913890
112958630
113112090
113148602
113398226
113416360
113437506
113506272
113523325
113569307
113660646
113719089
113723070
114006133
114018538
114080153
114099682
114115360
114139508
114310454
114366954
114554049
114593990
114770442
114821169
114903658
115060239
115214395
115266984
115360567
115431192
115438256
115506632
115788912
115811054
115889381
115933395
115981058
116127865
116191983
116261717
116267026
116282748
116295509
116414771
116444814
116506509
116721788
116922292
116941863
116959673
117044643
117105882
117107748
117161674
117164415
117218843
117292765
117301384
117314243
117386903
117513359
117518825
117541904
117547931
117573232
117698217
117722401
117793649
117813277
118085895
118092812
118106520
118335265
118352146
118843180
119132749
119186702
119255022
119360552
119510710
119665562
119734447
119766486
119768110
119856195
120158806
120168375
120376270
120463879
120723272
120775362
120831755
120898897
120905900
120979248
121112538
121285640
121557688
121798496
121910484
121913738
121940875
122076184
122161574
122174073
122190290
122436591
122529446
122593172
122604292
122642760
122655015
122688328
122746772
122821604
122857679
122894470
122954304
123070914
123173098
123331757
123629525
123868214
123889092
123891219
123905297
123937041
123956389
124128469
124329982
124428876
124447714
124459339
124469007
124518551
124567102
124721565
124743271
124959476
125105587
125488447
125776527
125777134
125856276
125871775
125965002
126014591
126105043
126121083
126177858
126180301
126348279
126350947
126354180
126384290
126955791
127067431
127286186
127414421
127598176
127661509
127664618
127672160
127770505
127981653
128055147
128099785
128156036
128173719
128184127
128242418
128370826
128536407
128563265
128690281
128713328
128793210
128872164
129249944
129322812
129423041
129830224
130081480
130495184
130644612
130659426
130872773
130895660
131026030
131044497
131047788
131249658
131298795
131332585
131419067
131448217
131718100
131754893
131785191
131921879
131946946
132011125
132022293
132145098
132159761
132364143
132383201
132936704
132959286
132991193
133062146
133114969
133160094
133198706
133400205
133631588
133640386
133758806
133808836
133904901
133924133
134002350
134056059
134058495
134361428
134485591
134548733
134769641
134799599
134854983
134865504
135009230
135060556
135096195
135373369
135605084
135679186
135899629
136049717
136581504
136603777
136826270
136892499
136921077
136946533
136960848
137073434
137094025
137372148
137590852
137651729
137825433
137847974
137885678
137956833
138018412
138178704
138534680
138581348
138623263
138624262
138634671
138771441
138846134
139214256
139361225
139559584
139636132
139672057
139789382
139815862
140067254
140338497
140377163
140389216
140523099
140568753
140581858
140765826
140884220
141004266
141006791
141132223
141159310
141240572
141372600
141618220
141621136
141873828
141925594
141941432
142182685
142252631
142273919
142433517
142437866
142497592
142500398
142523712
142536265
142684756
142795431
142817095
142846568
142931229
142935800
143003169
143091817
143130562
143173351
143441405
143546473
143807693
143820362
143941069
144161005
144341974
144421942
144482588
144506652
144525425
144599793
144607364
144664697
144718373
144734042
144743905
144746594
144813758
144822388
144829306
144959934
144985332
145053561
145296253
145320081
145341514
145390803
145450613
145579460
145629333
145646085
145657963
145729268
145771004
145926871
146035407
146198835
146234729
146255489
146264154
146538076
146547684
146562548
146824374
146866717
146917467
147090546
147318154
147353566
147546767
147667117
147769031
147824357
147911681
148035675
148120247
148170910
148176094
148274202
148389152
148572238
148577299
148581257
148660876
148759114
148828318
149036105
149137327
149475255
149497580
149500775
149602832
149712284
149717904
149725336
149730973
149787047
149930113
149982315
150162164
150224862
150535658
150554588
150815043
150869700
150870456
150920339
150927826
150940448
151041175
151048290
151055574
151139060
151258520
151399601
151447066
151582721
151608677
151713455
151781309
151852650
151894200
152104255
152183627
152425588
152463023
152772698
152789600
152859045
152897439
153009462
153060021
153119054
153301414
153315686
153360385
153499131
153572115
153939895
153992383
154195800
154247288
154249786
154727497
155013906
155253363
155433803
155502490
155663739
155873608
156093473
156184017
156226898
156309758
156311779
156317091
156335326
156517384
156556329
156680213
156982260
157018268
157057164
157082558
157161496
157269822
157717607
157886282
157927775
157995283
158015818
158083879
158168534
158197935
158239378
158299268
158381595
158439201
158439381
158597677
158608075
158616011
158690998
158714632
159158983
159186662
159288222
159431176
159575324
159718706
159774886
159795606
160030375
160200855
160284085
160450679
160738742
160785867
161067421
161119619
161123293
161327396
161458192
161470388
161587871
161594499
161814814
161958694
162053742
162361173
162389818
162545900
162630272
162663780
162674125
162674433
162783413
162987200
163103620
163366032
163437534
163606740
163625669
163704506
164210201
164309522
164470731
164476055
164502102
164714835
164836913
164843540
164984668
165093038
165236961
165266730
165513900
166109747
166179174
166522939
166689216
166773604
166924773
166933958
167040280
167043681
167147215
167527523
167585904
167749789
167909191
168128979
168177723
168364987
168544246
168563169
168574389
168581573
168587037
168594674
168633862
168644799
168686471
168777327
168808558
168817190
169254258
169572048
169579785
169818712
170056979
170208963
170224108
170362086
170387981
170403444
170490048
170526303
170647176
170748977
170762546
170783108
170888624
170924585
170999806
171052241
171102830
171170824
171280026
171516423
171528083
171529844
171722542
171836759
171849777
171891048
171984414
172137146
172503731
172538038
172610285
172679697
172805298
172810432
172827946
172936586
172998237
173248579
173303642
173324278
173499171
174297145
174465589
174516868
174574337
174664229
174728443
174771175
174787367
175374952
175455177
175607515
175780340
175934471
176019523
176047208
176184641
176425992
176463304
176778797
176964719
177020676
177038567
177047127
177158448
177550955
177583902
177613807
177661385
177925945
177958182
177998567
178082734
178096372
178178122
178183940
178307831
178427564
178433518
178591188
178684273
179157101
179158964
179325157
179681984
179693635
179725472
179881228
179941549
180242930
180295836
180433409
180507994
180605553
180977917
180980392
181111052
181196562
181228174
181358721
181432380
181460935
181485690
181534865
181547936
181672174
181779550
181792363
181838144
181901366
181979984
182068245
182136507
182157473
182306512
182341022
182389811
182426464
182505579
182561136
182628324
182640666
182785862
182800665
182824550
182843897
182878957
182899260
183017587
183063577
183142796
183177602
183204518
183264801
183535270
183619726
183775281
184122742
184299794
184311602
184331493
184353017
184429431
184484475
184519212
184699214
184906870
185057289
185188901
185739856
185758480
185762811
186311046
186437427
186568665
186646136
186796844
186813232
186903802
186951906
187017566
187095775
187128217
187173257
187433803
187472471
187505603
187578218
187772804
188266987
188271469
188701126
188780144
188798688
188983617
189057222
189057501
189191557
189301371
189400302
189475175
189507585
189755081
189904174
189998539
190067402
190071426
190105338
190118237
190202377
190262517
190373767
190392542
190488041
190488530
190711585
190873722
191246802
191303889
191504349
191529619
191610451
191750434
191837315
192087164
192108003
192118132
192217967
192221243
192293563
192382314
192514089
192693889
192743126
192919149
193161976
193176536
193205879
193241106
193366375
193535869
193777656
194002733
194035474
194094883
194233309
194240267
194256328
194385826
194429626
194444113
194567555
194675705
194839393
194853532
194882380
194888922
194895104
194947047
195111257
195227675
195494556
195596961
195608881
195618561
195825039
195958007
195966705
196161586
196232953
196315602
196613895
196877470
197025980
197046162
197139699
197276322
197451524
197470096
197518791
197633244
197681859
197708153
197734479
197757935
197760954
197917611
197954128
197966777
197986671
198040137
198047819
198090582
198231807
198270831
198320666
198444501
198473905
198570576
198714708
198758200
198821290
199090532
199132335
199451267
199490474
199577764
199669570
199675126
199845657
199978072
200020753
200107866
200135564
200152640
200219641
200291305
200357483
200448362
200579151
200660191
200762067
200816835
200844984
200959301
201044449
201214763
201218520
201277473
201362666
201536310
201546848
201549281
201591977
201608981
201869048
202122597
202244868
202285187
202309651
202441091
202495226
202575254
202759715
202842240
203093462
203102782
203115873
203337560
203465047
203467309
203474223
203626460
203636646
204043213
204130637
204233483
204445610
204546525
204580575
204621034
204623607
204839478
204906738
204949552
205183383
205191335
205210931
205357995
205448027
205592644
205783749
205890217
205999664
206288035
206326454
206430159
206564759
206711740
206724865
206766091
207031736
207147752
207157582
207267588
207292532
207373806
207431492
207452611
207691690
207698774
207746069
207790073
207812254
207893906
208046778
208073940
208203220
208304030
208349859
208370801
208379541
208394152
208412183
208424411
208568814
208651435
208654693
208935064
208961904
208962742
209014293
209162800
209169424
209239902
209255848
209464897
209616152
209739142
209747105
209772070
209927627
209979959
210190281
210310898
210378576
210602732
210857968
211086936
211160672
211270510
211278162
211409500
211592597
211668250
211839444
211877628
211923399
211986126
212067066
212091524
212105700
212162158
212640626
212659565
212662720
212664078
212666734
212668073
212680936
212718213
212876287
212938941
213060095
213104428
213187699
213224796
213372727
213416845
213530605
213543055
213734539
213822983
214001560
214115432
214192213
214246572
214300895
214321958
214384748
214387881
214399660
214401871
214819920
214825402
214900178
215332496
215553055
215659140
215776396
215779215
216027560
216199598
216269475
216369745
216416884
216478688
216643788
216693984
216845093
216857275
217111793
217175190
217221079
217330982
217412550
217802103
217819784
217893069
218055756
218183116
218408692
218517846
218582405
218869670
219273796
219298807
219395292
219603912
219616286
219679883
219837548
219890286
219903514
219952528
220051344
220244412
220532006
220617183
220631306
220847988
221002246
221036689
221211594
221244106
221269272
221419922
221473762
221495037
221807946
222286000
222350096
222352750
222495311
222527464
222709231
222715737
222719050
222806768
222829346
222865151
222882747
223002396
223104041
223270428
223572445
223577262
223720640
223790033
223790093
223857582
223933366
223957803
224107465
224245708
224680162
224697755
224704517
224866892
224878495
224924073
224994677
225090409
225399189
225560155
225615444
225667236
225706808
225760422
225802445
226407558
226459053
226520120
226612026
226727896
226882045
226924398
227051116
227444058
227728097
227742454
227828035
228230973
228352002
228378091
228529736
228606320
228870488
229073712
229094442
229204524
229436019
229436728
229468769
229656686
229872059
230018777
230132408
230263208
230273692
230314723
230365945
230678966
230761256
230894608
230994977
231228268
231275685
231529144
231555588
231568599
231851754
231873929
231981439
232037109
232184733
232229176
232337885
232499080
232676128
232710895
232715901
232966158
233049342
233069426
233113775
233185043
233210939
233250361
233401772
233440059
233551114
233559217
233568545
233749623
233818520
233921951
234028311
234062705
234198831
234364340
234400464
234469383
234521586
234540013
234685047
234822386
234985983
235061067
235097561
235153649
235400783
235563638
235633161
235695618
235792879
235801708
235906574
236370643
236419446
236497835
236584517
236677050
236719505
236845730
237019123
237218818
237384673
237413686
237508292
237595916
237688249
237787408
237923760
237965487
237965647
237979569
238280838
238389871
238418191
238464665
238541492
238638072
238886389
238985361
239207539
239339052
239344719
239355559
239405449
239408570
239421185
239440949
239455028
239512884
239650837
239804752
239837777
239851049
239973194
240183407
240260239
240267302
240363745
240925422
240941004
241018892
241107078
241115929
241218991
241240946
241334348
241341588
241412258
241662844
241680748
241773887
241880882
242312471
242326626
242341879
242355305
242370923
242667737
242730207
242870719
242888830
242890886
242941887
242976685
243037896
243055748
243162096
243182365
243450620
243473559
243485965
243895341
244069831
244077753
244174281
244199087
244239589
244241991
244761142
244763615
244846795
244857597
244879271
244896899
244901361
245200528
245307510
245411130
245444149
245456981
245461983
245626790
246063040
246141213
246287951
246576870
246988917
247123180
247143205
247210265
247367176
247377024
247417778
248177113
248211552
248241366
248330987
248477528
248563216
248576284
248604226
248782473
248940642
248950152
249286224
249386818
249394908
249492710
249586093
249664279
249723396
249741691
249773354
249806731
250102003
250186126
250246169
250256246
250401313
250436242
250458444
250481415
250590038
250679391
250784008
250813591
250934204
251094408
251117426
251182829
251194404
251452081
251592220
251706030
251752870
251792835
251914698
252092870
252102290
252250389
252258272
252291060
252471505
252500479
252519288
252547608
252566318
252636844
252656386
252663972
252723432
252733609
252745485
252839988
252844266
253030245
253044048
253065024
253508831
253598073
253601789
253652367
254104464
254175616
254297480
254459159
254496277
254602200
254633178
254638134
254676963
254715401
254957350
254988520
255061978
255672342
255749379
255780291
255829644
255863557
256048591
256051464
256125665
256143897
256237555
256243665
256361146
256385265
256819283
256876789
256884872
256902047
256963488
256995773
257077214
257171331
257292719
257316939
257332949
257459796
257503729
257590393
257646630
257748263
257883752
257907779
257982268
258064235
258585457
258601670
258894154
258905886
258949207
258954204
259012517
259097877
259154491
259275491
259424142
259517482
259580570
259648743
259669810
259772270
259805543
259888829
259971416
260028731
260121657
260183782
260199154
260223411
260268041
260430885
260456496
260473673
260542668
260598255
260655341
260677892
260752685
260831933
261037287
261669772
261717389
261752076
261837193
262029569
262050046
262105898
262228955
262239405
262300452
262314622
262322957
262396638
262765536
262826895
262886283
262930672
263009871
263177517
263185286
263695369
263841174
264044453
264055914
264191275
264327986
264421829
264429136
264768424
264913745
264968454
265247547
265255105
265359087
265441847
265640786
265721626
265744057
265915659
266002155
266149501
266173517
266362166
266399626
266456808
266553255
266722795
267011226
267053362
267073748
267112929
267200291
267231544
267235418
267248657
267298284
267387504
267492503
267556690
267676496
267827629
267838109
268066533
268085685
268342984
268424084
268547365
268558450
268577900
268602751
268632519
268632996
268782577
269060168
269183581
269344955
269458357
269675331
269916187
270022870
270095465
270149099
270260723
270266200
270403185
270504289
270513437
270626569
270718428
270772678
270794885
270847388
270849499
270964182
271132069
271249337
271508673
271659901
271874856
271890759
271904546
272149570
272287934
272476279
272512180
272609634
272749451
272749876
272830490
272860635
272891495
272996319
273000437
273226954
273638043
273645814
273653003
273669740
273672509
273694589
274105468
274271782
274334155
274383711
274563801
274644438
275112324
275132659
275280404
275375712
275440393
275606897
275633846
275653442
275726017
275789109
276310350
276314424
276351320
276441511
276450390
276835947
276924722
277109202
277302367
277442577
277513032
277597093
277767299
277777040
277864014
277872570
278251288
278257443
278300923
278609138
278635275
278662415
278832947
278848273
278918699
278947475
278997669
279085726
279223304
279237834
279240086
279304656
279603050
279733066
279752931
279921577
280120499
280297409
280336629
280421069
280625665
280638357
280730138
280802383
281361686
281377354
281458670
281476917
281550558
281588412
281600683
281617637
281662063
281706652
281793923
281938821
282021086
282100498
282153577
282162609
282190775
282313260
282380791
282386351
282519608
282555489
282629557
282668973
282733764
282844322
283152927
283430452
283538590
283550750
283671125
283682037
283701264
283780107
284188631
284322062
284362115
284402614
284504702
284563656
284584780
284660809
284679035
284697437
284737726
284833573
284911831
284942195
284995775
285157840
285177639
285302585
285438583
285469642
285593074
285658591
285983361
286033403
286071627
286091526
286172584
286248492
286261764
286365854
286914464
287027970
287096397
287413208
287435100
287479326
287490958
287509440
287682118
287843573
287892278
287935134
287952460
287964987
287966133
287972368
288121056
288197980
288258450
288283105
288351173
288641109
288834416
289017545
289050573
289132203
289243338
289254937
289517311
289568099
289654948
289908232
290111496
290374686
290511881
290527289
290571252
290596244
290620459
290768698
290770198
290934559
291054211
291131377
291138186
291160615
291351761
291560156
291583047
291623806
291629368
291728964
291740630
292003961
292048541
292100463
292110003
292229526
292277173
292292860
292356081
292367202
292407178
292468580
292529796
292592755
292602903
292703058
292816191
292965031
293104035
293123328
293146243
293618880
293806696
294139174
294242466
294298540
294324272
294384786
294622037
294648611
294771823
294997213
294997467
295174689
295197444
295403976
295406367
295531716
295763543
295906864
295931880
295958779
295971851
296009353
296056482
296127645
296147015
296198878
296209544
296467728
296692306
296901069
296975873
297114616
297153558
297209271
297219679
297270806
297295267
297312246
297319352
297347546
297358724
297423699
297446100
297449751
297461025
297582147
297692053
297717280
297755773
297851367
297928694
298121871
298227266
298230192
298248875
298258385
298354148
298450232
298493885
298510520
298674972
298683050
298834921
298878507
298929368
298940166
299024166
299141896
299229273
299285326
299286548
299421781
299471581
299505038
299538177
299594254
299639063
299763932
299805750
299871249
299948875
300079679
300105269
300214301
300297929
300519332
300709583
300813840
300974858
301027534
301390744
301396310
301684017
301857258
302155882
302182760
302358128
302363778
302681892
302711473
302790327
302980569
303006458
303024926
303128723
303177097
303556122
303627307
303887997
303901633
304092493
304157542
304270416
304325979
304344508
304621208
304643637
304748727
304800066
304876038
305129678
305130365
305244773
305260887
305278635
305352300
305507801
305667170
305737981
305853839
305911995
306084098
306108687
306124268
306150550
306173461
306229879
306248644
306341755
306547008
306625301
306712715
306732122
306752624
306927356
306931663
306964329
306980358
307055385
307167252
307220060
307392440
307468164
307578632
307726646
307791266
308017544
308304979
308356599
308561766
308579638
308641926
308782570
308854337
308937974
309308891
309395198
309531732
309634067
309657705
309665357
309738493
309770460
309854457
309902301
309968494
309975147
310022603
310221172
310243130
310403303
310437283
310508276
310966640
311201444
311245966
311291558
311442480
311526222
311671970
311778269
311851185
311951571
312183551
312204100
312275726
312282741
312314949
312415851
312545817
312688690
312733790
312738810
312961158
313005178
313072576
313090631
313115161
313151761
313200809
313717699
314165962
314228455
314254226
314332156
314398866
314438890
314556855
314669392
314741095
314774894
314790385
314849805
314865922
315057056
315168437
315254131
315448851
315773294
316059031
316079165
316149280
316169249
316249892
316263182
316384679
316393166
316518213
316554250
316693097
316761199
316773111
316788072
316838867
317176747
317415592
317501071
317539166
317802572
318186441
318311239
318330732
318595756
318668790
318709753
318775086
318935558
318997597
319198503
319212772
319354342
319442470
319529094
319532092
319542370
319612064
319809276
319906131
319910867
320101748
320164513
320239850
320376453
320477608
320525125
320658036
320671757
320842158
320853222
320910479
320970883
321114681
321584117
321752194
321810951
321851437
322129908
322169888
322191107
322246627
322312213
322335510
322349582
322380270
322430244
322695412
322798556
322841638
322906285
322978984
322980199
323074715
323281734
323408017
323535195
323621542
323917625
323996787
324138761
324185561
324198036
324420191
324468444
324548137
324597373
324619885
324625899
324921752
324939327
325015129
325025793
325125604
325301911
325315111
325348554
325406854
325429022
325467990
325537491
325579643
325659067
325822388
325979347
326267193
326603064
326638979
326866204
326883788
326961526
327015132
327071896
327100314
327412127
327432689
327448739
327503196
327714551
327908814
327944620
327977189
328279648
328436634
328581579
328711048
328807574
328971533
328978947
329187561
329593159
329664217
329823491
329909859
329986102
330141957
330448487
330556582
330638055
330815829
330846813
330857180
330933446
330991802
331136639
331278027
331412641
331506465
331507210
331647872
331958155
331961289
332063117
332151813
332249636
332423211
332476882
332573946
332656578
332729460
332897208
333033898
333112563
333233001
333306509
333309702
333438558
333545462
333783259
333914068
333975561
334292646
334410741
334418158
334577341
334621595
334800421
334909545
335046116
335528158
335528983
335790989
335869784
335873577
335911487
335943909
336165018
336273451
336361960
336492669
336539351
336795683
336796084
336900729
336959141
337052743
337100807
337210324
337532424
337689111
337874079
337967804
338006100
338009213
338082134
338230234
338253276
338293932
338481315
338564710
338587688
338634767
338730676
338927359
339183024
339244311
339367114
339389466
339493596
339584712
339687867
339835953
340009075
340311237
340328889
340366321
340647304
340676166
340745863
340780409
340822035
340902922
340963424
341050320
341151925
341232055
341309258
341556032
341671231
341785577
341807611
341912142
341930311
341936957
341940734
342004057
342019904
342127031
342174969
342438284
342656683
342694409
342826023
343015108
343031773
343125383
343379230
343484261
343644705
343695182
343708658
343962011
344009968
344205809
344246663
344398598
344479686
344508381
344520726
344529619
345064352
345207345
345244348
345309677
345324192
345324670
345868461
346087532
346385702
346518655
346521884
346637277
346751908
346849436
346900872
347058516
347147437
347321679
347365549
347414222
347424609
347634771
347937894
348011140
348064406
348318583
348357856
348401903
348414310
348632305
348754312
348874658
349087435
349156043
349228695
349342102
349626573
349672768
349697183
349697851
349908269
349991485
350070713
350139449
350192192
350265659
350371824
350515568
350718270
350807381
350810608
350960959
351133198
351144025
351234701
351499798
351734381
351794750
351809975
351907405
352056615
352115046
352262970
352337290
352369235
352440829
352528210
352560621
352585253
352689324
352848041
352848678
352961456
352994213
353015953
353068283
353150560
353162627
353164944
353243148
353318369
353384875
353464065
353655314
353731987
353788179
353824428
353884362
353983551
354009966
354119077
354131785
354210848
354234003
354404555
354447495
354497901
354650080
354755144
354806935
354866457
354923037
355102868
355225327
355341321
355496008
355552649
355639811
355800659
355823376
356387770
356390478
356462813
356599673
356739478
356829080
356847200
356906967
356963264
357019896
357035985
357173777
357309169
357776888
357858497
357896948
357935958
357960373
358089385
358104366
358176609
358203411
358242737
358308871
358345088
358495773
358603014
358746684
358798609
358855584
359008715
359083688
359092205
359265571
359290070
359485202
359576621
359601736
359614389
359809739
359916833
360037747
360064309
360141791
360230188
360248322
360313558
360411382
360523585
360698461
360845657
360889862
360915587
361124630
361154292
361173238
361180004
361231037
361233191
361312895
361382046
361654759
361917920
362015850
362039868
362092649
362106048
362153243
362339857
362420734
362503816
362629513
362652480
362867435
362933474
362934997
363128215
363271697
363285640
363362060
363406301
363553940
363677470
363938669
364054302
364068035
364075352
364290134
364319265
364448841
364454780
364489506
364537533
364726567
364743173
364853421
365007610
365067691
365277619
365586078
365763554
365969238
366006503
366025883
366057914
366062484
366430810
366537091
366680446
366720715
366779459
366847677
366874839
366944929
366969167
366976413
367058124
367430569
367484998
367507890
367615236
367641253
367862221
367930433
367969053
368012270
368030397
368054394
368362906
368414603
368632650
368769841
368793019
368863536
369000022
369050461
369295683
369437543
369453209
369592585
369820901
369888785
370174073
370263706
370438506
370667552
370743660
370853207
371001690
371328775
371404741
371415149
371522425
371621883
371864982
371997303
372062809
372220329
372481296
372621688
372680002
372681302
372816464
372896167
372985250
373064415
373138506
373400335
373485676
373593042
373796462
373917815
373985957
374107167
374137666
374301576
374436019
374437604
374528695
374614478
374629800
374649746
375052803
375119059
375185875
375420388
375514293
375558792
375576567
375764975
375893607
375926855
375995821
376122218
376204761
376396304
376398664
376437420
376483019
376483376
376492674
376578174
376607681
376658897
376690648
376695694
376924363
377110594
377312529
377346991
377387625
377727042
377924640
377938643
377951922
377965436
378022565
378184595
378408112
378411120
378480987
378520833
378529730
378560669
378585429
378588905
378629952
378664766
378700555
378791508
378814461
378819256
378922638
379031049
379156036
379309595
379401865
379420727
379482732
379510966
379578270
379648746
379705055
379786571
380112513
380130134
380166156
380211650
380278980
380395584
380407242
380645291
380894549
381122272
381138015
381275716
381329227
381353766
382080967
382220411
382347228
382472988
382824625
383120369
383324876
383335917
383405415
383441717
383836704
383851564
383953534
384045101
384263164
384415918
384450417
384823807
384870041
384901488
384905887
384942601
384990698
385182347
385269753
385465331
385502600
385609129
385674179
385726036
385823778
385853643
385989519
386191904
386192527
386288638
386319033
386512380
386898678
387144190
387175624
387418116
387594828
387640566
387641640
387652442
387700872
387956784
387994931
388009209
388210581
388335704
388450138
388460464
388642258
388675180
388759004
388959660
388979151
389117025
389171564
389178176
389182181
389413598
389444223
389620548
389981049
390031532
390091775
390134012
390257953
390414908
390417197
390421711
390512008
390521258
390654306
390660186
390711317
390727122
390737533
390737839
390774968
390835528
390849680
390917279
390974182
391000430
391051863
391217580
391299192
391353295
391534561
391816110
391845319
391900545
391957445
392035889
392073196
392077053
392564102
392616647
392628123
392683890
392881611
392894182
392912271
392931880
392949383
393126745
393199759
393300821
393440841
393497956
393615386
393644114
393711877
394045358
394090657
394115231
394378788
394433913
394436746
394600054
394714133
394773856
394860204
394878309
394931737
394997802
395008723
395049932
395140556
395268154
395314537
395324824
395594466
395651516
395760421
395843513
395929123
396052035
396325975
396329991
396370636
396420960
396514794
396529565
396710139
397091455
397110375
397189517
397231685
397342526
397450358
397482382
397617612
397754105
397855547
398086763
398126849
398245451
398253051
398494520
398618503
398619634
398760992
398861735
399063693
399112450
399130844
399196010
399251271
399360666
399397977
399517295
399655894
399871001
399874906
399997702
400051119
400196696
400399642
400407575
400559399
400570602
400594184
400604582
400733467
401047476
401055478
401068129
401109798
401136954
401317659
401349368
401478865
401594179
401680633
401782629
401930719
402193786
402387967
402400973
402525182
402546518
402573321
402577762
402640907
402664238
402721657
402765245
402926663
403014669
403059860
403351506
403359424
403383046
403403844
403482577
403557169
403582715
403668492
404017673
404163234
404334630
404361392
404364906
404434983
404547933
404548018
404560179
404630475
404731425
404742624
404962793
405142297
405220213
405285186
405583796
405895018
405969696
406022173
406037335
406062870
406076703
406101386
406260558
406415778
406431572
406563378
406619748
406620811
406660667
406702605
406788372
407020629
407135623
407216809
407344632
407419388
407476582
407585545
407891535
408090625
408098050
408175989
408507478
408678760
408707976
408743352
409008811
409076550
409167689
409336159
409399982
409689844
409768740
409957225
410257446
410295024
410434169
410497221
410635419
410708171
410961026
411039840
411160921
411209903
411317001
411375653
411442971
411524534
411690416
411879122
411932108
412115888
412142460
412147622
412162535
412290155
412319797
412323544
412489675
412589336
412695224
412836291
412859747
412932845
413083407
413228498
413297734
413409197
413448498
413533216
413567573
413689780
413767176
413991532
414139100
414315336
414396320
414399145
414591194
414743996
414746670
415384835
415696116
415704365
416012576
416038644
416112612
416157793
416202522
416453669
416716157
416720640
416747339
416802023
416874522
416948004
417091025
417235302
417357234
417383745
417404340
417413618
417425609
417502029
417593833
417685675
417803619
417823885
417945796
417948534
418044837
418128217
418130381
418134164
418152053
418340643
418379945
418426450
418586534
418629719
418651931
418746410
418855524
419067359
419151958
419322755
419361807
419379809
419415987
419574482
419627875
419661132
419718133
420181926
420206604
420651793
420703033
420978406
421185284
421252297
421263385
421460223
421527567
421713483
421965012
422035309
422132468
422333989
422506065
422682237
422830328
422919463
422958701
423140976
423407519
423556061
423637142
423730499
423807832
423978839
424043084
424094226
424259653
424545829
424570374
424659386
424722280
424775455
424800819
424810626
425045286
425058281
425058735
425136791
425270454
425351186
425390460
425520047
425595758
425606943
425614931
425989012
426067680
426129584
426253233
426271792
426318195
426323213
426338023
426516814
426541498
426591768
426607039
426836633
426973748
426981773
427162618
427234177
427264562
427408611
427431654
427577632
427580192
427599383
427683420
427787179
427869457
427922042
427973450
428001813
428187839
428296473
428330292
428423557
428496205
428608877
428675538
428712449
428810321
428874060
428916698
428940973
429086114
429117147
429167089
429258214
429493305
429521442
429680248
429807286
429904349
430045203
430236483
430280754
430372392
430508136
430608072
430620499
430663761
430694301
430696571
430701988
430772660
430980423
430989520
431033537
431100770
431138153
431156655
431162087
431178362
431250395
431398555
431494966
431592795
431624929
431654093
431912424
432155151
432255426
432264049
432305098
432313200
432367233
432395559
432726303
432838842
433114697
433136824
433144847
433196793
433225937
433551305
433568931
433586032
433594440
433618973
433619154
433701960
433726783
433764377
433775781
433829454
433914768
433991738
434105173
434173680
434270555
434318938
434334059
434451469
434459182
434555041
434569880
434612585
434748837
434798704
434953941
435064382
435087851
435202552
435217822
435290022
435291137
435357526
435398293
435557274
435583698
435913008
435936788
435949497
436152032
436275993
436421053
436527498
436608591
436711915
436850046
437007327
437030184
437039866
437291135
437395687
437624823
437657450
437689851
437693044
437714934
437722284
437795809
437984141
438060356
438319561
438365234
438829882
438905212
438990817
438994061
439109381
439119157
439173030
439206450
439392328
439560859
439571135
439599553
439758977
439771599
439795980
439973647
440078911
440199944
440291516
440313273
440354865
440360623
440390890
440591461
440613282
440741464
440766402
440927395
440955994
440975989
441262526
441291360
441303521
441520342
441527215
441545819
441617655
441646606
441672257
441683869
441738419
441743595
441778688
441779604
441925149
441933895
441938909
441945133
441959492
442310864
442610884
442646311
442718886
442887549
442975288
443024348
443089662
443151759
443222342
443225545
443598505
443636723
443747687
443781079
443930525
443941223
443966485
444005702
444359841
444403000
444434890
444488101
444497856
444506721
444538296
444592482
444741856
444749067
444761065
444956612
445380953
446017254
446047021
446269990
446351750
446404535
446414929
446442777
446491330
446865832
446939126
446977539
447386867
447559628
447649751
447726442
447740144
447933323
447936671
448054326
448077123
448142068
448254156
448346819
448446410
448644955
449036079
449432514
449474797
449598829
449671399
449951075
450170589
450252013
450293400
450344463
450351660
450526030
450574255
450746303
450901781
450992116
451129192
451206420
451289476
451361479
451416723
451631085
451873933
451874363
451956425
451987063
452254226
452400158
452417231
452534505
452651842
452687235
452765939
453015273
453141871
453163259
453356286
453411589
453476174
453588996
453617177
453659801
453665486
453729176
453822006
453860837
453928528
454160499
454265564
454469704
454496850
454621715
454629252
454652137
454729916
454761705
454796910
454823568
454860472
454901153
454909939
454952029
455011245
455181354
455235293
455430541
455484547
455708259
455778029
455863283
455872676
455989949
456045030
456074547
456102443
456680872
456728193
456946936
457108405
457196223
457211105
457248926
457264090
457672642
457835329
457848791
457876890
458041186
458155003
458427601
458499585
458537942
458556849
458680279
458690706
458827354
458860029
458860714
459316562
459353528
459471015
459526955
459821023
460003207
460035888
460110073
460148794
460159311
460204338
460271036
460325674
460407367
460507407
460618293
460745988
460764755
460822994
460893168
460976088
461081715
461100658
461206474
461283518
461303901
461385503
461393517
461402747
461486888
461510097
461604968
461711879
461748181
461786186
461801061
461898331
461947370
462016761
462168729
462224840
462332606
462410657
462490293
462545580
462575100
462820484
462833179
462855837
463181620
463198357
463233934
463302511
463316904
463335320
463411379
463416393
463421899
463494728
463533143
463585275
463601698
463706086
464019708
464093735
464095135
464139273
464168053
464260043
464315275
464360532
464439630
464601279
464654335
464704914
464799626
464867001
464896470
464937958
464954725
465131682
465150116
465187570
465225403
465484215
465502952
465534556
465583927
465653004
465671671
465685805
465751825
465803250
465865343
465884183
465928694
466124690
466221143
466229319
466264431
466401007
466432670
466477389
466540405
466773398
467206994
467423339
467509489
467522254
467635880
467677559
467711356
467784319
467794024
468031398
468035143
468202933
468354030
468394005
468515497
468564052
468753355
468768503
469023875
469169452
469290729
469484086
469675750
469738240
469784097
469797739
469844601
469934818
470027934
470381790
470465662
470474433
470765097
471385111
471554714
471633806
471713902
471819497
471905271
471916461
471936855
472347495
472537198
472537443
472545394
472816755
473120442
473246374
473280531
473322754
473355955
473437184
473471976
473619828
474011169
474063638
474109284
474110101
474313572
474336393
474526488
474774621
474880994
474969290
475151497
475388842
475420650
475514759
475621910
475652586
475672810
475789468
475792810
475864127
475904671
475968710
476061926
476112895
476184811
476221409
476273638
476292521
476384944
476402824
476429726
476575671
476616859
476778887
476801854
476922487
476998314
477010718
477249491
477425292
477722263
477743004
477907645
478012525
478297185
478443956
478535983
478541884
478643027
478652409
478777521
478877062
478941137
478947374
479101694
479127667
479157230
479202208
479244314
479398456
479533919
479610181
479677676
479739746
479760182
479781266
479921566
480355485
480578842
480618894
480809990
481063708
481163604
481216046
481268415
481313457
481402285
481468936
481515595
481652237
481908502
481948588
482067946
482124939
482140258
482153499
482256070
482370588
482384510
482399602
482501801
482718650
482809936
482864096
482998482
483025029
483193593
483528389
483630969
483680719
483740543
483743826
484133384
484139317
484226815
484319830
484485862
484547280
484576231
484677146
484684441
484741321
484752330
484856680
484951694
484962853
485101683
485146965
485178327
485354344
485572640
485620864
485643627
485873152
485924812
485938558
485986327
486070553
486102581
486266418
486412831
486464900
486508914
486681766
486788038
486809821
486832692
487042403
487086679
487121020
487143973
487404364
487405891
487409916
487574793
487671071
487758162
487762256
487791223
487885688
487956082
488144568
488231852
488290899
488323099
488608454
488773806
488780466
488841730
488887058
488909375
489087381
489112529
489178883
489235579
489291604
489376870
489613403
489725392
489783611
489922241
489999969
490106257
490142057
490276433
490341691
490423010
490490864
490584959
490628176
491076686
491323651
491361140
491393673
491483817
491525530
491535186
491539326
491568200
491572703
491575198
491676694
491743744
491827466
491873020
492126026
492172537
492206723
492259151
492274024
492285068
492302007
492336257
492433711
492526514
492860600
492891047
493059250
493513443
493577957
493680648
494114134
494163421
494302846
494544187
494648369
494744071
494815293
494986462
495028766
495066983
495088020
495140897
495239587
495310086
495395648
495453014
495477120
495518450
495657036
495719096
495878910
495910578
495944075
495970927
496245497
496440636
496597208
496609613
496689825
496724416
496913360
497221071
497392007
497420022
497426439
497517952
497659595
497688552
497789147
497981092
498125375
498133706
498315222
498584300
499130764
499376124
499469369
499502269
499590507
499602999
499613013
499784234
499827775
500182159
500274246
500306759
500408297
500413958
500419386
500730006
500908562
501085891
501094187
501225901
501274781
501288129
501307701
501492406
501669170
501707421
501774660
501780495
501780931
501812778
502069670
502069741
502084463
502557600
502679376
502702247
502760020
502775438
502802973
502843099
502885953
502930863
503038178
503064049
503229574
503238730
503301403
503459643
503552837
503906300
503985180
504095446
504364458
504488039
504721854
504779358
505017424
505095108
505108029
505454026
505467115
505526029
505527339
505587117
505767755
505780465
505875567
506094389
506167370
506168144
506184679
506269031
506394108
506548128
506810997
506825330
506867764
507094933
507146328
507374283
507501268
507724733
507738607
507738994
507753654
508001719
508084459
508116825
508157798
508220536
508283991
508369473
508469057
508620871
508656967
508838942
508977349
509124647
509367102
509385772
509504221
509509192
509590374
509620141
510039473
510309444
510609047
510713639
510755426
510806453
511115597
511177446
511306262
511639923
511744617
511961021
511989679
512067966
512189233
512423579
512456438
512478596
512507607
512826282
513047813
513121972
513251691
513303699
513380492
513624460
513766168
513837951
513957224
514035363
514142872
514209458
514237585
514291880
514320077
514819683
514833140
514852525
514927173
514929591
515273225
515351371
515443784
515516247
515547355
515670116
515788123
516116402
516259201
516281810
516503993
516532247
516653412
516688562
516724403
516810738
516939271
517145054
517181934
517316716
517390931
517556309
517571275
517617202
517680145
517794734
517936586
517960346
517983338
518106675
518119302
518184926
518210845
518239180
518277063
518331493
518339272
518720635
518803525
518804132
518822269
518915937
518917569
518937563
518951065
519093540
519161425
519657575
519806118
519964060
520223628
520329108
520505967
520593686
520671081
520712305
521042854
521147009
521253041
521411722
521419432
521440385
521500314
521605444
521625434
521640948
521849154
521973422
522221243
522384443
522499631
522624659
522679501
522725109
522790625
522874736
523082493
523083694
523127429
523136633
523600070
523655755
523668664
523747408
523778037
523785252
523912102
524009736
524047505
524106600
524187746
524211445
524371111
524472190
524648680
524660778
524710481
524715254
524775361
524928964
525118424
525154649
525211738
525290064
525311104
525474027
525736191
525902152
525902378
525972129
526094013
526491432
526751808
526782077
526794021
526834110
526841066
527072732
527100296
527190871
527254251
527516088
527542707
527553477
527594107
527858928
527893595
528162339
528402327
528603804
528698979
528783021
528843241
528883870
528928354
528947304
529221180
529297794
529312493
529540059
529609411
529614734
529679820
529784175
529848683
530068963
530334550
530390287
530718940
530842916
530845282
530902657
530924548
530935028
531175836
531185401
531213097
531267849
531283174
531750593
531780914
531793338
531814946
531871332
531892579
531969944
532236759
532299473
532326134
532407627
532409301
532497330
532662933
532780524
532793989
532883210
532949179
532976477
533020345
533036541
533267523
533597614
533629495
533648389
533751095
533793781
533853865
533884079
533937074
533943600
534035767
534069600
534105430
534267398
534310309
534560487
534616359
534708398
534868539
534936100
535276402
535482792
535483374
535560440
535644376
535654291
535736497
535780640
535782257
535836430
536125233
536149838
536205654
536286468
536533630
536659519
536759125
536890392
536905130
536949060
536997375
537080991
537138973
537273206
537337555
537591811
537802294
537815992
538081470
538218711
538426119
538443747
538583439
538665504
538670431
538792201
539000534
539001901
539085259
539093398
539213680
539230944
539266364
539396125
539490751
539832901
539985292
539998779
540002367
540039708
540063079
540493102
540840791
540848669
540963713
541190339
541231732
541358804
541457834
541550951
541612943
541619880
541764197
541796580
541868302
541893075
541946418
541994465
542040711
542073997
542145405
542167151
542359489
542363364
542507964
542678215
542809983
543019058
543019137
543046541
543100917
543119220
543170804
543312326
543331441
543337309
543353783
543410533
543591221
543909663
543932135
544101224
544217086
544221603
544591403
544607131
544646796
544744331
544846000
544928115
545093962
545163113
545206959
545465690
545550590
545564041
545777374
545924625
545938789
546107085
546240171
546308759
546452093
546519764
546525306
546544254
546792550
546893034
546948197
546956076
546987050
547063662
547065564
547077610
547116729
547119473
547261348
547316689
547332783
547348021
547364014
547388293
547614265
547640025
547658156
547860162
547989487
548453694
548477396
548886000
548966633
549173489
549175558
549272586
549360876
549447338
549466700
549500693
549673479
549689863
549715117
549760347
549842805
550083539
550097460
550147789
550172022
550233178
550356910
550376790
550398055
550427461
550442181
550782475
550789179
550795186
550956094
551076063
551109983
551147361
551286183
551321076
551434507
551645210
551754924
551770243
551783176
551991673
552034416
552186038
552412485
552468758
552474343
552608407
553028731
553497695
553573546
553645382
553862839
553957734
554101085
554371866
554399190
554740381
554791799
554984570
554995901
555041249
555088572
555143882
555210627
555314410
555551690
555587159
555605565
555845376
555914231
555951642
556020467
556265038
556306653
556307598
556427481
556465168
556548216
556642629
556721527
556788549
556909084
557038453
557045931
557446144
557683888
558369876
558371644
558441413
558614773
558736408
558768246
559071685
559158790
559258493
559375423
559907021
559907355
560008488
560314395
560432734
560585583
560904173
560983010
561276382
561452927
561485280
561649289
561831592
561912923
561995277
562049472
562131160
562239455
562269540
562599215
562645452
562675187
562803593
562807833
563107374
563163629
563615139
563707532
563721829
564081865
564458909
564483080
564772047
564808061
564835850
564905657
565090719
565122075
565259703
565621515
565739954
565912831
565921131
565928297
565980401
566023758
566166572
566192708
566201122
566405432
566718895
566903251
567017937
567349975
567364130
567537904
567548750
567762036
567876394
567883967
567956405
568114683
568156324
568171826
568254123
568487891
568517733
568603566
568643496
568697000
568729822
568828240
568959151
569025811
569027321
569046529
569101739
569177884
569243310
569613668
569647007
569657969
569719430
569752974
569818725
569836327
569887755
570054859
570121488
570150858
570176784
570210842
570371931
570391378
570421948
570519069
570589823
570657844
570681216
570789203
571093662
571193287
571253767
571298881
571341118
571394395
571708280
571744794
571751049
571880033
571900459
571927412
571933129
572102878
572261683
572385698
572566778
572587176
572629402
572633650
572838906
573023055
573032271
573067197
573133739
573134298
573199961
573569113
573584353
573682268
573727117
573881410
574068900
574112327
574131305
574161999
574188305
574264819
574265301
574349024
574407842
574776537
574815617
574886564
575047836
575058834
575117646
575161511
575189407
575196088
575291393
575652229
575726806
575779828
575783890
575791969
575973104
575981291
576019870
576037848
576346090
576385248
576409741
576481709
576604305
576670972
576809843
576858931
577204134
577225871
577252962
577350813
577537489
577611557
577706523
577745482
577914340
578001892
578004529
578093348
578112781
578116358
578312130
578425521
578510634
578675541
578787923
578916492
579008638
579051892
579080470
579192852
579294333
579302572
579573831
579682881
579826959
579964826
580025681
580211035
580311684
580430132
580616170
580720174
580732660
580780796
580969828
581071822
581183271
581199615
581250081
581251522
581254523
581559716
581778751
581822317
582114501
582436922
582461180
582515573
582573179
582655741
582676360
582901907
582909207
582939481
582992827
583278744
583511912
583517918
583568598
583748586
583759457
583863495
583937314
583962858
583970565
584069916
584169056
584597884
584956540
584968638
584972041
585411297
585438980
585459897
585531160
585579632
585582865
585624257
585624805
585724949
585731286
585884801
585905790
586214806
586300835
586326578
586367995
586455929
586686479
586763543
586942280
587070829
587165624
587212433
587224134
587243475
587304589
587349760
587423983
587694831
587750703
587758235
587779539
587966522
588064916
588167726
588202949
588227421
588236264
588365310
588583707
588762677
588767278
588958522
589268205
589362970
589403962
589453139
589470581
589563743
589809486
589939164
589964314
590180816
590289406
590308899
590309563
590419185
590523199
590633289
590669212
590749732
590811307
590865786
590920897
591198061
591333531
591457119
591471719
591579145
591706493
591723785
591782169
591801754
591898334
592107311
592107658
592109455
592220950
592236582
592263809
592274368
592339723
592532321
592555213
592887319
593242285
593380241
593449563
593529589
593562639
593590752
593691027
593774411
593826313
594113354
594128130
594157183
594163972
594370831
594627233
594735842
594964616
595129801
595150323
595192112
595203837
595287434
595288104
595336676
595419745
595448561
595477086
595482058
595498757
595557488
595575882
595579631
595596603
595597744
595776594
595960373
596013848
596092046
596362389
596453014
596576191
596972920
597053433
597067183
597078491
597174578
597194082
597409590
597517631
597530673
597548730
597644494
597964343
597982229
598100485
598158687
598196952
598311895
598732413
598872600
598999001
599098458
599271927
599489447
599802779
600128062
600240575
600342290
600406365
600447300
600460328
600660930
600748649
600959322
601043261
601213830
601294264
601332016
601524732
601685664
601697070
601721256
601724015
601730129
601786780
601874092
601924761
602009316
602072064
602586693
602621277
602653036
602668203
602736606
602956061
603059165
603113249
603272117
603327974
603480158
603510177
603683346
603713869
603754656
603805980
603925170
603933130
603939808
604064246
604130875
604144543
604157079
604267658
604278465
604391041
604398427
604466435
604675263
604809168
604809282
604809930
604848183
605233629
605254184
605617909
605625150
605660462
605740965
605765606
605792870
605850016
605860559
606015550
606028014
606314925
606315526
606448363
606503107
606547354
606558345
606645631
606729180
606785666
606872856
607151145
607322130
607423910
607440317
607449246
607697092
607815599
607871964
608033487
608069646
608074326
608133142
608140928
608222810
608280057
608360392
608477888
608704386
608741477
608881071
608972093
608997884
609391760
609409880
609472753
609732306
609789698
609924580
610015870
610096230
610144903
610175096
610191913
610245482
610340276
610413228
610457354
610734138
610770364
610817542
610829797
611020869
611077312
611355025
611456633
611497444
611521872
611562645
611590999
611625196
611703619
611709365
611850542
611949702
612017874
612154120
612353911
612413479
612424957
612426881
612444784
612445465
612484354
612550171
612914050
612940003
612994804
613104088
613293056
613317743
613415714
613490175
613555724
613603436
613608171
613614943
613734072
613747653
613833552
614009898
614034044
614044505
614108791
614259824
614299469
614392544
614431508
614497605
614601368
614609654
614708011
614710765
614750763
615067837
615130966
615143953
615405839
615426785
615485855
615507080
615523976
615722134
615784504
615824854
615827433
615852824
615876196
615943323
615992878
616031603
616088336
616112428
616353360
616695444
616811003
616899265
617113560
617197870
617237594
617341115
617346796
617492554
617509566
617582196
617690024
617818864
617971618
618208478
618215609
618380008
618387452
618450500
618694819
618703508
618721159
618722083
618822768
618838723
618888807
618950123
619273761
619291624
619360040
619384586
619649580
619793348
619901613
620180302
620459052
620701853
620966394
620970283
621093771
621260987
621302454
621355081
621377793
621582582
621872825
621898286
621956530
622000448
622049222
622247396
622286466
622395614
622415598
622462057
622683487
622690241
622732660
622938273
622987250
623014258
623136135
623403373
623475669
623582911
623776363
623784307
623941065
624091580
624255117
624366866
624386241
624408070
624783037
624961616
625015854
625136064
625440861
625515732
625549785
625590285
625716880
626026074
626080694
626195043
626464393
626631810
626694826
626745224
626892107
627023939
627240576
627550833
627599080
627787132
627865695
627943824
627992454
628164542
628249393
628274381
628494199
628707093
628760935
628965531
629026420
629114056
629233675
629823344
629840377
629879542
629935337
629947635
630399581
630408475
630420135
630450959
630516835
630840466
630884918
631047858
631058955
631143679
631144971
631268043
631293388
631425098
631467945
631528284
631657987
631712154
631770139
632179655
632356022
632495879
632511789
632529409
632778652
633005703
633246987
633305508
633359303
633434357
633444498
633585421
633589791
633610294
633615023
633739283
633790602
633792820
633902899
633927149
633988943
634084693
634117856
634182543
634190254
634235528
634315292
634537961
634559340
634590182
634722201
634893798
634962083
635188007
635295236
635311556
635426696
635558078
635640873
635675941
635908338
636044455
636268573
636319094
636729654
636745082
636901246
636915453
636997393
637121182
637151146
637226325
637298639
637450486
637491309
637586583
637664497
637699419
637755336
638065476
638130400
638280458
638315321
638336367
638465513
638536474
638645497
638705805
638802429
638943342
639214405
639365586
639405786
639439504
639478176
639852339
639924594
640030997
640119785
640182701
640278128
640363903
640442408
640580909
641070725
641092360
641159052
641307405
641398245
641434355
641716332
641768533
641939130
641963167
642069772
642149483
642253981
642302832
642320747
642354730
642478197
642517682
642531375
642553191
642570460
642650595
642671739
642814800
642946465
643000420
643521541
643552285
643608351
643741271
643807082
643866493
643941942
644075785
644138175
644245553
644338066
644512346
644640931
644752108
644906651
644953935
645003488
645140084
645337049
645338241
645368586
645551321
645629486
645635235
645675011
645681798
646060518
646159914
646223357
646297269
646412651
646420377
646470613
646495746
646561043
646570266
646599890
646605820
646630860
646649928
646667581
646857291
647119583
647165124
647187455
647244849
647568101
647675062
647685166
647711630
647835336
647973612
648140056
648230717
648348399
648389314
648574169
648584162
648645009
648646850
648681397
648792251
648891088
648952315
649084393
649192789
649202381
649333210
649339060
649415575
649916015
650156217
650179449
650226453
650256207
650275935
650286368
650544487
650786843
650797775
651016450
651134612
651248137
651414039
651507723
651739542
651785279
651956634
651965035
652063227
652063921
652164298
652762296
652852330
652923762
653031932
653070431
653347470
653442385
653454527
653468131
653626570
653775452
653960434
653981093
653981604
654005010
654075956
654097230
654274468
654458437
654546417
654599483
654687072
654847636
654890613
655120823
655204868
655340103
655399294
655734464
655916678
655939833
655988531
656005140
656144115
656345351
656359647
656382563
656464180
656569669
656668509
656726044
656776285
656823525
656826121
656838001
656923429
657070136
657279274
657313916
657491888
657769505
658016360
658047083
658193893
658225233
658400026
658613814
658664760
658855543
658906458
659213320
659316178
659490153
659527503
659715265
659855817
659917890
659982473
660073127
660146615
660340741
660348052
660379728
660414999
660504766
660706317
660713085
660806433
660935742
660954390
660979836
661192455
661244517
661333706
661345530
661354956
661396812
661418463
661435853
661567725
661591880
661616711
661667945
662109029
662364972
662477077
662493263
662565092
662634823
662725049
662749873
662792909
662824329
662944832
663262116
663272707
663289355
663330393
663335985
663364502
663367263
663496151
663562753
663691557
663755279
663762497
663801289
663815607
663895624
663900974
664190280
664298462
664406165
664425960
664675274
664738882
664819877
664869054
664939987
665107754
665211992
665431037
665597192
665601758
665694624
665920343
665996004
666104362
666121947
666230887
666231544
666397598
666461682
666585618
666811129
666827514
666854710
667042350
667066331
667097786
667126092
667604229
667606687
667703390
667827830
667908359
668174637
668174802
668185183
668205235
668490154
668593491
668693723
668761729
668775880
668818642
668855916
668903494
668917799
668985322
669487967
669773199
669779641
669843714
669893597
670040282
670101981
670109453
670197003
670368599
670447099
670618779
670749796
670922917
670944213
670978971
671115673
671225166
671287835
671414006
671453556
671509285
671543134
671581567
671673512
671782039
672044438
672064523
672140720
672278274
672465757
672488241
672530894
672607790
672695965
672707782
672730782
673210906
673243339
673442031
673517376
673543166
673633131
673726291
673777831
673921299
674052406
674107315
674369762
674405872
674446788
674492385
674587401
674669691
674698539
674809669
674903275
674918350
675007015
675093335
675164149
675177706
675657472
675825572
675838053
675993391
676042734
676079096
676299175
676578172
676686818
676713768
676824061
676956267
677160732
677286355
677460516
677790558
677919184
677997133
678063469
678189710
678204624
678348850
678417047
678521486
678686638
678787312
678945037
679241760
679257581
679280984
679328228
679389762
679413052
679565485
679752195
679834702
680105610
680334619
680645948
680843690
680904336
681028992
681458632
681570220
681765637
682012228
682018988
682055709
682083503
682088608
682123123
682321059
682381826
682509440
682658170
682666590
682869569
682878796
682906712
682950827
682965236
683080317
683090733
683158985
683236015
683315713
683502165
683514383
683517478
683549859
683661357
683986944
684105790
684125873
684294569
684362728
684406156
684676439
684726898
684766028
685190348
685252471
685330425
685463070
685476843
685546859
685605738
685709114
685926783
685972627
686014292
686149619
686159942
686229961
686333475
686437800
686445476
686518223
686539837
686604327
686612996
686666885
686841083
686896135
686963076
687127934
687157257
687191835
687257865
687289163
687427160
687453606
687458574
687556998
687735258
688004503
688028805
688116521
688147939
688238588
688508964
688539510
688603577
688674609
688740809
688819611
688833259
688843712
688846139
688860367
688888932
688929772
689021121
689122880
689366969
689403687
689550189
689658185
689804497
689821885
689871857
689878234
689951432
690032139
690251755
690292293
690464177
690631253
690756804
690756907
690825917
690832413
690838876
690848704
690945280
690981946
691027021
691162338
691261308
691305466
691493538
691594644
691611307
691691323
691845220
692227950
692256106
692275588
692289461
692369919
692517709
692715804
692796967
692797982
693020137
693026342
693191931
693368360
693436089
693448518
693487132
693653936
693667680
693791714
693924868
694091384
694125569
694180136
694817650
694858706
694994367
695206522
695344423
695403515
695562617
695597571
695635605
695896329
695902050
696051103
696138284
696226820
696245289
696285793
696395460
696518754
696577835
696698243
696704450
696745047
696947724
697144128
697182044
697539095
697694878
697697688
697898056
698009830
698213845
698322880
698346571
698432523
698495465
698581310
698874065
698887179
698918782
699021719
699043774
699086279
699142830
699155226
699245466
699248507
699310415
699390001
699970769
700037636
700048553
700216690
700426722
700433162
700437956
700447686
700620446
700895023
700918517
701242038
701254197
701283822
701400081
701417475
701422227
701622993
701862648
701903012
701904260
701954623
701989208
702044701
702137482
702170918
702193361
702248447
702256423
702281889
702333862
702463515
702627452
702700223
702865063
702872248
702929117
703033351
703064635
703071946
703121927
703269951
703338008
703427230
703453483
703521452
703595751
703737402
703792083
703852235
703985325
704037564
704190304
704371553
704377640
704585306
704672879
705067208
705079552
705151752
705310299
705340432
705574571
705651762
705870729
705956650
706058139
706166193
706240241
706276103
706291620
706327536
706404739
706439446
706464194
706559320
706659129
706665253
706711630
706956293
706987371
707110936
707198323
707253482
707281011
707394728
707403500
707468871
707656158
707662265
707696947
707936978
708114079
708319682
708659814
708681090
708682319
708878611
709103761
709149819
709192635
709286758
709354958
709473438
709667073
709839762
709895892
709991819
710096090
710132453
710146891
710259103
710305003
710534045
710607764
710667855
710718002
710824026
710854894
710937326
711129974
711157106
711161196
711185551
711251944
711334371
711387048
711488454
711511288
711551202
711586214
711688641
711719318
711868715
711876128
711931886
711963136
711995179
712018921
712035106
712373026
712374504
712445574
712583961
712677387
712711436
712763993
712866507
712960781
713036409
713111376
713147564
713281637
713360545
713540484
713613281
713898859
713900265
713904645
714228715
714282034
714298886
714332681
714443131
714516274
714575940
714751652
714769500
714786439
714810793
714858438
714900701
715066396
715575971
715638676
716026884
716042708
716222928
716255256
716277035
716492533
716588696
716652486
716725900
716882429
716907103
716933509
716937579
717015990
717106012
717246780
717274403
717426022
717466309
717483632
717662610
717788381
718021934
718066715
718227511
718402425
718432779
718506393
718679025
718765305
718793932
718819609
718903249
718923485
719016362
719193630
719361616
719373684
719502771
719710579
719818467
719891141
719926200
720165255
720181572
720257767
720370393
720374017
720443831
720507005
720651710
720775261
721025216
721096407
721342672
721368348
721376109
721376587
721431885
721741269
721846188
721987542
722062567
722197864
722357915
722513049
722515191
722576092
722686099
722690274
722722875
722824041
722834665
722856116
722898012
723130318
723136833
723258217
723575332
723583735
723599218
723614177
723627053
723654699
723805458
723904039
723994286
724026110
724033722
724046055
724064281
724091273
724097917
724246456
724557450
724600243
724677127
724685810
724805692
725038357
725047527
725194921
725361548
725459742
725516272
725583734
725689988
725691561
725742975
726113153
726156440
726165884
726402165
727013618
727080605
727126519
727276607
727363471
727532126
727593007
727682120
727710768
727901044
727904209
727915394
727997742
728041132
728041382
728194503
728237187
728261047
728268660
728497117
728534883
728538494
728613669
728690321
728727859
729199702
729214297
729282367
729315392
729406913
729580216
729707355
729731201
729748536
730138669
730172400
730210495
730280396
730296202
730351721
730636340
730646298
730719550
730751621
730870331
730939599
730982810
731308028
731433412
731440797
731669591
731686532
732007404
732023392
732062505
732152326
732164675
732381620
732409549
732658133
732663208
732675970
733027899
733095445
733108813
733198659
733334661
733465712
733475281
733585115
733663393
733670666
733698409
734051833
734062827
734097073
734183016
734206450
734425800
734728902
734772403
734854640
734923759
735058575
735063401
735164172
735176086
735221789
735431781
735484066
735540150
735734022
735734682
735792358
735906337
735916179
735949104
736098488
736119160
736187790
736245086
736336907
736364442
736661752
736828364
737019522
737131448
737147739
737246224
737265528
737314167
737336626
737473992
737483743
737784346
737965545
738052163
738078318
738128489
738482815
738596717
738599651
738606760
738784372
738796360
738959355
738981082
739353792
739510141
739581461
739629197
739858324
739972201
740143724
740206454
740245113
740367365
740447780
740597499
740731388
740747586
740783045
740941181
740953606
740957345
741024836
741120424
741134939
741566855
741595103
741629869
741696349
741761767
741860737
741901263
741988614
742062156
742073517
742225295
742340431
742357523
742390970
742459571
742495811
742535083
742846826
742905879
742950014
742957275
742980130
743075312
743145854
743201435
743290533
743341978
743356636
743525571
743579258
743625780
743755221
743757096
743763328
743827826
743833689
743844022
743850625
743879659
743927277
743945050
744060591
744074149
744074591
744176558
744243492
744255192
744366207
744395816
744570525
744608728
744620088
744636247
744818670
744873525
744882392
744907818
744923080
744956874
745076646
745076966
745136607
745152833
745182192
745267966
745324606
745415503
745826960
745973174
746022204
746284322
746464316
746465354
746538568
746626123
746671574
746876019
747044261
747150582
747185630
747204683
747357839
747394683
747473440
747538978
747564807
747678326
747711192
747747719
747883265
748061306
748086249
748233946
748297058
748338230
748361273
748453688
748481502
748611098
748706772
748712621
748869107
748927191
749082333
749118711
749127537
749310779
749420960
749434724
749770303
750036377
750153349
750397254
750437332
750519002
750733871
750793478
750848046
750875590
750903651
750957786
751003329
751003604
751136462
751644668
751703816
752009567
752201843
752322119
752485785
752632751
752667209
752712308
752998591
753269399
753272218
753430114
753469967
753691613
753812713
753882196
753884006
753922530
753948567
753970996
754183368
754186917
754245648
754335789
754364157
754427477
754430339
754546550
754590229
754774722
754854846
754923405
754924766
754951674
755250431
755349583
755435418
755703293
755910558
755963968
755999101
756082393
756161452
756192025
756197630
756245728
756430497
756523334
756536854
756703634
756755773
756896286
757032037
757038580
757160106
757342389
757350799
757421334
757572535
757717069
757772729
757879161
757932502
758203023
758219777
758324201
758357387
758406354
758474893
758632729
758643300
758674991
758694938
758698343
758704006
758726371
758974502
759410200
759463270
759595421
759625366
759918469
759931316
760100370
760104649
760200339
760252044
760293820
760534392
760635931
760656165
760853958
760910200
761088328
761327253
761449358
761461981
761562071
761836293
762149031
762172447
762301366
762360635
762405461
762497370
762524583
762538560
762545230
762598513
762600309
762681398
762955426
762993895
763052387
763078642
763102224
763140253
763276834
763292704
763399025
763631708
763644463
763707479
763708268
763709472
763772585
763935411
763949650
764146596
764714734
764820688
764837242
764868063
764874037
764974865
765064821
765310219
765327807
765427382
765517546
765517653
765669053
765739922
766006571
766046772
766091272
766154338
766155799
766318575
766379117
766402876
766523531
766537950
767139401
767236032
767247367
767313188
767317640
767384519
767624631
768171304
768180493
768203484
768207845
768267110
768295198
768605045
768637737
768725067
768881037
768955480
768979503
768999336
769034662
769058752
769083539
769112486
769435040
769541859
769672267
769732763
769733114
769766786
769838250
769870540
769954372
769955168
770218768
770591074
770644068
770748206
770973782
770974574
771137906
771268953
771301811
771452432
771608819
771714466
771813506
771831180
771866189
771954329
772021052
772089763
772118521
772320418
772357540
772385174
772583942
772682941
772923916
773220609
773230336
773389128
773568602
773597044
773611353
773662824
773752405
773778787
773880441
773975387
774298907
774320491
774341037
774395637
774462171
774503696
774649358
774696062
774736291
774825155
774860051
774869500
774943596
775058577
775191477
775193467
775391223
775400173
775453796
775494317
775728124
775772780
775821281
775956442
776083162
776178355
776300351
776558914
776587365
776625393
776791479
776902070
776927136
776987976
777088246
777091975
777161352
777210176
777344576
777360339
777429600
777453829
777860778
777891509
777912624
777931121
778019614
778035535
778331009
778459248
778583032
778765939
778972857
779061988
779089540
779118429
779197196
779248012
779254536
779436938
779648942
779650860
779947865
779994072
780157621
780409178
780438424
780475390
780651639
780799060
780827549
780877246
781099483
781142584
781242324
781251613
781434903
781437023
781458870
781468594
781478851
781719698
781881809
782161365
782198187
782266317
782347987
782374996
782434150
782489456
782499837
782636607
782716240
782780865
782862484
782895440
782971991
782976686
783012948
783083326
783181259
783245308
783725608
783786469
783896558
783988015
783989719
784105843
784226949
784286572
784322654
784382769
784556412
784849425
784905337
784916879
784983309
785032941
785089465
785434786
785543384
785570314
785732852
785858967
785890184
786038474
786155555
786250908
786469568
786784223
786848582
787126007
787136311
787164226
787202830
787285270
787346113
787542206
787651860
787695938
787816515
787851618
788071849
788074756
788152701
788511782
788562291
788567887
788595810
788614965
788657778
788680069
788748854
788902938
788987762
789100693
789164074
789272140
789289088
789423335
789580320
789747374
789837551
789906317
790172547
790273563
790285136
790298312
790519111
790661310
790661686
790692650
790699288
790882500
791191030
791223005
791244394
791306268
791334621
791349488
791528849
791631638
791679443
791889507
791893618
791954958
792149803
792213043
792234558
792274583
792362390
792393827
792402740
792536091
792544300
792575142
792578682
793005180
793344701
793424254
793781505
793782830
793866036
793904603
793974492
794002027
794147834
794245879
794269614
794278836
794414147
794548703
794764220
794858477
794858985
794863269
794907628
794918272
794920749
794977940
795097991
795229903
795328284
795592082
795650680
795828992
795915427
795968716
796002046
796018590
796023800
796094889
796206391
796232289
796257949
796354692
796366027
796401820
796442218
796560850
796660804
796731466
796830561
797280379
797553347
797592358
797910595
797968654
797999071
798120754
798137154
798174247
798261638
798267871
798328347
798337009
798449917
798542475
798577675
798622034
798672992
798841338
798881838
799189823
799246013
799280260
799394133
799799778
799851725
799970133
800135168
800150738
800204310
800339432
800352577
800367231
800398761
800515035
800533146
800537734
800651198
800692405
800708513
800742822
800912737
801009801
801634675
801699154
801699278
801833901
801880518
801899522
801954921
802104754
802552204
802565323
802880941
803015821
803111977
803315636
803337147
803645326
803729447
803791328
803817054
804302809
804610260
804718638
804761447
804768220
804802921
804968085
804979870
805045965
805132960
805234698
805266240
805380964
805408716
805474697
805541032
805580410
805610156
805699080
805745097
805768082
805847858
805866256
806002330
806155106
806219687
806220621
806235699
806349320
806350962
806470650
806475619
806872057
807032143
807326614
807426682
807741576
807815127
807891646
808011694
808047623
808117389
808199201
808200058
808260780
808363813
808400905
808434419
808571370
808653711
808898879
809041073
809056486
809263129
809343374
809392660
809491034
809575820
809621326
809727952
809769783
809777809
809787636
809897919
810043394
810044843
810198670
810213283
810281707
810398648
810427442
810428845
810639186
810650058
810670760
810742146
810869529
810962800
810971642
811049414
811118836
811167434
811212474
811553564
811687982
811695993
812038703
812061219
812193180
812204205
812235049
812268590
812387159
812401921
812487111
812579414
812592396
812640484
812683488
812729957
812763770
812782132
812866056
812938592
813148098
813245727
813273648
813403084
813518506
813536945
813551708
813600718
813638718
813735174
813754761
813891860
814041930
814188646
814396464
814463450
814569575
814779996
814830936
814853899
814863156
815002817
815156752
815267718
815463004
815628709
815676810
815758239
815824177
816001725
816152476
816188967
816218471
816298811
816302842
816650249
816719259
816800197
816853307
816884347
817284525
817319916
817391372
817560150
817770391
817879577
818005395
818047354
818050762
818167518
818241970
818619349
818753561
818772150
818946908
818994811
819000681
819091587
819105493
819182093
819235179
819255281
819280802
819295572
819348724
819379662
819404067
819485425
819587991
819593043
819649209
819736857
819910711
819927513
820067035
820283436
820341516
820486147
820654516
820832258
820936671
821023254
821137232
821147557
821223012
821306623
821312351
821340617
821482483
821538393
821564180
821667250
821684245
821735507
821796925
821877563
821884357
822093270
822133730
822404989
822522776
822608318
822645745
822665471
822726045
822808167
822825247
822831961
822922310
822966602
822983653
823021595
823323246
823584180
823589073
823777292
823999440
824294868
824433383
824460660
824506825
824514527
824574353
824643733
824706136
824727946
824774854
824781930
824977128
825150461
825183720
825206485
825358607
825387080
825760436
825779022
825879336
825936417
826152599
826504630
826548690
826898177
826915230
827302035
827508077
827676241
827865955
827962389
828223085
828230133
828298945
828389525
828528529
828566894
828670189
828714854
828823573
828938351
829090566
829169754
829256150
829297872
829409325
829428391
829445541
829455847
829494890
829512108
829669117
829716328
829840016
829883297
829919450
830108815
830138386
830289367
830360821
830881805
830978090
831061906
831119427
831329999
831363322
831435170
831521846
831649136
831693534
831770764
831788857
831789564
831807541
831975001
832106901
832108994
832187023
832250099
832450675
832511584
832813176
832950730
833007783
833027115
833176148
833209225
833256281
833381906
833417676
833450857
833906892
833923527
833975650
834050981
834066912
834118242
834195429
834253797
834282097
834336921
834583454
834756634
834771668
834843120
835053907
835202027
835261289
835718759
835736328
835761306
835908999
835912649
835957090
835977331
836008496
836037697
836365859
836417305
836469641
836584396
836785359
836849271
836849877
836929848
837009068
837066369
837239957
837271058
837471711
837532920
837539771
837594666
837640733
837699025
837746690
837861435
837935528
838145507
838280009
838291833
838534504
838572502
838633169
838855612
838939454
838979200
839058217
839067739
839151020
839249985
839409387
839435026
839507668
839508436
839543095
839622744
839657200
839762721
839773337
839865975
839901857
840056654
840090465
840095956
840202893
840372410
840461100
840698653
840799581
841009672
841138922
841299041
841445753
841465391
841485376
841544143
841681701
841768198
841867772
841900271
842200542
842274013
842402044
842455585
842504807
842577439
842627924
842912031
842996518
843074729
843205139
843295555
843377568
843388775
843583399
843606099
843638170
843673911
843767585
843885995
843899169
843958149
844051513
844059463
844187256
844392386
844430635
844435867
844560155
844704292
844752894
844841798
844870612
844885045
844967741
845040589
845386733
845398063
845530487
845630884
846059015
846077994
846166588
846308714
846382222
846387225
846677729
846680146
846692582
846695451
846698384
846811541
846873507
846891861
846955568
846985850
847124665
847172791
847567279
847671456
847681530
847952782
848085664
848241794
848418826
848512242
848546316
848627132
848794284
848798422
848851158
848883591
849155460
849406713
849445978
849604474
849652275
849670366
849709488
849867764
850033982
850066770
850081573
850120175
850467270
850478115
850624203
851096287
851236982
851311308
851384211
851549707
851922477
851927664
851988169
852080307
852169123
852191735
852246239
852253274
852403144
852505670
852575756
852738561
852932000
853159964
853212534
853248736
853462674
853509488
853718327
853789034
853792047
853804858
854054450
854080381
854162541
854205719
854444417
854495778
854613019
854896362
855065248
855181515
855196045
855257000
855316990
855468431
855479157
855508583
855600764
855787459
855798278
855824706
856030102
856356585
856424802
856475559
856515540
856670563
856676480
856745291
856887267
857029649
857066677
857140333
857291063
857477461
857494219
857519040
857972794
857978694
858115306
858422026
858498250
858572222
858662051
858743202
858803444
858804871
858883401
858892766
859041749
859077028
859111992
859125295
859182342
859303287
859324344
859554593
859641043
859667962
860278289
860343506
860566414
860703060
860727782
860796879
860954082
860976586
861114530
861302755
861352143
861473506
861626492
861759823
861783336
861905660
861911164
861998728
862044250
862069107
862136730
862147945
862182201
862268470
862484852
862588789
862627264
862699002
862724378
862741452
862906758
863154831
863181973
863241003
863347687
863401476
863586722
863689339
863811991
863908309
863914194
864476403
864476512
864548390
864559813
864843783
864861170
864902578
864921683
865010892
865151860
865211106
865335276
865366444
865391817
865403088
865485110
865581238
865640821
865754323
865782828
865851747
865884210
865931979
866087257
866278896
866443313
866654740
866660799
866667839
866711708
866809416
866819265
866849833
866945711
866956907
867247950
867385407
867470358
867499027
867576545
867640170
867798052
867833307
868021101
868119820
868305779
868361290
868417029
868508840
868539126
868554371
868558176
868753115
868916445
868952649
869043241
869053668
869146426
869229747
869738248
869742493
869777998
869783567
869817768
869885670
870256034
870260589
870319207
870427519
870540778
870543085
870652940
870991853
871040660
871111319
871112114
871290188
871414223
871711365
871731968
871832748
871963559
872298423
872486500
872643880
872951479
873520593
873545464
873724406
873730066
873836429
873880609
873993029
874092862
874256285
874280104
874354477
874410524
874519115
874549963
874584110
874588702
874627435
874800472
874922481
874958954
875083202
875087487
875225296
875449859
875606341
875746885
875866858
875912331
875915839
876015195
876131853
876131990
876229670
876238084
876412195
876610510
876663036
876764384
876898422
877027098
877030086
877083498
877314077
877422503
877480144
877522129
877533691
877584192
877750214
877840938
878064976
878171748
878221769
878273941
878298189
878493157
878634210
878753329
878796685
878846459
878893808
878921352
878931031
879097524
879173297
879212632
879323433
879441838
879621061
879750313
879827820
879888011
879934210
880064661
880107244
880181270
880476250
880609917
880682019
880842240
880879520
881026359
881258192
881375690
881384311
881694128
881707155
881725485
881950448
881954717
882239373
882276093
882311310
882534320
882690678
882723120
882741241
882980522
882995428
883002594
883068365
883325748
883440936
883575787
883584938
883896159
884102248
884105179
884147449
884164408
884537641
884756835
884860001
884892010
885060216
885082393
885098340
885342198
885395782
885483499
885514756
885605408
885765574
886145022
886227002
886251829
886339792
886562455
886668599
886687875
886886231
886943520
887068840
887092554
887114592
887216164
887507614
887551669
887686020
887814901
888020692
888087043
888096643
888136787
888325017
888338371
888344447
888375830
888385251
888496989
888652747
888803345
888848431
888907037
889028064
889038447
889168536
889218828
889400442
889425736
889434681
889751348
889919985
889959820
890236076
890257589
890388492
890392833
890398125
890410592
890423217
890475630
890632812
890662854
890726412
890950195
890975868
891062242
891069724
891206499
891213478
891434947
891469722
891536940
892038885
892041739
892209565
892215415
892338660
892570170
892738132
892749365
892763888
892862342
892906478
892996398
893029029
893161563
893189805
893215659
893302813
893614123
893646832
893668164
893751271
893891833
893990527
894055962
894121882
894122817
894136836
894197829
894212007
894214089
894314577
894377767
894479126
894500604
894529873
894552163
894763576
894818217
894967819
895304133
895323950
895352659
895652472
895698181
895822668
896030380
896068428
896224995
896239995
896315332
896344347
896382398
896400955
896448216
896495381
896516839
896563781
896603783
896782308
896792846
896846941
896884764
897181919
897235064
897236080
897306126
897523596
897568647
897582460
897588250
897625758
897630020
897645479
897684677
897706415
897942075
898185486
898273820
898334282
898369927
898473425
898509316
898680140
899174344
899221201
899224338
899270643
899273285
899304850
899334721
899357197
899413986
899624825
899628290
900231119
900284977
900309974
900398823
900418754
900857242
900947309
900950257
901036473
901179119
901212388
901222103
901458844
901474922
901529742
901621773
901670428
901696971
901697115
901761025
901827638
901889227
901945032
902010813
902085646
902233860
902258192
902315210
902488568
902488572
902589293
902700303
902772600
902937971
903203232
903225768
903269722
903417416
903453123
903526225
903534032
903557693
903743161
903907011
903946792
904008408
904034437
904202244
904221205
904250901
904285797
904367265
904511016
904538373
904689328
904763282
905155793
905215386
905260721
905306471
905336635
905414226
905629140
905639200
905659340
905815554
905823501
905844721
905985442
906308259
906328426
906334248
906419169
906632368
906743411
906975759
907153939
907205636
907227413
907312826
907428423
907446691
907452206
907481869
907566591
907609321
907705956
907776052
907925143
907951788
907958466
908054986
908188009
908209308
908234423
908327341
908523033
908637451
908730537
908780296
908811848
908820407
908822235
908836402
909001485
909002797
909147368
909259132
909294366
909355655
909481606
909495851
909583525
909733866
909957712
910115631
910156287
910188650
910232394
910281913
910324389
910401929
910483074
910822856
910945388
910959382
911063804
911220916
911327009
911350404
911352085
911498070
911529964
911534580
911622645
911631037
911882701
911991816
912147451
912412350
912459514
912521910
912585006
912641008
912642353
912697339
912889998
912922412
913171430
913183515
913441684
913508831
913515539
913543757
913663183
913680973
913722996
913907334
913944127
914016485
914036587
914148749
914287403
914569827
914579981
914676731
914868163
915062076
915083103
915153435
915366651
915369704
915559944
915600044
915627981
915637754
915759750
915846226
915958788
916077414
916537459
916557256
916570929
916657653
916671993
916676362
916855851
917185366
917275600
917300838
917557708
917581525
917634774
917723984
918093880
918357612
918513430
918859916
918890190
918967574
918985480
919002561
919221579
919363439
919491445
919662997
919721119
919823318
919836367
920030101
920269700
920325992
920476890
920505467
920750382
920796957
920897066
920906536
920960199
921021654
921126803
921151702
921153842
921396037
921500550
921581625
921612001
921657521
921668847
921719089
921762956
921817862
921944739
921990761
922024197
922098441
922197507
922222674
922275706
922359476
922363874
922388497
922395601
922426139
922439797
922542627
922659086
922782606
922821688
922830913
922869982
922976384
923050597
923113979
923169105
923213252
923250228
923349853
923391600
923442215
923452820
923468506
923519879
923726687
923820423
923861270
923948550
924023724
924226889
924299924
924322490
924408324
924539605
924542131
924558949
924593532
924603340
924607112
924679349
924704253
924741671
925098305
925107011
925141419
925232726
925234137
925385166
925385500
925443485
925496249
925605851
925842930
925937052
926000816
926056595
926107008
926264673
926321076
926375493
926442115
926602401
926645065
926655318
926726833
926788908
926795065
926873329
927180771
927215976
927270721
927500940
927542922
927617562
927851882
927881019
927966082
927988854
928118400
928270597
928487867
928556036
928819896
928928988
928960383
929286837
929695150
929820937
929827203
929895615
929981263
930028006
930107154
930109874
930134308
930270189
930359409
930422126
930502815
930527852
930558700
930593153
930728494
931139042
931298920
931379542
931513390
931597715
931600369
931724643
931929988
931989151
932049523
932074926
932209928
932213664
932259944
932314117
932367862
932419816
932541664
932577730
932684167
932799777
932855653
932982942
933124993
933130000
933226126
933378141
933422154
933508340
933597846
933683832
933791777
933959589
934092445
934194012
934202772
934256147
934312538
934410546
934460972
934611963
934667064
934674001
934958574
935136433
935347168
935406533
935410608
935479071
935529446
935539339
935631771
935660953
935754791
935913034
936079884
936092403
936457344
936468883
936622148
936746221
936899868
937010967
937015452
937042374
937094707
937099853
937190061
937256779
937336500
937365545
937488645
937493925
937529430
937821806
937840153
937855213
937926074
938124588
938194102
938237454
938379286
938490426
938532459
938578723
938641962
938689347
938774572
939111906
939130407
939177532
939310298
939341875
939383311
939393391
939510859
939556805
939950487
940044362
940051000
940213840
940246691
940269321
940286175
940367119
940506976
940626883
940670423
940957177
941160793
941365877
941489384
941525936
941601018
941653449
941687802
941880825
942012354
942137000
942225701
942403835
942412705
942548018
942597892
942826922
942896473
942905084
943069398
943084703
943084713
943164134
943397445
943603704
943953777
943997158
944051521
944096662
944138071
944323970
944436512
944543463
944681817
944778503
944831231
944857842
944955135
944982591
945038375
945112445
945150784
945171533
945204329
945229240
945454027
945463993
945475204
945572132
945614525
945710874
945796723
946058974
946152266
946293896
946618830
947103405
947435725
947909870
947984201
948007288
948120584
948239907
948264726
948293141
948360286
948459865
948535791
948554089
948640373
948659482
948709878
948731498
948833065
948839451
948842633
948927311
949109975
949292957
949357817
949410851
949417105
949446915
949798004
949942096
949949456
950124169
950452976
950453757
950572059
950658297
950733892
950757567
950881955
950922108
951184645
951199862
951301750
951340173
951363564
951429588
951503535
951542103
951567074
951579327
951907705
951910108
951977219
952174456
952338083
952364138
952506175
952520532
952638649
952698686
953020608
953042031
953056747
953169703
953191068
953202009
953663173
953816781
953849820
953869468
953897564
954092748
954175097
954274299
954296357
954306472
954434857
954974220
955127494
955202987
955214369
955301324
955334843
955368612
955542221
955547025
955564852
955775222
955806025
955940196
956001301
956025889
956077381
956274546
956409943
956418799
956521386
956582956
956612063
956613734
956828411
957007243
957223109
957240649
957324169
957327817
957382190
957431621
957474181
957513796
957529172
957539184
957613286
957679481
957703386
957745801
957777136
957912153
958350356
958533663
958746259
958814843
958907754
959095307
959155812
959295744
959382551
959491605
959497211
959778994
959813417
960102628
960227874
960355885
960597099
960621980
960627287
960743551
961119119
961160576
961199221
961326237
961332085
961352115
961434603
961553697
961632305
961663174
961860437
961997583
962093688
962261726
962266113
962290534
962317999
962461486
962523672
962595452
962611608
962631132
962671592
962792111
962927306
963025736
963213042
963341746
963505813
963514457
963521822
963554024
963741350
963812374
963830035
963855098
964074659
964236303
964251504
964266710
964283028
964283144
964328715
964480044
964527533
964914648
964960331
965023112
965251309
965366975
965401994
965732437
965923169
966101422
966159483
966184943
966265172
966350844
966582803
966761645
966845266
966905893
966924687
967146925
967171326
967327333
967542234
967777018
967810138
967907500
968057378
968136380
968235695
968242894
968279221
968286870
968391567
968450402
968515119
968548984
968646323
968856847
968909611
969020539
969047512
969052956
969158229
969195976
969340213
969491517
969551792
969722697
969740653
969816939
969975462
970033259
970046566
970092175
970204669
970473457
970719885
970788954
970797304
970885689
970982148
970999464
971035367
971063360
971086801
971120316
971126993
971324471
971376630
971418880
971528520
971540389
971681839
972010839
972013099
972026754
972044889
972050602
972111341
972376779
972430287
972529885
972796631
972897433
972921808
972938621
973227514
973275862
973293133
973449035
973503536
973741549
973932286
974255195
974376350
974488469
974650368
974754896
974802186
974813944
974943880
974992533
975015230
975117526
975178833
975247728
975423413
975479970
975762967
975782696
976086004
976224651
976537643
976853237
976873833
976906450
977005564
977135428
977250093
977296915
977347162
977458996
977532508
977559141
977787553
977825139
977872540
978221553
978368790
978468402
978540715
978585492
978657951
978694229
979059507
979238401
979378764
979432032
979686604
979791570
979797295
979845499
980025953
980050438
980110853
980238605
980424188
980558359
980561515
980579645
980793867
980810002
980944510
981014807
981017388
981041194
981281662
981394839
981547723
981613979
981707045
981949353
982061837
982149507
982153453
982344859
982389179
982528649
982731395
982918862
983249027
983458485
983478704
983497059
983596131
983865367
984104704
984127550
984325531
984338667
984375942
984389613
984573930
984601899
984650725
984699543
985145977
985336740
985367536
985602722
985925647
985936131
985990575
986039736
986058022
986094488
986195143
986272932
986362766
986366377
986371782
986428341
986605430
986645140
986740890
986840659
986866062
986902543
986993200
987041769
987143010
987310617
987477032
987553958
987589261
987611375
987690759
987698754
987794745
987818028
987847488
987866759
987884692
987962675
988034923
988119732
988222460
988225099
988359617
988366498
988449220
988707174
988712115
988767964
988826457
988832643
988847439
989113154
989157515
989262168
989269847
989282992
989284097
989295241
989359175
989396175
989512374
989583442
989585423
989680858
989765360
989792409
989830450
990047218
990353930
990355153
990382831
990575653
990700261
990703104
990707021
990744926
991016079
991023392
991089988
991219556
991251688
991405066
991421223
991449014
991896492
991932938
991935581
991986222
992232470
992372165
992375373
992410019
992498414
992581862
992995241
993115243
993118435
993126865
993229716
993307314
993454662
993483068
993627378
993709052
993714236
993740288
993872838
993886930
994103210
994243326
994347835
994462794
994538031
994565292
994622061
994647514
994665880
994794357
994829819
994831259
994835808
994846599
994875825
995019603
995027685
995111639
995186589
995320859
995583173
995604207
995878837
995919924
996026177
996130307
996430811
996498766
996618369
996796388
996835442
996843639
996875972
997149241
997217404
997656432
997698212
998012383
998412232
998647074
998750082
998842613
998927709
998989890
999033424
999040627
999085068
999125409
999171788
999387947
999515228
999711492
999831138
999839591
999845867
999870666
999899231
