29997
55868
83332
288512
308750
394913
495398
1397471
1415419
1463285
1675351
1770707
1807295
1893671
1944139
2142670
2215781
2292991
2298596
2645748
2712700
2949901
2981520
3026328
3039691
3069813
3140209
3178608
3233206
3234147
3235216
3344946
3360912
3388098
3463292
3497225
3504331
3625914
3710967
3754731
3820028
3852600
4024916
4183723
4184692
4228237
4429214
4536691
4622915
4666195
4718385
4777594
4799872
4824084
4942592
5177276
5240830
5274901
5281908
5334752
5436288
5825662
5851928
5913497
5919468
6309970
6427392
7184192
7229372
7297219
7332608
7778211
7836406
7933427
7956782
8112958
8215341
8341721
8363418
8529379
8895965
8898711
8915186
9043987
9046209
9051021
9051600
9055966
9341689
9400988
9500093
9505216
9574445
9842789
9919408
10117172
10181152
10214131
10220133
10287594
10340261
10492103
10511114
10683209
10703793
10726988
10738448
10765842
10836753
10983521
11073136
11104426
11325763
11750746
11761763
11772236
11819898
11820951
11881438
12018685
12021163
12309866
12398033
12421626
12429120
12594837
12598367
12858938
12908322
12952119
13011785
13064755
13426092
13499731
13611722
13612586
13740754
13750598
13825178
14079703
14226029
14286214
14305061
14439415
14513201
14543213
14769446
15263601
15299279
15352390
15421061
15777231
16139062
16143056
16246013
16247374
16300018
16340809
16390449
16439315
16471145
16471158
16495693
16516257
16692214
16841215
16851592
16970730
17025253
17030946
17267269
17313802
17317103
17338615
17456862
17614692
17739090
17807529
17948379
17989703
17996512
18109291
18113299
18125286
18147557
18283669
18308730
18353588
18361619
18490805
18499259
18506206
18538487
18582356
18724358
18781443
19156050
19366860
19493615
19604084
19949240
19957698
20045369
20130499
20229990
20252028
20326222
20351143
20359708
20492823
20667473
20777929
20831782
20839633
20893355
20929207
21056891
21061051
21236051
21248176
21445821
21480932
21547039
21697962
22014219
22263613
22301975
22325891
22370161
22466681
22538811
22738597
22756190
22847181
23247886
23378823
23382501
23419267
23915935
24257526
24377938
24411032
24685012
24912633
24934661
25081118
25093344
25131377
25162555
25335807
25692713
25742921
25762525
25828793
25885842
25932383
25988729
26003893
26006907
26152255
26197915
26268966
26410092
26541524
26792881
27228889
27457664
27656405
27692727
27718487
27871959
28075779
28103310
28191843
28226900
28268966
28270463
28395817
28502375
28538687
28675889
28733884
28861550
28867094
28960352
29150407
29155741
29270236
29545697
29911145
29946164
29991507
30085479
30355041
30484940
30519821
30582630
30602143
30650822
30691097
30777424
30782274
30955544
31029590
31041203
31052558
31059288
31143935
31152352
31367389
31413869
31462706
31468240
31543148
31553607
31717729
31782792
31945703
32091664
32153842
32245856
32280425
32286559
32311772
32346246
32506950
32704362
32747314
32786875
33068674
33079009
33130384
33403662
33405628
33836479
33891018
34165626
34178018
34290883
34462822
34542568
34587074
34713223
34929237
34971308
35040254
35123570
35140109
35201722
35265416
35269855
35290629
35312851
35565703
35578082
35594331
35780449
35913764
36092890
36149800
36182110
36287719
36559808
36598827
36750209
36791902
37074926
37121390
37222555
37310603
37443878
37583930
37635766
37657021
37976568
38031775
38613194
38730662
38735905
38777675
39037271
39193403
39196674
39241755
39353133
39380666
39455512
39546141
39590265
39611680
39816659
39859249
39940810
39952243
39996693
40097525
40229692
40239820
40276527
40356789
40392775
40424136
40493686
40589814
40842758
40871399
41012697
41275691
41555052
41632196
41650234
42042487
42176210
42292078
42365587
42401847
42496247
42521924
42631762
42759404
42790542
42828019
42953834
43099954
43319235
43322792
43390870
43397839
43429919
43576864
43668684
43823287
43824878
43859444
43895205
43895881
43918955
43931563
43946546
43966512
43977481
44111994
44198164
44289084
44380170
44508918
44511259
44532671
44867207
44875067
44900718
44903268
45160622
45485263
45514519
45866954
46126478
46184244
46378199
46523209
46531045
46674622
46783737
46807100
47024188
47145718
47161001
47315339
47331680
47359867
47398240
47505051
47651309
47699161
47780471
47939018
47978694
48030367
48090935
48288473
48322172
48370996
48456666
48481331
48537341
48633737
48711696
48835997
48841663
48902527
48939265
49115306
49228636
49268157
49309623
49463231
49490810
49731033
49782987
50129147
50286487
50364544
50371558
50411264
50624123
50868042
50897187
50915211
50959371
51060265
51065366
51083752
51084962
51488214
51498985
51651442
51828563
51829180
51998725
52022769
52038539
52450471
52458045
52496673
52518226
52562299
52594662
52595661
52621018
52627418
52629736
52800614
52843677
52874082
52891502
53194526
53454662
53514496
53596899
53656984
53679562
53776714
54136092
54339397
54373698
54532137
54559083
54610651
54663902
54781614
54952559
55033481
55143207
55157082
55160873
55418342
55529363
55668550
55765968
55792430
55905158
55978623
56028630
56037961
56169950
56239049
56247342
56251272
56451801
56614536
56676679
56826832
56885768
57439380
57468648
57516153
57534837
57569151
57677075
57820850
58081723
58147614
58193791
58284578
58515715
58541815
58569780
58575285
58598846
58777906
58874200
58998992
59029613
59200205
59205646
59323484
59378624
59514091
59658841
59830362
59906225
60059106
60208458
60248494
60290939
60315433
60465261
60495857
60499459
60505595
60727981
60860476
60863854
60880670
60995665
61165892
61347338
61366626
61444331
61508212
61520321
61605797
61701186
61880484
61903074
61917451
62040778
62169237
62238260
62268951
62314466
62428788
62661217
63066746
63131418
63302517
63466516
63476442
63501149
63504995
63605407
63629482
63648859
63703253
63754328
63943807
64076050
64147850
64202608
64225244
64354542
64382187
64443349
64893072
65037450
65225387
65271210
65393123
65481253
65795436
66023817
66110655
66193700
66344509
66770167
66772561
66951952
66984933
67119385
67149469
67228154
67241750
67399229
67510362
67654287
67746683
67896423
67962425
68277425
68345281
68381556
68518349
68567036
68628511
68631234
68764874
69360953
69382300
69456203
69470628
69481850
69522760
69639466
69673923
69861440
69908976
69933815
69936213
69998484
70046621
70062043
70346943
70458306
70575915
70722442
70843835
71015693
71036626
71041688
71070170
71247081
71319401
71403956
71424872
71497275
71521911
71682795
71695482
71952789
71954643
71999339
72290179
72337173
72403707
72598552
72813587
73053199
73301386
73321327
73323482
73469964
73527137
73579165
73961466
74000782
74087423
74088116
74189382
74219329
74363345
74476706
74586131
74636423
74657421
74814246
74852880
74855482
74967457
75013923
75058204
75187942
75255049
75269092
75300840
75328499
75414348
75640981
75650703
75777843
75852123
76016211
76251201
76312783
76322489
76323033
76393244
76414134
76719238
76748205
76771750
76822784
76986210
76992823
77019050
77299173
77388427
77504176
77565105
77702742
77748338
77781868
77791908
77852354
77879340
78049168
78101374
78271135
78443102
78494202
78569045
78688816
78714597
78734496
78860178
79008076
79017761
79118758
79191205
79243137
79305863
79424598
79437211
79515786
79597220
79652613
79659222
79819300
79861539
79893310
79898399
80124006
80449485
80660454
80807309
80832356
80843451
81168895
81303187
81329609
81407923
81486114
81584776
81709091
81748775
81833829
81863788
81969667
82003918
82047886
82079025
82082392
82360370
82445065
82468000
82520678
82558335
82640452
82678082
82719993
82720670
83036270
83104065
83139003
83190156
83266075
83276175
83396414
83476726
83574709
83595814
83881533
84032607
84091079
84173057
84242743
84331046
84341054
84367044
84427090
84439529
84634778
84698706
84842601
84959036
84971911
85038409
85061388
85072438
85216682
85269706
85270944
85304559
85435852
85523639
85563171
85712145
85717610
85981764
86038783
86145311
86236205
86318346
86433420
86447122
86479021
86502935
86799009
86804288
86819332
86898358
86907097
87343270
87496193
87617340
87943295
88046037
88087278
88190254
88280452
88293909
88522177
88587916
88647407
88761018
88965754
89148577
89168713
89231593
89248373
89257496
89332922
89372263
89458521
89768872
89865508
89975294
90033377
90170420
90198615
90201400
90416931
90826514
90885634
90904573
90932494
90933967
91067524
91144857
91167571
91178738
91286658
91340484
91498739
91696330
91834155
91855973
92019300
92120729
92310946
92340849
92659669
92871478
92995924
93159969
93342132
93443566
93506097
93551137
93597059
93599313
93632599
93765159
93798119
93805464
93831872
93861623
93915983
93948707
94016149
94016309
94126287
94127568
94185519
94414567
94497856
94697806
94862855
95052914
95229313
95251211
95386349
95451372
95610232
95643590
96001472
96030475
96104614
96530433
96650213
96653035
96717794
96719874
96746979
96874079
96932655
96982502
97013966
97247895
97339592
97341763
97430634
97508634
97622500
97646690
97722973
97959002
97981237
98149350
98261327
98354675
98469390
98632882
98875730
98888558
98969514
98988623
99076835
99279752
99331161
99335006
99383604
99493413
99517212
99866594
99869604
99965578
99980302
99994151
100333860
100352136
100370086
100645547
100646727
100674007
100683246
100969350
101382331
101401155
101611474
101643204
101758031
101855515
101871060
101940488
101958438
102003129
102318832
102786704
102975656
103089054
103346941
103354559
103357735
103463937
103515370
103611694
103783424
103828280
103828565
103959933
104250732
104593687
104707568
104751517
104829316
104869155
104877800
104914484
105042636
105087268
105138543
105152515
105169820
105184511
105192218
105289411
105325972
105350256
105559613
105715079
105731462
105814680
105866440
105920326
105932362
106066674
106122552
106203289
106260042
106282258
106335352
106623693
106655022
106677901
106763938
106774169
106939302
106954198
107407374
107514309
107621022
107674181
107806862
108022525
108162696
108308460
108333841
108343641
108400640
108402481
108460397
108471134
108538953
108664315
108718547
108828943
108929554
109020118
109099499
109114832
109552055
109648770
109713517
109760078
109853173
109860549
109879707
109954826
109976949
110108757
110239765
110362898
110416891
110540631
110598436
110683733
110708882
110715640
110815947
110893392
110912239
111006247
111086369
111252443
111270375
111437430
111526946
111584298
111626751
111641841
111713787
111748174
111831195
111839664
111978816
112010454
112076873
112288285
112291694
112329197
112370913
112432728
112508858
112668797
112677452
112762711
112914491
112986138
113088509
113105674
113558173
113943715
113970556
114028046
114069156
114259786
114562088
114677384
114838896
114901420
114932156
114961499
115022359
115245612
115304656
115321948
115383421
115455077
115472544
115853021
115928260
115942519
115974095
116084116
116169695
116252534
116265077
116269445
116398404
116539612
116586234
116629506
116682645
116724574
116841018
117183121
117539244
117615661
117721965
117724738
117862937
117931363
117941684
118163246
118379417
118387985
118457005
118602585
118639760
118680973
118741933
118853127
118988803
119025807
119080473
119179558
119369960
119414263
119537818
119773660
119887267
120009786
120051018
120165736
120180017
120236317
120254715
120274209
120763678
120881104
121429899
121483844
121807386
121859923
121942724
121996772
121998667
122142288
122191399
122297490
122482635
122560664
122568832
122819818
122822710
123096114
123249207
123302158
123357160
123532616
123640765
123684203
123714618
123883334
123965662
124491685
124527608
124531315
124576471
124652987
124750395
124764938
124837640
125152666
125181622
125217457
125220657
125249636
125258618
125399136
125454459
125558708
125718257
125726386
125745566
125762563
126020441
126356112
126521791
126581174
126587863
126628588
126631521
126680224
126713142
126743204
126784771
126814031
126978920
126988127
127019477
127079436
127235364
127357381
127447604
127457859
127485963
127516966
127632134
127899383
127989268
128174720
128355223
128841027
128877305
128899057
128992294
129074528
129076295
129095758
129327823
129362387
129414930
129435160
129497678
129499650
129499858
129639466
129652401
129904368
130038561
130144769
130381347
130541262
130599085
131113156
131120916
131420697
131652736
131671981
131928910
132008007
132045696
132180656
132192905
132195707
132211656
132243558
132335220
132335620
132385682
132639362
132861612
132901743
133232280
133322073
133467679
133501329
133505198
133570273
133819253
134096495
134279685
134349672
134441421
134556922
134617309
134678281
134731153
134755981
134954159
135125665
135182730
135426331
135704407
135735250
135882280
135998771
136047468
136243419
136297930
136355744
136629644
136645916
136761358
136866366
136881849
136884851
137081093
137132990
137225531
137335509
137481271
137507393
137539463
137592785
137749535
137880481
137962009
137964917
138116109
138272573
138376542
138486788
138612367
138757704
138791143
139052651
139129635
139287777
139554049
139586724
139610524
139789709
139901957
139988261
140000594
140042122
140185491
140237629
140299614
140358384
140445697
140519644
140791021
140932473
140953909
140996663
141046137
141378033
141462552
141469106
141498165
141527345
141650879
141778571
141842879
141847269
141946380
142092564
142103186
142267960
142317570
142371554
142573383
142653862
142673804
142701293
142767051
143019833
143053834
143169596
143298078
143356844
143541679
143595261
143664654
143703151
143743029
143924849
143983253
144431279
144442505
144610810
144783691
144901961
144902269
145120047
145457552
145480312
145521973
145543190
145644308
145703531
145705662
145784995
145813195
146191876
146389922
146785467
146873313
146919666
146988116
147069181
147114019
147272344
147275890
147300351
147313510
147397846
147976748
148118757
148124964
148197806
148289335
148401959
148425475
148518061
148731660
148860465
148921406
148977951
149065495
149101902
149220619
149264256
149426428
149474900
149501126
149817207
149895597
149953649
150135487
150226400
150255393
150307570
150435271
150462261
150536718
150587469
150745733
150884390
150951163
150980715
151061115
151109371
151175432
151219924
151345956
151356577
151403975
151488546
151494386
151527536
151573250
151661142
151906982
152043580
152110779
152403633
152432600
152472449
153137436
153200887
153631844
153719054
153796209
153811064
154002540
154047277
154207456
154233490
154287974
154389983
154394442
154403902
154412947
154474127
154486364
154676680
154705592
154719408
154889826
154898542
155016406
155033937
155199568
155210966
156019164
156259567
156316159
156329090
156334409
156376210
156392117
156453796
156471559
156542480
156696401
156744322
156865504
156891406
156982408
156994710
157005340
157017098
157021643
157200031
157257579
157332519
157377685
157482849
157504836
157578421
157810914
157953121
158028447
158110993
158196393
158206242
158309425
158549754
158555879
158679614
158728907
158922410
158991487
159109822
159280407
159419768
159596779
159761127
159942758
159983134
160061031
160368368
160405427
160483285
160564377
160635808
160748617
160876062
161064247
161069497
161121287
161140293
161258388
161259291
161299619
161321207
161414801
161694736
161698985
161921465
161937331
161950189
162165042
162245009
162282275
162746755
162806425
162926447
162945071
162990926
163015365
163052262
163197157
163219879
163243585
163355305
163400086
163622384
163674898
163780405
164024484
164042683
164114784
164166614
164170362
164179337
164179942
164249256
164433632
164486495
164852631
164887571
164915418
164925189
164929599
164979055
165091962
165383146
165460382
165493179
165612328
165615883
165775032
165875950
166280795
166494085
166686946
166689361
166717788
166766573
166838769
166863293
166920857
166924790
166925166
167088693
167321030
167408669
167494532
167647078
167658860
167693678
167925197
167982689
168020493
168273069
168446082
168557872
168586029
168660670
168669837
168675829
168957074
168959903
169037358
169139399
169152189
169212283
169298251
169307267
169310431
169443570
169661991
170173583
170341497
170439687
170594954
170625302
170758995
170800181
170846468
170871174
170984576
171027573
171051482
171273745
171322515
171848634
171971335
172139978
172165897
172419052
172578906
172697777
172733116
172782684
172848651
172897810
173161060
173218177
173368109
173432633
173519431
173585454
173694554
173728563
173774277
173804225
173981095
174033120
174062283
174583549
174634536
174667946
174719829
174782030
174958146
175225727
175448343
175449769
175613534
175645531
175680375
175709789
175880856
175962382
176052423
176279356
176356176
176420478
176555707
176570821
176701709
176719958
176792035
176901400
176931651
177300729
177335160
177555327
177558202
177668321
177721206
178003495
178240711
178265367
178314264
178407102
178436495
178492922
178538022
178567232
178614294
178635958
178930094
178961615
179281236
179400872
179476051
179585464
179630248
179681565
179771282
179844855
179891395
179894490
179995850
180085821
180092249
180095869
180104773
180109732
180110750
180320631
180452270
180493093
180511322
180647890
180658775
180681153
180790624
180946679
180972455
180989179
181169509
181214431
181234696
181335253
181415580
181580357
181917169
181938324
181983425
181987674
182077211
182390811
182399775
182463747
182472663
182573057
182608734
182956744
183236800
183505047
183539362
183541462
183604974
183729387
183736637
183767387
183976825
183982039
184115732
184206689
184229281
184355900
184494662
184521193
184834821
184890715
185189136
185251490
185350201
185488271
185499529
185539683
185661755
185666478
185703721
185749856
185772104
186238426
186343871
186463661
186503467
186719369
186824040
186900566
186905175
186932091
186955048
187012712
187084071
187314596
187509132
187659977
187798265
187912837
187935547
188001753
188104745
188108946
188211072
188242054
188290020
188528845
188697754
188725891
188867436
188868944
188874877
188894817
188919100
189117972
189127579
189247252
189366924
189377457
189394197
189493718
189861092
189907273
189931240
190035990
190426201
190561834
190774900
190913704
190986043
191071019
191335187
191368815
191431366
191440100
191446662
191471043
191551439
191565113
191587710
191699413
191844665
191872971
192252672
192516452
192608433
192786256
193015095
193041993
193191814
193316134
193381822
193413460
193478511
193564178
193663305
193870702
193980650
193980884
194042692
194086798
194367851
194470108
194524805
194530058
194533749
194617473
194746476
194750355
194800825
195034513
195040945
195187582
195242422
195313265
195420035
195463491
195569547
195623342
195646525
195771169
195892307
196105976
196127758
196241797
196274255
196309661
196576889
196663359
196700508
196772479
197316361
197330158
197334774
197351473
197420950
197626340
197724742
197866397
198051870
198291328
198370909
198423832
198502247
198708622
198805921
198878036
199091402
199194752
199219142
199261681
199326070
199353577
199625792
199668867
199763333
199839940
200074377
200114438
200156698
200225874
200403796
200918722
200975478
201072668
201106242
201249211
201258102
201289587
201357529
201417682
201492933
201670439
201813767
201855267
201924574
201961243
202025029
202225579
202257602
202278943
202305650
202342357
202364927
202390500
202551593
202625065
202628557
202797429
203030372
203087198
203147225
203170120
203215682
203320286
203413002
203445523
203662043
203744520
203756720
203823618
203897778
203964148
204009789
204035480
204089100
204195342
204252908
204323148
204437915
204516532
204913622
204980614
204982964
204991351
205156649
205212798
205307003
205344272
205349786
205481522
205497347
205533430
205567643
205647221
205924730
205933756
206044847
206303861
206306633
206408446
206427383
206607528
206729507
207027277
207129887
207147624
207190572
207385713
207423489
207499982
207596567
207637509
207670898
207700117
207739402
207879924
207919626
208021913
208034632
208075650
208163354
208205096
208443389
208445402
208506958
208577898
208707621
208796077
209004036
209063239
209072482
209232972
209531352
209646844
209935558
210208884
210211436
210224099
210257274
210521908
210561583
210569348
210569559
210786305
210920722
211020289
211030321
211136194
211160769
211400509
211407192
211417626
211460525
211641834
211947613
212055651
212269396
212271612
212289967
212372409
212442188
212446258
212748595
212961577
213134620
213141730
213258895
213350008
213654616
213828086
213852680
213952055
213981535
214032549
214115777
214282287
214302960
214475468
214483882
214495892
214737234
214803713
214838987
215226692
215276429
215410334
215443720
215491438
215501435
215503637
215518000
215580716
216067860
216116919
216222437
216226774
216278485
216504137
216611007
216835169
216851551
216981878
217006681
217164579
217230765
217480365
217571601
217602932
217657578
217668162
217762066
217799452
217969025
218040461
218094745
218136256
218263144
218277173
218561763
218818631
218961782
219154112
219161771
219215156
219322863
219329702
219740794
219779215
219785241
219820472
220018378
220062596
220168699
220193079
220202151
220628552
220748219
220752845
220793519
220829771
221042248
221117833
221152913
221261535
221498988
221562222
221697815
221729371
222080969
222122665
222307626
222332066
222424370
222656390
222660505
222710800
222797514
222820511
222912075
222955652
222964281
223078038
223657336
223689752
223738489
224000548
224001228
224106511
224114782
224236358
224260814
224314512
224346363
224372817
224674112
224696076
224943604
224956456
224998047
225013671
225061769
225407438
225500352
225587545
225951733
226093903
226128539
226144755
226364161
226482401
226497012
226642385
226648147
226688303
226704579
226756302
226831401
226904865
226996764
227082294
227090647
227326795
227349908
227435384
227505158
227519491
227583378
227655422
227680349
227686382
227938982
228022575
228123659
228174122
228368391
228385485
228468534
228585566
228600827
228764472
228850849
229080369
229167834
229205623
229454055
229473532
229485616
229494983
229559690
229580708
229631744
229637921
229706940
229707253
229814435
229876127
229904641
229934575
229939114
229943606
229991867
230115138
230274704
230293667
230295610
230403143
230491183
230687738
230767161
230955295
231231397
231231590
231322333
231415509
231571098
231579081
231800237
231821958
231919865
231931971
231962012
232128171
232134152
232677041
232700710
232826027
232851522
232925857
233196530
233198952
233322280
233335074
233605932
233699532
234144812
234432902
234438191
234603065
234619029
234637516
234795307
234845909
234861222
234906274
234918357
234928025
234936928
235056768
235142356
235286830
235617349
235655358
235842120
236057834
236141180
236243168
236249773
236585677
236732320
236798954
237004824
237096035
237213678
237363934
237371705
237394567
237420848
237510668
237642550
237802204
237867632
237887728
238224093
238366979
238373947
238408013
238417306
238468152
238474468
238571752
238648142
238783326
238931207
239025586
239164687
239311442
239435253
239467695
239744905
240166447
240167218
240360265
240379292
240554854
240707389
240766094
240857851
240870176
240877966
240879355
241109719
241161880
241257660
241273306
241401199
241402769
241512862
241539472
241572977
241630556
241707267
241844504
241858841
241971214
241995683
242009543
242016816
242031330
242085456
242137957
242147193
242294710
242435205
242446469
242530248
242639711
242713303
242803382
243070541
243267124
243436128
243456839
243463774
243539592
243677800
243723864
243790342
243866318
243964501
244010045
244026463
244158395
244189061
244249674
244348819
244376805
244692613
244706006
244731725
244773147
245051483
245133651
245152552
245417521
245768397
245790351
245892588
245928559
246111649
246117795
246137134
246145899
246332516
246434321
246461310
246590211
246613425
246637815
246890433
246918136
246980432
247089167
247165308
247283389
247345593
247500122
247585080
247596412
247625082
247669871
247747538
247793914
248034492
248106701
248158106
248165139
248173951
248197667
248296593
248431831
248660048
248665751
249031503
249259411
249270438
249347190
249377469
249448456
249493043
249532132
249602852
249667987
249681933
249966785
250017050
250020734
250245327
250317745
250432023
250696538
250746407
250949890
251023140
251038281
251060544
251189952
251283878
251542895
251831318
251948451
251948854
252059704
252073465
252156141
252191491
252291230
252295394
252424715
252528572
252596676
252645863
252670862
252691981
252741462
252784183
252836885
253185154
253193916
253467665
253643687
253787488
253792556
253799720
253917196
253980652
254088540
254180661
254239393
254260336
254269554
254370001
254378832
254386291
254445149
254503708
254616902
254720385
254730879
254865382
254951476
254955616
255174597
255209580
255263487
255424674
255699706
255782798
255852747
255895345
255980379
256036796
256080700
256387901
256398621
256403321
256540372
256547354
256607059
256682615
256831882
256953232
257160723
257336580
257554773
257698606
257824923
257932045
258098557
258218914
258614502
258622318
258703320
258833525
258858080
259248963
259470633
259476966
259917066
260177213
260236334
260317129
260345488
260389047
260414563
260560866
260600397
260657035
260745973
260757511
260802035
260807390
260957938
261101161
261233309
261535818
261606550
261673720
261923163
261941450
262147741
262261198
262610603
262613515
262626648
262734595
262872283
262877018
262904238
262940675
263009559
263031276
263202680
263369706
263674418
263729809
263738070
263752540
264075301
264099018
264151722
264241431
264391159
264442894
264632719
264677610
264748393
264785329
264900849
265111971
265259953
265284458
265442499
265551540
265562579
265571137
265733874
265802329
265846328
265859249
266119670
266147576
266373470
266380138
266430940
266465467
266509692
266633492
266735326
266735620
266961896
267036616
267102112
267294174
267406970
267481111
267659823
267664669
267773378
267876349
268161231
268185034
268202778
268303732
268415761
268594881
268693717
268760479
268775132
268804178
268926565
269000116
269046793
269107858
269201554
269337992
269358778
269370436
269485949
269597941
269678882
269762200
269776378
270004359
270052655
270173361
270199694
270340562
270443853
270446134
270509992
270559029
270646620
270661203
270663245
270694185
270708437
270888903
270989977
270991777
271084376
271472501
271526297
271570104
271702124
271786304
271854656
271905660
272200987
272214970
272361283
272395070
272406453
272605732
272612337
272706258
272783288
272783513
273174089
273204139
273269194
273376838
273453411
273574649
273653531
273773046
273830471
273935030
274068501
274108563
274197237
274217197
274233727
274453013
274557824
275547249
275572934
275603066
275759744
275912450
275922617
275998819
276106672
276119760
276145902
276169814
276195114
276362423
276494621
276527859
276657049
276730168
276766940
276798740
276807198
276922763
276942684
276969695
277354997
277450374
277488178
277544344
277599128
277801858
277841065
277879849
277973324
278175335
278335122
278368178
278382574
278445813
278598456
278616929
278692251
278727628
278790224
278856486
279482014
279508594
279663681
279827167
279832714
279833576
280083578
280245360
280481017
280521182
280539683
280569537
280587772
280813583
280819301
280917055
281134733
281224725
281474253
281514975
281544901
281546325
281677710
281714188
281718264
281730530
281832390
281872758
281950268
282198394
282215899
282217306
282494563
282750604
282801400
282895134
283017883
283100384
283287514
283306900
283311223
283614708
283621026
283791605
283986777
284303781
284440650
284488493
284537621
284732251
284808136
284920327
285043244
285121998
285231879
285235543
285321945
285503563
285538680
285547997
285548077
285562004
285621101
285973408
286111700
286125325
286131264
286443629
286462525
286466014
286754016
286934791
286937517
287161657
287173847
287265741
287503285
287828636
287850346
287933760
288024080
288028141
288457357
288687855
288850389
289161227
289275957
289432854
289656170
289674509
289736964
289786952
289882501
289906717
290242903
290658594
290782922
290796429
290825226
290864963
290877445
290884885
291022260
291101599
291257109
291404376
291482438
291487299
291499318
291579782
291589748
291649149
292016095
292177667
292365963
292387786
292467158
292490117
292575960
292622939
292644440
292696982
292717579
292805095
292861731
292961035
292983919
293065967
293156656
293373431
293449817
293513353
293645511
293899926
294035380
294119852
294223083
294282495
294303387
294381048
294565959
294638060
294684898
294766554
294820743
294892031
295067726
295198022
295208626
295547142
295636502
295745133
295887627
295901048
295926372
295984131
296191336
296231503
296511435
296524918
296532170
296608530
296650943
296712795
296903722
296924305
296965427
296995206
297052933
297106157
297314630
297678684
297785710
297866483
298016821
298215344
298279869
298343019
298372485
298387936
298410269
298432550
298470988
298817054
298880875
298922504
298973188
299065277
299171358
299234807
299377794
299454954
299530256
299536160
299538656
299630610
299656045
299816084
299925140
299938875
300032494
300045952
300059800
300207133
300235424
300281516
300288384
300438575
300669259
300777481
300924741
301028060
301038276
301174527
301328105
301499151
301538729
301641902
301689276
301713473
301830173
301849453
301999767
302003318
302175313
302218635
302220081
302230733
302354994
302418583
302464747
302486039
302562459
302572548
302583071
302624832
302636766
302660272
302706196
302998225
303038649
303069284
303170633
303250023
303285715
303376726
303383102
303454560
303657349
303683614
303736367
303759805
303821036
303985592
304111237
304129504
304152564
304270979
304367767
304427834
304496945
304617808
304626618
304651441
304896660
304915291
304970240
305093985
305481751
305634047
305684101
305716142
305822424
305840722
305864967
306142162
306142280
306214509
306534814
306632455
306776720
306877755
306889136
306927006
306947960
306963761
307073176
307160478
307222741
307514233
307682594
307703962
307742170
307770201
307794109
307819012
308184100
308271482
308323184
308370461
308663563
308914702
308961994
309073780
309233134
309254304
309341586
309472138
309601838
309781493
309853612
309866641
309990840
310032020
310116247
310121218
310158383
310437638
310541394
310547753
310565446
310585919
310842211
310961982
310964418
311023512
311053864
311080599
311157203
311178943
311321285
311436306
311439407
311594108
311765820
311796450
311942052
312005943
312055472
312132574
312417894
312618842
312700877
312759435
312915318
312937932
313046240
313107384
313134502
313229528
313349301
313366566
313489493
313722488
313784847
314000796
314008214
314049911
314292335
314312906
314518947
314598241
314642393
314678121
314787463
314811937
314865436
314975805
314978707
315073190
315075978
315168670
315193717
315273940
315564820
315609220
315669359
315767155
315822987
315839477
315842678
315997085
316353739
316476217
316483578
316637471
316664621
316676991
316926736
316942170
317011832
317244981
317267244
317293929
317395449
317431339
317606878
317663795
317667093
317764147
317794960
317913938
317935334
317995386
318032764
318072523
318141519
318242803
318403657
318413879
318428475
318738373
318747968
318912466
318926939
319002041
319091303
319119200
319142842
319149960
319202752
319211546
319404031
319627939
319629397
319658779
319875831
319976434
320555905
320739659
320761651
320952250
321017369
321035489
321169725
321225312
321263982
321345792
321442033
321581147
321581997
321640744
321747139
321790426
321815402
321834759
321992151
322254532
322306310
322372274
322466858
322697222
322996977
323023568
323106739
323120855
323324501
323389043
323486334
323762715
323906576
323916629
323920571
324004308
324099043
324208326
324210892
324303397
324467325
324496213
324527582
324577725
324597318
324661900
325018574
325025078
325103903
325105481
325133501
325257108
325322189
325461100
325641715
325709100
325995581
326032258
326037657
326040676
326109769
326465451
326605778
326764171
326784864
326801856
326926769
327080319
327142416
327150344
327265288
327483593
327710150
327810685
327822158
327848243
327937444
327938489
327971010
327971182
327985178
328122993
328210801
328236283
328253043
328301106
328510593
328533454
328787129
329318220
329460180
329531352
329671172
329844665
329942516
330002203
330313725
330414274
330588971
330708471
330795889
330835582
330873317
331181764
331249061
331372151
331565844
331586660
331598221
331644070
331798866
331839520
331847815
332056423
332110689
332122211
332128029
332192008
332252169
332267807
332316154
332364506
332564713
332920290
332954506
333118298
333204152
333314961
333493928
333562130
333586010
333756487
333758400
333905869
333907274
333910352
334056368
334115857
334174581
334195052
334224999
334225042
334278084
334432646
334684930
334695745
334758219
334832919
335095994
335218671
335405963
335631194
335713314
336326607
336410040
336497034
336506813
336570935
336626852
336630006
336722426
336788767
336791042
336821701
336918568
336922377
336937655
336984301
337128362
337164436
337200724
337329668
337485067
337515744
337612751
337811451
337819932
337822075
337865263
337934599
338103518
338117912
338206600
338350665
338827097
338845861
338909590
339075975
339167378
339326331
339578271
339603538
339653963
339693070
339736910
339816552
339976269
339981403
340173086
340182769
340265574
340314882
340688939
340717348
340957340
340967838
341082940
341219707
341254850
341255876
341468727
341484559
341524294
341650098
341711320
341810226
341923848
341986252
342035968
342240219
342245875
342543006
342545695
342592619
342781910
342816031
343090714
343135983
343218718
343238157
343693676
343744709
343876020
343934124
343936189
344069074
344133426
344139864
344187110
344231632
344343264
344386844
344442873
344483653
344564919
344633021
344740957
344957429
345185155
345211455
345282301
345382751
345511626
345717226
345794734
345903923
346039480
346100239
346126897
346170639
346180662
346429469
346442636
346454517
346520375
346846261
346908788
347059274
347188825
347191444
347334397
347375267
347475014
347512134
347536696
347598138
347640469
347743256
347794663
347860012
347980244
348000835
348019192
348035146
348128476
348187941
348277535
348308646
348602472
348711285
348742932
348801219
348873488
348907004
349039984
349070493
349327838
349415511
349911051
350140767
350657632
350759937
350766683
351015835
351099328
351116779
351161627
351245901
351540376
351697156
351922582
351993302
352001413
352028263
352110637
352147277
352281450
352381803
352429805
352473394
352557777
352690313
352880074
352884847
353013734
353112883
353133416
353278232
353349671
353399470
353487496
353538759
353696940
354052805
354128256
354369638
354424116
354443164
354504589
354521415
354544472
354630788
354721524
354771776
354792314
354814689
354964931
355025117
355159686
355548257
355574274
355581213
355633329
355667807
355695396
355756750
355817521
355908378
355975410
355985182
356118217
356121833
356167233
356264616
356336088
356359490
356374576
356509526
356522800
356528225
356629801
356852250
356940129
357039798
357538839
357557084
357773647
357832779
357946063
358033696
358070771
358211427
358517051
358767736
358889681
359164302
359247324
359253241
359257341
359313356
359573967
359616218
359624337
359692713
359694648
359878150
360024530
360073099
360100977
360115907
360159000
360193008
360243255
360342479
360345917
360386293
360422641
360526162
360530586
360610669
360776883
360776887
360840588
360980597
361247749
361336737
361513674
361578923
361654643
361671298
361716513
361736636
361796531
361901238
361934338
362221429
362259890
362262210
362934996
362974351
363035650
363453753
363620544
363840364
363930799
363958934
364173826
364290121
364593587
364605787
364787483
364964101
365162693
365254593
365319010
365328719
365372237
365449608
365526243
365704817
365722710
365871400
366001898
366048734
366114711
366157280
366450971
366823234
366934716
367202974
367245231
367253615
367402636
367519160
367566629
367603899
367935895
367949827
368054543
368161062
368207120
368325059
368577404
368638111
368695904
368852885
369034807
369090381
369099722
369337306
369609647
369662245
369719452
369758857
369853818
369914950
370125817
370289655
370411733
370473031
370474139
370563329
370719028
370762723
370816789
370873659
370927403
371035665
371046951
371148663
371168325
371255949
371470580
371558619
371703158
371704763
371810785
371823252
371884693
371898239
371930401
371973600
372001371
372051559
372120483
372304664
372558932
372639745
372695905
372931063
372956109
373040604
373201864
373291233
373487681
373504613
373533685
373551856
373820168
374013739
374022603
374175517
374299532
374333861
374364101
374692082
374697546
374717680
374755448
374936251
375376252
375403883
375414013
375434214
375473749
375490069
375562510
375763595
375843959
375977684
375986797
376159037
376292312
376876561
376966702
377105238
377344166
377482882
377547521
377608191
377621461
377659666
377664661
377689023
377740922
378027601
378143595
378164512
378280269
378421845
378601318
378711328
378726496
378770367
378912500
378931389
379165271
379227094
379331021
379404702
379505558
379534091
379560270
379799590
379878020
379881074
379964955
380170343
380172312
380274799
380328662
380715274
380744580
380762825
380891290
380945445
380963916
380972317
381097296
381321166
381362866
381431182
381487362
381843801
381851911
381964515
381964634
381997077
382158231
382203194
382656188
382660372
382668360
382837235
382872569
383139321
383140368
383202922
383546944
383707621
383825536
383896621
384010882
384250487
384323745
384514949
384681661
384685094
385096305
385289711
385336313
385492438
385533893
385825700
385849712
385970567
385973512
385999948
386000172
386031432
386059476
386359417
386371149
386450045
386511532
386594532
386615153
386719066
386844287
386980161
387041452
387055251
387313505
387353171
387419523
387426214
387612846
387992774
388050079
388096884
388266100
388293943
388305753
388329524
388411627
388559480
388577793
388592147
388790408
388829725
388896516
389013660
389085182
389162440
389188649
389376996
389785211
389794074
389880896
390008885
390057215
390139344
390167310
390205611
390318511
390340264
390344892
390516711
390952407
391032422
391240210
391606262
391827416
391884064
392014382
392257184
392270138
392361978
392420338
392529365
392585646
392653497
392682500
392687607
392755448
392759249
392761035
392817827
393054142
393118309
393289940
393365767
393370990
393560286
393649378
393651154
393738184
393951610
394118994
394462516
394531219
394837128
394937577
395115173
395534350
395594231
395717732
395900606
396087054
396111619
396134224
396192972
396406963
396417698
396436840
396506667
396572994
396623854
396632537
396742309
396813807
396927127
396939650
396948034
397136515
397306652
397327656
397365061
397424278
397465755
397494242
397521446
397775077
397823332
397927282
398076345
398162566
398224828
398358066
398405519
398983498
398995690
399139359
399180959
399294464
399369001
399780372
399815021
399816878
400112423
400184422
400406151
400448403
400638657
400667516
400820258
400901055
400917190
401085160
401093550
401353027
401419553
401574987
401578208
401704018
401765484
401993419
402464458
402707716
402809817
402872164
403026449
403156010
403227056
403545373
403668946
403735697
403781247
404078972
404215712
404244847
404606698
404639060
404651963
404701614
404764691
405157420
405299435
405390025
405478516
405604328
405618351
405755932
405905817
406094078
406131983
406383274
406770236
406863437
407046932
407151258
407157291
407170379
407185304
407586297
407588434
407647677
407888586
408123778
408297785
408323010
408417893
408433074
408493572
408501637
408515568
408543030
408579400
408626995
408664942
408693427
408798784
408874155
408881394
409145519
409154704
409168145
409358479
409367102
409518876
409528905
409658707
409811730
409864161
409956862
410108508
410192448
410270971
410575514
410609867
410612419
410689243
410778610
410826848
410865415
410878015
410931622
410957570
411033553
411037315
411083234
411122506
411172373
411198918
411224434
411351869
411507990
411655659
411798795
411865505
411874506
411924020
411975887
411988773
411994840
412012635
412091581
412099401
412131901
412134070
412475880
412569315
412626466
412748975
412760842
412820871
412821430
412877001
412923049
413023891
413142900
413248372
413351429
413464036
413590957
413616725
414035886
414215777
414225372
414326257
414467584
414632186
414676501
414691205
414867815
414917581
414932452
414995079
415035806
415092426
415464598
415497286
415533475
415571877
415667924
415845396
415925541
415946729
415988151
416062547
416136707
416152961
416406261
416660566
416689914
416996468
417223416
417278368
417330120
417331150
417543140
417583576
417607522
417635195
417849688
418186902
418256591
418299889
418538363
418570683
418668239
418751397
418753054
418757547
418771478
418828142
418833111
419035824
419097738
419111123
419133481
419277891
419399010
419438815
419709126
420070857
420776909
420778058
420808089
420810110
420825705
420924875
420943068
420981729
421004316
421159815
421209171
421352786
421367822
421426948
421436191
421479975
421528534
421596392
421675694
421799861
422117543
422164833
422296373
422385049
422419175
422550992
422626130
422680616
422747876
422750960
422789183
423256728
423343336
423380708
423402600
423515419
423516268
423593560
423595651
423648203
423772220
423778052
423801716
424029137
424325958
424403658
424422801
424429637
424460668
424477157
424622590
424664791
424769839
424838439
425192415
425471367
425583024
425659388
425945467
426019355
426045761
426118764
426146099
426270255
426335934
426574512
426632531
426775640
426796735
426845407
426968639
426980700
427134531
427231520
427472463
427774158
427792107
427792221
427977188
428090169
428160747
428245386
428322344
428389850
428477415
428662399
428664230
428769395
428771989
428779305
428784135
428833295
428868905
428985546
429066513
429457120
429589096
429918771
430325309
430444575
430499849
430560771
430589888
430722646
430737314
430765306
430845635
430938204
430950755
431179505
431381930
431399827
431422676
431458950
431488038
431527408
431556168
431694734
431800327
431891078
432029453
432034897
432054918
432059723
432083266
432133797
432242205
432605918
432648652
432868877
432931872
432972666
433144257
433293962
433302408
433406467
433609474
433644502
433680661
433706452
433889168
433962251
433988822
434047006
434436032
434578789
434580342
434685834
434802366
435109277
435145352
435168032
435184081
435312734
435364600
435596937
435612847
435729312
435799090
435865496
436054145
436419068
436458919
436476015
436485008
436582122
436607370
436912795
436959352
436980712
436985229
436989905
437194342
437406538
437508709
437978955
437990723
438056009
438180685
438226438
438305366
438398061
438502280
438571255
438574027
438645771
438703584
438719797
438906448
438986564
439032011
439101499
439290675
439553218
439623178
439710753
440089022
440238850
440266922
440295393
440313027
440444690
440665178
440715820
440747141
440846100
440940976
441012462
441265973
441325065
441545003
441646055
441798743
441903989
441938603
442104237
442202744
442240716
442275254
442363277
442390556
442403068
442411437
442501110
442549437
442582101
442624704
442679372
442928541
442939266
443135557
443244235
443258204
443359151
443646512
443764261
443799443
444168553
444340497
444380222
444396127
444411527
444476704
444533467
444898615
445233903
445309889
445352871
445423761
445589123
445601203
445649310
445654857
445689330
445769405
445841165
445951073
446040099
446275986
446340338
446340372
446591106
447001433
447142737
447233653
447339189
447364258
447432999
447493482
447494381
447526323
447568681
447613121
447679381
447680356
447702375
447739056
447903318
447903759
447987014
448079930
448221991
448470435
448973206
449090695
449167670
449267263
449278343
449482574
449563541
449737969
449804417
449862217
449897541
450210523
450318183
450638085
450640731
450863067
451014610
451162333
451240166
451444103
451462683
451570839
451597882
451609788
451624356
451813703
451824849
451933493
452045791
452170962
452427656
452511334
452609149
452612369
452689994
453021123
453027391
453041689
453081312
453297223
453458019
453486059
453496117
453513245
453552976
453583145
453592878
453708983
453872832
453877739
453970761
454009215
454040234
454048990
454210519
454375255
454519007
454704828
454796249
454914890
454976976
454983413
454987673
455003513
455436691
455591164
455699058
455772030
455776819
455814156
455922043
456040833
456064601
456354724
456373912
456433124
456650385
456721123
456805854
456858346
456977899
457188975
457313663
457524028
457534315
457583843
457696395
457808570
458010220
458091777
458153555
458205486
458336892
458458936
458663010
459181959
459213901
459220825
459325316
459376917
459455771
459599898
459820763
459837872
459995492
460100856
460121225
460247138
460261103
460316718
460354448
460378872
460386337
460392958
460469542
460558261
460588867
460650430
460724753
460879597
460888530
460903427
460969096
460969624
460982620
461116704
461272622
461284773
461391509
461393401
461406883
461515505
461563175
461639942
461837245
461860407
461882654
461944146
461971813
462137167
462231075
462287220
462402825
462520258
462644350
462703813
462762641
462820763
462823580
462958161
462970214
463046565
463060260
463256995
463315884
463441346
463566882
463685266
463750092
463836338
463954058
464240463
464271578
464344191
464534645
464642300
464724654
464742027
465168886
465290983
465648763
465984609
466149039
466195952
466222417
466345904
466419955
466486385
466668153
466786004
466848620
466889291
466922601
466991649
467013515
467215566
467262809
467328224
467525087
467562091
467609774
467828948
467981493
468237656
468359251
468382072
468498203
468523305
468580984
468628470
468640271
468682580
468887616
468934313
468943842
468969257
469029488
469096210
469129935
469245969
469332423
469367379
469502284
469650920
469897163
469904629
470149310
470240412
470297524
470496248
470653944
470666422
470726943
470745526
470808154
470826774
470848968
470854109
470886648
470946641
471054959
471151555
471195757
471279884
471362202
471380463
471435634
471445819
471506301
471539928
471576125
471616183
471745425
471836377
471965275
472020779
472118208
472201741
472238767
472245180
472484354
472566014
472673273
472799673
472802166
472827657
472876280
472953076
473017248
473018007
473039741
473136421
473420937
473462277
473582733
473595365
473673477
473834751
473940019
474157074
474162398
474201895
474245963
474286208
474473682
474482420
474504204
474577282
474586439
474977843
475024388
475037891
475112508
475133395
475143859
475166871
475191755
475210736
475259416
475462784
475469842
475473081
475556078
475632107
475728468
475753777
475757768
475766528
475774446
475833873
476017673
476087470
476288483
476343285
476622992
476687795
476705494
476754843
476872494
476930088
477039211
477066432
477100862
477159829
477189182
477287732
477371596
477428121
477944536
477949357
478003327
478027931
478057329
478095817
478205711
478207129
478244486
478277247
478277987
478304846
478321642
478500913
478523672
478574044
478646331
478665552
478723263
478832706
478842089
478864672
478964340
478988988
478999746
479067607
479199688
479277934
479800774
479959881
480058788
480105568
480284774
480358321
480427662
480466338
480838701
481157337
481211068
481217927
481252449
481460805
481465791
481705375
482026536
482259440
482324854
482376690
482473146
482677350
483140113
483179864
483248323
483268518
483287854
483415604
483514063
483608062
483627371
483685446
483723827
483754517
483783385
483785066
483844479
483988209
484010013
484015104
484057977
484166825
484194050
484352445
484505645
484519969
484580564
484597065
484756058
485003441
485085588
485196226
485400443
485432261
485584892
485621839
485635524
486204336
486604214
486737560
486841567
486889472
486981493
487017561
487071541
487127171
487201443
487267606
487315822
487717087
487767930
487991170
488113644
488132506
488145703
488174090
488188047
488288831
488291251
488332816
488358375
488406185
488444266
488555930
488566850
488617371
488685423
488691903
488762463
488871315
488915972
489088483
489130293
489155177
489377449
489382801
489418615
489463936
489498614
489588192
489668434
489701017
489730798
489743650
489752451
489791830
489985378
490088357
490230352
490230536
490410716
490461166
490471406
490857879
491218248
491224273
491283848
491337966
491414711
491809392
492072828
492096783
492144871
492289084
492308186
492415905
492948428
493193968
493267858
493292053
493517418
493599078
493610102
493619239
493635475
493851226
493902809
493961520
493961768
494020589
494060584
494195375
494229396
494264463
494274405
494345666
494385169
494464960
494494704
494550968
494680163
494748182
494799062
494877041
494920903
494934016
495035873
495044235
495156021
495183578
495189759
495262010
495414887
495486907
495522168
495711572
495831041
495951794
496000756
496123142
496166858
496297051
496547763
496554576
496702283
496708712
496734787
496874692
496880874
496961102
496999230
497083945
497112737
497119031
497159652
497272129
497283751
497315473
497390378
497397299
497401223
497561726
497607962
497656303
497887661
497976828
498027416
498028458
498066681
498150050
498303364
498836662
498981260
498990695
499274167
499505628
499538485
499860395
499918199
500020550
500107173
500334127
500350896
500429755
500483100
500773193
500801881
500846631
500853026
500869150
500912948
500974092
501003926
501164667
501247497
501266089
501392758
501450633
501558025
501806965
501860846
501868266
501929749
502079835
502095068
502322639
502339005
502425314
502942007
503087850
503194679
503576244
503639908
503728035
503812717
503818296
503875942
503962883
504067887
504095150
504169104
504385994
504395601
504462784
504493468
504549022
504782323
504790514
505002046
505289646
505444358
505454451
505461914
505535713
505562354
505608412
505634805
505640657
505738122
505803486
505874068
505893823
505946692
506172348
506181190
506206334
506337292
506374852
506582111
506671204
506726708
506844019
506911643
507012135
507016256
507026949
507127792
507251598
507561612
507587471
508035990
508064107
508104520
508126914
508170886
508180591
508494807
508558795
508584736
508592898
508623282
508686839
508879041
508882784
508901012
508964856
509057263
509060007
509118517
509249132
509373247
509472466
510102018
510175891
510206894
510208137
510551982
510756403
510847617
511003377
511032436
511067039
511181067
511257961
511273694
511310871
511310986
511412763
511561046
511775884
511807365
512086968
512555104
512563248
512748496
512826332
512973931
513089710
513228465
513249277
513478891
513530019
513671305
513746565
513809019
513962896
514262077
514370708
514601464
514671875
514747377
515057080
515081417
515196781
515277732
515680973
515721947
515788974
515813695
516017296
516136389
516172062
516331597
516450355
516512490
516844770
517081062
517115682
517213553
517631963
517739245
517786413
518050267
518234943
518242699
518251633
518593661
518662020
518706864
518769919
518801021
518809479
518836677
518914196
518926093
519026213
519218048
519345380
519351929
519391508
519424308
519627504
519780157
519817666
519821626
519989609
520027766
520172226
520440371
520648891
520808128
520875747
520880940
520883781
521270466
521285287
521351310
521606781
521639213
521642150
522073180
522109283
522122510
522126329
522162908
522208496
522326074
522367728
522449254
522645928
522764572
522902975
522909989
523241098
523327463
523418071
523492829
523558737
523744317
523822660
523848283
524027206
524399439
524454523
524469796
524526587
524531635
524621996
524794095
524895136
525061470
525104422
525279322
525427362
525591578
525716879
526256746
526260858
526363430
526628876
526642615
526727414
526751400
526759769
526772160
526941091
526977077
527042183
527108732
527174573
527462877
527479973
527616278
527670686
527719984
527767371
527870569
527873325
527907588
528006196
528422882
528731991
528779724
528818540
528840355
528853949
528919635
529121468
529141300
529182539
529213807
529273474
529358537
529479308
529590552
529786954
529790721
529836300
529875583
530021159
530056149
530128506
530242491
530447789
530486163
530545523
530658372
531033172
531189141
531228677
531263545
531270946
531305291
531314898
531330074
531334969
531368731
531675645
531781042
532002174
532184140
532446955
532592483
532694258
532694777
532763281
532844645
532915322
533097355
533168711
533223845
533335942
533386172
533452030
533529428
533685898
533812558
533852896
533868373
533889625
534078498
534200173
534412717
534538167
534728457
534948882
534959060
535160365
535185435
535196434
535342159
535403042
535416564
535572844
535680216
535768369
536012446
536034017
536103532
536129657
536164462
536204187
536364102
536368076
536392757
536395533
536549200
536590722
536739943
536787567
536885317
536918264
536962052
536975132
537129771
537181945
537189224
537279662
537304418
537597209
537652796
537794499
537946664
538015983
538250891
538265218
538365149
538424049
538506975
538611868
538644067
538756807
538802900
539205377
539217975
539336476
539360817
539393174
539404088
539637332
539707114
539783732
539878935
539983290
540265214
540526339
540539296
540547570
540636621
540690559
540856562
540926984
541080323
541116104
541151294
541552017
541722013
541737236
541880586
542043075
542143972
542156613
542177569
542204384
542312485
542325529
542367802
542503322
542592135
542733762
542818040
542857410
542955497
543048138
543078789
543087675
543259254
543377479
543633349
543740203
543754359
543944943
544087164
544196736
544505895
544534033
544579620
544718990
544735546
544827969
544963126
544983677
545083298
545141255
545199155
545211999
545212334
545216793
545399017
545425908
545460019
545486511
545604845
545626969
545631805
545711320
545867201
545886006
545991503
546212470
546332173
546499520
546938652
546954561
547260912
547441862
547447708
547799130
547836960
547893034
548326156
548330310
548401214
548429343
548435847
548569999
548591348
548595638
548633124
548803748
548838852
548914799
549024149
549073219
549191524
549315944
549486537
549597629
549648415
549857806
550015554
550081912
550116682
550222264
550723754
550838886
550855759
551016957
551161005
551306071
551359075
551472081
551552056
551574440
551751813
551835258
552009209
552043648
552095752
552267631
552352286
552502274
552608068
552665118
552672450
552777355
552814712
552839495
552846367
552949281
552962165
553098059
553202988
553204202
553355575
553693749
553696380
553741100
553930465
553972240
554008606
554060578
554315698
554346460
554439067
554525998
554658848
555136774
555228528
555235418
555386750
555390031
555632276
555665422
555668726
555690903
555809258
555813794
555832578
555903377
555955265
555998964
556038666
556120406
556217862
556233141
556312442
556313185
556317587
556321086
556425436
556558396
556558696
556657216
556747795
556749621
557141958
557149403
557182590
557251927
557260366
557268839
557370742
557450953
557465227
557487032
557573041
557681228
557764845
557865039
557871941
557971039
558031311
558063634
558096349
558249058
558421831
558549095
558666550
558993272
559059296
559368689
559381380
559408903
559446668
559472902
559647548
559737160
559767728
559797701
559809904
560045477
560145869
560298955
560629648
560791398
560805494
561000596
561118885
561125408
561160521
561378965
561431534
561693237
561760415
561775743
561905434
562048365
562207718
562236103
562386439
562759618
562774692
562800020
562894631
562903503
563111679
563127814
563143390
563356919
563364285
563366622
563452232
563704598
563867241
563948275
563998577
564300248
564310118
564359266
564785574
564825269
564879517
565009243
565077848
565084042
565185392
565202325
565208680
565232605
565506042
565641732
565668383
565801337
565812489
565889750
566073553
566118493
566213719
566246232
566299435
566309755
566348614
566381481
566492639
566503859
566540785
566772017
566805093
566986515
567061696
567079804
567119920
567140917
567373830
567820928
567914730
568309859
568310183
568540828
568592614
568637116
568723338
568772263
568851732
569066832
569091941
569218529
569442834
569464496
569493073
569547148
569572386
569865629
569973745
570001990
570116321
570158521
570201436
570221608
570653577
570658304
571186518
571241785
571281910
571625171
571655422
571665273
571781100
572074370
572105621
572271048
572372276
572660727
572742567
572758127
572795201
572859608
573047798
573163083
573341753
573425744
573476281
573507150
573977557
574127644
574234701
574266656
574285941
574288467
574308463
574479328
574498940
574609644
574612054
574673722
574827784
574898381
575074747
575097091
575283771
575370563
575685672
576055238
576063820
576080983
576153110
576324678
576615376
576783769
577160046
577187241
577445933
577475288
577627815
577808754
578198978
578364763
578482645
578617016
578642783
578887108
578964453
578974434
578974750
579018057
579226208
579303531
579361627
579525531
579583646
579644471
579740423
579822453
579844211
579853218
579881088
579983320
580187241
580276093
580465370
580487551
580553222
580562554
580657443
581122321
581164451
581205768
581518842
581692205
581766261
581806146
581825507
581889714
581895744
581903075
582103360
582322306
582420540
582509110
582537840
582549259
582577131
582671590
582763386
582920775
583153275
583483205
583502371
583545457
583586535
583654011
583714880
583985908
584022797
584035618
584082725
584196456
584239256
584256167
584277004
584536045
584587429
584753312
584755183
584792007
584847077
584907816
584925227
585098377
585164369
585282467
585292931
585463557
585674776
585692182
585808185
585821955
586320953
586447802
586511520
586615235
586689082
586692584
586729045
586914614
587041255
587061248
587323651
587813418
587912453
587959609
588314064
588333242
588406248
588495406
588521577
588677347
588779856
588786443
588944367
588961474
589041050
589147397
589452119
589543451
589594890
589695109
589785354
589791761
589824845
589826781
589873677
589973750
590017529
590203525
590283135
590297110
590441265
590678043
590701673
590973722
591181481
591194253
591290695
591441574
591444201
591445065
591450168
591462470
591492174
591505110
591645365
591681412
591829837
591903614
591970528
592065523
592080437
592459325
592870403
592909371
592931721
593199707
593375729
593447071
593503464
593579675
593592589
593604352
593657785
593948201
594019774
594221355
594499559
594505804
594561903
594730303
594769246
595037570
595181217
595188015
595312615
595343577
595448505
595753439
595782661
595790461
595793906
595899693
595958206
596068617
596075578
596436521
596470622
596484833
596683437
596719845
596917157
596927453
596986828
597030572
597122426
597218448
597340188
597451552
597545563
597549803
597700191
597794784
597827418
597827860
597990741
598031558
598156366
598316098
598421813
598425667
598466135
598629362
598642000
598739570
598750430
598919722
598978282
599063047
599166179
599257470
599364929
599540125
599679050
600124572
600194517
600290746
600326660
600380634
600434017
600503254
600510802
600835953
600965824
601003781
601035155
601074371
601199932
601490088
601505945
601661459
601668170
601725165
601736704
601823914
602028101
602450801
602509304
602712626
602863813
602919978
602978074
603103651
603394701
603429983
603452890
603506383
603527613
603628803
603634754
603692193
603765309
603780984
603872150
604036220
604087626
604136826
604180516
604319373
604322962
604372667
604500012
604545218
604652019
604684520
605092780
605430477
605481578
605595187
605646975
605872780
605909041
606011040
606028176
606155390
606180102
606195951
606630486
606631415
606903488
607102412
607136375
607272468
607282895
607293881
607324309
607495377
607669228
607765095
607841873
607900677
607977822
608010468
608349791
608507896
608565006
608580529
608942377
608975389
608998231
609129956
609279173
609341146
609395049
609445306
609511578
609515837
609602410
609657907
609893328
610084113
610100806
610111786
610392377
610414295
610475112
610548579
610567027
610618332
610648369
610656982
610741890
610772232
610869537
610912166
611070355
611156883
611240418
611253354
611263089
611340592
611468838
611485628
611556868
611663690
611823642
611827863
611841651
611865504
612227954
612230433
612334453
612409261
612515700
612721477
612748337
612914465
613128824
613215291
613549373
613621785
613654821
613723469
613791466
613798845
613919570
613949347
614021280
614077017
614464160
614471248
614502688
614610303
614739869
614948374
615038820
615237487
615445575
615459115
615725742
615736477
615763276
616154882
616165210
616369348
616390584
616413985
616422795
616583860
616626476
616701024
616756940
616984236
617063642
617072759
617185792
617436085
617456415
617469230
617647308
617693067
617926771
617960740
618418655
618730309
618736680
618917385
618919654
619161737
619284648
619313731
619376772
619510324
619570333
619684874
619691236
619903283
619934548
620052936
620154617
620157804
620394110
620409882
620524138
620571374
620642074
620754708
620893435
621047261
621098733
621133160
621208375
621269007
621380988
621382362
621534396
621600736
621632382
621851603
621899413
621905683
622022240
622044884
622057818
622085761
622201569
622357193
622429638
622527441
622560657
622577422
622594430
622698308
622800650
622867127
623001178
623007768
623145063
623148849
623210611
623602450
623902325
624084758
624137818
624231591
624350704
624569996
624725684
624809952
624821790
625014031
625122697
625322174
625374301
625558525
625594469
625622433
625791324
625897979
626141213
626149639
626192572
626259198
626294658
626565856
626594257
626674109
626759186
626890781
626975359
627068013
627189623
627244720
627272245
627430572
627464745
627544458
627611301
627611375
627841660
627868278
627997701
628038744
628335444
628390177
628570812
628610950
628651623
629074934
629144786
629399126
629461676
629533050
629765940
629799152
629981861
630034768
630035565
630123707
630295202
630388853
630396259
630461333
630514398
630795385
631497114
631502000
631519369
631530627
631559594
631617650
631908645
632240706
632446355
632455294
632603091
632679792
632764437
633120872
633308562
634047857
634217562
634716386
634758898
634967587
634969766
634989826
635113394
635198847
635390739
635391734
635494574
635521354
635566854
635768509
635863431
635870343
635902772
635931962
635942022
635950089
636104862
636400457
636497320
636771491
636804693
636993853
637012465
637034453
637408927
637765160
637875788
637891963
637898521
638057830
638112857
638168429
638207933
638214917
638274251
638329512
638726271
638796069
638983099
639083226
639110921
639193935
639540679
639567110
639583891
639630908
640042175
640045814
640139786
640266022
640312082
640557481
640630528
640746144
640806598
640983644
641074227
641131958
641208296
641262925
641288637
641503289
641549457
641665157
641695034
641723487
641848802
641904129
641938105
641946144
641947418
641994202
642017141
642063186
642211989
643109154
643157147
643171663
643252261
643302167
643368892
643613955
643633110
643726979
643778474
644000449
644040387
644115665
644530782
644591237
644610225
644706770
644757476
645191406
645396683
645413017
645509596
645551639
645565877
645679570
645706916
646055050
646113405
646238377
646421329
646543506
646552645
646610214
646633225
646821169
646869528
646890909
646913022
646967422
647029082
647053973
647199243
647305053
647490732
647617166
647620313
648091475
648149109
648170115
648197378
648233416
648450266
648494990
648738285
648778578
648893077
648901061
648908915
648928868
648984009
649030050
649069388
649070422
649247274
649583633
649639709
649747928
649853112
650107867
650117200
650181141
650181352
650251688
650282895
650556629
650641744
650747772
650764705
650852819
650857625
651181130
651370897
651449534
651478034
651508897
651675690
651826619
651964037
652237159
652246807
652292819
652403118
652422764
652454671
652466726
652494925
652847279
652856206
652972926
653058061
653066088
653171319
653397302
653413620
653542977
653563972
653609017
653897986
654030520
654154152
654240704
654245824
654280154
654547645
654603404
654660040
654698139
654706114
655032037
655051119
655356925
655520873
655762695
655789448
655834796
655858814
655883638
655944400
656038819
656083046
656346460
656350799
656357633
656737450
656744577
656869710
657024857
657034649
657036958
657124198
657172514
657628515
657815084
657817408
658015964
658198609
658201467
658755803
658841092
658942147
659073260
659086763
659097312
659207434
659242677
659664880
659711754
659720296
659769018
659891646
659915656
660114011
660212042
660255135
660289648
660318762
660395293
660578242
660666340
660756953
660962413
660997746
661101249
661106234
661251100
661303585
661311900
661349521
661373905
661516403
661518215
661561665
661574759
661585661
661620705
661648389
661653947
661663313
661712344
661727292
661915063
662079678
662456796
662570439
662632491
662633364
662851522
663256401
663276664
663279690
663461049
663712018
663955143
664083139
664178069
664261837
664286225
664333269
664341911
664378574
664452610
664617619
664665818
664720656
664805521
665006320
665156730
665172561
665307532
665358393
665421866
665561421
665779948
666155057
666176691
666239298
666333018
666388694
666403565
666510822
666879206
666974556
667010594
667042785
667048400
667241409
667254455
667288019
667290518
667351553
667802472
668015975
668040418
668096937
668157842
668248347
668317137
668318298
668339895
668401654
668429603
668690640
668774529
668810892
669192381
669214517
669309414
669655922
669679077
669787712
669841896
669843332
669875457
670021513
670028535
670260951
670359244
670393246
670417657
670440360
670695396
670787559
670813367
670887738
670985498
671017065
671173311
671226744
671516710
671544639
671590484
671652046
671727573
671733432
671757605
671920749
672225844
672375315
672464528
672517296
672573088
672581329
672587438
672641357
672664249
672854532
672969007
673177049
673224486
673294972
673365171
673474264
673633258
673644168
673690357
673809106
673834452
674018368
674079957
674100143
674391655
674425279
674592393
674648637
674666064
674880787
674943194
674960457
674991986
675126827
675169868
675306030
675486386
675536389
675687589
675744908
675986003
676246779
676289662
676348387
676643376
676690356
676790201
676892519
676949251
677135477
677309061
677580095
677666942
677850697
677886332
677956052
677982971
678027980
678085280
678189813
678212033
678221851
678314102
678354611
678396312
678454993
678554359
678663060
678730059
678874968
678970411
679024760
679114624
679145163
679335073
679388297
679495946
679633425
679799187
679841207
680243170
680276564
680345369
680353236
680542309
680643633
680689498
680699943
680772399
680813473
681041422
681077394
681264431
681520692
681574650
681726949
681784697
681785331
681807273
681975801
682050633
682112687
682135549
682176250
682239147
682356302
682470942
682492898
682565418
682586716
682793604
683131848
683296965
683827421
683909845
684060938
684121660
684585051
684726792
684853772
684874575
684977615
685159758
685193115
685267682
685291974
685317085
685346880
685436295
685448749
685457906
685460738
685620191
685977284
686083571
686086008
686207437
686272584
686306404
686317789
686425526
686484053
686553594
686911174
687035045
687146469
687278844
687365554
687453480
687477169
687534964
687621905
687626164
687653813
687694479
687696041
687721931
688049657
688058555
688157380
688168911
688184090
688833833
688965503
689118610
689211843
689250765
689344253
689370103
689410863
689699802
689728766
689857346
689987996
690059072
690205533
690211265
690354833
690432914
690598275
690708578
690709457
690755877
690890249
690922647
691088271
691179755
691185976
691358304
691485895
691624499
691824189
691852066
691920066
691928186
691954110
691987635
692024157
692433114
692490174
692974553
693011650
693323388
693996261
694086345
694089513
694131467
694191622
694400977
694450545
694464396
694563075
694698506
694859237
695006912
695024419
695197350
695309792
695336356
695467474
695619586
695893723
695906089
696001800
696026749
696030371
696108249
696120468
696183310
696302002
696380118
696451815
696495999
696568515
696637623
696688833
696710516
696899397
697005951
697098660
697218896
697284490
697403481
697547842
697601956
697982170
698125380
698141422
698225447
698375812
698488892
698514027
698559888
698694644
698810112
698821696
698833845
698917293
699073015
699149224
699438794
699462030
699528142
699627091
699673735
699686260
699737689
699812877
699969665
699982529
700074522
700176850
700236645
700323221
700339168
700379086
700400928
700596797
700829349
700912188
701082121
701090289
701152981
701181724
701251129
701266226
701503708
701637082
701773051
701809184
701879331
702316804
702360560
702366664
702396030
702528465
702556421
702880686
702955550
703115832
703162223
703201099
703249734
703402306
703503747
703556272
703737465
703806136
703907621
704395977
704427553
704488929
704595755
704747404
704788014
704794978
704842986
704937681
704964588
705454831
705583493
705813498
705889778
706022461
706129337
706213254
706235533
706403344
706424080
706518881
706519243
706539288
706634454
706670654
706806746
706880245
706985919
707021068
707034085
707101799
707136552
707441554
707455516
707594112
707687461
707865676
708046957
708255593
708267744
708369337
708529736
708866825
708884407
709124881
709252504
709370683
709485868
709553511
709573707
709588156
709741964
709754206
709825455
709930748
710034108
710225922
710278461
710448526
710469828
710531340
710641725
710709159
710929698
711009574
711019923
711022161
711081210
711199353
711244662
711410807
711464981
711636734
711902115
712102162
712108798
712114475
712123354
712161538
712216202
712218909
712257649
712291500
712313328
712375408
712388396
712391300
712501976
712592674
712757101
712912995
712946982
713028573
713035874
713104759
713287452
713447607
713454174
713478027
713481917
713744237
713789402
713847911
713952077
713956943
713965676
713990178
714373387
714437330
714487750
714645845
714822781
715011765
715031994
715041886
715110977
715215975
715300361
715560626
715562055
715625619
715699789
716002221
716022779
716337863
716380381
716455702
716484368
716506292
716572634
716579061
716590650
716758556
716771229
716916435
716975404
717126081
717160410
717223243
717249148
717300631
717557700
717687115
717691518
717831414
718095594
718285808
718420850
718430579
718490482
718557146
718615757
718740145
718855909
718877621
719103040
719120071
719172618
719198601
719458416
719482212
719522609
719539530
719546354
719574800
719773681
719796230
719971576
719977707
719995020
720094133
720105754
720170326
720311858
720314127
720342751
720360588
720626268
720635431
720736060
720784979
720832722
720916425
720994911
721166573
721249626
721310964
721666700
721857791
721987264
722054273
722228571
722241687
722250329
722511409
722564662
722601096
722796059
722985167
723118221
723433542
723531796
723674806
723707818
723786693
723830168
723845032
723975130
724302165
724379071
724414652
724430302
724585585
724714014
724793173
724910627
725029925
725053269
725058199
725060384
725063316
725127321
725634695
725654922
725676707
725724499
725810826
726030079
726094048
726140446
726172744
726212442
726215179
726440130
726551482
726633936
726729842
726771683
726933541
727031289
727106581
727110860
727213685
727355321
727390593
727729672
727746037
727799124
727854944
727992828
728077785
728151183
728244715
728268990
728435209
728504714
728538586
728695294
728916612
728933308
729131721
729494565
729653107
729734152
729780757
730108193
730236706
730318779
730468605
730534562
730542237
730878980
730945965
730956187
731154943
731203638
731233632
731376587
731424831
731455808
731497708
731604779
731679926
731757650
731781994
731791884
732423315
732553774
732566660
732901130
732934967
733189877
733558844
733598165
733602353
733655132
733656700
733739444
733762569
733861153
733900157
734099336
734227554
734246734
734269099
734482343
734543508
734603381
734702918
734719698
734720501
734720863
734844014
734896138
734960346
734979687
734997233
735015107
735068465
735316246
735353528
735425168
735542398
735605460
735813171
735836776
735986909
735987263
736028898
736192150
736313894
736354559
736357966
736462303
736544685
736590113
736792069
736849014
736872050
737008013
737069885
737158398
737200240
737212764
737328808
737352738
737390064
737397144
737475765
737543477
737692394
737727129
737744241
737807734
737900585
738079517
738208310
738239647
738467060
738513709
738609452
738613225
738728653
738826546
738937540
738953331
739079089
739086533
739088511
739122460
739237726
739245394
739265073
739371327
739383614
739438049
739928076
740010878
740021154
740163597
740275025
740426461
740570359
740692864
740734858
740790197
740806668
740943814
741019478
741119491
741160893
741338278
741393303
741423344
741703533
741862205
741964878
742037469
742176659
742292771
742297599
742538141
742570597
742713050
742745797
742782060
742828173
742964461
743058062
743205140
743224867
743394398
743425883
743633839
743715285
743730658
744009618
744303096
744340556
744363401
744417530
744579517
744736407
744772359
744923987
745007557
745141799
745448304
745477552
745561954
745621987
745625189
745719217
745790969
745808007
745878812
746329108
746356035
746401186
746509816
746546052
746941319
746945226
747028770
747216563
747283152
747581107
747616774
747690191
747767929
747783920
747805513
747968643
747999779
748038065
748141514
748147309
748225728
748268477
748320422
748404625
748631635
748779533
749195824
749222717
749223072
749316720
749425657
749437641
749523599
749757406
749786578
749988199
750341532
750342002
750512899
750534685
750576375
750607041
750673876
750744077
750749385
750889962
750917999
750938727
751040243
751041892
751118819
751229507
751250771
751321924
751577240
751838258
751894089
751931127
752145256
752149087
752254723
752281237
752330786
752583192
752613837
752718506
752782306
752820093
753345426
753432430
753521045
753523411
753667348
753681349
753696934
754001263
754151154
754410048
754491574
754646772
754823664
754848656
754895341
755065370
755128046
755171180
755340705
755405786
755419188
755457049
755505873
755665116
755681476
755751768
755893688
755975540
756004273
756070772
756105681
756175580
756586066
756668062
756676030
756796700
756859269
757078734
757084140
757385989
757511029
757530703
757540632
757590144
757591960
757768749
757842640
757878101
757963790
758129594
758294763
758623842
758643540
758728391
758740962
758756220
758767004
758775965
758779420
758991154
759280483
759384656
759645614
759653795
759667438
759716785
759801343
759901755
759959297
759973228
760103954
760139494
760211081
760418279
760424565
760517485
760561409
760907835
760969656
761058285
761062737
761098963
761525038
761533217
761684310
761891281
761998487
762013215
762161918
762164157
762169920
762392011
762586914
762683613
762739165
762823795
762988231
763022432
763067014
763079761
763080103
763166811
763284547
763383661
763399226
763599078
763723469
763800723
763822446
763824592
763827680
763920000
764065191
764089714
764325523
764370059
764622815
764625887
764646614
764726769
764847161
764919080
764940138
764990977
765020795
765086822
765104726
765150348
765426293
765480353
765501456
765508449
765642681
765663391
765714898
765740086
765817995
765870483
766149807
766212836
766252813
766334383
766360931
766362772
766394533
766483571
766680940
766753358
767024950
767025614
767105131
767196059
767259481
767312865
767331661
767336074
767352305
767562499
767641433
767724504
767800921
767884936
767950346
767985237
767998585
768070281
768134170
768167838
768180407
768370739
768381106
768401884
768447397
768550706
768680996
768717186
768935471
768948742
768949963
768952937
768961864
769111387
769173160
769237114
769350907
769355873
769361519
769659032
769687202
769951741
769964522
770056027
770090508
770102372
770224904
770564999
770597888
770620193
770632494
770656769
770694975
770788270
770838845
770909335
770927466
771062610
771102967
771327864
771390637
771419103
771465969
771489798
771635025
771781248
771858336
771982340
772131264
772174028
772367073
772489389
772676229
772712610
772757227
772849748
772887200
772940168
773063700
773066079
773080737
773208383
773330086
773482764
773521623
773533156
773653093
773804370
773824638
773864260
773886089
773907490
773935445
773945031
773954476
774069359
774081915
774193146
774204353
774443787
774682415
774696816
774968864
775058647
775199351
775393248
775580800
775914486
775926127
775941543
775943711
775973488
776129348
776216580
776335717
776379535
776868807
776942328
777514343
777646064
777761477
777763912
777842882
777900624
777961755
777986789
778190369
778236592
778242987
778314779
778387870
778567451
778620064
778645703
778655073
778688262
778817318
778992423
779124323
779154615
779257534
779263139
779354811
779368179
779380551
779422062
779685924
779694146
779719753
779745175
779820682
779936903
779949938
779963261
780014254
780089226
780170415
780389678
780432278
780584404
780608900
780893904
781065765
781163684
781197059
781411428
781495583
781605260
781632328
781655619
781684536
781798037
781870916
781897139
782048475
782122005
782184485
782405555
782492316
782560185
782574036
782609321
782695925
782700585
782884314
782951301
783082577
783211771
783296778
783312423
783379118
783737662
783778257
783798645
783808183
783924569
784017854
784062932
784309929
784481391
784482798
784489859
784507391
784539346
784578244
784600271
784702665
784720744
784922712
785087021
785145916
785511910
785533046
785715650
785826063
786098385
786226313
786275781
786555469
786667954
786762130
786854605
786855812
787184281
787289812
787528587
787624251
787786486
787794919
788210217
788809475
788897064
788904799
788915254
789172805
789194474
789243416
789339657
789415700
789464843
789513653
789812797
789928105
790041744
790440957
790561967
790616031
790636059
790868462
791021868
791216622
791221098
791241499
791257640
791463819
791499107
791556155
791665569
791721108
792000029
792045980
792246573
792454688
792459574
792528888
792712492
792764898
792773244
792927280
792970767
793024772
793038780
793058099
793089404
793292199
793320368
793539779
793570570
793636798
793697590
793806511
793946495
794073750
794114028
794130338
794527334
794588775
794943680
795036560
795144934
795207868
795330350
795370748
795386182
795395935
795419877
795471169
795717113
795808808
796009211
796087195
796162785
796206182
796214498
796252679
796376654
796451843
796460151
796467328
796490667
796595938
796605182
796765631
796787058
796924946
797182159
797330981
797386499
797403727
797409946
797467666
797635516
797843121
797863930
798134141
798300220
798463032
798515875
798546888
798662073
798999643
799162900
799224946
799225481
799347167
799427503
799564537
799665169
799728489
799790280
799930402
800007142
800229545
800278545
800578842
800617492
800966753
800970385
801072055
801175599
801290888
801463892
801493661
801498865
801820161
801990220
802017958
802133242
802310827
802320096
802421366
802553297
802568557
802626938
802717868
802739944
803081879
803169019
803174885
803180104
803331965
803467854
803523587
803690056
803866591
803908426
804042399
804169757
804234851
804273672
804329213
804356775
804400309
804428640
804744121
804890346
804922594
804952102
805202518
805401589
805432016
805470612
805683747
805726519
805783773
806023023
806052516
806094618
806165023
806282834
806320913
806360118
806379405
806425117
806558899
806675233
806782737
806794028
806836936
806839903
806895327
807070506
807159199
807217252
807262224
807326646
807349057
807404068
807591309
807842279
807883936
807993885
808035813
808048333
808305635
808370377
808411557
808424560
808767221
808827365
808828429
808893810
808952037
809015238
809100999
809110641
809148882
809238535
809312002
809329373
809401229
809535654
809577381
809816557
809830162
809832713
809929107
809985809
810042336
810105225
810177784
810193055
810324207
810386570
810435058
810451138
810522178
810613763
810894493
810920598
810976297
811084457
811330875
811465964
811506362
811534924
811553984
811649926
811711345
811837776
811966445
812088066
812148991
812473624
812659411
812904199
812907533
812935054
813345250
813501907
813587580
813636207
813719077
813724352
813873908
814039160
814049960
814065383
814092211
814224240
814305023
814433864
814534525
814544158
814646233
814823282
814829394
814885800
815014714
815042921
815134068
815148855
815282755
815376572
815526521
815542801
815759771
815803563
815817280
816012761
816144206
816180669
816208531
816353905
816377057
816378355
816386712
816528272
816537220
816616936
816839218
816856760
816938949
817366289
817388550
817413914
817507682
817655963
817660668
817811456
817850820
817943802
818182764
818201529
818398361
818574989
818649974
818700709
818870313
819052632
819096345
819159705
819186903
819195935
819312650
819330875
819422207
819470042
819498338
819538237
819595569
819622638
819687724
819688181
819764050
819765775
819782981
819921717
820066859
820119139
820202092
820295366
820333339
820492149
820569532
821231731
821416415
821437681
821466972
821527512
822060563
822065687
822381193
822497400
822646522
822739284
822752700
822777814
823081237
823114076
823184828
823249723
823326020
823370575
823375590
823659026
823681129
823710753
823826033
823906536
823934335
823979346
823982823
824283134
824365534
824570693
824715960
824756806
824807005
824844834
824876316
824968959
825238705
825252317
825252730
825283477
825527411
825575234
825755940
825816799
825890155
826008785
826117962
826133403
826443374
826596463
826720454
826827622
827073487
827101061
827106992
827145444
827395048
827447644
827829793
827875920
828029485
828112152
828207849
828570081
828940524
829063116
829107017
829175676
829254807
829328868
829348362
829385694
829570034
829638246
829913232
829941312
829966705
830047925
830173737
830208385
830391411
830561554
830742536
830810357
830810755
830828431
830888795
830962465
831020578
831247014
831295931
831301610
831444757
831520660
831560754
831897948
831953347
832051424
832132386
832231884
832342196
832387977
832509465
832556455
832574951
832679392
832786004
832850114
832865319
832994542
833054905
833066745
833081747
833322606
833376605
833472880
833506416
833598319
833674129
833742730
833759041
833855003
834028209
834218770
834318769
834421596
834424786
834460187
834580597
834806150
834975605
835028123
835060280
835158504
835312004
835323603
835423991
835634328
835658490
835745497
835793830
835917936
835933225
836054423
836190476
836241487
836290656
836611336
836812402
837033163
837056737
837199136
837236019
837238906
837414854
837478222
837681073
837730334
837794865
837887781
837989071
838137208
838159950
838256158
838296255
838561168
838666703
838673072
838742316
838764163
838793429
838983058
839082551
839204093
839241540
839435506
839488796
839528787
839560885
839960137
839962942
839990444
839997534
840039165
840098673
840132291
840409210
840468071
840505712
840535182
840547017
840799201
841046960
841074456
841169886
841294938
841297979
841384284
841415653
841480961
841538350
841549097
841591064
841663387
841690668
841694939
841904553
841985130
842089765
842099358
842171952
842173403
842206735
842299722
842311962
842468057
842540417
842723816
842879149
842928058
843014819
843335022
843353055
843480050
843516452
843535426
843792462
844096572
844299160
844456720
844601201
844747856
844856693
844999786
845213593
845272144
845354137
845381526
845609387
845611365
845696848
845778237
845778982
845790194
845793516
845920914
845923575
846024370
846064466
846116045
846196647
846475295
846615604
846715348
846890266
847028690
847090355
847273229
847316767
847460953
847491432
847577184
847636672
847846598
847982038
847984149
848037562
848236449
848354263
848457453
848525991
848638597
848829058
848885919
849042227
849053851
849301814
849310252
849350422
849429158
849609838
849845962
850108491
850119777
850214831
850279627
850402402
850438759
850446026
850654357
850699656
850739151
850810413
850844834
851057735
851196501
851520290
851673416
851676958
851707767
851768536
851826285
852166792
852367239
852527515
852535098
852696582
853166034
853328907
853356974
853467837
853478577
853617436
853783000
853868243
854181312
854216182
854229078
854291402
854311722
854438052
854660844
854662918
854744305
854864692
854911629
854996691
855248021
855277297
855289095
855415222
855477159
855481057
855568944
855720650
855726608
855959899
855992719
856051273
856056191
856167888
856233647
856423671
856467197
856505681
856513257
856621818
856802813
857051840
857139141
857171627
857209251
857225732
857230830
857232356
857288635
857334168
857429310
857781854
857879416
857936584
858172984
858259608
858266048
858349051
858639390
858731529
858811813
858838904
858931548
858943041
859025444
859049310
859056202
859369015
859463495
859508928
859546020
859652562
859676219
859690365
859755932
859778086
859854775
859895476
859938193
859977066
859996637
860009166
860056238
860108079
860148742
860194695
860217557
860274184
860308747
860509254
860922710
860935670
860975404
860980491
861028700
861267610
861305831
861417417
861736983
861832210
861908406
861925796
861971325
862345026
862348635
862421336
862488109
862654301
862740970
862784686
862830760
862870751
863399823
863427606
863637818
863678231
863842215
863944907
863957650
864081774
864210095
864345317
864395435
864467735
864527863
864574486
864959737
865192149
865214240
865225333
865242532
865316478
865423200
865551149
865553721
865572200
865618144
865862964
866086614
866268366
866431090
866465306
866555455
866581057
866653337
866708211
866743893
866767914
866870920
867085510
867308380
867395220
867409743
867500090
867574998
867591385
867774064
867854119
868007351
868174869
868215385
868290139
868380116
868502123
868555390
868669245
868721913
868761016
868761210
868870075
869493818
869635852
869884413
870075092
870122390
870303277
870435124
870538966
870572731
870631741
870719715
870799581
870893858
870912863
871122523
871360425
871399074
871489792
871559357
871592437
871640725
871656728
871684196
871687464
871973426
871990060
872085833
872222343
872422744
872422839
872437424
872705395
872732859
872780950
872948515
873128577
873209980
873236312
873247963
873269768
873333043
873397480
873405536
873434637
873510087
873569150
873744604
873876553
873986995
874025236
874171660
874294239
874426338
874520150
874646664
874664192
874669975
874672995
874692391
874769439
874926848
874969623
875235078
875309206
875331394
875351673
875372693
875674802
876084529
876172915
876259463
876261237
876344207
876391222
876401876
876451697
876528013
876662606
876668708
876838588
876967706
877024529
877266688
877488728
877599768
877736293
877773974
877838087
877846806
877960404
878005427
878135988
878217897
878231933
878551927
878624666
878633811
878679296
878733212
878751849
878758988
878869467
878885149
878894031
878937838
879197250
879202233
879274933
879303763
879318237
879495574
879508728
879512389
879552018
879576960
879753573
879783485
879791801
880019197
880135296
880248042
880395206
880497991
880503583
880668303
880693095
880753143
880758665
880930213
880985195
880996970
881058030
881195027
881476808
881688353
881738400
881770273
881788119
881796282
881898522
881920591
882157433
882327133
882407449
882536242
882547650
882921624
882938914
882947688
882989512
883124595
883180681
883195994
883202785
883346234
883593567
883757273
883768050
883812919
883845876
883870311
883960151
884009220
884028724
884057900
884065025
884208431
884374561
884408482
884472390
884530539
884604403
884643432
884766740
884810347
884823212
884954815
885027825
885132942
885214624
885371143
885612479
885792891
886093447
886189157
886205807
886240470
886335435
886441489
886492197
886494714
886509594
886519087
886697476
886771971
887013037
887100172
887198101
887198790
887294334
887376363
887449345
887735800
888121062
888128777
888174587
888185943
888237767
888258801
888323674
888379659
888546532
888546608
888568100
888603450
888674006
888796678
888880670
888939525
888945561
889468169
889643426
889764356
890148938
890245737
890325258
890563900
890642373
890670588
890752059
890772995
890893229
890981071
891080550
891203849
891205628
891227228
891253135
891288118
891301572
891412236
891435832
891472364
891529290
891556367
891641819
891693072
891833978
892013369
892023608
892212145
892251839
892347773
892426913
892537055
892556888
892600210
892687855
892718399
892908539
892968930
892996835
893081625
893097474
893203001
893337885
893363522
893581766
893633202
893711938
893804541
893919796
893943214
894216304
894370146
894444170
894487689
894711092
894746576
894881894
895025077
895048293
895257784
895309378
895437243
895654117
895739294
895759699
895773771
895828595
895894222
895958802
896110617
896171377
896299833
896416055
896733593
896856761
896870933
896879827
896911280
896933324
896945496
897025760
897030995
897085085
897317824
897353043
897412191
897669778
897971329
898039331
898039709
898190863
898322631
898394817
898497732
898614498
898954385
899212472
899423782
899526736
899743421
899835872
899959577
899997987
900184912
900399821
900464400
900620146
900959130
901021130
901037838
901205276
901212141
901228215
901281823
901317371
901338585
901428115
901525201
901587226
901625845
901690030
901709406
901771161
901852068
902649911
902709167
902776540
902825808
902842433
902918527
903429692
903562298
903729851
903874275
904115358
904465984
904513683
904641511
904690819
904764336
904935930
905068408
905341826
905398670
905464836
905504528
905522644
905619458
905824471
906027998
906238388
906304847
906326980
906427221
906583465
906693165
906888166
906903026
906984142
907069764
907210063
907216688
907233902
907331232
907664496
907828785
907877433
907970624
907996500
908027715
908054260
908204029
908286477
908303598
908303684
908316002
908369611
908452235
908459491
908465501
908500194
908512799
908522208
908558627
908639371
908693421
908745356
908824181
908895049
908900361
908929096
908955678
909114523
909116697
909132016
909561640
909592798
909918912
909968624
910063104
910168483
910315365
910355963
910670711
910694777
910743752
910976976
911301167
911475613
911691067
911973692
912193144
912267871
912337692
912376100
912441493
912482140
912545104
912553260
912582102
912586658
912688279
912945300
912998084
913163579
913264991
913370057
913405646
913414586
913436598
913523035
913639055
913809591
913950417
913953464
914026158
914040566
914134557
914161746
914167829
914299556
914332004
914383437
914432044
914618659
914626336
914760590
914842309
914975776
914998479
915003327
915024448
915194155
915224247
915418122
915548048
915762522
915821276
915876548
915955175
916074893
916224153
916289877
916329988
916566324
916599031
916751558
917016040
917341589
917386185
917458466
917519481
917588880
917680519
917691970
917805691
917820391
917834142
917905439
917980652
918039513
918059753
918204597
918312437
918375070
918468863
918471877
918615397
918626521
918683366
918767380
918825927
919093097
919247610
919259050
919374515
919380983
919457868
919503206
919533574
919610747
919731039
919754800
919867285
920136716
920190370
920199491
920314555
920410396
920584408
920623259
920626811
920705303
920747722
920890384
921048909
921435487
921470487
921540662
921821310
921864929
921971182
922112062
922228579
922228986
922412253
922476150
922664435
922729064
922759304
922760679
922832813
922944870
922998255
923028315
923347554
923397258
923511478
923657379
923724220
923833630
923870722
923954227
923988425
924000191
924007332
924144213
924431941
924745312
924815765
925049673
925082828
925089642
925143760
925167523
925196832
925364120
925424357
925583247
925593895
925657960
925907180
925993500
926008693
926322228
926410995
926466819
926705772
926867541
926869102
927162239
927214591
927354399
927365438
927505565
927522813
927532620
927548314
927553209
927702046
927826853
927881387
928041074
928064215
928306077
928403695
928650759
928822097
928845944
928861327
928957669
929091326
929455115
929487042
929634672
929701879
930017997
930119308
930145158
930199411
930210387
930246545
930254960
930366984
930695145
931088406
931213895
931252905
931383382
931398589
931439940
931485697
931630887
932116929
932297071
932353203
932360641
932419327
932422951
932471867
932479480
932501666
932566394
932596449
932688029
932780235
932787391
932905212
933163395
933356503
933412405
933441219
933468492
933634828
933857213
934022888
934027863
934041183
934076000
934264613
934842673
934847740
934939900
935057290
935218317
935255267
935318121
935473546
935522232
935938746
935967689
935976755
936063065
936125105
936139876
936208191
936309363
936538402
936551655
936574493
936626921
936642227
936715356
936734301
936962359
937247192
937584009
937979035
938143690
938214996
938414651
938595739
938680764
938706358
939032236
939070092
939083805
939090449
939128381
939196027
939274792
939355073
939448296
939772078
939897073
939912829
939964652
940196876
940230685
940381249
940459396
940721497
940721970
940833529
940853327
940895772
941050910
941479269
941543311
941781069
941863903
941897513
941905448
941942380
941980286
941999000
942093512
942113438
942196895
942272996
942323170
942336881
942343162
942608896
942630012
942902026
942936736
943443289
943600126
943652763
943718865
944222371
944765378
945050137
945228419
945247021
945420327
945487177
945534203
945661341
945669948
945677122
945747715
945761557
945766337
945808708
945826886
945894709
946020387
946087341
946239630
946281306
946343304
946404756
946523494
946689889
946777654
946802415
946936862
946983621
947085652
947105120
947241214
947358408
947450287
947476770
947519184
947521565
947568816
947705320
947740188
948110895
948189383
948313219
948328284
948335294
948352201
948655436
948688428
948689733
948705459
948717950
948935149
948943906
948945804
949052021
949057235
949090301
949104393
949106179
949240534
949353881
949469189
949535356
949582725
949680250
949860038
950019989
950121927
950200097
950216486
950227977
950285992
950388100
950783447
950788479
950822328
950918608
951369869
951397063
951538992
951556995
951621429
951648401
951680159
951794065
951806354
951965102
951966166
952064779
952076045
952197516
952218728
952387241
952450835
952525049
952598118
952599490
952821832
952840628
953092808
953176343
953253557
953601012
953635527
953638863
953701339
953971434
953983057
954139570
954139792
954142337
954143678
954212760
954281220
954424713
954556609
954571501
954638524
954664431
954741241
954777935
954896290
954927499
955042391
955235263
955505856
955606419
955881273
955915594
955943871
956030433
956032363
956073233
956082966
956456498
956479508
956825969
956925617
956944487
957156581
957335898
957346356
957384877
957400084
957416607
957639068
957697033
957745629
958189616
958357303
958464730
958628206
958721703
958754841
958797237
958965744
959077920
959095044
959164334
959341170
959461554
959575343
959623624
959786255
959826467
959850940
959902688
959966719
960016701
960194217
960256291
960370396
960426111
960441442
960496036
960569139
960664780
960675248
960760232
960851317
961117017
961194738
961237988
961278054
961416709
961430448
961443830
961564435
961620543
961736423
961792025
961830908
962033281
962126557
962868110
962917566
963086514
963120270
963165881
963308307
963310628
963516522
963591156
963732420
963740661
963773582
963949796
963953981
964026442
964067641
964212997
964239244
964278903
964335878
964354652
964382054
964553563
964602409
964634407
964720033
964914245
965002681
965172416
965716849
965793770
965826597
966499443
966584383
966747308
966747375
966821024
966864122
966934520
967009791
967027210
967130938
967180371
967183437
967354587
967492060
967535447
967618235
967651803
967665326
967791721
967960858
968058809
968064651
968377580
968546638
968852238
968890691
968992103
969034969
969131945
969133533
969299066
969404254
969484161
969535935
969674863
969702434
969710005
969729966
969831958
969871719
969972837
969998363
970000816
970034205
970104728
970195464
970220869
970228095
970382743
970383702
970425614
970612601
970740029
970749346
970861814
970936973
970950275
971109664
971156085
971430709
971435077
971614102
971871907
971915478
971931579
972041275
972091489
972130489
972185344
972222767
972344623
972382190
972579791
972604047
972801159
972849498
972875634
972934720
973113903
973266220
973274001
973404328
973642000
973810796
973849401
973893063
974082767
974127180
974137684
974203424
974342177
974353072
974369719
974422992
974544533
974580060
974599083
974636539
974858008
975022815
975098139
975189775
975277163
975592616
975629668
975723961
975915329
976051796
976065647
976090917
976423083
976447278
976464345
976588566
976615845
976765451
977051773
977196637
977389847
977577970
977684851
977795309
977838078
977891334
977909048
977960855
978125107
978187867
978307997
978542064
978783165
978813920
978841603
978869933
978998553
979116308
979371802
979404712
979453037
979563468
979566178
979634563
979730959
979953862
980123393
980340880
980354363
980425226
980436164
980442928
980459980
980483572
980668749
980891875
981070172
981083870
981092028
981159519
981239455
981250849
981258596
981309398
981755455
981757920
981758129
981927107
982028625
982080391
982103196
982133333
982308445
982357321
982376477
982486069
982493276
982565286
982621506
982656849
982785691
982798888
982981521
983080805
983247064
983581955
983625825
983633563
983880541
983884863
984015515
984221056
984325670
984432793
985082756
985121065
985265506
985317543
985372020
985392327
985855905
985882198
985980825
985991278
985996296
986253293
986483602
986517015
986649959
986775618
986876274
986901592
986978006
987047073
987241846
987508118
987609240
987797901
987910389
988007770
988127434
988130638
988284711
988326170
988372369
988543618
988562308
989048245
989062782
989090020
989124357
989236663
989287725
989448160
989459616
989503149
989552436
989748695
989749917
989769764
989955285
990071229
990177821
990488604
990692919
990694958
990842379
990847784
990899004
990909293
991009199
991140661
991208734
991309363
991428681
992072614
992118334
992207754
992231311
992550315
992579476
992617384
992642051
992644564
992693668
992751554
993101133
993103120
993341077
993384045
993492308
993494863
993628410
993681760
993807946
993823400
993960013
993973746
994135442
994156002
994257376
994368895
994410735
994513080
994631300
994723164
994743764
994763598
994966839
995176208
995228036
995408439
995421178
995748513
995839423
995919554
995940029
996265357
996458347
996472799
996497540
996501114
996526215
996563581
996627320
996653206
996722528
996750776
996844817
996955318
997210866
997451052
997473620
997547070
997661852
997713028
997905025
997947904
997955748
998033987
998267705
998298934
998300917
998366141
998506998
998661919
998678863
998690569
998945071
998987137
998992075
999100089
999326615
999328183
999339436
999433174
999458452
999549580
999848118
999932729
