180068
212575
424165
506608
522362
530115
625828
738691
780316
822640
987844
1281878
1351980
1384318
1414223
1418056
1446543
1516153
1650588
1672237
1679037
1963540
2025819
2405296
2555069
2613665
2676146
3024736
3103887
3175012
3223444
3224864
3254051
3485455
3737783
4196952
4221412
4393708
4460071
4491567
4513772
4533815
4658107
4777561
4960961
5046550
5055370
5256013
5410417
5547773
5584552
5608548
5663447
5733681
5733919
5874367
5909602
5952550
5999716
6000157
6073037
6224628
6531138
6702761
6779029
6837763
6889715
7055078
7108008
7225214
7306418
7341109
7483667
7505518
7668171
7713366
7757131
7771354
7822311
7849062
7887438
8073657
8092782
8183174
8393812
8412677
8425667
8676229
8730389
8734293
8978901
9045832
9193005
9361926
9470925
9502580
9510885
9611358
9616831
9617291
9652351
9722753
9729555
9766783
9798807
9811451
9970253
10258428
10319607
10740272
10758971
10775388
10961866
10967229
10977131
11002584
11005586
11074364
11138800
11455415
11487911
11531294
11657186
11658524
11668719
11723340
11747419
11925017
11985585
12002729
12088178
12329722
12383652
12416083
12503415
12575350
12616826
12650229
12788149
12803495
12823749
12889121
12938068
12976306
13068748
13078242
13143888
13239156
13470533
13532031
13601089
13732719
13842460
13887245
13897182
13902219
14400024
14404902
14410206
14414743
14426050
14464192
14650368
14684862
14892742
14910032
14942235
14972835
15116478
15190623
15336331
15377990
15891497
16018519
16485721
16548601
16669040
16728053
16843314
16848215
17064667
17170384
17174025
17179654
17341714
17395445
17492259
17706835
17853486
17857140
17864234
17925350
18117824
18202185
18447459
18458499
18487954
18519805
18523587
18539025
18541573
18583446
18657356
18694031
18941402
19057724
19118866
19162578
19262937
19274583
19367888
19398520
19565407
19797930
19858215
19917517
19928925
20117166
20117293
20147794
20257656
20310053
20704321
20763136
20825584
20877542
20912352
20996700
21059631
21096647
21255130
21304841
21384367
21530706
21560092
21561531
21600592
21720001
21751902
21793487
21804646
21810933
21844993
21891487
22095362
22140822
22203566
22382855
22416869
22505705
22580894
22592556
22606627
22966810
22967448
22988100
23025582
23028792
23191156
23252773
23423101
23511061
23685148
23712330
23823021
23832717
23895062
24090514
24222758
24600954
24612949
24625738
24628630
24636871
24682223
24843899
24955979
25215139
25241528
25305615
25341918
25415485
25434850
25563308
25580491
25628750
25665956
25713948
25795656
25821438
25827656
25995254
26001931
26005519
26017629
26138170
26272972
26691474
26718195
26820994
26933538
27187736
27292917
27384522
27394297
27483706
27516807
27545510
27577016
27593055
27658453
27936154
27939292
27994870
28221841
28288647
28386543
28400223
29129742
29150848
29160524
29222170
29266902
29408403
29412325
29521932
29565424
29592380
29595707
29636291
29931960
30219365
30687677
30712255
30754420
30875962
30979077
31258330
31269204
31319119
31320667
31345312
31358994
31464835
31506553
31518056
31682200
32045396
32061720
32318446
32412875
32515774
32688131
32817032
32897940
32948801
33085447
33153265
33183024
33327580
33354469
33398754
33909899
34128115
34384738
34391364
34446588
34694895
34827411
34866914
34941617
34957021
35076315
35138414
35218682
35384444
35723552
35723694
35749080
35791221
35805825
35848309
35870391
35990615
36053609
36109134
36124713
36186582
36205034
36259718
36357252
36414106
36459442
36543578
36577441
36664074
36678130
36835320
36941323
37195315
37301872
37370142
37419741
37510961
37758436
38065295
38076094
38083381
38105086
38119783
38333376
38528387
38558655
38820766
38847138
38889300
38985556
39012342
39109543
39356117
39359049
39425952
39655973
39835440
39929596
40002817
40026364
40113010
40136526
40214337
40224399
40284713
40654588
40722541
41002413
41102936
41127406
41156335
41279442
41318509
41708602
41872288
41898856
41933681
42013160
42348376
42441373
42464225
42694062
42839771
43017026
43263737
43515242
43522306
43665219
43719022
43791927
43853093
43876523
43965730
44139682
44140475
44154118
44175909
44489036
44537385
44671301
44776968
44778660
44943100
44999253
45061928
45129316
45335361
45340468
45361795
45503115
45558456
45593376
45844567
45977149
46222133
46276092
46294949
46319422
46418830
46465709
46468154
46665431
46733126
46758697
46889394
47030044
47200889
47298946
47455950
47617254
47700732
47787903
48023301
48143105
48151637
48328432
48374691
48499574
48645738
48776761
49122478
49146413
49152124
49211235
49466976
49604744
49614302
49714383
49750736
49760404
49978815
50047293
50059464
50074195
50162823
50257955
50265292
50285064
50378349
50416231
50455483
50595159
50735640
50833401
51081508
51201607
51217873
51266547
51319990
51325240
51378027
51523998
51533512
51559037
51614541
51665352
51689703
51893719
52066961
52211030
52249874
52620087
52644352
52649185
52865334
52905379
52944791
53079055
53100476
53169585
53236114
53489304
53524785
53661146
53819637
53854320
53993991
54168399
54191463
54346734
54355116
54374704
54425872
54918834
54957954
55007009
55033796
55109550
55141219
55171100
55360597
55452345
55625006
55641559
55912536
55960017
56250377
56267200
56361295
56498696
56559442
56719969
56730078
56739479
56810242
56829645
56988503
57303571
57508099
57755337
57827807
57962555
58076790
58431535
58578451
58619145
58652243
58746820
58755721
58877102
59071535
59100264
59212822
59299124
59361213
59362648
59369568
59989367
60198968
60265588
60379561
60387543
60535005
60549402
60684239
60749630
60806505
60835533
60978778
60996746
61003652
61007571
61161960
61296827
61297194
61439824
61461268
61685585
61746606
61761248
61830539
61856227
62017534
62046515
62112096
62226105
62346682
62426782
62526982
62601812
62611136
62672249
62860749
63052624
63060340
63067559
63295089
63298937
63316841
63386605
63393243
63456832
63616295
63625209
63750882
63752530
63873863
63910695
64121295
64191826
64194744
64481447
64482803
64762538
65225177
65241396
65429639
65576976
65610042
65738336
65766742
65771571
65899661
66124712
66145196
66313360
66548986
66780674
66869191
66936710
67135886
67279738
67427870
67587546
67701863
67705656
67782057
67845014
68067404
68077936
68195286
68265139
68321014
68331483
68461697
68786510
68829640
68895452
68915408
68939080
69023146
69074938
69134845
69174495
69237991
69334629
69404556
69475520
69479224
69539758
69972633
70130144
70196833
70283374
70325355
70610605
70663395
70669215
70840752
70951111
71262553
71368418
71409137
71494331
71554831
71640176
71654622
71687001
71910178
71935829
72017937
72047590
72173672
72390439
72490908
72654974
72664583
72711383
72791709
72832605
72937288
73099636
73123512
73145978
73225788
73281926
73483541
73490441
73503080
73946889
73957787
73961004
74027403
74064953
74067430
74102363
74233414
74303707
74480844
74742136
74849909
74859470
74921569
74938998
74973210
75049317
75157233
75367398
75401702
75421242
75483819
75922202
76009408
76074478
76277699
76355827
76385416
76503890
76572179
76637220
76649341
77008201
77269438
77343473
77654487
77730040
77764570
77791115
77802451
77802720
77813683
77890602
78044262
78061174
78204303
78228604
78367778
78383429
78540997
78562284
78653036
78674513
78692562
78750150
78796162
78922499
78968686
79009058
79034774
79050471
79159121
79473858
79602536
79772514
79786837
79806728
79924199
80039695
80143909
80153873
80158473
80218630
80320067
80446453
80572780
80617857
80704751
80709179
80709245
80828634
80887052
80891433
81149946
81194477
81195306
81211478
81266233
81450069
81512654
81556144
81746662
81946843
82194894
82203675
82462871
82475479
82796829
83064345
83085388
83094759
83568144
83601186
83776391
83909111
83911831
84136991
84338429
84426945
84665424
84723477
84769813
84826654
84864397
85095973
85237262
85284729
85328101
85492244
85572723
85629963
85646666
85668413
85696052
85732734
86002082
86012855
86225292
86378943
86395574
86452977
86613972
86622343
86651168
86657383
86700336
86778449
86839933
86872592
86897321
87004410
87094498
87108634
87110113
87221685
87298505
87482754
87592384
87600040
87673563
87677645
87858593
87930045
87937894
87953311
88078004
88253417
88266543
88279595
88318168
88345011
88804869
88938267
89079814
89104230
89290106
89421276
89616781
89649498
89815624
90060450
90085014
90191094
90243646
90324396
90390880
90450178
90467977
90712760
90786791
90825548
90919758
91191586
91203575
91214906
91301216
91380864
91681824
91743524
91755102
91784012
91964715
92031225
92035550
92131225
92264452
92436058
92444555
92472636
92501085
92619530
92697513
92828331
92989446
93033730
93065868
93193837
93479814
93519748
93532559
93535391
93965612
94016653
94094899
94140126
94177462
94210256
94512263
94550402
94568917
94748958
94839656
94849143
95248915
95346302
95365002
95432806
95441094
95511472
95564321
95673690
95678972
96190772
96250104
96422948
96692620
96696441
96853894
96856423
96992680
97238804
97278491
97379199
97379679
97397683
97426042
97444259
97574305
97845098
98025112
98037902
98363155
98423698
98458216
98558561
98718144
98754093
98818720
99014893
99094680
99393807
99429950
99435381
99475006
99510921
99570221
99627736
99780146
99783528
100060880
100200641
100351300
100369961
100393348
100537536
101075259
101091859
101182699
101304435
101359311
101591163
101877337
101955970
101981343
102043849
102082920
102168489
102179191
102322921
102373379
102385881
102537652
102603281
102838511
102849954
103005531
103013473
103227074
103502405
103535345
103616384
103704625
104020948
104073011
104298898
104314641
104319617
104338797
104625923
104627144
104884068
105062394
105132178
105170582
105177338
105268906
105272071
105365538
105433693
105483379
105497841
105577507
105643660
105742987
105846873
105875396
105923135
106056678
106833110
106966440
107015876
107061456
107185314
107416694
107546714
107679457
108032198
108386016
108412959
108420120
108558450
108574512
108929683
109093680
109143925
109397874
109682906
109699798
109842784
109890859
109948181
110048807
110225173
110291747
110311287
110334826
110763155
110803520
110993610
111002022
111211029
111238258
111390206
111451068
111568918
111585963
111749094
112067815
112150450
112446287
112499079
112506905
112511112
112732176
112821019
112975906
113275159
113345976
113356887
113383811
113383874
113556888
113568737
113587747
113588807
113634568
113648413
113800773
113808651
113849625
114314993
114340497
114667550
114676433
114677657
114691900
114952835
115218390
115506833
115582631
115706652
115716425
115784041
115868909
115963914
116164142
116168220
116202580
116284479
116294018
116440630
116562922
116652614
116773177
116884042
116888786
117111620
117181884
117266952
117397202
117404291
117423020
117454888
117606994
117623504
117727323
117855436
117894502
118147646
118217230
118217916
118538104
118911447
119084986
119272185
119372824
119490296
119567604
119568823
119568836
119586480
119625265
119658783
119773149
119816710
119848339
120126588
120162491
120270159
120322405
120426000
120479269
120503098
120589078
120894782
120906369
120909417
121019897
121054726
121081040
121105918
121166776
121386850
121442935
121680838
121736324
121864612
121870134
121892595
121912821
121963685
122028455
122084762
122294216
122408494
122459396
122474133
122484868
122651187
122691314
122838370
122989762
123142953
123250773
123262963
123310433
123355447
123511346
123620405
123783577
123817358
124140698
124236236
124277321
124303777
124306124
124366494
124671172
124716756
124889707
124942537
124952955
125001230
125013741
125213231
125297390
125441414
125469451
125589343
125892384
125996257
126036256
126078986
126107458
126155140
126241392
126250657
126380854
126439987
126596426
126665017
126665174
126757534
126788852
126951264
127011522
127151291
127568935
127656660
127749786
127896300
127978544
128409551
128438627
128556935
128736450
128891879
129082942
129092793
129120078
129140421
129205615
129220215
129223483
129232449
129360402
129646083
129847181
129935928
130013589
130129995
130562964
130672079
130714142
130747594
130829001
131257621
131358167
131376455
131398342
131504645
131538694
131630814
131872091
131939084
132164056
132365531
132684181
132774042
132791851
132806487
132824865
132878311
132946562
133034374
133349591
133363540
133410551
133443617
133465263
133468561
133547352
133549978
133577856
133619531
133887400
134048743
134190389
134214652
134312381
134327756
134364130
134365639
134589933
134643011
134865805
134984950
135236199
135348865
135354032
135362514
135436672
135480943
135534735
135696888
135744537
136029539
136170337
136205030
136292128
136349747
136393495
136477645
136493109
136518412
136554344
136569151
136615712
136761400
136818996
136852247
136981444
137218452
137385627
137476548
137542396
137851879
137900867
137922182
138143092
138301499
138366845
138492152
138551472
138899441
139102043
139168432
139273119
139287663
139333707
139561270
139584164
139608166
139728809
139867862
139910292
139914948
140065331
140203404
140315788
140683226
141063189
141359270
141723329
141745002
141846076
141902401
141963733
142414308
142583692
142761135
142787002
143044315
143076645
143100867
143380870
143487207
143512223
143557167
143635037
143773117
143801363
143881321
144002649
144040149
144199713
144223755
144409522
144462066
144538365
144545337
144624188
144627938
144629696
144705827
144745838
144962820
145015866
145262632
145305783
145380102
145405847
145537583
145623956
145715128
145984241
146128759
146234093
146254124
146259363
146359075
146500050
146734098
146745448
146807318
146862581
146942888
146944228
146997661
147168523
147280179
147330564
147406206
147648745
147701537
147732625
147739156
147856046
147976249
148009735
148212723
148214487
148305154
148320454
148342641
148446168
148618092
148705784
148988269
149035114
149136736
149282619
149456394
149639666
149674065
149741232
149762779
149777183
149793015
149810611
149857769
149885130
149891811
150089881
150093927
150095186
150143956
150193987
150194054
150272354
150343354
150448997
150621148
150678128
150793860
150862698
150870722
150943205
151156641
151255502
151272293
151360142
151552038
151570716
151600508
151602418
151682028
151721701
151939322
151942668
151987022
152076102
152096785
152190557
152402932
152407266
152885381
152925315
153065333
153081345
153143778
153167076
153221427
153287209
153293979
153435554
153636585
153727836
153737447
153891491
153896797
153899882
154004606
154035952
154104983
154218205
154309686
154379823
154416859
154564775
154572811
154672297
154703423
154756984
154757800
154863373
154906922
154910714
155143816
155618989
155627325
155673027
155762580
155785260
155923872
155954911
155997707
156064343
156099839
156289526
156326923
156331535
156414184
156512263
156595414
156602055
156611834
156791475
156804634
156856738
156913722
156983588
157188788
157191858
157268206
157306710
157423998
157507558
157557659
157691362
157755048
157784200
157900814
157975335
158248928
158318824
158431507
158573004
158573643
158674862
158971372
159001151
159111129
159244468
159365140
159430536
159434234
159704132
159704453
159707111
159922667
159972193
160277470
160439198
160553998
160583789
160615574
160629516
160783790
160936058
161016517
161076633
161093936
161146182
161235516
161428013
161473162
161501257
161772846
161947501
162100763
162120936
162373220
162523217
162529678
162677624
162839085
162846214
162903849
162904955
163291672
163343732
163378285
163471259
163475855
163490422
163592289
163948465
163951166
164180820
164193710
164208022
164264440
164277312
164317852
164329875
164371370
164487802
164514429
164528768
164564127
164637251
165006557
165046563
165161168
165215632
165229975
165243353
165256545
165268470
165279869
165291094
165302647
165335521
165337791
165339808
165424771
165443380
165471429
165650620
165885215
165930570
165938864
166103852
166482861
166571401
166940100
166945438
167001971
167175938
167209511
167210154
167213758
167257868
167307961
167343968
167489450
167716305
167726330
167791216
167816188
167824052
167927489
167954229
167969786
168168967
168418060
168458715
168492268
168566296
168576580
168729821
169192881
169280109
169280652
169331913
169686444
169807463
170027652
170043273
170246340
170263155
170378255
170404020
170441584
170496514
170565818
170571796
170639048
170648172
170702981
170757539
170810292
170833432
170909867
171063844
171178870
171360663
171388515
171541724
171588313
171730557
171804535
171812647
172117865
172174544
172180634
172559533
172955786
173028101
173058864
173097023
173237026
173399736
173581210
173887115
173989248
174033478
174592388
174674111
174710026
174998149
175079289
175195419
175229743
175369887
175474395
175513442
175521965
175548796
175590031
175671955
175692867
175901358
176070674
176084232
176264393
176301758
176386918
176418265
176688454
176939944
177198243
177275406
177347838
177378172
177463232
177587865
177634536
177700596
177775721
178061789
178133354
178269688
178277703
178298819
178343953
178552946
178615958
178739979
178819007
178840869
179022204
179082688
179289524
179390551
179400072
179576975
179790052
180002972
180027647
180052235
180250410
180506970
180550475
180568736
180629216
180631036
180699998
180725014
180778522
180907312
181134174
181173639
181222366
181326805
181357612
181547620
181641542
181784347
181855580
182038692
182123501
182757970
182773109
182959786
183261702
183405275
183448972
183537412
183556352
183673799
183789381
183796390
183970716
183986726
184114072
184152963
184158223
184404778
184488070
184687109
184856413
184862273
185019363
185090149
185183442
185482356
185646235
185712633
185729472
185792365
186001656
186010624
186116298
186166669
186243923
186284325
186332429
186552884
186604645
186618879
186630658
186842187
187032031
187155234
187205722
187219013
187224365
187558281
187714952
187872660
187916344
187931892
188044218
188216692
188219522
188305192
188363742
188616589
188649049
188870108
188929568
188975986
188992900
189106646
189150610
189229656
189320998
189387528
189443401
189467836
189520210
189550830
189828227
189978794
190221362
190340492
190493371
190523322
190578863
190643423
190722832
190751299
190752700
190826171
190890110
190918224
190936344
190978405
191139343
191270483
191406013
191430339
191461506
191542833
191743304
191743538
191789333
191842636
191900193
192109191
192153971
192185298
192200402
192396530
192453634
192793190
192805782
192846707
192847313
193003729
193307754
193354403
193449865
193564134
193590841
193802324
194034351
194210244
194353800
194362388
194379614
194389365
194417465
194528534
194531388
194550690
194606716
194623868
194823837
194884492
194902482
194903308
194996284
195002620
195167082
195200594
195318668
195565230
195565910
195760862
195767684
195797039
195904859
195928759
195936284
195944580
195985730
196250603
196316738
196611844
196692363
196840717
196881673
197053414
197338379
197421681
197568708
197596013
197637899
197638058
197697360
197810242
197844039
197852858
197909264
197921641
197964252
197999824
198088785
198134036
198305058
198377807
198420567
198483653
198546839
198655784
198671669
198677297
198719754
198737722
198751406
198807128
198818132
198879973
198985412
199126586
199228498
199230581
199318633
199336128
199872271
199886910
199952678
200022791
200033200
200116619
200174335
200353844
200465204
200574073
200714454
200734260
200756169
200942800
200994870
201020607
201024606
201041084
201108476
201134482
201163535
201251219
201302370
201333686
201405401
201552434
201738783
201800544
202225662
202240881
202322403
202334880
202387717
202550151
202699554
202700043
202880476
202884038
203188081
203236380
203309698
203537489
203676977
203903025
203923590
203930718
203953886
204291270
204343366
204400028
204552360
204583397
204584784
204871784
204899828
204930650
205080873
205114395
205160917
205165429
205234007
205529588
205576008
205598372
205639783
205673920
205814381
205832310
205866428
206013228
206064682
206260494
206309521
206348489
206368038
206734762
206850191
206885117
207004322
207004425
207065586
207114705
207366072
207387934
207451040
207463048
207501587
207510077
207644824
207717881
207931406
208101520
208163271
208203689
208333645
208494027
208709556
208733118
208992622
209054994
209055305
209121614
209169437
209343421
209412085
209586425
209672399
209672817
209708929
209720276
210037143
210132406
210518478
210609619
210612775
210727149
210885494
211112181
211479963
211487368
211588229
211638475
211663087
211780346
211822165
211838456
211914618
212022719
212053600
212401671
212484970
212535927
212564187
212627169
212865974
213013926
213160075
213167555
213229270
213258795
213632445
213745679
213823063
213991832
214046319
214116478
214764457
214952141
214986936
215055412
215164528
215328466
215354983
215534926
215950725
216100097
216150704
216262834
216267054
216293838
216589226
216634665
216714015
216718387
216970166
217037537
217200812
217336364
217391757
217496989
217531429
217582243
217923584
218010183
218020571
218153913
218173431
218287493
218314287
218412960
218642171
218654873
218749943
218797367
218949154
218983584
219055811
219077474
219295336
219301168
219332727
219489913
219492347
219689917
219935186
219939265
220159134
220338851
220563740
220575162
220621302
220667949
220696474
220728977
220916657
221057939
221099435
221189465
221194312
221335464
221423352
221464339
221676872
221798611
221916707
222231470
222893181
222947355
223115695
223155446
223216893
223431322
223439635
223646672
223706938
223754261
223756222
223773855
223845952
224274725
224350108
224571369
224613397
224638803
224746473
225058563
225212509
225689049
225707545
225731549
225818782
225830882
225841793
225889135
225960045
226133502
226140961
226315077
226372466
226599267
226600817
226642843
226847862
226889234
227287084
227419106
227466813
227555316
227619102
227706647
227723301
227759842
227799431
228127459
228204081
228270938
228339105
228375552
228402105
228431748
228478783
228592023
228895198
229102570
229102621
229125838
229215891
229333589
229444487
229475571
229843769
229874339
230005852
230112904
230114002
230387228
230511340
230525708
230527392
230595394
230606176
230715944
230998241
231182335
231246251
231419065
231446956
231653666
231727401
231826816
231934864
231984066
232112334
232116742
232131093
232205954
232214949
232228107
232499523
232520843
232755151
232803595
232804691
232824213
232913294
232928461
233188519
233244946
233275898
233582957
233641514
233658265
233743077
233754600
233759104
233840428
233840808
233866648
234017120
234049351
234121071
234256474
234354422
234410546
234510315
234559939
234577494
234669941
234712775
234737257
234843959
234936156
235293843
235315736
235551184
235824375
236201288
236406669
236597860
236766689
236851596
236925433
236941959
236994395
237125534
237202408
237215492
237524366
237664112
237880830
238036548
238088583
238339377
238411540
238586196
238595587
238639236
238801713
238952532
238956414
239248289
239385519
239514891
239543960
239611069
239924920
239989853
240020577
240047351
240075900
240126280
240186473
240486761
240496159
240606406
240655969
240891606
240938973
241030388
241094117
241122244
241188170
241208907
241230370
241320710
241619144
241625220
241783962
241794154
241863799
241943451
242085635
242563425
242584922
242629888
242866018
242873773
243072371
243091321
243155582
243346818
243397549
243749047
243840633
244074194
244169243
244300130
244337972
244401138
244525626
244611907
244782129
244878843
244906400
245295724
245766421
245922607
245932437
245949784
245981262
246360281
246624596
246665767
246757744
246864778
247122736
247352403
247396098
247479402
247521302
247561912
247675078
247906146
247926063
247939428
248175862
248212370
248219845
248255962
248307838
248315194
248474409
248601837
248870806
248938807
248962731
249117354
249298315
249303288
249451520
249470411
249698716
249890863
249896910
249950526
249992667
250026383
250037285
250221826
250427818
250445287
250488661
250672821
250803612
250936284
251001215
251013162
251071606
251146156
251261513
251266376
251303164
251396610
251549530
251664622
251688001
251752951
251793678
251859412
251980054
252127998
252202669
252224075
252383210
252387168
252641892
252717871
252841305
252898300
253034443
253036636
253082517
253092500
253206960
253214346
253397055
253501599
253577494
253705022
253824757
253845695
253879278
254007103
254062848
254128510
254129884
254173668
254299068
254353480
254379459
254466226
254487335
254667586
254726999
254906550
254938732
255002407
255032524
255041940
255096586
255124868
255143306
255504591
255513764
255686723
255959806
256156120
256282096
256538671
257059878
257082582
257240084
257431985
257443576
257477574
257788403
257807581
258003795
258123152
258276052
258411309
258580248
258684645
258747355
258971125
259015516
259055838
259107264
259165896
259255058
259428261
259616102
259623549
259668253
259792667
259804044
260068634
260224450
260325562
260367809
260492091
260494144
260620656
260626802
260781419
260913825
260990212
261083346
261168158
261174903
261278950
261587119
261609802
261669966
261703095
261831954
261849318
261871546
261938907
262040419
262099513
262117318
262133819
262328322
262407601
262580836
262632594
262835791
263046250
263132717
263134461
263158695
263284954
263290498
263368278
263417610
263454805
263542350
263689221
263797256
263814224
263838683
263847491
263860938
264215740
264220787
264239878
264241332
264388535
264441061
264609534
264744282
264969025
265045240
265139392
265148299
265168264
265332356
265631073
265995079
266105451
266225616
266228914
266260864
266281881
266358443
266490819
266507497
266681532
266691714
266795680
266834659
267051006
267079727
267339841
267414686
267455422
267499918
267517694
267562392
267564716
267741871
267782442
268145648
268207094
268266332
268266724
268331318
268340159
268409857
268413567
268468438
268546216
268621338
268684586
268692318
268720247
268955161
268968324
269119082
269131138
269308723
269391525
269510061
269624276
269797156
269862798
269892279
270078185
270087104
270238358
270650889
270689098
270728651
270943916
270958837
270982233
271044846
271097479
271324366
271385675
271409148
271520989
272076259
272184196
272243371
272283530
272342673
272369791
272379516
272640777
272669319
272717331
272853427
272920226
272932926
273012840
273184469
273221958
273290720
273456012
273531435
273702642
273923113
273959201
274157898
274305696
274377605
274412716
274422378
274512304
274608460
274982876
275082309
275210012
275293982
275338702
275480276
275542298
275547514
275623985
275685260
275770892
275772583
275812197
276023068
276030342
276145317
276149461
276322908
276324781
276326460
276466654
276534230
276614200
276617690
276646895
276865727
277216289
277426638
277434772
277445315
277452397
277561627
277707785
277766063
277891629
277893779
278047391
278064074
278349365
278365346
278437377
278503757
278583678
278618451
278738132
278764484
278775546
278909309
279032181
279134535
279301279
279362682
279419313
279447436
279450856
279769089
279806673
279898349
280071551
280216828
280507556
280890109
280985254
280987007
281092697
281415246
281574936
281619038
281690242
281791627
281922866
281964098
282199426
282307835
282320186
282495052
282685086
282790460
282821178
282855205
282963732
283071452
283143743
283291965
283315053
283383325
283496174
283536937
283551166
283972149
283996742
284107218
284365869
284372535
284542349
284616843
285092844
285228883
285417966
285502950
285556460
285758322
285765324
285900241
285934823
286086131
286137499
286348443
286357282
286370142
286529149
286567985
286590262
286629194
286656042
286788204
286830014
287034222
287274875
287377597
287443751
287737834
287791571
287851588
287974830
288070227
288111422
288139605
288207363
288289172
288434004
288474032
288647526
288886429
288904791
289146253
289295766
289299700
289334284
289358214
289592569
289602254
289622903
289751926
289776674
289782539
289831021
290012308
290204661
290262933
290298632
290314097
290571688
290577706
290781821
290800915
291063997
291111726
291170276
291196060
291359564
291364372
291384400
291775620
291862911
291919508
292050293
292186880
292202775
292228615
292248663
292276896
292323675
292521289
292525001
292604414
292807553
292824066
292853953
292933672
292994457
293170931
293183796
293218789
293299277
293311436
293529439
293545838
293802663
293834654
293926661
294158519
294187981
294333178
294362781
294385448
294438542
294457457
294673218
294706852
294748824
294769190
294862778
294975504
295087525
295114625
295534002
295587955
295677527
295739629
296176198
296247093
296300991
296345937
296378772
296417980
296491911
296625971
296738031
296780588
296833536
297166434
297222998
297256290
297372880
297400912
297498541
297571832
297583570
297647497
297652812
297662345
297768580
297878144
297897842
297937468
297968335
298003066
298075628
298229486
298242919
298301524
298453544
298676681
298723881
298725600
298908631
298921689
298954040
298962443
299028404
299062272
299159301
299294935
299384294
299536220
299606312
299632276
299674413
299746664
299858650
299882242
299899511
299913408
299986386
300067304
300206033
300206607
300584385
300594179
300754639
300766577
300882605
300898409
300948478
301004369
301135729
301164982
301186301
301278145
301296124
301372164
301639309
301726778
301918931
302030728
302049726
302055786
302234139
302320716
302432598
302632433
302681744
302809804
302883725
302884046
302939965
303254878
303435304
303595286
303596948
303602194
303663646
303679321
303748115
303761093
304030291
304047246
304104180
304175711
304180879
304191494
304297835
304562157
304636620
304798945
304865921
304894357
304934138
304947214
304976699
305047438
305173060
305343437
305370846
305627272
305641006
305646656
305878505
305965751
306152330
306269048
306482398
306678739
306925957
306992457
307121409
307141989
307284027
307287697
307302170
307356454
307389757
307538547
307547935
307816375
307995792
308002671
308004180
308121220
308190956
308595562
308671364
308781905
309213837
309252684
309597767
309741813
309848779
309881421
310116031
310127022
310234126
310286520
310379707
310504828
310706982
311423310
311469538
311715287
311767901
312059964
312087619
312219749
312298330
312308943
312371425
312545081
312658382
312710451
312747776
312795316
312834511
313081695
313141151
313193547
313260162
313291315
313510192
313547760
313759777
313983158
314008441
314118905
314158508
314621361
314725271
314733128
314913598
314941261
315074380
315081405
315168131
315320702
315446809
315453165
315488512
315535358
315619530
315707839
315784720
315831252
315892812
316062524
316074874
316162214
316284576
316363865
316378623
316525090
316526571
316671005
316730803
316789903
316825296
316912802
317006163
317118108
317195309
317281536
317302527
317322702
317350707
317645942
317920361
318044832
318254117
318486156
318575378
318826010
318852123
319008446
319125126
319351866
319365473
319898064
319899776
319968363
320016096
320224576
320564983
320698270
320757358
320896069
320905051
320908435
321187774
321195245
321341246
321512727
321563829
321671174
321823591
321905431
322033587
322034638
322214894
322325719
322422684
322464233
322694569
322787605
322993641
323019656
323098818
323098820
323113479
323285745
323314102
323325322
323503670
323584320
323673739
323688118
323705699
323966817
324071610
324117575
324241796
324280469
324336479
324450702
324473488
324539990
324823773
324829902
324834482
324940211
324955327
325009640
325147145
325149135
325204851
325332592
325523289
325596820
325684148
325907677
325917909
326018620
326102840
326116355
326342156
326442308
326514555
326556346
326556744
326562820
326651816
326692758
326739350
326794097
326834153
326860382
327080355
327104161
327136355
327300010
327314081
327385426
327567989
327572450
327740882
327800152
328059561
328061566
328078723
328110504
328207158
328232366
328267637
328340172
328492969
328506653
328652841
328798540
328865878
328875512
328938467
329007490
329082142
329546542
329593188
329705077
329923069
329933638
330080093
330124997
330306908
330339372
330456859
330615134
330899774
331112548
331193519
331223926
331289664
331338891
331386793
331441708
331695459
331709094
331742398
331827754
331828213
331916772
331930030
332026674
332089299
332238706
332410899
332412359
332441937
332458025
332478389
332796395
332853121
332897869
332931825
333003409
333298645
333451993
333499494
333565882
333596096
333739334
333793525
333890802
333927721
333930012
333971182
333991453
334064460
334274899
334819369
334863815
334876160
334877030
334885767
334919382
334945149
334975923
335090098
335343608
335557861
335648727
335689018
335772842
335778161
335830691
335868383
335945233
335956421
336081913
336104115
336263191
336269023
336389761
336576983
336686406
336723040
336821842
337029944
337184086
337279664
337307648
337331363
337352687
337469551
337589128
337653716
337723641
337802149
337943208
337958214
338079435
338089539
338094563
338246391
338250641
338388165
338401980
338554169
338588665
338669622
338766202
338772835
338879092
338935587
338937256
339128712
339268489
339385630
339488346
339649187
339668131
339738520
339825657
339858700
339884875
340099798
340208473
340299086
340329226
340379166
340412732
340425006
340436236
340475279
340492807
340788657
340791528
340813577
340852007
340930183
340952388
341015208
341134671
341321221
341432824
341445570
341726916
341789786
341962679
342011996
342040100
342247200
342365863
342553156
342556336
342717727
342783910
342838184
342889370
342892325
342894673
342980710
343025645
343066699
343137506
343559343
343595058
343689119
343804728
343851568
343889666
343923799
344081587
344481921
344506572
344654572
344708898
344878376
345065899
345093847
345344433
345410011
345607421
345809207
345855516
346115412
346138843
346220765
346230045
346288387
346364572
346393096
346420580
346445811
346592966
346629491
346717724
346745285
347086198
347387357
347503453
347701517
347729918
347756986
347871445
348016595
348077073
348367827
348448524
348474650
348497395
348505304
348508872
348516170
348530423
348585701
348643267
348729123
348897222
348911754
348920259
348942772
348988124
349289779
349339680
349379568
349515082
349594793
349658480
349673055
349697994
350103790
350448893
350493135
350511900
350611249
350704033
350730232
350747182
350898847
351052548
351259145
351309286
351405371
351442250
351717245
351868333
351944234
352254458
352260060
352270477
352326794
352417001
352459223
352930755
353013353
353040416
353112710
353159782
353294106
353344594
353557802
353565812
353583667
353677576
353990452
354058244
354117569
354183743
354264152
354296140
354530984
354755419
354784580
354896374
355108573
355393693
355522881
355568066
355629723
355763591
355769427
355966272
355967519
355992481
356335237
356453151
356532301
356698256
356699347
356747112
356826146
356831645
356920596
357023178
357090878
357092465
357099912
357271356
357381067
357449112
357665618
357676741
357742262
357797659
357827129
358176230
358204830
358399870
358666778
358976587
359125707
359141922
359155773
359306604
359348687
359658445
359757427
359854176
359906344
360200595
360228327
360238354
360246229
360418776
360466228
360535199
360642106
360677595
360956457
361059161
361168617
361224576
361236520
361360650
361547080
361781890
361913019
362048078
362353193
362359245
362650434
362871295
363356956
363393368
363423532
363478898
363500367
363504257
363566397
363615130
363616807
363646944
363687860
363841686
363853751
363985338
364108469
364112690
364117890
364151532
364309357
364386654
364404981
364440545
364489009
364673342
364783195
365165389
365466456
365494889
365507539
365600435
365722743
365803824
365871937
366007100
366010743
366143901
366398272
366407621
366496160
366524282
366568343
366755550
366763230
366788756
366988430
367066667
367317821
367413868
367523057
367918659
368164322
368217178
368259178
368262998
368308570
368360040
368497654
368575512
368630637
368647262
368681646
369029475
369038471
369075232
369115427
369483743
369515257
369677931
369678153
369809988
369964677
369985759
370021404
370315454
370601430
370772987
370808280
370828403
370919339
370985195
371326128
371353359
371731143
371790664
371810267
371843564
371888717
372078433
372141055
372342714
372492718
372551162
372695715
372799840
372959006
373038852
373106214
373157234
373176965
373223881
373229083
373264169
373271881
373427653
373462049
373497653
373714791
373966317
374072943
374174363
374314837
374363560
374665602
374680727
374721750
374736438
374736839
374807516
374904387
375278555
375615933
375657763
375674533
375683049
375942812
375976478
375988750
376008337
376018571
376060263
376105044
376112803
376132979
376181736
376372962
376375594
376492267
376568897
376636515
376638635
376648074
376815495
376856790
376967894
377006968
377019375
377108407
377114818
377414974
377435445
377449820
377469471
377475218
377523622
377551218
377582506
377756310
377794254
377986885
378033031
378145892
378186402
378214707
378377414
378541048
378632354
378665385
378716270
378736282
378801821
378803004
378892960
378936330
378980518
378991519
379561174
379651058
379961674
379962602
380002398
380056592
380156477
380282315
380298079
380353070
380378188
380629591
380673191
380725623
380814851
380845639
380867647
381124841
381347185
381361938
381456043
381589307
381604808
381697582
381731260
381839006
382018878
382144064
382230689
382272629
382311776
382318491
382336144
382437187
382477410
382544264
382558916
382679236
382696758
382809846
383068800
383084019
383111397
383119067
383325823
383435010
383519282
383569112
383614337
383686446
383982387
384017918
384082811
384272583
384356680
384367801
384385150
384410940
384555682
384619474
384656474
384668196
384678685
384977586
385517374
385637790
385757259
385825375
385939739
385966376
386042768
386058772
386148178
386202823
386425244
386718241
387108067
387109138
387117196
387179865
387404288
387708748
387715866
387777833
387956862
388050125
388062965
388081584
388221707
388370114
388438970
388447869
388495180
388495786
388583193
388825662
388874251
388880885
388883235
388942799
388972851
389247470
389291763
389331003
389354589
389547434
389584468
389710941
389843247
389914939
389956968
390164408
390182707
390227179
390238294
390279688
390369950
390411375
390510750
390522749
390642711
390655004
390755962
390905679
390952785
390999543
391021360
391253991
391262525
391274557
391350146
391362441
391569841
391752084
391816794
391925830
391947403
392050339
392063746
392110736
392142460
392197534
392284537
392339637
392348392
392480936
392496095
392548359
392711924
392754698
392858740
392968026
393236472
393253961
393255989
393319735
393326487
393431496
393564495
393691076
394271889
394322768
394429832
394484658
394530045
394553141
394572433
394605690
394619798
394657540
394893331
394922009
394943877
394949734
395062460
395095931
395203596
395215037
395318798
395486714
395596179
395632462
395640156
395840773
395872262
395876430
396019688
396280384
396307031
396329627
396403560
396469352
396652590
396755710
397077379
397325945
397869033
397878652
397889934
398174193
398313876
398317866
398351134
398356811
398396492
398425043
398618529
398776469
398908584
398969141
399202966
399207747
399213795
399241813
399270005
400082483
400105835
400171694
400192067
400228732
400644858
400694330
400917485
400946686
400968734
401059684
401177702
401204548
401323922
401512423
401665510
401713447
401752133
401763367
402028289
402090341
402246316
402253466
402359311
402405640
402650779
402660802
402677365
402704440
402732857
402734579
402780712
402854007
402931347
402945536
402949302
403127816
403132808
403289021
403528224
403530870
403561488
403574750
403703996
403940447
403955422
403974714
404024834
404255856
404621732
404694578
404695533
404845582
404888417
404975306
405059083
405129395
405282074
405297766
405308073
405618644
405686283
405718279
405752669
405854427
405973000
405984423
406120309
406160796
406375259
406380911
406422998
406727431
406767211
406783990
406863859
406985501
407068710
407099556
407173980
407208106
407211249
407283547
407484200
407498892
407551949
407599450
407685468
407735967
407741868
407904416
407963120
408014741
408022174
408036551
408111023
408145227
408240958
408265815
408284042
408314551
408359706
408362548
408463386
408587744
408591125
408601038
408650220
408760591
408799164
408979296
409053491
409129223
409271015
409331522
409456833
409483971
409606864
409607558
410136049
410196532
410227027
410243810
410504242
410917861
410944680
410982253
411074466
411164204
411207209
411219225
411256342
411280433
411283289
411323500
411335760
411336396
411370305
411411856
411415455
411479581
411509485
411605475
411755360
411759769
411839651
411908959
412144141
412163816
412585478
412605843
412632358
412636308
412850319
412950689
412953196
413243328
413615954
413629987
413634042
413670749
413842131
414100249
414115098
414171094
414275745
414327287
414355930
414405669
414491285
414567628
414585038
414600300
414615261
414682352
414692294
414699107
414976066
415017643
415086016
415119324
415227240
415300360
415399734
415933467
415977894
416039529
416088341
416186693
416305338
416518712
416705887
416978156
417202396
417314562
417345359
417480092
417897222
417971638
418189516
418302339
418335483
418397438
418403945
418420395
418532934
418737534
418786796
418793983
418896952
418908472
418985235
419230814
419259716
419339912
419458846
419665349
419678076
419714037
419783116
419922687
420024679
420053215
420347721
420433726
420865327
420969982
421064709
421230245
421364936
421379347
421396604
421537043
421649788
421660768
421880264
421887616
421928798
421965527
421969463
421977814
422115265
422292326
422304152
422355610
422641196
422766630
423022538
423033061
423053623
423206598
423338325
423410174
423580298
423584735
423825403
423861007
423898370
423974216
424036148
424042176
424118713
424197182
424431712
424820372
424933736
425108076
425115215
425183764
425212292
425254813
425289591
425461429
425526087
425537042
425649022
425702172
425760594
425805439
425815295
425969969
426102168
426256528
426565841
426677923
426679162
426741395
426868657
427123554
427229249
427246310
427261766
427340443
427341368
427426253
427435119
427606624
427828162
427879818
427892231
427946196
427949594
427998597
428009962
428095873
428259247
428284571
428296138
428445634
428524067
428646746
428666503
428727045
428768455
428801978
429049385
429094476
429189608
429353290
429472557
429568781
429651285
429746815
429813404
429916922
430004278
430377882
430585725
430627726
430643737
430919653
430950404
430983949
430991529
431035124
431079435
431100654
431284096
431397647
431420530
431456472
431492993
431596326
431657172
431685531
431802696
431832247
432321454
432370507
432391785
432498993
432570128
432705031
432756222
432795429
432919277
433121471
433136510
433344367
433579671
433608284
433677835
433809353
433916728
433984901
434124244
434132229
434228593
434257808
434272662
434312468
434336447
434418758
434444454
434756279
434774010
434901360
434985090
435209740
435245045
435329441
435351956
435461799
435631348
436142974
436147723
436284985
436390830
436492988
436705913
436723630
436760964
436841941
436918322
436934635
436965955
437001750
437153491
437204150
437306700
437389621
437486868
437511558
437557262
437573002
437584002
437669641
437688593
437787172
437943138
437978822
438169495
438171982
438398303
438399052
438425202
438735969
438789972
439055830
439091353
439332839
439637258
439701711
439718493
439723309
439779487
439780723
439806344
439848830
440010494
440148076
440262067
440369008
440469144
440508642
440665671
440674941
440692445
440698602
440769473
440988090
441043915
441083568
441255677
441404135
441434877
441554541
441574675
441659942
441674675
441743571
441961157
441973533
442046527
442244015
442539145
442542838
442765155
442954748
443127857
443132767
443213095
443389311
443410400
443687712
443836342
443934858
444006345
444277345
444343131
444544481
444734020
444741458
444749394
444787234
444818834
444902309
445060168
445062964
445359699
445392303
445431366
445518021
445568280
445637223
445806232
445808517
445840081
445872442
445907147
446025471
446141163
446330442
446343528
446354644
446563511
446618158
446628153
446650482
446696121
446762272
446770265
446888592
446975023
447027902
447111596
447341733
447361175
447456762
448025365
448052617
448066426
448097223
448109490
448144845
448418951
448451205
448497767
448713833
448820496
448897383
449191507
449205172
449272086
449347835
449350403
449391667
449655466
449688617
449699619
449839527
449964507
450014832
450047324
450089769
450198979
450202669
450237419
450291387
450337155
450400715
450477699
450513348
450666042
450703506
450726874
450800034
450939338
450996228
451033340
451060316
451065254
451115231
451144894
451190693
451336358
451517783
451573665
451586233
451649515
451787229
451874376
452003618
452239893
452244952
452502172
452508453
453119118
453846133
454116436
454120341
454229732
454247554
454412576
454464612
454478415
454765329
455008147
455106302
455282547
455327584
455361758
455462222
455648187
455675289
455779804
455871302
456044778
456073383
456203743
456236616
456259162
456327173
456666993
456744712
456833133
456884903
457278587
457447654
457493511
457519680
457608498
457697722
457787320
457900937
458335193
458566815
458660058
458840642
459102941
459134196
459222248
459250596
459313794
459380814
459389055
459456801
459682349
460031996
460050181
460074868
460097699
460190121
460252705
460377669
460579517
460594020
460770520
460807771
460870920
460927309
460930221
461079420
461315320
461317702
461580688
461854661
462047946
462140439
462141441
462305832
462358990
462359629
462410710
462551163
462597860
462657959
462722010
462772455
462786969
462885447
462907253
462915074
462923251
463056567
463219592
463497495
463512639
463672134
463915207
463920894
464004889
464091173
464184231
464234638
464264618
464330481
464348479
464409380
464538739
464594561
464638899
464671300
464760115
464813249
465079588
465426587
465528196
465568155
465674768
465969224
466011018
466069801
466089252
466095602
466118118
466152842
466453581
466515910
466719676
466776659
467208260
467469957
467691103
467737817
467793415
467903163
467928891
468098644
468257619
468273539
468337027
468360684
468544022
468556266
468569607
468591873
468650572
468876766
468914149
469002843
469047789
469083484
469129433
469230816
469297608
469312647
469385606
469554054
469644094
469751934
469850861
469860348
469865125
469879000
469976964
470134633
470423090
470434922
470435924
470461712
470482432
470520770
470604822
470678873
470766818
470805363
470960914
471088259
471098469
471108346
471130084
471156878
471329777
471425541
471873763
471919095
471968204
472059962
472070021
472098142
472123519
472383841
472561784
472566091
472568377
472626443
472811104
472895602
472897442
473020223
473279262
473458003
473520272
473918909
473928393
473957286
474188857
474196109
474359988
474445948
474493934
474518655
474533235
474548026
474548684
474727402
474959914
474959999
475013673
475065860
475144908
475202322
475283080
475306330
475315162
475423667
475567316
475591588
475849904
475906298
476034879
476167180
476181776
476184389
476195341
476290273
476508687
476799668
476925821
477161252
477267279
477267368
477310448
477507701
477540659
477677446
477750426
477757359
477889857
477967663
478187904
478313437
478368242
478456079
478493066
478705374
478707686
478882087
478986105
479067564
479153506
479157534
479605569
479825513
479949426
480109850
480292888
480305466
480563524
480640787
480697336
480774445
480883182
480978329
481069259
481133829
481316058
481383500
481422851
481574237
481650319
481709056
481933747
481983423
482484987
482635157
482912794
482938146
483123837
483270426
483389999
483488955
483755155
483938925
483963753
483984488
484106333
484174848
484183370
484207030
484216484
484217269
484329071
484378606
484380486
484416467
484548363
484913693
485046766
485066605
485218948
485341818
485706734
485721069
485729978
485732643
485739460
485841300
485936859
486002853
486037315
486375411
486433182
486501833
486603165
486709016
486794445
486856021
486926291
487032648
487080657
487283765
487623395
487680110
487710168
487778508
487861654
488071812
488234158
488381318
488447421
488504148
488526011
488943528
489083366
489095539
489306339
489323014
489439095
489644613
489655186
489730527
489802301
489879899
489904536
490081550
490204013
490214584
490405874
490534111
490558804
490633533
490639712
490640184
490659822
490662801
490807369
490829359
491262462
491394419
491476804
491677711
491678936
491848516
491912058
491990057
491996660
492320305
492357389
492466326
492548776
492585923
492926460
492970323
493001561
493044751
493144281
493147244
493234681
493249228
493254114
493372031
493390032
493406995
493555187
493647234
493677301
493726005
493850421
493956334
494122236
494172774
494378470
494484248
494631632
494637463
494702779
494856446
494962453
495213342
495303564
495425113
495476375
495533988
495599397
495747896
495770637
495877677
495975795
496073222
496083465
496116125
496124391
496201031
496239177
496392809
496415449
496457616
496535258
496743141
496762026
496797724
496828924
496896871
497062177
497197538
497259082
497367608
497458570
497462823
497596545
497708267
497770780
497799357
497978260
498132502
498143853
498202054
498466511
498626683
498639294
498685669
498773365
498899441
498915478
498971515
499091960
499418324
499440540
499502009
499610540
499610845
499642684
499756954
499766063
499811483
499840468
500086698
500403603
500453162
500497746
500535934
500638644
500790974
500954995
501388435
501467045
501483410
501531450
501755049
501769169
501919917
502047218
502061918
502073843
502100089
502123785
502124550
502128225
502205416
502248429
502449188
502788820
502958570
502960252
502962371
503164043
503236369
503281995
503420742
503423842
503494280
503598727
503628235
503649985
503670172
503713673
503739293
503845750
504126279
504140298
504166421
504412031
504427316
504448359
504822314
504892870
504966904
504992067
505200033
505339864
505362467
505527260
505573740
505633766
505738550
505888455
505906510
505986863
505992509
506147817
506342071
506426947
506438804
506476068
506664333
506749877
507165477
507229533
507241375
507257939
507375101
507392808
507426098
507596388
507693424
507743852
507802445
507815011
507888401
508090830
508112952
508117717
508210666
508278096
508825845
508883669
508912676
509046466
509048291
509247722
509276459
509375679
509449394
509677102
509782840
509917148
509971971
510118677
510138037
510223928
510724554
510727151
510926167
510931601
511075321
511138033
511190264
511196146
511239408
511501583
511532845
511672471
511717780
511876113
512259459
512351406
512366839
512497681
512856911
512902868
512985451
513046367
513118700
513150818
513455337
513719414
513802723
513803126
513806532
513873310
514085997
514170031
514188330
514343717
514346000
514585747
514772328
514975123
515031052
515049934
515133158
515175393
515358107
515488839
515567327
515766418
515803463
515937037
516063188
516109825
516125714
516223617
516250429
516486265
516536418
516605222
516622699
516644899
516658793
516680934
516865885
516875688
517074478
517260592
517369578
517421901
517501345
517713735
517960088
517985653
518304010
518457614
518513530
518549020
518630337
518668113
518766189
518826016
518947296
518968078
519188572
519237299
519277636
519367827
519475340
519703860
519731669
519746039
519788201
519937683
520034190
520126120
520269092
520423993
520537722
520631402
520710349
520712308
520807462
520850112
520900544
520967977
521027928
521150909
521317809
521380425
521443908
521451149
521548592
521627582
522182054
522285424
522488012
522966295
522970959
522983623
523051581
523164556
523228814
523289137
523300662
523345549
523458363
523499606
523521256
523616936
523667136
523697892
523862207
523868142
524073980
524196783
524415439
524487453
524505915
524528019
524840362
524993648
524994641
525435469
525536454
525672035
525731200
525873449
526035334
526056535
526075608
526081726
526109478
526301740
526327032
526333343
526675601
526750984
526802899
527197454
527204837
527219813
527273293
527494224
527719691
527843780
527894317
527916228
528052521
528055121
528069885
528223742
528349089
528447877
528487863
528843677
528976024
529134487
529134527
529374270
529379801
529443042
529465984
529471612
529489148
529509574
529513200
529849795
529885327
529955694
529986636
530137320
530179189
530302589
530392235
530439124
530526693
530577236
530580037
530737016
530791657
530806251
530876028
530968459
530997415
531026432
531034529
531263193
531332925
531443147
531549059
531757373
531930924
532000784
532004769
532149616
532189940
532350881
532630680
532807146
532829353
532923464
532983180
533145833
533284245
533291817
533346815
533414972
533431523
533593106
533704424
533733913
533812869
533852220
533944649
534060024
534103453
534245592
534300626
534392156
534404897
534443819
534503097
534635829
535008308
535061102
535068849
535082253
535256206
535390480
535503480
535521909
535558986
535582017
535641410
535653630
535664982
535665740
535802790
535878628
535897274
535914109
535991149
536026405
536112383
536150815
536182176
536296633
536299459
536423885
536633774
536697826
536895258
536901657
536973794
536990042
537183553
537394279
537422568
537488221
537605695
537645945
537699604
537784295
538121714
538141955
538351001
538367805
538391264
538808543
538933813
539100948
539117341
539255906
539268459
539558058
539680841
539819063
539869005
539896309
539930992
539985084
540066627
540152517
540285171
540316079
540392381
540594033
540629160
540649776
540881371
540998557
541218254
541356392
541604454
541621339
541846305
542288337
542290198
542415418
542426522
542505357
542630512
542651572
542682411
542746146
542795469
542796935
542804786
542891238
542913908
542919366
543053257
543115110
543320335
543339749
543356349
543427411
543447797
543503477
543749257
543765187
543772980
543896556
543980301
544240577
544346892
544406922
544486996
544495778
544698570
544719441
545084898
545320187
545501489
545508636
545660161
546019231
546104218
546119330
546127723
546198019
546204728
546392249
546652565
546703307
546870787
546989354
547033299
547078170
547118897
547187319
547223759
547516810
547761149
547832556
547894853
548215137
548228918
548258817
548283412
548322707
548384215
548528994
548554891
548579582
548662922
548717593
549123224
549136990
549151678
549200723
549228850
549444300
549481238
549483877
549543676
550041334
550136171
550151031
550671133
550677457
550705114
550724828
551047041
551054322
551070413
551333917
551768221
551825737
551917063
552021013
552139117
552256741
552260256
552338469
552357244
552378837
552436540
552481564
552565444
552721251
552868093
552883972
553144898
553249148
553453673
553929456
553973430
554136854
554285463
554414625
554447220
554476928
554534913
554551432
554551894
554618856
554643192
554773154
554786714
554889410
554966823
554980571
555120182
555294243
555405150
555547246
555791443
555861930
555950917
556042136
556176807
556423341
556537684
556538651
556639133
556705131
556811910
556876946
556912449
556950916
557050175
557297666
557297881
557396071
557408690
557464793
557466944
557559620
557774197
557807001
557901391
558112289
558117192
558136874
558175798
558228892
558464047
558500605
558524668
558559396
558722877
558747330
559020624
559034010
559141840
559165166
559197478
559197654
559269025
559405355
559730647
559870800
559968284
560053642
560349701
560681435
560708415
560730892
560734693
560882277
560943647
560996843
561038376
561050671
561086632
561129280
561250491
561283808
561341680
561561900
561590644
561635483
561676126
561706112
561790346
561854356
561928039
562051761
562114943
562171620
562399572
562546012
562740882
562803469
562922788
563015914
563032880
563191504
563210340
563408724
563628283
563765181
563912909
563929719
564118769
564144814
564214285
564348938
564356126
564381206
564456815
564499363
564728643
564741376
564926669
564968473
564988627
565028455
565080438
565243015
565257290
565402568
565415606
565502727
565601546
565695281
565731633
565738406
565757038
565829693
565866124
565870523
565926074
566230182
566245944
566256498
566542277
566556759
566785080
566829924
566881082
566890095
566894333
567195317
567234379
567251367
567391863
567483992
567527350
567557253
567680576
567747658
567748797
568118846
568465923
568527334
568548209
568548302
569247286
569356218
569464283
569510269
569659665
569712811
569784667
569928378
570041162
570076989
570216417
570305386
570461691
570616700
570660373
570929666
571105450
571148825
571167340
571399923
571999902
572022603
572059315
572102722
572274446
572306363
572732822
572736202
572765934
572902000
572969491
573262351
573286326
573576693
573585943
573769945
573789880
574078907
574081164
574088985
574233899
574238328
574532190
574659607
574727979
574915812
575090585
575228337
575341869
575447947
575504467
575620992
575729374
575902518
576042079
576346069
576348274
576660536
576922615
576942630
576999319
577028304
577101563
577108536
577523199
577688526
578302876
578365634
578392510
578403513
578426453
578533096
578585567
578774043
578880620
578972233
579347010
579368288
579401801
579430417
579467005
579579446
579673523
579809237
580046715
580332529
580382814
580545257
580725538
580834638
580877934
580980451
581059088
581083540
581130945
581224647
581269822
581283815
581324806
581493352
581498919
581657294
581725190
581888801
581966485
582101812
582126704
582198622
582385631
582400789
582502485
582753821
582877775
583036294
583095925
583109360
583187042
583204408
583288762
583414572
583675714
583710267
584023669
584044025
584051635
584188730
584251522
584258524
584316451
584346672
584352558
584475484
584492766
584542412
584786945
585001914
585252152
585296551
585364848
585428211
585524142
585728262
585841500
585853717
585857525
585909763
586078037
586197026
586335613
586537384
586539272
586568440
586595820
586600695
586803298
586825798
586830826
587047674
587124313
587177743
587328978
587341645
587343214
587473981
587660540
587706212
587788706
587827753
588004827
588072281
588225650
588315634
588419936
588628957
589001683
589002937
589074107
589078447
589115814
589531682
589626477
589720783
589721599
589824081
589832875
589927633
589938926
590068593
590095860
590409159
590445574
590617116
590640209
590707169
590735854
590871602
590885305
591027887
591630715
591852057
591890989
591940892
592109724
592210624
592290441
592364631
592425553
592597688
592646401
592651768
592698366
592725875
592786113
593156369
593187021
593272937
593410712
593632292
593641135
593651941
593762221
593818215
593826918
593851779
593892031
593953884
593960600
593973533
593981331
593999650
594019744
594132133
594291813
594320600
594398133
594421646
594641830
594672282
594741802
594889108
595062886
595076731
595101252
595118562
595161795
595183519
595199963
595217248
595226422
595419984
595449879
595554841
595591728
595688382
595700067
595719363
595897208
595973351
596054549
596127751
596410287
596425207
596759252
596886533
596966830
597011074
597082983
597151855
597157957
597254050
597331462
597441011
597470952
597615005
597615893
597622354
597705959
597709776
597753641
597845661
597909927
598029347
598074374
598089797
598100720
598159049
598234877
598312220
598360391
598428495
598447230
598649107
598722551
599190733
599395834
599440431
599474221
599511358
599536164
599803703
599988709
600085247
600262535
600359555
600374500
600553366
600586324
600664787
600806311
600814631
600821566
601051116
601135345
601262747
601330245
601488026
601634941
602011429
602068197
602141405
602336843
602415092
602472253
602559195
602811584
603189403
603237357
603327029
603328640
603333353
603761605
603846340
603909807
604337952
604381747
604489405
604689877
604741922
604808226
604844759
604885394
604941240
605348405
605674738
605704688
605721408
605736006
605776790
605778469
605800860
605894980
605965111
606080690
606369071
606510451
606711705
606879889
606884417
606897779
606941988
606965809
607205983
607349470
607372470
607583909
607692947
607823290
607980084
607999820
608224216
608238009
608262246
608387891
608524164
608872307
609356584
609408192
609731754
609746616
610088734
610284123
610325632
610365819
610762900
610798329
610802548
611119039
611158620
611240239
611315011
611430440
611560274
611608476
611688488
611764597
611894249
611915329
611984989
612208431
612221560
612236048
612274799
612286014
612372489
612520309
612564568
612762937
612777034
612806491
612938511
612991323
613006171
613174598
613347577
613575108
613829381
613900508
614064212
614193649
614216556
614394290
614603092
614888234
614945730
614964729
614998438
615073363
615258657
615544644
615594837
615614240
615633585
615644909
615801327
615814636
615971063
615981584
616055423
616165502
616174932
616315508
616778707
616867514
616996141
617161699
617655533
617827625
617857707
618011856
618049584
618283706
618292590
618457609
618539670
618543709
618544018
618554394
618591555
618692909
618705142
618731869
618990793
619009668
619129833
619198683
619280971
619294784
619539629
619836107
620242211
620386714
620407803
620423258
620478047
620623620
620745719
620814064
620893150
620918303
621169968
621310586
621345786
621371011
621407242
621418416
621698808
621713294
621775675
621899537
622166695
622278739
622307497
622555516
622633503
622696736
622804050
622945493
623112674
623221850
623231089
623256321
623453116
623481786
623502683
623513754
623558458
623584413
623720679
623926380
624257215
624564526
624697430
624721190
625181073
625317811
625357611
625370408
625623916
625892945
626076535
626656217
626683085
626717569
626809105
626829360
627078257
627298965
627300696
627304610
627432454
627453486
627483906
627584905
627636517
627799212
627883507
628003749
628039809
628084106
628133795
628327659
628539594
628618774
628630479
629011621
629064540
629400968
629405296
629450386
629483977
629642527
629759388
629789827
629791643
629792058
629841345
630066138
630096582
630123227
630189061
630242663
630417099
630431035
630742980
630796724
630819048
631058202
631156256
631238436
631363692
631383701
631444903
631610444
631732040
631951571
631982067
632111291
632290620
632300422
632525074
632595902
632675769
632896273
632967357
632993111
633039732
633049607
633206746
633224832
633308145
633616685
633716202
633746318
633821483
633827384
633949349
634020971
634138039
634243711
634259446
634309499
634315737
634336408
634446027
634500229
634503148
634755980
634788467
635005617
635104208
635124054
635215624
635256462
635393028
635446257
635458697
635551640
635703845
635730011
635896927
636042736
636308477
636364272
636366197
636407328
636414983
636449151
636487112
636783330
636881117
636948103
636991521
637235224
637298158
637462305
637549857
637549880
637554198
637765393
637778219
637783648
637928911
637947646
638322802
638354958
638412835
638574908
638620878
638724546
638765792
638787470
638807925
638838185
638874528
638889158
638893009
638909868
639183650
639266928
639280841
639281844
639321878
639567752
639964755
640058189
640111628
640219358
640399782
640586847
640689710
640848711
640996933
641001354
641158460
641178101
641356880
641430598
641495310
641579403
642044560
642167304
642233525
642276843
642308888
642426154
642427730
642917096
642925420
642947168
643308366
643328822
643389352
643406041
643652373
643703734
643716777
643750569
643812285
643910129
644456338
644545059
644693847
644839497
644981157
645368453
645434362
645526321
645639089
645710820
645736809
645993828
646111699
646190738
646194251
646249797
646558990
646659189
646702717
646807320
646862562
646918161
646918829
647249065
647301992
647458870
647502430
647570759
647944446
647991899
648040252
648088797
648094392
648187124
648200598
648292717
648331313
648448174
648507313
648606317
648652146
648731769
648740068
648801412
648804521
648877285
648893616
649056220
649113937
649272440
649693416
649696597
649730637
649773826
649801203
649840556
649851712
649890335
649905340
650111165
650131867
650209120
650300758
650322671
650398992
650492553
650528300
650548623
650553166
650646504
650647896
650927348
651076627
651200758
651226167
651257867
651344851
651448859
651506742
651555486
651759576
651866965
652038111
652050694
652496255
652560333
652588177
652974679
653062446
653221208
653301002
653461839
653511109
653763015
653802691
653877691
653929854
653930027
654361767
654420022
654465792
654471634
654672179
654764180
654896051
655124483
655218982
655425665
655765635
655778359
655989452
656091987
656601889
656698809
656710048
657105548
657187362
657203185
657257974
657462704
657694273
657712773
657723230
657835099
658198618
658274728
658288160
658310804
658408208
658508457
658511143
658627525
658889658
659166429
659220395
659272286
659358880
659700312
659822147
659863840
659930720
660194167
660205687
660223662
660225582
660334198
660387836
660480497
660514361
660581120
660661267
660823417
660898570
660978630
661045374
661055642
661143431
661154177
661224186
661239589
661347441
661353634
661400856
661420484
661629608
661954156
661980020
662189061
662190894
662214731
662323295
662401290
662744801
662762611
662989316
663025793
663031694
663061748
663241085
663410100
663438117
663485171
663666714
663826006
663897386
663994736
664060274
664101311
664139978
664218318
664284646
664444343
664466993
664773616
664862729
664935475
664966728
665183224
665268277
665361787
665406838
665407061
665410295
665591413
665673533
665875859
665900259
666121578
666284822
666313291
666348597
666541407
666553205
666669858
666699853
666845145
666886846
666973025
666989125
667046076
667055700
667234692
667237970
667505925
667672456
667675398
667794909
667885419
668088095
668552400
668705138
668821408
668844212
668873695
669086833
669137377
669393030
669474931
669688841
669715288
669896963
670062775
670212403
670226928
670229360
670290692
670338828
670364807
670389909
670406794
670440519
670448687
670630336
670656317
670729042
670774224
670836904
670992365
671173331
671232103
671244165
671282050
671328660
671329623
671566107
671575580
671602428
671829443
671962698
671966732
672137940
672158702
672326124
672369072
672388862
672406011
672438750
672448776
672463100
672605434
672819473
672885631
672899883
673104448
673145544
673433032
673433280
673449156
673454029
673538032
673569294
673646360
673653462
673712946
673737935
673806070
673823194
673871361
673874143
674079447
674141543
674176817
674308107
674587696
674595397
674794832
674806007
675089557
675106345
675112825
675286671
675466338
675515578
675523520
675554569
675675244
675849550
675894152
675933635
676018139
676186144
676255011
676299785
676460953
676686458
676742775
676772536
676870279
676883853
676897484
676924377
677049308
677126277
677185280
677185430
677619592
677711946
677989733
678039894
678224811
678265029
678344735
678359235
678492399
678509469
678583830
678751871
678820507
678843072
679071335
679255893
679295668
679364032
679418503
679578208
679758558
679762823
679835815
679920159
679966054
680009799
680165519
680194495
680402385
680485462
680530707
680700317
680973088
681048057
681095572
681113326
681154668
681157355
681384493
681457992
681681023
681682654
681695821
681755388
681975139
682130715
682143334
682212215
682308973
682588833
682656155
682668062
682703437
682710419
682895046
683188207
683192518
683279014
683396476
683440338
683731455
683778044
683781977
683880735
683908347
684085682
684281721
684352336
684368845
684487556
684576738
684698767
684838580
684867823
684903730
685007849
685181286
685451235
685485886
685618264
685628898
685798699
685919845
686067970
686081828
686333572
686337691
686439870
686533610
686707944
686797031
686898310
686907513
686928758
687042556
687048724
687133077
687142366
687214600
687223725
687236021
687336174
687427187
687590338
687622895
687624052
687657822
687939150
687960712
688045541
688070611
688227362
688528121
688544555
688653767
688692374
688705263
688911940
688940522
688944592
688951574
688956367
689375995
689393704
689444524
689519963
689549377
689796264
689829471
689961855
689990139
690062372
690065400
690305207
690344482
690481904
690544577
690589777
690692295
690714092
690725571
690728325
690811984
690876510
691115652
691182573
691230938
691402904
691433723
691438576
691506114
691521554
691627112
691727439
691866660
692109727
692125591
692144920
692249893
692462140
692602415
692876124
692927121
693051521
693085607
693102621
693253255
693284593
693337186
693411250
693454570
693473048
693508416
693548464
693613937
693781814
693930798
693973170
694281348
694351377
694371681
694630200
694905491
695099702
695134535
695216606
695550706
695628670
695700496
695723709
695935611
696116794
696240394
696268547
696503283
696684453
696745059
696851815
696923262
696933063
697024448
697078258
697089823
697200721
697297507
697437511
697650867
697740687
697898232
697984762
698254570
698360933
698379510
698489984
698494527
698597233
698614444
698792391
698854014
698866723
698965865
698984928
699039853
699112928
699135682
699168233
699244825
699294446
699382785
699493884
699580219
699591973
699750581
699765334
699770396
699839374
699921191
699957896
699990136
700004257
700088877
700139232
700152064
700161359
700353693
700404297
700426416
700441965
700539173
700772586
700793912
700865912
700875451
701018657
701067520
701169151
701371418
701429216
701446314
701487662
701502078
701646695
701724816
701823698
701843616
701844617
702062153
702209267
702252886
702291113
702329361
702359270
702436599
702460613
702491422
702573635
702717848
702835189
702888644
703005789
703173787
703189573
703430247
703483635
703528834
703561411
703613001
703720551
703913322
703960050
704290194
704297747
704346075
704391964
704435823
704645007
704870644
705134636
705257161
705280101
705374523
705717193
705755738
705882951
705892168
705906586
706130314
706180462
706197566
706276581
706475313
706550059
706559268
706638921
706658909
706726273
706732642
706813253
706872659
706979612
707031171
707125292
707150922
707186693
707320898
707383583
707440922
707491296
707515652
707597947
707615548
707686768
707979943
708163609
708213302
708393230
708414571
708488414
708564003
708626887
708867895
708895719
708943346
709267351
709298551
709513762
709698536
709784217
709822590
709858305
709862007
709984756
710125265
710150431
710224128
710233011
710372745
710642932
710645138
710737051
710978161
711045821
711175176
711225995
711273041
711293099
711297455
711350328
711588929
711623394
711667422
711731243
711934739
711991633
712120797
712184179
712246568
712302175
712478665
712517229
712519427
712522961
712725883
712806180
712913539
713066542
713150062
713234304
713268468
713303595
713554017
713602021
713666906
713727846
713828184
713831629
714085577
714150828
714174392
714211917
714223040
714493776
714494377
714501807
714578303
714908808
714946069
715056734
715178465
715230882
715316348
715394438
715440231
715462674
715503900
715592781
715662682
715811005
715941656
715943833
716094098
716159314
716170564
716377579
716482934
716854173
716872953
716937516
716967244
716973414
717248139
717249419
717254324
717327278
717344407
717486565
717575030
717733765
717856227
718051569
718071815
718078977
718234913
718240898
718267032
718316718
718464787
718662445
718781441
718861420
718976307
719295112
719323922
719325353
719457637
719545372
719613850
719658606
719702081
719835228
719878016
719878776
719887353
719901039
719989635
720071715
720185521
720226420
720386254
720462935
720467810
720546327
720606879
720670058
720841734
720939783
721252060
721272262
721342708
721671976
721821856
721898063
721962872
721967097
722032159
722037667
722307950
722353215
722810161
722951732
722967384
723118802
723239945
723306728
723377924
723585299
723855166
723912378
723917766
723978453
724193660
724215704
724385439
724447320
724632637
724665066
724764234
724781621
724841451
725094338
725271481
725389877
725522849
725632649
725645689
725867095
726051010
726142065
726880292
726924530
726971107
727023325
727050586
727154616
727206889
727242365
727358310
727438981
727528581
727664512
727901677
728087252
728213980
728378915
728441246
728558270
728652921
728760770
729123717
729156663
729180341
729326834
729333617
729499632
729520681
729524558
729684853
729721655
729903295
730127248
730127498
730174466
730227019
730333328
730388931
730584728
730808803
730968183
731081973
731107603
731137424
731220614
731269518
731316995
731320313
731383128
731385171
731418859
731423272
731429612
731463622
731481322
731757150
731868442
731882729
731920761
731924883
731939475
732008486
732235604
732257917
732415070
732761837
733018568
733044243
733083193
733213806
733391875
733524113
733531244
733636986
733694644
733696737
733700817
733851612
733941157
733958622
734111917
734115235
734208098
734301632
734447901
734530717
734736501
734811786
734979853
735002000
735035398
735152380
735194268
735225508
735289572
735326317
735330124
735361116
735572895
735687406
735742954
735768565
735787096
736156009
736191778
736192845
736317773
736339468
736585877
736589744
736708112
736753821
736857776
736993036
737009039
737009731
737111053
737232182
737468583
737862701
737961624
737964908
738145995
738279022
738366267
738462032
738542250
738560266
738886288
738902775
739202592
739303775
739320698
739432854
739572985
739628404
739817646
739817871
739828643
739906270
739922002
740059077
740082928
740329377
740402631
740458255
740486074
740599797
740635943
740671021
740697275
740737184
740887099
740889484
740954507
740999710
741018242
741078443
741088036
741094370
741199186
741270659
741296750
741594300
741596384
741682538
741687112
741713282
741750436
741754775
741938179
741943371
742017622
742157189
742252244
742338609
742444269
742463828
742508204
742572419
742598746
742869810
742983596
743064603
743193861
743252881
743557511
743642068
743967627
744032799
744082436
744225225
744294317
744364076
744377345
744594411
744658662
744843738
745183610
745314834
745385319
745446525
745492887
745605524
745804151
745886157
745925241
745963666
745967612
746102141
746363612
746450367
746458938
746681139
746741720
746803511
746809441
746867975
747057678
747060385
747186601
747204666
747401998
747789148
747794946
747881025
748092780
748171026
748174747
748225446
748236051
748293314
748295067
748521957
748647910
748761475
748766185
748831370
749004700
749112269
749250530
749378393
749505928
749610819
749642795
749757427
749799184
749825407
749964021
750011259
750132830
750396537
750688883
750807124
750922240
750961501
751030539
751112440
751268003
751653026
751857226
751992333
752020376
752023379
752585189
752597781
752662452
752749236
752763585
752864122
753105355
753112973
753125300
753289596
753345545
753402517
753414917
753422546
753431087
753468135
753485026
753540254
753575333
754040846
754321278
754358875
754566884
754661258
754918381
754987824
755179135
755181188
755192473
755195772
755219020
755294533
755365685
755446580
755511121
755731446
755951909
756092353
756439946
756463388
756655251
756740564
756846312
757180799
757219859
757266300
757268508
757279841
757484178
757605814
757622624
757640066
757641081
757681062
757750420
757814815
758009773
758351533
758607724
758674750
758761678
758936103
758977264
758981902
759026515
759060538
759107584
759217978
759227184
759243950
759258245
759291148
759437429
759613129
759712039
759722397
759821614
759852870
760172998
760389679
760418818
760525643
760600240
760684140
760728635
760777552
760961759
761153998
761178607
761185155
761809485
761912152
762217681
762218288
762343922
762454390
762474699
762563869
762878956
763041121
763105439
763118276
763439121
763467845
763569527
763571862
763648962
763649062
763664387
763700616
764123096
764237625
764237904
764295758
764332777
764728581
764764073
764800159
765105479
765156948
765200271
765220607
765320702
765324128
765424759
765454515
765892789
766006420
766017291
766097832
766157750
766342317
766564672
766593981
766791716
766824112
766864918
766868658
767095696
767135345
767262135
767314995
767328280
767663161
767738747
767799529
767857737
767875539
767935025
767944240
768037603
768094613
768320145
768332118
768378406
768400310
768435562
768574026
768648686
768931988
768988150
769009300
769199972
769212656
769409210
769790648
769796970
769797099
769818984
769883139
769990106
769990337
770132602
770229689
770262353
770391540
770626525
770738942
770951098
770974617
771085324
771246662
771286239
771317606
771403313
771487130
771686927
771757891
771906976
771980135
772000335
772114305
772159546
772174865
772370613
772621636
772693343
772889268
772916102
772923511
772951022
772977916
773241320
773445606
773545240
773801430
774003099
774248723
774320182
774354183
774366174
774482097
774679052
774758262
774784677
774856285
774883835
774992050
775114349
775145339
775270361
775289979
775299900
775335628
775401478
775565434
775599462
775612436
775692262
775724248
776225548
776244826
776347966
776602541
776660582
776666102
776821489
776857125
776930618
776981726
777096634
777224029
777239057
777562361
777601538
777697698
777977922
778087241
778106937
778302195
778381268
778508426
778587758
778599227
778614338
778711133
778778679
778882437
778919465
779065494
779151728
779188553
779413677
779661828
779713842
779723254
779736805
779837037
780053088
780150723
780166101
780209953
780386077
780397607
780404140
780430008
780506962
780680492
780757105
780805341
780915222
780917527
781113929
781243597
781251711
781262941
781499755
781642212
781710738
781785806
781984864
782012580
782068986
782188066
782208566
782255317
782290161
782291332
782295889
782356365
782356720
782649904
782654928
782691668
782709011
782851616
782889827
782976367
782987092
783062478
783095990
783157556
783181395
783237547
783324082
783331528
783456329
783484680
783493948
783553729
783641265
783668341
783736819
783756866
784362106
784400648
784501653
784523332
784647037
784738767
784825703
784896873
784987500
785344445
785445492
785453546
785539309
785559401
785646643
785665267
785671145
785726866
785744710
785917547
785918916
785927668
785948087
786099233
786204760
786207442
786240824
786307351
786401409
786409627
786437025
786859479
787179056
787332135
787485399
787656899
787681102
787722496
787736977
787923975
787932996
787992823
788049444
788064841
788066125
788111917
788146268
788254179
788320466
788390866
788487927
788503868
788517148
788609930
788616269
788713124
789020285
789355336
789461549
789511946
789514887
789679749
789724442
789863185
790086455
790093506
790205597
790350616
790402410
790415791
790459360
790675856
790712809
790930168
791085720
791333228
791401503
791631362
791644399
791677502
791709411
791809637
791956787
792028916
792195577
792212419
792282016
792365659
792388303
792528431
792624310
792659251
792903305
793268969
793389474
793688305
793774658
793959383
794039117
794140284
794153973
794184871
794258896
794420341
794466306
794509218
794521208
794787908
794867740
794891806
795261325
795291062
795372663
795384671
795416008
795427335
795427877
795447919
795464889
795533767
795606194
795758302
795793684
795795578
796230823
796423415
796473585
796665134
796691567
796713079
796736704
796842245
796902603
797120683
797132073
797179307
797284562
797345862
797408531
797734777
797750499
798086629
798152073
798211420
798290253
798605222
798816050
798822018
799209587
799292133
799348230
799526342
799550992
799602126
799607190
799608434
799782269
800082961
800194936
800205726
800219337
800313086
800508463
800690783
800715787
800828666
800860746
800966200
801160858
801196008
801301214
801355476
801368766
801396597
801412685
801547298
802160798
802217895
802279561
802305898
802332134
802408620
802717074
802971950
803380853
803556575
803556722
803813190
803894100
804193238
804309559
804314537
804384186
804399942
804530664
804600821
804621589
804625121
804785621
804805569
804916213
805151654
805260259
805261474
805484634
805530493
805553434
805590379
805701655
805712780
805800496
805896458
805907425
806192706
806282043
806328051
806851062
807145621
807182508
807245857
807392638
807666428
807821702
807873504
807935161
808002567
808112374
808209433
808392967
808606787
808609535
808630118
808882476
808947639
809053432
809146289
809160315
809307991
809336874
809393112
809428858
809498248
809510151
809560377
809590683
809626540
809644988
809731185
809773155
810100562
810397488
810437036
810458489
810508785
810513036
810537740
810612353
810705299
810803842
810813529
810899973
810964242
811048753
811333021
811368701
811722294
811908765
812355571
812357099
812466700
812553438
812564208
812618659
812753927
812804865
812839029
812962909
812979792
813009636
813063805
813064981
813133683
813133739
813251535
813282947
813338095
813487533
813507253
813543184
813598822
813635523
813965766
814141512
814350046
814455198
814809892
814837994
814934010
815192563
815367087
815591983
815629334
815643692
815839916
815851216
815880397
816082290
816085084
816108614
816123783
816475997
816598764
816773567
816881703
816913340
816968012
817206363
817263833
817269322
817340282
817382724
817388941
817403528
817437705
817796070
817813359
817919891
818169145
818366812
818446690
818689935
818718433
818815101
819019895
819024028
819045468
819125143
819169645
819465947
819533838
819562816
819577182
819659061
819732523
819763321
819775756
820043237
820046310
820099902
820358045
820448474
820459357
820533232
820539891
820685805
820854101
821337188
821459873
821562981
821605386
822016663
822097905
822107775
822152229
822200428
822350929
822389632
822394074
822461952
822592555
822623404
822733430
822767281
822806702
822856597
822868715
822901904
822959378
823241701
823262858
823279373
823335999
823357375
823713349
823816081
824054578
824114422
824194890
824233476
824329365
824329832
824334871
824358886
824576878
824598469
824603401
824678712
824750415
824966323
824973236
825023050
825188163
825199375
825269823
825297346
825311953
825315710
825424320
825584763
825614855
825733601
825819700
826186821
826336711
826444617
826476446
826503348
826538642
826714212
826750408
826830506
826836121
826868064
826906822
827004860
827094334
827408601
827459221
827479226
827657011
827667544
828145615
828169931
828259912
828362727
828381377
828523651
828530327
828885956
828905412
829139053
829139864
829192775
829478885
829483308
829647673
829704533
829762998
829931158
830155621
830190295
830267395
830341234
830385597
830411745
830476957
830502599
830533993
830576880
830597531
830812203
830990750
831012299
831054208
831055659
831470525
831549633
831580159
831617166
831650074
831930086
831981845
832172882
832490468
832664202
832820471
832847634
832947449
832952647
833076213
833359544
833415306
833591177
833591992
833694584
833867277
834106706
834179444
834183064
834278480
834288227
834351368
834483142
834545346
834652285
835061902
835282597
835297644
835364727
835553364
835575439
835677993
835743360
836064198
836072517
836111902
836358066
836498933
836597908
836672814
836754720
836801329
836909704
837032579
837051177
837132136
837155327
837159397
837161491
837290966
837440461
837550845
837712787
837741536
838002616
838184347
838281417
838302851
838307107
838349291
838361538
838410805
838423091
838541976
838624912
838737138
838913226
838967671
838980710
839062518
839074492
839159854
839166158
839327167
839710443
839718444
839743817
839999366
840182745
840228169
840989428
841022389
841120847
841335984
841369874
841426005
841510811
841633714
841638483
841688638
841717645
841833834
841866467
841867803
842071758
842128337
842136454
842164223
842268250
842324445
842372985
842376268
842449328
842567552
842601843
842718234
842892939
842902851
842904215
842947031
843154812
843189029
843190329
843691763
843757915
843857463
843933105
843959062
843972490
844169262
844237267
844345766
844372300
844384582
844507715
844714671
844773984
845105864
845141343
845156936
845165425
845213093
845298330
845470693
845476156
845483125
845541875
845570033
845588859
845665422
845676967
845798320
845885822
846001213
846019091
846025104
846056464
846170859
846182840
846222056
846248233
846275396
846413036
846431612
846434722
846479998
846592388
846639431
846769074
846959436
847097355
847236373
847314308
847323776
847340764
847365906
847658965
847729460
847767971
847925606
848061360
848217015
848220869
848238960
848386046
848454056
848610350
848675364
848806209
848917120
849088246
849474049
849492455
849497299
849554726
849750177
849754631
849772401
849855086
849952918
850137286
850156868
850260622
850400218
850408693
850417382
850532007
850612564
850796516
850855843
850916819
851017743
851179915
851198335
851381204
852056592
852151640
852181175
852215774
852291951
852317692
852449189
852563794
852610380
852707790
852884623
852936771
852993580
853133833
853134463
853174809
853375973
853449561
853572172
853580175
853653481
853668193
853774532
853921589
853973117
854107357
854137649
854214455
854398076
854472555
854908506
854912248
855044236
855261015
855382554
855404792
855428737
855477115
855549450
855692745
855777239
856220538
856286639
856334361
856489416
856500325
856509386
857036156
857267274
857271829
857354076
857462634
857609179
857704887
858144417
858192033
858315768
858394270
858581059
858742994
858896691
859017338
859032712
859064534
859108773
859292545
859334528
859420727
859809587
859835050
860177993
860206929
860217426
860296133
860346348
860392434
860524820
860531672
860673107
860771226
860838258
860839759
860885671
861216238
861348392
861379434
861419226
861548844
861635342
861907352
862152424
862201720
862276913
862307289
862337681
862382319
862392714
862484811
862519748
862620625
862677133
862745873
862779007
862821185
862870555
862875990
863005195
863099640
863156862
863208498
863223272
863271409
863273991
863275664
863357082
863528254
863542922
863561214
863906779
864022864
864245823
864430900
864473017
864670279
864870156
864901673
864908093
865005509
865112754
865426049
865478491
865552220
865641709
865835036
865873343
866095624
866107567
866120974
866182507
866201947
866383157
866391748
866403482
866412501
866862820
866894236
867200378
867255242
867859793
868263160
868365317
868404729
868568659
868579184
868621406
868627285
868888549
868930353
868999810
869057002
869072013
869359281
869536648
869870365
869934346
869959568
870320218
870340938
870407061
870423623
870515436
870561814
870633428
870645846
870763264
870795898
870968830
870983681
871037611
871108327
871257366
871349026
871392925
871513521
871596837
871835344
871930183
871972255
872100528
872511002
872515809
872524371
872560311
872743403
872905647
872956182
873012778
873105792
873190205
873206375
873300316
873310082
873377294
873517963
873525440
873584354
873648055
873881811
873923016
874290673
874339126
874553108
874571219
874582084
874599200
874621336
874772790
874787647
874802699
874931520
875007150
875176631
875280928
875383176
875420880
875429518
875450152
875457014
875506579
875743100
875756228
875906996
876084941
876136921
876292650
876458595
876470644
876627313
876691284
876792297
876983014
877132029
877187811
877379254
877541972
877547958
877580114
877610158
877916164
878117213
878161156
878324465
878510410
878641823
878664358
878745394
878784566
878787910
878951546
879059922
879061576
879571158
879631962
879664379
879672884
879684862
879702826
879839881
879981276
880058190
880171640
880671525
880784476
880800322
880817092
880892118
881160964
881307301
881335238
881680332
881992410
882115062
882176633
882243722
882504850
882542439
882734425
882776282
882810381
882939752
883088044
883158105
883210558
883252645
883351801
883466168
883567154
883682783
883770088
883809978
883833434
883924621
883926948
884002790
884175169
884526034
884644070
884644731
884876616
885252675
885253862
885262360
885297901
885393461
885428526
885476005
885513952
885591203
885717555
885733391
885770445
885797353
885797679
885830081
885864377
885892742
886183639
886232635
886625347
886700564
886868103
886899046
887250465
887482551
887785735
887793423
887798573
887893551
887920858
887989849
887997312
888113248
888470120
888709664
888710851
888859334
888886425
888953595
889020371
889072686
889267374
889532016
889890290
889953293
889955022
890016488
890047051
890047969
890585358
890597184
890662667
890669870
890734540
890882366
891077250
891089600
891091492
891194579
891232356
891303697
891334147
891580885
891763178
891817039
891863043
891890219
892037958
892063344
892196305
892318983
892487262
892713656
892871402
893138475
893230283
893317461
893364021
893378139
893519747
893713054
893724204
893942120
894090914
894167392
894380742
894491858
894593134
894596961
894629633
894630039
894706815
894780533
894907939
895066036
895086090
895158230
895261563
895295389
895575181
895688389
895832995
895844548
895880728
895970210
895989758
896041292
896081532
896092410
896227062
896249408
896499630
896542232
896719708
896749636
896822541
897440096
897460353
897571061
897610441
897636033
897702704
897829786
897975564
897979293
898007060
898175375
898297300
898386426
898397487
898492183
898592496
898593118
898743020
898823342
898866015
898878740
898940769
898996384
899176331
899362399
899452308
899630453
899749426
899767866
899842922
899864318
900081168
900123036
900206215
900214810
900280925
900293016
900335465
900343488
900356443
901243551
901308498
901381297
901811667
901958480
902156458
902487507
902492269
902533699
902548640
902584865
902744253
902970157
902990786
903005009
903146015
903282703
903383964
903517354
903580570
903917476
903991577
904056447
904124448
904186250
904215085
904299820
904373786
904492717
904970324
905068852
905179916
905395196
905439090
905561224
905655227
905730617
905735665
905779940
906062169
906107130
906122214
906220319
906471969
906537347
906579218
906804949
906946998
906968818
907021682
907029401
907302767
907401047
907742076
907805367
907810849
908169435
908336228
908376083
908459135
908657578
908775893
908778263
908829533
908848399
908857538
908927291
908936273
908987960
909086663
909349442
909666563
909748940
909778212
909861093
909925737
909965533
910180407
910262296
910305580
910369662
910491325
910571316
910582111
910610719
910696445
910875821
911031599
911185779
911205607
911285678
911504234
911626621
911726561
911760622
911956062
912044315
912059596
912107779
912162652
912165192
912178871
912271637
912292966
912385434
912394699
912442042
912515010
912589925
912667577
912796954
912961652
913054814
913068309
913098194
913117257
913304529
913366942
913619903
913635754
913640817
913691442
913754587
914052554
914319203
914330484
914411834
914426326
914491856
914533227
914655531
914706507
914809453
914857254
915008174
915059600
915180065
915217137
915238288
915348553
915479454
915498479
915631731
915650215
915843953
915898154
915965508
916446388
916478334
916779349
916793414
916841383
916858293
916949824
916964680
917159057
917334538
917398627
917400738
917454453
917565084
917730307
917931223
918062528
918071632
918204591
918244679
918259955
918405451
918420350
918552393
918635998
918641004
918670659
918679021
918787036
918943217
919031510
919195029
919295156
919299596
919516368
919611022
919807967
919836203
919861111
920011238
920054692
920784556
920942136
920994408
921153901
921262725
921595970
921681825
921861626
921879555
921894605
921971237
922154352
922248347
922299399
922310214
922324052
922530519
922657950
922767905
922783225
922807689
922884819
922945652
922983605
923096878
923185968
923400672
923418884
923539443
923560931
923728425
923822240
923874242
923997255
924056651
924083161
924274407
924303352
924343864
924368591
924486874
924560345
924756757
924831433
924935125
924940067
925006295
925134447
925259168
925276182
925534035
925648347
925758222
925836065
926113912
926317240
926392694
926433349
926497289
926629362
926743745
926857423
926943625
927005197
927284101
927453972
927481034
927504970
927506641
927549047
927631059
927841326
927862246
927866582
927902972
927911059
928094873
928158521
928285163
928306403
928467589
928854698
929117175
929292595
929405817
929470031
929476892
929620461
929669819
929733818
929841240
929876571
930033617
930095375
930278578
930309608
930331180
930337015
930433714
930630308
930706773
930737904
930774199
930819963
930836452
930906971
931034421
931039893
931098901
931220994
931251993
931411502
931481349
931981034
932029718
932066479
932209323
932212586
932355595
932408185
932428078
932530190
932634372
932992920
933137598
933151006
933227013
933307032
933342351
933364803
933641582
933860547
933875386
933922492
933947508
933949240
934140308
934253079
934273687
934314488
934358732
934402185
934550745
934595545
934700497
934875483
934943321
935020220
935189921
935269611
935434086
935528221
935678909
935779560
935903956
935996147
936235757
936343117
936416801
936486687
936656966
936705565
936769140
936813068
936898318
936983512
936987309
937130965
937361035
937391831
937523235
937568874
937728000
937778172
937856177
937909876
938067444
938089558
938177100
938269751
938333359
938510013
938626749
938688912
938886533
938905194
938940040
938989986
939350269
939419422
939577581
939617348
939762394
939812321
939883016
939901543
939931397
939953533
939954630
939971924
939994341
940029416
940453529
940512006
940660238
940688828
940707609
940849292
940889702
940903045
941050461
941064131
941136567
941349772
941373331
941391581
941975066
942141078
942181592
942283069
942312555
942395118
942832274
942954867
943065108
943081808
943252071
943309512
943560807
943578878
943584931
943769223
943881225
943954599
944015976
944113693
944267594
944313014
944577203
944580561
944589923
944614988
944626255
944659985
944772569
944834823
945065068
945096935
945173180
945254031
945396262
945529503
945609234
945701083
945756322
945802599
945821684
946187781
946225152
946415796
946461501
946508654
946799045
946936101
946952985
946964193
946972216
947013384
947049359
947176768
947220398
947228985
947398960
947483756
947622815
948150382
948155197
948334691
948375309
948485137
948535376
948631418
948731451
948843904
948858864
948997611
949043473
949046733
949185507
949273405
949331129
949385508
949610063
949676118
949690571
949787083
949817298
949939842
950009261
950108832
950111615
950148792
950220886
950243632
950257802
950306750
950314522
950372419
950550397
950561890
950722721
950917791
951011672
951028448
951051322
951079303
951474187
951519088
951597226
951981828
952079440
952468145
952549553
952648312
952752604
952817141
952866803
952881361
953056981
953073676
953095141
953143769
953153876
953191903
953459548
953764455
953801065
953809186
953933497
953939309
953945755
954223858
954316056
954339582
954431098
955036334
955053863
955133039
955334921
955566783
955845932
956095584
956544462
956547975
956660193
956675314
956825373
956962419
956971778
957062483
957109890
957169873
957789531
957807803
957840921
957951499
957984906
958206797
958258910
958275603
958698108
958731981
958844788
959007992
959101326
959184867
959368894
959370588
959497586
959660749
959807219
960002957
960154744
960272017
960291388
960313869
960471855
960474229
960577725
960679870
960735266
960739510
960985127
961047439
961056454
961093357
961221762
961332975
961469225
961505775
961592502
961762651
961872997
961877590
961928731
962023587
962084292
962307882
962739184
962773053
962881881
962962380
963114122
963160928
963235037
963260696
963343587
963793288
963842067
963956919
964019275
964049564
964158964
964473448
964578051
964593241
964604997
964676521
964739402
964915353
964936319
964939155
965162790
965228225
965282902
965283686
965421752
965468939
965512611
965643394
965676858
965746411
965810596
966028654
966134299
966350714
966665609
966736157
966760527
966786362
966860270
966986680
967008203
967116518
967140634
967221429
967339316
967532335
967553771
967648158
967663329
967721845
967756803
967854562
967939402
967949841
968282175
968431420
968449974
968631535
968707976
968774782
968945292
969288132
969652279
969786683
969799800
969825043
970324480
970594115
970652991
970747736
970755379
970841055
971152865
971191078
971198385
971549144
971562458
971605281
971721242
971746585
971780496
971818501
971826763
971874389
971937851
972088738
972159946
972193344
972297860
972626282
972841809
972880056
972903985
972968558
973042017
973133758
973355097
973472667
973691447
973704447
973852457
974015631
974055068
974190564
974339672
974398773
974628409
974783207
974855523
975081423
975093139
975096550
975097846
975150723
975286942
975555367
975703921
975709035
975730417
975731649
975768192
975814905
975823144
975942253
975968114
975975380
976099533
976249951
976277341
976308129
976407103
976409179
976635795
976691250
976763550
976787916
976918867
977045617
977051722
977192519
977196825
977277869
977422083
977574249
977680103
977788980
977896503
978013737
978190044
978280950
978314835
978320340
978582289
978596397
978847244
978973725
979022076
979167054
979236307
979248366
979252233
979330119
979350065
979378873
979414300
979586091
979687431
979780249
979900176
979929797
980018239
980021529
980333823
980461126
980473851
980478704
980752653
980809322
980811362
980814998
980894737
980952256
980980977
981210321
981319576
981491901
981526955
981754563
981897269
981993063
982048501
982225757
982404152
982589307
982591063
982601488
982623373
982629361
982633184
982700689
982793450
982824299
983200397
983286198
983388606
983609182
983642398
983711708
983765852
983791399
983817484
983826977
983851510
984074013
984309660
984331953
984436054
984489808
984546634
984558452
984627488
984692432
984936400
985066358
985103002
985119613
985125154
985149527
985300730
985413704
985436095
985475091
985523315
985802312
985996635
986006101
986110000
986262116
986334892
986351459
986484297
986522209
986642091
986864112
986931569
987031660
987214988
987365830
987479251
987635717
987713833
987717257
987721019
987849933
988319292
988321101
988358393
988481550
988641437
988702279
988823536
988970084
989032614
989168504
989184261
989295957
989405574
989469985
989663548
989733232
989890121
989909108
990086272
990138536
990355616
990364648
990377957
990423299
990450998
990497309
990497908
990613291
990709764
990922463
990949182
991054833
991091336
991270413
991652041
991758301
992056777
992092255
992110155
992200623
992357207
992358421
992359602
992401603
992453395
992510843
992596596
992699127
992734167
992800622
993203355
993239614
993260586
993356639
993450123
993529966
993559963
993561402
993663340
993692888
993723599
993777405
993881887
993932658
993937366
994070952
994135188
994252373
994305879
994309850
994384676
994444939
994467592
994582490
994680745
994793210
995007985
995065686
995070501
995260512
995669347
995742674
995876623
995993638
996171474
996448233
996809200
996881623
997127661
997217480
997253551
997340082
997383542
997425590
997579799
997590813
997668407
997837605
997862162
997887799
998017987
998094824
998114083
998189893
998355219
998534765
998612346
998792328
998869907
998888345
998988478
999123612
999171845
999178436
999358924
999416992
999546711
999761870
999906583
999926221
999996753
