20721
72330
72593
150898
313803
362703
535598
596453
673176
717874
803528
906623
1289609
1343401
1399124
1431290
1786238
1788867
1908277
1968396
2011068
2041657
2229420
2478929
2583821
2605144
2638509
2681719
2753143
3006281
3088828
3205997
3228662
3400635
3444723
3608360
3631288
3691102
3732296
3852716
4116832
4174050
4404591
4471972
4690294
4707612
4727695
4792357
4806495
5069203
5095084
5128572
5174667
5291547
5352350
5383166
5691933
5761143
5963507
6055456
6113369
6328695
6472535
6562963
6912073
7096848
7210773
7235190
7336920
7469311
7510705
7647192
7728282
8008169
8279025
8358892
8379132
8398229
8449061
8538315
8574668
8593062
8694688
9071936
9112112
9174131
9350550
9525621
9531960
9777626
9895052
9901295
9960350
9972013
10060650
10063560
10116523
10148919
10275706
10277435
10287943
10292116
10312725
10636870
10693138
10721392
10731212
10871513
11221172
11292314
11293442
11370553
11472675
11657015
11802322
11940872
12081732
12109923
12330203
12366154
12516357
12635338
12760554
12830302
12854484
13370799
13439501
13492064
13645050
13752690
13883097
13949311
13980534
14026254
14157604
14231954
14253523
14274711
14350398
14500031
14536915
14540928
14566500
14671230
14674311
14681371
14743558
14753924
14833252
14903109
14935782
14998694
15005705
15036914
15083236
15187097
15208520
15337432
15344729
15346654
15351574
15454650
15489435
15523908
15540171
15603471
15781672
15836429
15907140
16137435
16216747
16311579
16416335
16554512
16950312
16984562
17007695
17063724
17087986
17106107
17342973
17377928
17378096
17435078
17562979
17657459
17684101
17977496
18024801
18214764
18486433
18574132
18691240
18735034
18889680
18902055
19054769
19156708
19198932
19437535
19513979
19933894
20078069
20097115
20153387
20367559
20372418
20444080
20479317
20559370
20623134
20628138
20630504
20710640
20739337
20751551
20780613
20920650
20979791
21107882
21211426
21492917
21540751
21701381
21729499
21867685
21885775
21920410
21995160
22217522
22275206
22349209
22434865
22437567
22460763
22533900
22562739
22719759
23099452
23191744
23283036
23305615
23709260
23798854
23840411
24026823
24088989
24116958
24353783
24399630
24463325
24611902
24617898
24771165
24953687
25173127
25608995
25616109
25834319
25904356
26057405
26065070
26211639
26212929
26331703
26342767
26463943
26574498
26646839
27011738
27213128
27261672
27389997
27466822
27493688
27499650
27743262
27847355
28378907
28401614
28440183
28464727
28628096
28761195
28808548
28840581
28892285
28919495
29021830
29025116
29090557
29289185
29323400
29380973
29535895
29693679
29707571
29848477
29917859
29930795
29969766
30039763
30041123
30181289
30441647
30496900
30536158
30605162
30629967
30882502
30966054
31114938
31170020
31180568
31375349
31379073
31446068
31620033
31769335
31965569
31993748
32034092
32072458
32086266
32107058
32273648
32794202
32796052
32861851
32902671
33081255
33325399
33357984
33369497
33643993
33722767
33820563
33824471
33874452
34048944
34253909
34277914
34307080
34355670
34569197
34629882
34640352
34940019
35092134
35256727
35556933
35607835
35616786
35667605
35690650
35704547
35720130
35960212
36257200
36502997
36760905
36773400
36828218
36983093
36991985
37258767
37466602
37586876
37720079
37830995
37912337
37922417
38015693
38159989
38307958
38344451
38385575
38493202
38655488
38776477
38896459
38904465
38931044
39005561
39100992
39105010
39152245
39173190
39410960
39547348
39776579
40082633
40167619
40193580
40196740
40203913
40274381
40291853
40350492
40397119
40511419
40667163
40680501
40683234
40752901
40840151
40843749
41014037
41066635
41099472
41153964
41415456
41862012
41943586
42018179
42022252
42027176
42251804
42534798
42675937
42696776
42771476
42856839
42970018
42988968
43157378
43390643
43659859
43673375
44163603
44171169
44188098
44190511
44257245
44334848
44620840
44974048
44997057
45003956
45011494
45203612
45205105
45250914
45384748
45447945
45476435
45789525
45857731
45910722
46037769
46040603
46180759
46254352
46299048
46333720
46418124
46465790
46526463
46530121
46561621
46608089
47079252
47130368
47608660
47644227
47649478
47793827
47934610
48049803
48161699
48162289
48256674
48347792
48446945
48498460
48513924
48557542
48558628
48940226
49003272
49034891
49049602
49065324
49278810
49651339
49763035
50090618
50128056
50150961
50277138
50327481
50340746
50347398
50355856
50463556
50811977
51045651
51076230
51117062
51225054
51430556
51538868
51559019
51615205
51688065
51736185
51800788
51841138
51881335
51991200
52008377
52045115
52827616
52966992
53231988
53273026
53301115
53344347
53362855
53405723
53530329
53624101
53673766
53692193
53713224
53726108
53735750
53922025
53972080
53980545
54005682
54024240
54116605
54170547
54199446
54203378
54271483
54420984
54626443
54701945
54761629
54806857
54808794
54812649
55026117
55182288
55274226
55283528
55357405
55510825
55692300
55729273
55750181
55899682
56002106
56133098
56198084
56228727
56244599
56465462
56605792
56636367
56756113
56770429
56867094
56932094
57005912
57015887
57039748
57041088
57546767
57615178
57740214
57873974
57939037
58005413
58041298
58122381
58394413
58463480
58517118
58530355
58558053
58721258
58740258
58782768
58891645
58896380
58917114
59156350
59173421
59190030
59924970
60013256
60229744
60357180
60397611
60523930
60524053
60556598
60606213
60776381
60934674
61106474
61253398
61375626
61390428
61430930
61437753
61580149
61677209
61701904
61833833
61863921
61889779
62312419
62577901
62710396
62753905
62801596
62895110
63009780
63113711
63206541
63297998
63339391
63404588
63421046
63435080
63491199
63653551
63861844
63937323
63980877
64072912
64113893
64198440
64233981
64278601
64295988
64299074
64635132
64737121
64851120
64889355
64985316
65070639
65088786
65156295
65263296
65285514
65317410
65429686
65445571
65568565
65609581
65630671
65666659
65738584
65889343
65897226
65984490
66095028
66149415
66173170
66214405
66279309
66883378
66933647
66943937
67241489
67375797
67449348
67483924
67561118
67878171
67898461
68077758
68251905
68301344
68552184
68587790
68683374
68724612
68849693
68860873
69003662
69123627
69298605
69385397
69485519
69512209
69657095
69814189
69987240
70032374
70124674
70149136
70238600
70313705
70517488
70597477
70761860
71071315
71150044
71198687
71254181
71378514
71379887
71380369
71583964
71584765
71671119
71724927
71760282
71806422
71813162
71825510
71897990
71922330
71978324
71994920
72005788
72088668
72211442
72259117
72280649
72348811
72463105
72467009
72575029
72896692
72908944
73029513
73073023
73083981
73099525
73115058
73197730
73685846
73714433
73721389
73934368
73942746
74060488
74093569
74384493
74421244
74480107
74798803
74897979
75045633
75215179
75277132
75424913
75446432
75453763
75462591
75798383
76157964
76313104
76491255
76631535
76844229
76855891
76892078
76969508
77148531
77165647
77239442
77298091
77373821
77489778
77612026
77637114
77659257
77749489
77834882
77842190
78052859
78132756
78142887
78300625
78312297
78569620
78640722
78737342
78792181
78888471
79090354
79414923
79546494
79624695
79980867
80030019
80170013
80491453
80692707
80838412
80841133
80842995
81027513
81108857
81134920
81445305
81544325
81546086
81701091
81926218
81973535
82062841
82326614
82450807
82525137
82560885
82593286
82596089
82638824
82684142
82687355
82783984
82901722
82904121
83340940
83372047
83432441
83546174
83548614
83571980
83673246
83758578
83815915
83836737
83874702
84038826
84054584
84096681
84108268
84129714
84186160
84194489
84211721
84264758
84550782
84596546
84740350
84870883
84894576
84910113
85069227
85165412
85178254
85528982
85535685
85588752
85692952
85800777
85893035
85907764
85924734
85999908
86106675
86112277
86125050
86187196
86192776
86339262
86421391
86565017
86647669
86657119
86671193
86673391
86716988
86794014
86794487
86933743
87031698
87367220
87540800
87805912
87830249
87999386
88011866
88223844
88226479
88364846
88950100
88954786
89260796
89339722
89356771
89441548
89642612
89668604
89742724
89823594
89971897
90234507
90338726
90476822
90712779
90775112
90846126
90857993
90948443
91039513
91055338
91089892
91141327
91217148
91346328
91527383
91744280
91786317
91872902
91922112
91939258
92490820
92568353
92795926
92882461
92949101
92987540
93133703
93179572
93252131
93498687
93516834
93615758
93776325
94255109
94415789
94446530
94618872
94646182
94714425
94756910
94778816
94791720
94800988
94816366
94855581
94959404
94961247
95146574
95256224
95307997
95499985
95563550
95575444
95600326
95663096
95802855
95858199
95918295
96007255
96143540
96222982
96223105
96267224
96551785
96637655
96659991
96782315
96813383
97335084
97478619
97524349
97654809
97870871
98135362
98343136
98371645
98651943
98674819
98689746
98745147
98804719
98917885
98957984
98963225
99283754
99644349
99750713
99779131
99789726
100083053
100205084
100342876
100405907
100442507
100594500
100672149
100717544
100894134
100968570
101000797
101019104
101124415
101153902
101181511
101558049
101559897
101644122
101661153
101768498
101795165
101989242
102049811
102336804
102398456
102456348
102479197
102490555
102549234
102638896
102713376
102850426
102876112
102960839
103025073
103105488
103245539
103286389
103381065
103570530
103659367
103739911
103742117
103866380
103899214
104108862
104265907
104296199
104419404
104613820
104735507
104741838
104891046
104972053
104983736
105115508
105168540
105660596
105782868
105808517
105872546
105880060
105979515
105981483
106003064
106210080
106267559
106432379
106475402
106756171
106996448
107070985
107101203
107170465
107327636
107334264
107519657
107583603
107631861
107702105
107920708
108321782
108521101
108754848
108796941
109059164
109135156
109182759
109209013
109245262
109336008
109414957
109483675
109551937
109722287
109838054
109882497
110172617
110302199
110475145
110750661
111032879
111143735
111145731
111213143
111235859
111313769
111378521
111573654
111609772
111627461
111754788
111821229
112116197
112163427
112322833
112410044
112412646
112473963
112638907
112785110
112811669
112915727
113059317
113172262
113191162
113194228
113490883
113555064
113560566
113630725
113811949
113944539
113986174
114020888
114071185
114117106
114144932
114272201
114459028
114467947
114521644
114574545
114655588
114753100
114835048
115081655
115356304
115366394
115429607
115710316
115730650
115747115
115759088
115820646
115959897
116032833
116251519
116400234
116468320
116511776
116648553
116656876
116778242
116803271
116960521
117098812
117275062
117385581
117514044
117560541
117654331
117695784
117836568
118011430
118104492
118157888
118293881
118418639
118519171
118568722
118672235
118711967
118752944
118816886
118872692
118967953
119050655
119092586
119113738
119271121
119315694
119397543
119415569
119466899
119550837
119724104
120159748
120351275
120443835
120550244
120657287
120733330
120920977
121129615
121236634
121273885
121318646
121331093
121441897
121528627
121639338
121664473
121740394
121918641
121955483
122195522
122463589
122553968
122568016
122657884
122757012
122760310
122787287
122883784
123003935
123406754
123477967
123581664
123616327
123721460
124034734
124181862
124287825
124320888
124515152
124690170
124926426
125056864
125108325
125154523
125256776
125385423
125410586
125480852
125508529
125524925
125550842
125674087
125682602
125755566
125788300
126023768
126050775
126138976
126172936
126243534
126647889
126737067
126919874
127045229
127080489
127415643
127450348
127507940
127556527
127688873
127958273
128211144
128279727
128305866
128368442
128471538
128566958
128601622
128743720
129058359
129128776
129163181
129312041
129354672
129391333
129602475
129607428
129630152
129959104
130116441
130263264
130446730
130522033
130525892
130535300
130674815
130760379
130770069
130808629
130830704
130891063
130989010
131123818
131161025
131229716
131306997
131383703
131422228
131533508
131620689
131756925
131765205
131825939
131966487
132113910
132318505
132444049
132585004
132708851
133141539
133204035
133488001
133515123
133549858
133605227
133636160
134302078
134309023
134370532
134441679
134492525
134613737
134715630
134744740
134849088
135052066
135140412
135170831
135344762
135383389
135413089
135685450
135741944
136054076
136142000
136150007
136246483
136621182
136632105
136666813
136921769
137080391
137122844
137179934
137182775
137245563
137265538
137266612
137314504
137423769
137459194
137618776
137658203
137740447
137943279
138000443
138172300
138189368
138319492
138576186
138608840
138721992
138992255
139006201
139155398
139349945
139471550
139606433
139692752
139731540
139774259
139804632
139903592
139921167
139942178
139942348
139981742
140095943
140154012
140196239
140300938
140344005
140458119
140485135
140516039
140568783
140575688
140692090
140834081
140838069
140889104
141226909
141401172
141713733
141743134
141826362
141863906
141971210
142039274
142104584
142145289
142206407
142237873
142398247
142733806
142746754
142759365
142808159
143012411
143024124
143271201
143338156
143345000
143368501
143488221
143489324
143601062
143632920
143806240
143881917
143889266
144635077
144713912
144924327
145143608
145147612
145279213
145286092
145415040
145418725
145424148
145471808
145575900
145585404
145604836
145712395
145745743
145781030
145900380
145915912
146055245
146068465
146161032
146204171
146236646
146327307
146366492
146472612
146477395
146550247
146613638
146658156
146731452
146764936
146779262
147013988
147055440
147057744
147101827
147130665
147300038
147375225
147452914
147469553
147555425
147562139
147633367
147993734
147993836
148034928
148073085
148086667
148214841
148219811
148319298
148436620
148749717
149153675
149360023
149537605
149557331
149919983
150040260
150132814
150216031
150465447
150488427
150560395
150584757
150700421
150702852
150865030
151175218
151435412
151456768
151462728
151492569
151759217
151840778
152115643
152187469
152222852
152294296
152308729
152341246
152460557
152467171
152480588
152505984
152574387
152798002
152851553
152947598
152982607
153050530
153474663
153524683
153594191
153633579
153729004
153809606
154132158
154244955
154290675
154341989
154386951
154425804
154540920
154762364
154830188
154867050
154875688
155044535
155458196
155489412
155535684
155616066
155619266
155740996
155918152
156212147
156367936
156489074
156550307
156685511
156719289
157149284
157339313
157428637
157444995
157452059
157622144
157654642
157720409
158030350
158114226
158177513
158439252
158524367
158536698
158597851
158627901
158772878
158841437
158937594
158970924
159014353
159176376
159344173
159399574
159541700
159607964
159640676
159686837
159843437
160129346
160362304
160607333
160755280
160823375
160837482
160881175
160915445
160962808
161185123
161188113
161250023
161266755
161333623
161427558
161429242
161429435
161486641
161489062
161807008
162298134
162419902
162450368
162450903
162525974
162527245
162693159
162786106
162796777
162805578
162950979
163281742
163402234
163429729
163635951
163657912
163723031
163761762
163814188
163868112
164258909
164329231
164722727
165135769
165156183
165200484
165206256
165287036
165441603
165507528
165720568
165742774
165809635
166086080
166182331
166230475
166483201
166523381
166618752
166650227
166713776
166733674
166742678
166765116
166880238
167257307
167313817
167328164
167351865
167369554
167412361
167417173
167739865
167850340
167860994
167872164
168096410
168251166
168459155
168493967
168592531
168932809
169006259
169029423
169051131
169137261
169197187
169555421
169824988
169899432
170178560
170300048
170510904
170552073
170577606
170842817
171001531
171190956
171232467
171273897
171353638
171442106
171563661
171595186
171726334
171951000
172020944
172084634
172210408
172214676
172337541
172363773
172562728
172727966
172762839
173200588
173284782
173444504
173476790
173687020
173754232
173810374
173835501
173890632
174483366
174514117
174632308
174815935
174863242
174870118
174899606
175158441
175177890
175290546
175326134
175354581
175495417
175745782
175964179
176107591
176213942
176215856
176228564
176321182
176426506
176533377
176627326
176912659
177062023
177161932
177393181
177618911
177692796
177827156
177873515
177940951
177947732
177979920
177994114
178138973
178166647
178250052
178263952
178270576
178313896
178315022
178379594
178475150
178615621
178643646
178768711
178881083
178890972
178891920
178941153
178968240
179012939
179079677
179531468
179535535
179737251
179836345
179916358
179999167
180048543
180250239
180472845
180501634
180551111
180664111
180808253
180867645
180923475
181045862
181076588
181128041
181438487
181456000
181548249
181715503
181783988
181864816
181877430
181909696
182020332
182028586
182105308
182256455
182291453
182334420
182353471
182372938
182399609
182453143
182772089
182777977
183085950
183137674
183152433
183167773
183181909
183218935
183225298
183245101
183312502
183407223
183463943
183531633
183589572
183601222
184085568
184323555
184551712
184569504
184731679
184738509
184756078
184859620
185075651
185100649
185135182
185173188
185277774
185329461
185480092
185527573
185610055
185648470
185696782
185965859
185993938
186084210
186111585
186123336
186210471
186319097
186399866
186621614
186684914
186688314
186746558
186905479
186908316
186913262
186923064
187141459
187305733
187508533
187544540
187642743
187840967
187890005
187994869
188010192
188072023
188102627
188146435
188204058
188307962
188317812
188364383
188602569
188925506
188937662
189061137
189113169
189130067
189329450
189330266
189464149
189651849
189672208
189745033
189992965
190002834
190113837
190189891
190239504
191119185
191343312
191456868
191540375
191617174
191640455
191675178
191956219
192019254
192110705
192288976
192296024
192316638
192328305
192516597
192710576
192761071
192767105
192782261
192805856
192870382
192911437
192991089
193061410
193091168
193091353
193313083
193380664
193518031
193595814
193634210
193987905
194009484
194309528
194472248
194496504
194545310
194568713
194569734
194617975
195085890
195393812
195397676
195609006
195641469
195710344
195775559
195921501
196106947
196127741
196332120
196346600
196350020
196401641
196458485
196715113
196933775
197041282
197243765
197342039
197354869
197374748
197512672
197657272
197902438
198199834
198412904
198559772
198651773
198708642
198747292
198853531
198944407
199179762
199312849
199497442
199502450
199549626
199684207
199685979
199723200
199736000
199824223
199873000
199982802
200076714
200205443
200238863
200252380
200339934
200434327
200452361
200457224
200467120
200618874
200756034
200796166
200853886
200893165
200932303
200948681
200997628
201008135
201058287
201087840
201333041
201355333
201364146
201576809
201578442
201705150
201938220
201984159
202195788
202426694
202628411
202681439
202932764
203218744
203252041
203451734
203509620
203623206
203779565
203814741
204199809
204207987
204412100
204685452
204741172
204746799
204783557
204825262
204825315
205040472
205070974
205230864
205364032
205500874
205593034
205734757
205828289
206316704
206427028
206447233
206692992
206861475
206879110
206888061
206904100
206911769
207114606
207157055
207166802
207212235
207216396
207365058
207561460
207664955
207693166
207724244
207935508
208104393
208110236
208110309
208222047
208235699
208323688
208400295
208672436
208873101
208927104
208978589
208990578
209041213
209081529
209122373
209209181
209297849
209455911
209496492
209496577
209604392
209614236
209684378
209763488
210042910
210120356
210125783
210250327
210288678
210364522
210372165
210444876
210454848
210487944
210550139
210682320
210740141
210744657
210745190
210831810
210977866
210992763
211006523
211069249
211239041
211287626
211306806
211440148
211699718
211788999
211850903
211863704
211879078
212072405
212198191
212209802
212240739
212454076
212530669
212550100
212841482
212993314
213006586
213081104
213125610
213284873
213409250
213560153
213674971
213702810
213792153
213861634
213910588
213947772
213948042
214032823
214082877
214170965
214182194
214222674
214368131
214457287
214883867
214985225
215104330
215145022
215172761
215285865
215355973
215461582
215468046
215547138
215606899
215638532
215900042
215905272
215907893
215926411
216061878
216107349
216310660
216457831
216459463
216555496
216806792
216882745
217039727
217106540
217265238
217431651
217482770
217604465
217650300
217723377
217724117
217745242
218025497
218034960
218101540
218125983
218326961
218408895
218466492
218531116
218587980
218649500
218696754
218773645
218841353
218904028
218983406
218999547
219206640
219266482
219285789
219331386
219442722
219739111
219886347
219892935
219914189
220123123
220130620
220130671
220513662
220822872
220843788
220868974
220881375
221079854
221099947
221120505
221121734
221157531
221474663
221994788
222062130
222131528
222209637
222210628
222270118
222391146
222447391
222754593
222896519
222946061
222987265
223050540
223269435
223272478
223500926
223912620
224185028
224197159
224248547
224270978
224316830
224367586
224371788
224486408
224492004
224557378
224572209
224623603
224651323
224654716
224765925
224817789
224884347
225069856
225329298
225337291
225350167
225529656
225534748
225591090
225602616
225681979
225732937
225789840
225810203
225818393
225875999
226021162
226264308
226344765
226354332
226447834
226562030
226606186
226760353
226938714
226979047
227222555
227378573
227455979
227505758
227577398
227660159
227761901
227792461
227840175
227870809
227876650
227915553
227969818
228246479
228335223
228389436
228443352
228537248
228551447
228579113
228683662
228745569
228757997
228832874
228925144
228975732
229814682
229842662
229991164
230103208
230202237
230259006
230302631
230333105
230415879
230563402
230604245
230606953
230725819
230779028
230963529
231031937
231146777
231173291
231284983
231314628
231591183
231645632
231655315
231923206
232105591
232126780
232127063
232296336
232416411
232436085
232516845
232606717
232848959
233040007
233158516
233314007
233353060
233353182
233461484
233514824
233663108
233704372
233708982
234097358
234292309
234391213
234406294
234459542
234460835
234509762
234555815
234569888
234763234
234939236
234987189
235035854
235040570
235057625
235162565
235362845
235476088
235509898
235512382
235570478
235708839
235885895
236336789
236586044
236679024
236706063
236710669
236761664
236819439
236826657
236965153
237013938
237183492
237237435
237307926
237319257
237468764
237470604
237689847
237790125
237941617
238233058
238238669
238316917
238320287
238536072
238555097
238684988
238696024
238801511
238960917
238995087
239386977
239427042
239483879
239490674
239493069
239505985
239571774
239587073
239663602
239669694
239906688
239946256
240134400
240308886
240548659
240649220
240862717
241056931
241172970
241288546
241294879
241332344
241419477
241533284
241847675
241850662
242157608
242168400
242365396
242430792
242452390
242483611
242557171
242576559
242648541
242687964
242754094
242804965
242844111
242889389
242960152
242970542
243199488
243311099
243653506
243794991
243805184
243817074
243890511
243982511
244294108
244296413
244320661
244329787
244422340
244425824
244641838
244756389
244790229
244798574
244921631
244980867
245111091
245156661
245342443
245606546
245815148
245889481
245929186
245955179
246048248
246048751
246129718
246280789
246311262
246666609
246676824
246933742
247150226
247179165
247246667
247353719
247442817
248010550
248077093
248213770
248486178
248502501
248551801
248620425
248645082
248733760
248759898
248812023
248924224
249006254
249033997
249059796
249153990
249283091
249296703
249502454
249526738
249685556
249756645
249864529
249925428
249944172
250020557
250530126
250608268
250642285
250722976
250797478
250883093
250957747
250968795
251111732
251199743
251364337
251407604
251549975
251758350
251839328
251871263
252089717
252282435
252344604
252383248
252557217
252573021
252576467
252585898
252698848
252761057
252848177
252918552
252939899
252947295
253008437
253067653
253169142
253229124
253289819
253358296
253463596
253491938
253649275
253840568
253886846
253938375
253940006
254049278
254193799
254359331
254923547
254938002
254992509
255176643
255254938
255334558
255408293
255437684
255452369
255477207
255485144
255522034
255635305
255695351
255705273
255917217
255955381
256045785
256090396
256285408
256291528
256334017
256493040
256646810
256652074
256667578
256671176
256681799
256761712
256769686
257094921
257127217
257162871
257190212
257193236
257204777
257824471
257882136
257888644
257941035
257959541
258153256
258196332
258200237
258203909
258264263
258279590
258332545
258445196
258479246
258578093
258597287
259061615
259223972
259310947
259322441
259349246
259411878
259430768
259457652
259839794
259851950
259982471
260270700
260310256
260454423
260694394
260775200
260840147
260892370
261151483
261162139
261295567
261434811
261535147
261560876
261706953
261725701
261973473
262011026
262080716
262285488
262417162
262433835
262472132
262505739
262624446
262655785
262730664
263136509
263157470
263211874
263358934
263406304
263473744
263540307
263744796
263749813
263787207
263821830
263888980
263922693
263932884
264139700
264261769
264321804
264498201
264523669
264534866
264896462
264974417
265055851
265061435
265134667
265411927
265719391
265780402
265801641
265878155
265886453
265953016
265989755
266131583
266222319
266442229
266483885
266519994
266522113
266563434
266606613
266710140
266743243
266851982
266976503
267066721
267087509
267103600
267118771
267486948
267649235
267667064
267681748
267705498
267927493
268076684
268127686
268199163
268291967
268671545
268680771
268695887
268729561
268757526
268809471
268882951
269354349
269392063
269522816
269541343
269550004
269550582
269551926
269566131
269584570
269669970
269710487
269736788
269879483
269963205
269993825
270077100
270126433
270154546
270244102
270446439
270536746
270743517
270833388
271114135
271194975
271201095
271254083
271406373
271551005
271716096
271783044
271794770
271802515
271818387
271844219
271946164
272005292
272200558
272203425
272322322
272421866
272554377
272737302
272751458
272841875
272880069
272890455
273009228
273226324
273304018
273488886
273840494
273989770
274015927
274312710
274337895
274429249
274461613
274498255
274507811
274527140
274632262
274685375
274718556
274742417
274826181
274928021
274976543
275158595
275218881
275252008
275543562
275558990
275696849
275743211
275880497
275918464
276081381
276140077
276150099
276186640
276324324
276379439
276618435
276828506
276868830
277192085
277263402
277264728
277277006
277405812
277458102
277464189
277612389
278025294
278100065
278141833
278178053
278216378
278256901
278277684
278309266
278400309
278449749
278531528
278641087
278652256
278749786
278774877
278940396
278982188
279129568
279137725
279216823
279295364
279510214
279590617
279694625
279838454
279928853
280003052
280238915
280262077
280288035
280424010
280643793
280701738
280774352
280872972
280916005
280920008
281069891
281074490
281118708
281131209
281209578
281217280
281301421
281813977
281872299
281875456
281977013
282118639
282248991
282352588
282558077
282622268
282675307
282728015
282875235
282903470
283082063
283285639
283294814
283347985
283363301
283518429
283845789
283969090
283973759
284039673
284113030
284132364
284280051
284295762
284395729
284449341
284496093
284661633
284703995
284773736
285117880
285292152
285310280
285328956
285339978
285344272
285421775
285492617
285837624
285895491
286010632
286100958
286689058
286754343
286840561
286985029
287019887
287711907
287763891
287778607
287844529
288221644
288307971
288373336
288427344
288453262
288511830
288551792
288820278
288953058
289023216
289139586
289158035
289209628
289238349
289343387
289641727
289654389
289717285
289957959
290017777
290030654
290040498
290229168
290376783
290521547
290599037
290937112
291099502
291153133
291304617
291643720
291710719
291731759
291766615
292170966
292221137
292227963
292363135
292369648
292519615
292617201
292965741
293097903
293104660
293392547
293512160
293512533
293555373
293607832
293757181
293762346
293780083
293789489
293834243
293971661
294002875
294222088
294561681
294595682
294600672
294609305
294619401
294816093
295002129
295040824
295084149
295224382
295362356
295389885
295509157
295626962
295665722
295986735
296012394
296168431
296323525
296395105
296508174
296604431
296697674
296882361
296892411
296933672
296951108
296999338
297005097
297141945
297162321
297183848
297271819
297288293
297308921
297484764
297487427
297806127
297905892
297910993
297928703
298220368
298246633
298252366
298300118
298365970
298475263
298659388
298703748
298776213
298831786
298859297
298860851
299189772
299228686
299279850
299363414
299864153
299881062
300109725
300368138
300424670
300564478
300655306
300657612
300765976
300975507
301024204
301195992
301311231
301311370
301324182
301341809
301512727
301630937
301679484
301818723
301845217
301865017
301881396
301937070
302081498
302129438
302275416
302669215
302756428
302929389
302972014
303023490
303050431
303420294
303472065
303508026
303525565
303559552
303836238
303852641
304021246
304204459
304405220
304461861
304573464
304652749
304699095
304719467
304720246
304781747
304849932
304851807
304927630
304981830
305686923
305723047
305898932
305975127
306075661
306140941
306262117
306371193
306418855
306483389
306559278
306565510
306615261
306683804
306783660
306818180
307056652
307061336
307072454
307114241
307203316
307222099
307247758
307682236
307764697
307872913
308234311
308326195
308482897
308542472
308580102
308635881
308720906
308897068
308908989
309038507
309344997
309366872
309419813
309558520
309562716
309577213
309614553
309662329
309963493
309985423
310047073
310133363
310148285
310303526
310464048
310540271
310670474
310963952
311004626
311007618
311126908
311494606
311755659
311892221
312060753
312094418
312099378
312142966
312375992
312414703
312763869
312776126
313010069
313049418
313057398
313079468
313109674
313160592
313339969
313345408
313389114
313391413
313543200
313826851
313911436
313958730
314026740
314116359
314176957
314224775
314658884
314789737
314853695
314882052
314967470
314989733
315035027
315036933
315084158
315101636
315189835
315207749
315367617
315383777
315465061
315829466
316054547
316154814
316218253
316337984
316361320
316436756
316511324
316636023
316785111
316934239
316971749
316971875
317006793
317046216
317304701
317313413
317445177
317507926
317588132
317624196
317679712
317741782
317827878
317983769
318039434
318131840
318263321
318304875
318373616
318483802
318617098
318642286
318652720
318719293
318806391
318809019
318940765
319089996
319121691
319275370
319339043
319715055
319783084
319953640
319966699
319989976
320031914
320108023
320119013
320140973
320392627
320545383
320614293
320667277
320712920
320900261
320952986
321197805
321216124
321337650
321358354
321362333
321503603
321503965
321523316
321636912
321656781
321671529
321677545
321700669
321744327
322274341
322606669
322742965
322785680
322876457
322979308
323016628
323030626
323178680
323311237
323314491
323419881
323431812
323452957
323471642
323485582
323705272
323751998
323850533
324002248
324062139
324070996
324105486
324172674
324437542
324501295
324559761
324598607
324603181
324804341
324977747
324996880
325119666
325124927
325126367
325148762
325167574
325256384
325286680
325314222
325388932
325544969
325748431
325901317
325925395
325998472
326010209
326126912
326161004
326620296
326927551
327093984
327132722
327165416
327325744
327333419
327490191
327761942
327850336
328160483
328217353
328607146
328780167
328898279
328912021
328928457
328951429
328965468
329058277
329121679
329150727
329237944
329450825
329470962
329564426
329612992
329710843
329979733
330017084
330027366
330067971
330251362
330306232
330576016
330579807
330682301
330829630
330944558
331130926
331137417
331243359
331611476
331678018
331699885
331733157
331750441
331989673
332093705
332166193
332173562
332323058
332349771
332354323
332374369
332463853
332467492
332508217
332514230
332579677
332610450
332668497
332718977
332834004
332846075
332942617
332943457
333109967
333176708
333212850
333303726
333374950
333862849
333901325
333922972
333989890
334007261
334165575
334202488
334229923
334394969
334409631
334505353
334556315
334637372
334677121
334693675
334757511
334800618
334839759
334916600
334925300
335179567
335196306
335272052
335349336
335467350
335608305
335775114
336436880
336517740
336630383
336700793
336865224
337212126
337358866
337365785
337478638
337567516
337746887
337905406
337969416
338165543
338261706
338265493
338287904
338347562
338538524
338683878
338697519
338731228
338846462
338935252
338951180
339016910
339063160
339129957
339196300
339207859
339209902
339263958
339355541
339397672
339737558
339803186
339813029
339948872
339990959
340013492
340026984
340149479
340202613
340355683
340377182
340679682
340690030
340810543
341041151
341081703
341210482
341238584
341411573
341535627
341632336
341712379
341793668
341794542
341860400
341875540
341985094
342039414
342133906
342154007
342325408
342454910
342568758
342701270
342727986
342729079
343047871
343084562
343161054
343248203
343334159
343489912
343660317
343863680
344038904
344233373
344416870
344419143
344502624
344768020
344768367
345183797
345242633
345290318
345328929
345344309
345753473
345794103
345912240
345980890
346143130
346182316
346199614
346262515
346362582
346489732
346645850
346711606
346783874
347075158
347189804
347283162
347317632
347403688
347459526
347593452
347597627
347649711
347682419
347723112
347798833
347835680
347899582
347951518
347970522
348040934
348222587
348293974
348376999
348404011
348610214
348847719
348975282
349156545
349316626
349328974
349439634
349504140
349598293
349862473
349894017
349906910
349999702
350074669
350515109
350674708
350698918
350866515
350974575
351007191
351011903
351023714
351126254
351222950
351459313
351657637
351727280
352018286
352084213
352116606
352270133
352297435
352509933
352711106
352717300
352753495
353004832
353132290
353137322
353370147
353377714
353404840
353433466
353440777
353465014
353591420
353822375
353939370
353972146
354212514
354325102
354422787
354479118
354493050
354763542
354947784
355063565
355103464
355222215
355389114
355497971
355521240
355631349
355780420
355859975
355914759
356038300
356246593
356283210
356400149
356425051
356437663
356492974
356535256
356594006
356644603
356651491
356942029
357057952
357203876
357223179
357233284
357317398
357377406
357402836
357418697
357426160
357689743
357796754
357857783
357978693
358041981
358080117
358102849
358134646
358180575
358189315
358264809
358279630
358659960
358685435
359158559
359172020
359187438
359231293
359552632
359563721
359582047
359686574
360053348
360583107
360596404
360726104
360756292
360841548
361057432
361085921
361140153
361180652
361266811
361286823
361471201
361525852
361637606
361690762
361874784
362193392
362205068
362211458
362234248
362266710
362316491
362520877
362584073
362979854
363292703
363424395
363438685
363812900
363839078
363874204
363912454
364002843
364043921
364158653
364167001
364217212
364270083
364462329
364561776
364923332
364974571
365023577
365075386
365108676
365150057
365253390
365259271
365339547
365341170
365356102
365451628
365518444
365554896
365635776
365694902
365909634
365922255
365956364
365981213
366148807
366171120
366222935
366232284
366264663
366512530
366602970
366669456
366830469
367030747
367254129
367267686
367270611
367349461
367390946
367430395
367470984
367563304
367716327
367767726
367845120
368052936
368088129
368269630
368404592
368563317
368636962
368668469
368831239
368917573
368919930
368968409
369092850
369193536
369329283
369478172
369596898
369872181
369949157
370131098
370161885
370174263
370323691
370337165
370389640
370560674
370604873
370814411
370986827
370989073
371062832
371079257
371096670
371098305
371142843
371210314
371478851
371560464
371569291
371571677
371625628
371666581
371784025
371821249
371838896
372295388
372335177
372813084
373018197
373033794
373164802
373342340
373515592
373556090
373864724
373917620
374125185
374140463
374164660
374226149
374465917
374655505
374851626
374870488
374953850
375378351
375387587
375523093
375858323
376036260
376190733
376277315
376436301
376650204
376654050
376691709
376733958
376929232
377127135
377478277
377667091
377785070
377831902
377885080
377980032
378026636
378060076
378319349
378670588
378729551
378905887
379030833
379111469
379433491
379610833
379623796
379927315
379962861
380018830
380251114
380262313
380431772
380478978
380634381
380788250
380794255
380802943
380868723
380873056
380882518
381311816
381441783
381513878
381527373
381681269
381874827
382118930
382424887
382613424
382658131
382697935
382866419
383322272
383352300
383494066
383596394
383665541
383863315
383988978
384012604
384075578
384164955
384319648
384471061
384582796
384632410
384633029
384694486
384859055
384938247
385124850
385135931
385398851
385776993
385785878
385865775
385949506
385962688
386034954
386415844
386586108
386644867
386843726
386866009
386960227
387289391
387307499
387458774
387472668
387561606
387567929
387652591
387681906
387845495
387887102
388087944
388212127
388234631
388274974
388349212
388640955
388939535
388967428
389010925
389021845
389153046
389247437
389635630
389708261
389776661
389804864
389848143
389858132
389899441
389912089
390012352
390040021
390199656
390234469
390420172
390432490
390545388
390564080
390574411
390713726
390792101
391252756
391260444
391367673
391561070
391817585
391919071
391974803
391987457
392003473
392055995
392067531
392143179
392339789
392377065
392530412
392532137
392576966
392813020
393036516
393266064
393289549
393411873
393551452
393618341
393675544
393797571
393897840
393926813
394042172
394044126
394207133
394340441
394342310
394464442
394532596
394556392
394773416
394943017
394983710
395041892
395089691
395120806
395185234
395553252
395600892
395814652
395929008
395939719
395944452
395955675
396092281
396227523
396264691
396278616
396436750
396446798
396576881
396614004
396673373
396747902
396787396
396819129
396845997
396883504
396906119
396938388
396951224
397223420
397541282
397547212
397721660
397753639
397792033
397882823
397937141
397994309
398092472
398253461
398279888
398600550
398606074
398725385
398763732
398881589
398998857
399114438
399123914
399185121
399198938
399291844
399342900
399502258
399673889
399730785
399779192
399932207
400000192
400045208
400063064
400156201
400399624
400581058
400857011
400974619
401057659
401071750
401083459
401246957
401377158
401486648
401635808
401672191
401944256
401994136
402037719
402042271
402089003
402144694
402149411
402227558
402357027
402457446
402502123
402741758
402786243
402826276
402898378
402919602
402943689
403047136
403195110
403315136
403373559
403392423
403442701
403742653
403837600
403984880
404033913
404046868
404109188
404252160
404287144
404330171
404381727
404512375
404638141
404712416
404726812
404732159
404756256
404837283
404848307
404960158
405056684
405279058
405326914
405423989
405431209
405500365
405529657
405554293
405710046
405876141
406002404
406095476
406096680
406233341
406320079
406343148
406373146
406378590
406912697
406925697
406970747
407086138
407087088
407118336
407309101
407343499
407471478
407637011
407642883
407764509
407839643
407897862
407955128
407965566
408079361
408181658
408510507
408535734
408639266
408663126
408786499
408851840
408883267
409002289
409064861
409206730
409227574
409380773
409650604
409679147
409700053
409714389
409892080
409962314
410130290
410142602
410340057
410418307
410430011
410529527
410782354
410853559
411046690
411088293
411258009
411262644
411324106
411461675
411732235
411832348
411852998
411927504
411930218
412120340
412181001
412201584
412226355
412313054
412460053
412572423
412662032
412760765
412873706
412886851
412899911
412924557
413042349
413237538
413376160
413434055
413506443
413522629
413570118
413654427
413671848
413759942
413841890
413912639
414048114
414051983
414164508
414168513
414283927
414413674
414494327
414529221
414617369
414720708
414755540
414793860
414872516
415058119
415262366
415479756
415557387
415759024
415792487
415815269
415935751
415975047
416051010
416059435
416198741
416228782
416272959
416344291
416462415
416515879
416587306
416630312
416705376
416760305
416766913
416807362
416923241
416971153
417008184
417069081
417337091
417426290
417549807
417575936
417606835
417752155
417889885
417924109
417926461
418025057
418122263
418130253
418318918
418602464
418670864
418683409
418689483
418952685
419019258
419199326
419356270
419530847
419655767
419876314
420113945
420115023
420248881
420266154
420272900
420467825
420613249
420722327
420782005
421010387
421047803
421052432
421088635
421133010
421177669
421306622
421393400
421575178
421735682
421801486
421885677
422075226
422100250
422226552
422291811
422294385
422539795
422562453
422650421
422762520
422787419
423143607
423207766
423271011
423426842
423607941
423907415
423941966
424282488
424288856
424473455
424661190
424700915
424764609
424951447
424962458
424966816
425032868
425108777
425139251
425207182
425222353
425240633
425520423
425549034
425638448
425715058
425738635
425794166
425794205
425908135
426114552
426172332
426207369
426373744
426410278
426748781
426919982
427000012
427161985
427297449
427329240
427439710
427440112
427446304
427532625
427586091
427626435
427751713
428046588
428081648
428086195
428273830
428372373
428501335
428620005
428719085
428741452
428758408
429000566
429093739
429137318
429202082
429214725
429248177
429280114
429319332
429746525
429752796
429907569
430063192
430216922
430260699
430330419
430406332
430465232
430470131
430517898
430779018
430779128
430787376
430824248
430849013
430851759
431073474
431578316
431630755
432087291
432106781
432111156
432242127
432249426
432323987
432494550
433017004
433017245
433495688
433731295
433739117
433848497
433883463
433994184
434009412
434125687
434127639
434196504
434249286
434264559
434418900
434502024
434552156
434749344
434752840
434758818
434808493
434857100
435266757
435605713
435796485
435918486
436120587
436166623
436248084
436364697
436453799
436492214
436570400
436841875
436864661
436877887
436925726
436940825
437033246
437258864
437605280
437819845
437899149
438023451
438154652
438174170
438746811
438782829
438865972
439047120
439054121
439621469
439661554
439669994
439820838
439944866
440051330
440252133
440281742
440302393
440322211
440449764
440582054
440765786
440866498
440946423
440967135
441080660
441152863
441282772
441384844
441398089
441486686
441615244
441728438
441961158
442019204
442050762
442055495
442090945
442101239
442412267
442774995
442877456
442960848
443140923
443159646
443237724
443326761
443360778
443366840
443481119
443641888
443709036
443940492
444023312
444193269
444279787
444311381
444316082
444415040
444571478
444636044
444669356
444678319
444786328
444800386
444815284
444907039
445023702
445269350
445453111
445681172
445693287
445848568
445995788
446090107
446112710
446133312
446149651
446154912
446200393
446351446
446627054
446706302
446901789
447278028
447427292
447483110
447635284
447724520
447951625
448085598
448097491
448109067
448193951
448262481
448406165
448590347
448696967
448803447
448959325
449003431
449109167
449111536
449176087
449200874
449208298
449384311
449398900
449772315
449780725
450121172
450167718
450302971
450382731
450390492
450461748
450476563
450529937
450541089
450575164
450656906
450675033
450696311
450734901
450876814
450891421
450955288
451001327
451068512
451227649
451289781
451381163
451459335
451537263
451587188
451589817
451626262
451659537
451670429
451695428
451759831
451928004
451969787
452243215
452263732
452276895
452463279
452569660
452799081
452889928
452954463
453022526
453055938
453166217
453170769
453321861
453324914
453382318
453428991
453551566
453749726
453946001
454143360
454266051
454506712
454580815
454595273
454625892
454675293
454720828
454731191
455004457
455097001
455193923
455201972
455585290
455730512
455890419
455918651
455986678
456028613
456210869
456283436
456300899
456440315
456591071
456823079
456846940
456926846
456942425
456964219
456981639
457371437
457453504
457459097
457512445
457566248
457860759
458055771
458060178
458152052
458190042
458208807
458324520
458349061
458503175
458651245
458827152
459051072
459342801
459785846
460383169
460511860
460602533
460699629
460798999
460815711
460816206
460834683
461119544
461330718
461457176
461820836
461906095
462034541
462220167
462222054
462380655
462494404
462499184
462579005
462693055
462697480
462863396
462906828
463082811
463214761
463361340
463361699
463416986
463484520
463539456
463562299
463627473
463654906
463709315
463820959
463939435
464021418
464054308
464282941
464618624
464695305
464936201
465260080
465269889
465436665
465801293
466051557
466062506
466072048
466197770
466379110
466400124
466468651
466505465
466790931
466835437
466866481
466895325
466922964
467025700
467701265
467727202
467952845
468164635
468393128
468428741
468447700
468483271
468501706
468642918
468683864
468694069
468757072
468802719
468929479
468944314
469097917
469215870
469341571
469431307
469475171
469594577
469835238
470257686
470407478
470411280
470473497
470665348
470727403
470995762
471170252
471326313
471386743
471426885
471520446
471537907
471590818
471613125
471659484
472126296
472202487
472305518
472379476
472424830
472457457
472608282
472657651
472836888
472873618
473037237
473553277
473571889
474026364
474260162
474299336
474434787
474475525
474480628
474488460
474519817
474582280
474605166
474610456
474630662
474675510
474678158
474836220
474896933
474941945
475247070
475330322
475375223
475460419
475476823
475523767
475556719
475640192
475695387
476027254
476037049
476255832
476420788
476481288
476565030
476574765
476932448
476994248
477109077
477184561
477267808
477298850
477303120
477422346
477480831
477499039
477711068
477782970
478012056
478037417
478047870
478149231
478302205
478341798
478419402
478706750
478785922
478827005
479007141
479019923
479078410
479116815
479156371
479370501
479382693
479394316
479666251
479677709
479726582
479763776
479850608
479954871
479981022
479994353
480018938
480053396
480174595
480321490
480348269
480452168
480533021
480542523
480548872
480556180
480591943
480606621
480629358
480829983
480895756
480933675
481497455
481503418
481793399
482148891
482431216
482465355
482544906
482608609
482857863
482972558
482994245
483014608
483119150
483220775
483238406
483420861
483472963
483491231
483631514
483647715
483649787
483657238
483701675
483787861
483797458
483826726
483851245
484001774
484215796
484329963
484498940
484508039
484611422
484634422
484641511
484724079
484855832
484888034
484912121
484942866
485010125
485043177
485310059
485429727
485465181
485509519
485840837
486052233
486112505
486243478
486255596
486270783
486320688
486326670
486385677
486404659
486451546
486608127
486619817
486621825
486741425
486842317
486887318
487051057
487191287
487209431
487446742
487534082
487572123
487657853
487733039
487772528
487823726
487938452
488245115
488402229
488488812
488699971
488716106
488829290
489148962
489184859
489263113
489418930
489623770
489639440
489648647
489701108
489760125
489782695
489799061
489802460
489809815
489820099
489912202
490120172
490122818
490307745
490317841
490372395
490656314
490716649
490790010
491068301
491112921
491149333
491216449
491494767
491623071
491647036
491770559
491785967
491804361
491925014
491956259
492053234
492061010
492115223
492151812
492246940
492374522
492725089
492782864
492931053
492944134
492966607
492992374
493102949
493294185
493364012
493438080
493449420
493485751
493536414
493628147
493715888
493939748
493993005
494257633
494403718
494419111
494437279
494446293
494692149
494721213
494896992
494932896
494964427
494968200
495156719
495181808
495301101
495420936
495611955
495612897
495631821
495753030
495879346
495890328
495905810
496269343
496400557
496533822
496536209
496613221
496643458
496889057
496987653
497086909
497172824
497212595
497274472
497303645
497386947
497549811
497605163
497654796
497710200
497771768
497788151
497804149
498007624
498151275
498162685
498329828
498392634
498444814
498526690
498603486
498934895
498989339
498992691
499023738
499294092
499295020
499352154
499534263
499722701
499995875
500000811
500204092
500223888
500278362
500300060
500302760
500310470
500310879
500351653
500418010
500584237
500604986
500691768
500768649
500804988
500825693
500843985
500994004
501014895
501262364
501295336
501370458
501426555
501448006
501478187
501608553
501708107
501825012
501854592
501982941
502069818
502155588
502327852
502392979
502405819
502470207
502492702
502700910
502861709
502976420
503020044
503109385
503152040
503227306
503456988
503817323
503892433
504006184
504007191
504137547
504272491
504287486
504414005
504443894
504504360
504510902
504563138
504702174
504959942
505167235
505169411
505261516
505330082
505500788
505510221
505606403
505717790
505729124
505740530
505741573
505926231
505976127
506102159
506178691
506388081
506464856
506495461
506581425
506739967
506810816
506826208
506867712
506901983
507111699
507178655
507200566
507233281
507326894
507851370
507977843
508157203
508242814
508311544
508571610
508619869
508670612
508967132
509037591
509282678
509481107
509549417
509644318
510188522
510230131
510245629
510395277
510443795
510511425
510600148
510613348
510624191
510732704
510787356
510816154
510886486
511216184
511322036
511450275
511563940
511725746
511746739
511794356
511814645
512133275
512210805
512256272
512267387
512290776
512291828
512560546
512601401
512605022
512687243
512826144
512915838
513062164
513095717
513607981
513682335
513850699
513897282
513936090
513944344
514053667
514120559
514191820
514442500
514450123
514554313
514594161
514607895
514670315
514795561
514800501
514888228
514977296
515041935
515090271
515116372
515170283
515245040
515284105
515345539
515351562
515541857
515710270
515712773
515716058
515726360
515780390
515790519
515927569
515927982
516021880
516031693
516217839
516435748
516436078
516437496
516558158
516693602
516829853
517220071
517277921
517297368
517354099
517377279
517493830
517576475
517707356
517837485
517936868
517955382
518201440
518224333
518309472
518553882
518556478
518563269
518600524
518625219
518649211
518749337
518856044
518966803
519006388
519170573
519614700
519670255
519670313
519826238
519907794
520200931
520331407
520404677
520425113
520647685
520763493
520764702
520796952
520892325
520894481
520966818
521081099
521282918
521299145
521412585
521463179
521549929
521600605
521876060
521911645
521931617
522176222
522217105
522260228
522401222
522428349
522645554
522754127
523106681
523571207
523602534
523611678
523699247
523865991
523884081
524011609
524377488
524434007
524686203
524705417
524828229
524834097
525244239
525300211
525394298
525652701
525693342
525746831
525844045
525891474
525903210
525998007
526053109
526080549
526301902
526324279
526573303
527017049
527312372
527535056
527554278
527770618
527833970
528010368
528031093
528369308
528376072
528418297
528462981
528521142
528549936
528552191
528605645
528833899
528882951
528942297
529019416
529037943
529346581
529378214
529497098
529828057
530026927
530067286
530112493
530466075
530483740
530622807
530855591
530886549
530949804
531078135
531612283
531620024
531640542
531714680
531824641
532215504
532370424
532431448
532566441
532584402
532612093
532733024
532758176
532804975
532979765
533006528
533105428
533126525
533220477
533308866
533321121
533385999
533557297
533718802
533735044
533840545
533843318
533967095
534072042
534204717
534223268
534250149
534291516
534501989
534524488
534728632
534768373
534779792
534871216
534889223
534947001
535021688
535103535
535198801
535267785
535559662
535562979
535579800
535724345
535823786
535865725
535915510
536004392
536095017
536120277
536519977
536726399
536734914
536751979
536965372
537312045
537324490
537333037
537471840
537510410
537534958
537751499
537779986
537815209
537898704
538007354
538033292
538040111
538052298
538054834
538068402
538092662
538103449
538178997
538349319
538362175
538431062
538730433
538768728
538846018
538995043
539103816
539332119
539491466
539536083
539550629
539635517
539801602
539931791
540039647
540144565
540146857
540235669
540369181
540381595
540478104
540532930
540547373
540711071
540924509
541174135
541213920
541365401
541502004
541517936
541560921
541729388
542013747
542212832
542345545
542366528
542522367
542540344
542594510
542621899
542705312
542915753
542920803
542925606
542965625
543146022
543223622
543240538
543340031
543403093
543420399
543567705
543626433
543749227
543915421
544028902
544159959
544228945
544260480
544600233
544767734
544768259
544945556
544974231
545027474
545390751
545484360
545506904
545615636
545736234
545800953
545950130
545976893
546014911
546157253
546172596
546209871
546266180
546359349
546439404
546570919
546585471
546685788
546730575
546755430
546844417
546864262
546865793
546920651
547005338
547037961
547050982
547095731
547179215
547278909
547346524
547373000
547409106
547453932
547565928
547576327
547765678
547977144
548118473
548214155
548384529
548506016
548745056
548805206
548918986
549058458
549123666
549151560
549446921
549453812
549530269
549631899
549701586
550444134
550454954
550473971
550526722
550619220
550754589
550937153
550946275
550995070
551083710
551290246
551336048
551442174
551457840
551605992
551687268
551701168
552066973
552305606
552570912
552574261
552680754
552706194
552715758
552750514
552808370
552854290
552871437
552949566
553204017
553225949
553310351
553581604
553746878
554013859
554084209
554106707
554116431
554449802
554575034
554781985
555007002
555127995
555155129
555262459
555449334
555479229
555498361
555511459
555761230
556002006
556137687
556199839
556273832
556276524
556351993
556431899
556450376
556587509
556588974
556818402
556841591
556927722
556946123
557132984
557360672
557535185
557872664
558006061
558081349
558191208
558366978
558377649
558659432
558666287
558755380
558785397
558845684
558859731
558891995
558938363
559014023
559231812
559741619
559845493
560004337
560118272
560525573
560681158
560820158
561075228
561104297
561174581
561520632
561669021
562033744
562223196
562237080
562325675
562355727
562356411
562397097
562521535
562827704
562886070
562941057
563059182
563173056
563794968
564074211
564395410
564625987
564667759
564781670
564999450
565089954
565283596
565442477
565499949
565606072
565622379
565797058
565945096
566135835
566322163
566401035
566443583
566473023
566554618
566573389
566845203
567063173
567125075
567288033
567329508
567340183
567349876
567374649
567464771
567504287
567512139
567532865
567598034
567979920
568090310
568131814
568178417
568212913
568343379
568406076
568429132
568511800
568535722
568656995
568823369
568824398
568843368
568856031
568927055
569009789
569031905
569073514
569111417
569261423
569336338
569373831
569605568
569623251
569750710
569752384
569754429
569791679
569897831
569919989
570440349
570585918
570611051
570897564
570936418
570943990
571055732
571278659
571304565
571566594
571914968
571918443
571918502
572242725
572446060
572486119
572775050
572779658
572937932
572979553
573044368
573150943
573179859
573354128
573429597
573517634
573616859
573668114
573707506
573807481
573867280
573906433
573967639
573968948
574262216
574303494
574312274
574321499
574591007
574625203
574690055
574707695
574710109
574722206
574904921
575178599
575180976
575341344
575455847
575504955
575609980
575662704
575692414
576063676
576112196
576427325
576563081
576815762
577003482
577272274
577375568
577410988
577509100
577669333
577777881
577855987
577920173
577995251
578017124
578177025
578364984
578366920
578377822
578433324
578448045
578480250
578560624
578574813
578583802
578611446
578781713
578785068
578786165
578883464
578945715
578990955
579037801
579223518
579388057
579407052
579465097
579625770
579944161
579950551
580117121
580146234
580214350
580320673
580637382
580683543
581443424
581692549
581728099
581785717
581955869
582014709
582221333
582307697
582324924
582743599
583219577
583288958
583315387
583334397
583376159
583571133
583611872
583693864
583696070
583839790
583847210
584043199
584054961
584060502
584141036
584142303
584206658
584320320
584354468
584452901
584577483
584742331
584876534
584917799
585044638
585109283
585412417
585526730
585568868
585620385
585652430
585710526
585757403
585894859
586015356
586018570
586058704
586493282
586617719
586635717
586731488
586805003
586868906
586902960
586933664
587034292
587050537
587415099
587479120
587626888
587636482
587761132
587766370
587798551
587822118
587935596
588099173
588246995
588316912
588372746
588460194
588518139
588528920
588711526
588766535
588887135
589005706
589017304
589065311
589139041
589159221
589212289
589334887
589346823
589351125
589429491
589472116
589582632
589640070
589752288
589823662
590057870
590060344
590094792
590288017
590460768
590535037
590626449
590641279
590647597
590672212
590701128
590749910
590802935
590857392
590857524
590868807
590902117
590994775
591096938
591135755
591227975
591371770
591391594
591435206
591632513
591678648
591749826
592097939
592150769
592219784
592230330
592300201
592925612
593172095
593226213
593335727
593352095
593393675
593397255
593425313
593504875
593557212
593593609
593699396
593882572
593898401
593958615
594066060
594067559
594154762
594216002
594510691
594603909
594733830
594861931
594869772
594922225
595143316
595178592
595335985
595439679
595494886
595495250
595529196
595667828
595726534
595810359
595899773
596103339
596273870
596333162
596364149
596668449
596701757
596710910
596740375
596931638
597016709
597034071
597310037
597376217
597418563
597519644
597640212
597791415
597861640
598278750
598407520
598481179
598594532
598637951
598706134
598858443
598979485
599064238
599122707
599176489
599182313
599187714
599325225
599481091
599489842
599539230
599577871
599855547
599871687
599900671
599992873
600104263
600344627
600391290
600528748
600542708
600554356
600661525
600661957
601038207
601299529
601364086
601368342
601393691
601561350
601625288
601717617
601862299
601865767
601930951
602052304
602053255
602106181
602328508
602448274
602730539
602941165
602943138
603027974
603144201
603453255
603815059
603882054
604110509
604217376
604238181
604258321
604440825
604579006
604750961
604820434
605156160
605343207
605465236
605856185
606078532
606095758
606159817
606357680
606358880
606360045
606431040
606436221
606446450
606499571
606565351
606696510
606737239
606767068
606817363
606847207
607011643
607088048
607144372
607146940
607316610
607427644
607438242
607439420
607525517
607636413
607746358
607863174
607928463
607980358
608108323
608211921
608225483
608278106
608494665
608559634
608597701
608637004
608654596
608975932
609209039
609223660
609248022
609255006
609405948
609425717
609480469
609488658
609532984
609553934
609630990
609681991
609714880
609742558
609980554
610021523
610182828
610222585
610401262
610505418
610608030
610630256
610747974
610754327
610817786
610820909
610843087
611000737
611204721
611968952
612025298
612413985
612438031
612553694
612662031
612709472
612859782
612912224
612927013
612966038
612967623
613524006
613572273
613612728
613749369
613754943
613889476
613937959
613989640
614097920
614136784
614339374
614357006
614405922
614442577
614550085
614583618
614906543
615042586
615107683
615224209
615253858
615542468
615813256
615833969
615979308
615984732
616020622
616097613
616174044
616294845
616320626
616523737
616555908
616732940
616757233
616810572
616849862
616926100
616936448
616960909
616983968
617174831
617199652
617290734
617330937
617348554
617359669
617422670
617457517
617471509
617522100
617653999
617699132
617746135
617784689
617910247
617991214
618042709
618110893
618435237
618546617
618588109
618658506
618953825
619019989
619489297
619851867
619881075
620093017
620115110
620143070
620272685
620410534
620566642
620590578
620645093
620961590
621064155
621075595
621429091
621475007
621478187
621568062
621645739
621753791
621793136
621921612
621924635
621938163
622119351
622176710
622198370
622377785
622450103
622513346
622550368
622582124
622657451
622726014
622851810
622989031
623277638
623741628
623759363
623953419
624018278
624118816
624145981
624439013
624455891
624460141
624558687
624787349
624798999
625107052
625110552
625122108
625143581
625148321
625279263
625301209
625314740
625315691
625320453
625356267
625435552
625699220
625700970
625785534
625810578
625902489
626159621
626265658
626275710
626313674
626470773
626549297
626607429
626612494
626971876
627007141
627083095
627124982
627140292
627177933
627294803
627382217
627435799
627747661
627807114
627845682
627848736
627877830
628068919
628120504
628225884
628296872
628392882
628616324
628765259
628864998
628907305
628923864
629083885
629181846
629381733
629420088
629488449
629531272
629681459
629796122
629925428
630192892
630288237
630315588
630417793
630457103
630493187
630498364
630589579
630609671
630626257
630791515
630903574
631042677
631046006
631281972
631317121
631470978
631477205
631538268
631599328
631613119
631623532
631744677
631802410
631984454
632071546
632091092
632138227
632290700
632430549
632476560
632629993
632722378
632923424
633134023
633248667
633524215
633706943
633862459
634012142
634062580
634125231
634167097
634318893
634424862
634448169
634455440
634457320
634621812
634714617
634871030
635011471
635081846
635152583
635363612
635392762
635439949
635691293
635752499
635825896
636011486
636128378
636152517
636161412
636333757
636374902
636419168
636460336
636587131
636632576
636887867
636945818
637169519
637240788
637303043
637464542
637601910
637741685
637857559
637882911
638404733
638572915
638826993
639079253
639143984
639288870
639315948
639497652
639505108
639544937
639752316
639800148
639898019
639907300
639969303
640016494
640071186
640171609
640206421
640228150
640534782
640602556
640616641
640654311
640773813
640779572
640782417
640810020
640810278
640854266
640855278
640876778
640945344
640994376
641018146
641119894
641323524
641346927
641458156
641507144
641547072
641789714
641938591
642064361
642164531
642445929
642496665
642574726
642695249
642818126
642825966
642884901
643677952
643715361
643955487
644096610
644109460
644124820
644203440
644213743
644265546
644503215
644624829
644673693
644737358
644926413
644982298
645046327
645088300
645253459
645457393
645462109
645615695
645664145
645689340
645759175
645793079
645897224
645899417
646365266
646493904
646583772
646642656
646918459
646931247
647124105
647407052
647476170
647551520
647916439
647920977
648061105
648069792
648202050
648392659
648539781
648557425
648619559
648625489
648759903
648776731
648845150
648862652
649052917
649208403
649471904
649811570
649824017
649835923
649858945
649879405
649903863
649955999
650119469
650201144
650300194
650310994
650341232
650365276
650375921
650481790
650573389
650591309
650610760
650678559
650814066
650870024
650943017
651208313
651244430
651361431
651404912
651548910
652132594
652189934
652223880
652269797
652433192
652535337
652564063
652600672
652763153
652767851
652831716
652834608
652901712
653281045
653349977
653527840
653657081
653659878
653898282
654165285
654327981
654340389
654414742
654462922
654468285
654636473
654641271
654655126
654707320
654795663
655034309
655338436
655350024
655432348
655572153
655735254
655848966
655889310
656002199
656269151
656399394
656719061
656890453
657144895
657293978
657386036
657589801
657648649
657651786
657662863
657765080
657842964
657951914
658161853
658209728
658212022
658242035
658578638
658724606
658787162
658858526
658948630
659067060
659159493
659194784
659232371
659451955
659657755
659687274
659712418
659747177
659954870
660112290
660253858
660418993
660437889
660491820
660660235
660706018
660789486
660805104
660820347
660853569
660899012
660994040
661100436
661146570
661270919
661476177
661759658
661763386
661768558
661887978
662222329
662273970
662329725
662363982
662398078
662618404
662643408
662950564
663083824
663099232
663101656
663128868
663227734
663230083
663257882
663304106
663368986
663390130
663605362
663707464
663808032
663864701
663896882
663980733
663988528
664071502
664191155
664324511
664606013
664634285
664673743
664903442
665419838
665435140
665600713
665751367
665821175
665830035
666080390
666125994
666184005
666448802
666452341
666549605
666649362
666661986
666733550
666759230
666822862
666998668
667100818
667267476
667344628
667396268
667529705
667533994
667565228
667594307
667631141
667644979
667687427
667710646
667919860
667930361
667957082
667969941
668140943
668214620
668221370
668230474
668413531
668420137
668476434
668549266
668617078
668657985
668763770
668849994
668928389
669008594
669012194
669028599
669246697
669365537
669452744
669572945
669586979
669626889
669645937
669667549
669814547
669872600
670136055
670251546
670264536
670467073
670544288
670619236
670624328
670999748
671058540
671106383
671158569
671322643
671393205
671433677
671573974
671606994
671607736
671697988
671767140
671821046
671832025
671848645
671876583
671917232
672049553
672068852
672113603
672185525
672218411
672515497
673081086
673154963
673226151
673300107
673314364
673328217
673356508
673386211
673465149
673488106
673488187
673668215
673724962
673784663
673816666
673819150
674060037
674088236
674344799
674371132
674432505
674698739
674714801
675216321
675303292
675346057
675490989
675560319
675879521
675943495
676014832
676059087
676194629
676261646
676289815
676455068
676585380
676694529
676780309
676812607
676836642
676847193
676961430
677096478
677132780
677163825
677196107
677242350
677374566
677430172
677491463
677560399
677584396
677788129
677930741
677935791
677948584
678048442
678133003
678231980
678347877
678358031
678371386
678452843
678483828
678728458
678748635
678921065
678983567
679006111
679143042
679182943
679288927
679480555
679483109
679668054
679787623
679939640
680198293
680243875
680710289
680907625
681031589
681105067
681111969
681227227
681329405
681478135
681528052
681553874
681613492
681654389
681781471
681827750
682100941
682166305
682295849
682468077
682522430
682567487
682781722
682855761
682969079
683006052
683048032
683082140
683574858
683645105
683724653
683875820
684039346
684041579
684059736
684151138
684253914
684258354
684454113
684758904
684865903
685192534
685402703
685460657
685471313
685483623
685485308
685495491
685559982
685577471
685700168
685707890
685955913
685969225
686008926
686038826
686083202
686229110
686369011
686397456
686557664
686758678
686905029
686925163
686944122
687513498
687523423
687561348
687595726
687735454
687857152
687890799
688009072
688207162
688469263
688511703
688532059
688630919
688854206
688945893
689010688
689251946
689291279
689392283
689466523
689564505
689584637
689631603
689669934
689740327
689912570
690265733
690347698
690625655
690644618
690650210
690661305
690670045
690712074
690944781
691456030
691520094
691579080
691607934
691695716
691814955
692065791
692134498
692144557
692250740
692298279
692540229
692744261
692797316
692872391
693022791
693137859
693181562
693471604
693504070
693531492
693656901
693861699
693871643
693978409
694124428
694153122
694227174
694430181
694449063
694490864
694525593
694651950
694672100
694829091
694894135
695035285
695049506
695071627
695085185
695101405
695402849
695445355
695472887
695535248
695755677
695766078
695777728
696061303
696298959
696307104
696491571
696538311
696568063
696583360
696706294
696837469
697157766
697302672
697312206
697422414
697544905
697555691
697594224
697812632
698310544
698326266
698514740
698549060
698751168
698807936
698810110
698917625
699034171
699070814
699148650
699163072
699218248
699375530
699394411
699595702
699650633
699933864
699950292
699955018
700052037
700125730
700139704
700172035
700291053
700377916
700382031
700392236
700640883
700719704
700782098
700817028
700826954
700932413
700963531
701174064
701312198
701473561
701500804
701569206
701641170
701668440
701671785
701775130
701848213
702074129
702081171
702220037
702340968
702410906
702418208
702447359
702518961
702607815
702711213
702885603
703230300
703293168
703408011
703503325
703768414
703798966
703869611
704026442
704039880
704243193
704508126
704781282
704875310
704913408
705033931
705148669
705344527
705349178
705444325
705523874
705545520
705558600
705606360
705712912
705715089
705815328
705825927
705853903
705936401
706050475
706092997
706093325
706229598
706344666
706435358
706441574
706488910
706607912
706691093
706720819
707107262
707246497
707276709
707513978
707652847
707670658
707839412
707870962
708142449
708169947
708182523
708198976
708315375
708509418
708847820
708976183
709075577
709282711
709517094
709620872
709681693
709824576
709857326
709981724
710000746
710064265
710103543
710233933
710391975
710544441
710586076
710602881
710679029
710842175
711608831
711623980
711661253
711752673
711869925
711938798
711954992
712131661
712173189
712374405
712475392
712530829
712550574
712709969
712840942
713032560
713116268
713235285
713244688
713278118
713339002
713433021
713520108
713535199
713728876
713860206
713860247
714030210
714132047
714161541
714222527
714258074
714362589
714453109
714524779
714549519
714766156
714999266
715051982
715138898
715493352
715497207
715937490
716073803
716190481
716259296
716347692
716599243
716657061
716755766
716856393
716908991
716930636
717022540
717230674
717307978
717377076
717381272
717401299
717429627
717601729
717624125
717701974
717735598
717849772
717909325
717977000
718144953
718273772
718405175
718552894
718555275
718729436
718886431
718972542
719160315
719575500
719617012
719678072
719703676
719808316
719960205
720040288
720043927
720080537
720169560
720172531
720336115
720468940
720539596
720592703
720753012
721293637
721334825
721365456
721873270
721878507
721890894
722013218
722105358
722261523
722325475
722644155
722735164
722749063
722793398
722858743
722943073
723125105
723250956
723262418
723274147
723405202
723444210
723483631
723553604
723556683
723754926
723959428
723976373
724022273
724136872
724230350
724350831
724353810
724394361
724720945
724966676
725060648
725068244
725098970
725103186
725319570
725388994
725433296
725546048
725569160
725810699
725841462
726003057
726159309
726316823
726431332
726570102
726638584
726671232
726907231
727139601
727179675
727205806
727610124
727700281
727790139
728010921
728170093
728359523
728407456
728622581
728797058
728813599
728864569
728936942
728957609
729134851
729504898
729570402
729604784
729760581
729917351
729930222
730013746
730369597
730593666
730653388
730773935
730845003
730845100
730946808
730952835
731003575
731004520
731232145
731329630
731510269
731626654
731678115
731736632
731821818
731887637
731933211
732074219
732175185
732194190
732206905
732212986
732233730
732278254
732288883
732316644
732468537
732591608
732634728
732915094
732931453
732964847
732996559
733130940
733230164
733418641
733425966
733426808
733635276
733639316
733649419
733682570
733694739
733736285
733804091
733982880
734159624
734207688
734238467
734410058
734422004
734425729
734481495
734514634
734575480
734754713
734800396
734850974
734960120
735001734
735044502
735152844
735307240
735537869
735621318
735813541
735817285
736154974
736229934
736277052
736315825
736447936
736492713
736563944
736624372
736634423
736694622
736755284
736807169
736914069
737111751
737135148
737333728
737452709
737629039
737713888
737963595
738125828
738222794
738314228
738628120
738908142
739588356
740012342
740068408
740135771
740250510
740260492
740264806
740267903
740321173
740590507
740639674
740794670
740834094
740976858
741007638
741008480
741022664
741098725
741157779
741164278
741175265
741269289
741276222
741451127
741513924
741607976
741690504
742031918
742060141
742099499
742388647
742622678
742656016
742667939
742770286
742939925
743349209
743355183
743403798
743454103
743491220
743538991
743622447
743888212
744004575
744056353
744234344
744241812
744295837
744323202
744738732
744844720
744906482
744946195
744991612
745025120
745157974
745192495
745218609
745264786
745266672
745397975
745413203
745473841
745478634
745655813
745670307
745745659
745791360
745901670
745921569
745967897
746044502
746059313
746092623
746230849
746351987
746470322
746606286
746678451
746704269
746904083
746922042
747246148
747351301
747406536
747483756
747488237
747549923
747572189
747747465
747791837
747793406
747973305
748172318
748329497
748408748
748571219
748575034
748575279
748878001
748958423
748960612
749153002
749170576
749434091
749662213
749776644
749860889
749867949
750179491
750333689
750401218
750426944
750453304
750573519
750613340
750709435
750749171
750793063
751151281
751152212
751209790
751247142
751275438
751295074
751296717
751333358
751406359
751445114
751522295
751535712
751764751
751782319
752138618
752285973
752384596
752938390
752942058
753004995
753152402
753195254
753438670
753756609
753761860
753823677
754054081
754082238
754291060
754343163
754426236
754480161
754532636
754780082
754913364
755140054
755158131
755361445
755412172
755441926
755479521
755523441
755534329
755667862
755707162
756037108
756110899
756224256
756364137
756413165
756584896
756723058
756766230
757002765
757072686
757111429
757138893
757335020
757350958
757490275
757666936
757713506
757880845
757943491
757971400
758027541
758079491
758150287
758237605
758257012
758293737
758366691
758368628
758386329
758399202
758399668
758415223
758487351
758564024
758662004
758677432
758684615
758776783
758822066
758918946
758947364
759109211
759204429
759329531
759333372
759359547
759537499
759582832
759735653
759776253
759952450
760273658
760296837
760486041
760514634
760716953
760859783
760919493
760983486
761044610
761121069
761171783
761303878
761403041
761698154
761750031
761818228
761906668
761924497
762024766
762475370
762602290
762827122
762856690
763096156
763301805
763309018
763313243
763422944
763603963
763607585
763762542
763833683
763836517
763842218
763877442
763935205
763962906
764216981
764225090
764452830
764680470
764752834
764943615
764949106
764950471
764992550
765028414
765054320
765183509
765219247
765339088
765377828
765565359
765571961
765676288
765695771
765768757
765956950
765964959
765972344
765987795
766134565
766172717
766289492
766313680
766354179
766432594
766463215
766595513
766807554
766874946
767061111
767078304
767107764
767211342
767228112
767237270
767362978
767396323
767405697
767713819
767964279
768170932
768316294
768404631
768405156
768472147
768716297
768828542
769271210
769425258
769444863
769446925
769459760
769474456
769771488
769948497
770023791
770287298
770316116
770432833
770442620
770518128
770541272
770690037
771086252
771108000
771155797
771169590
771272205
771380921
771433221
771459144
771545048
771740544
771768465
771834952
772016358
772053558
772432165
772505143
772677358
772776292
772821787
772892689
772966646
772967904
773327324
773406007
773439520
773466691
773690703
773825286
773976855
774015563
774086079
774310507
774336399
774360073
774523796
774920564
775014525
775206242
775249200
775310479
775335987
775338421
775416077
775487953
775710806
775737141
775914553
775965535
775988156
776033319
776047595
776340943
776542483
776679471
776689907
776797693
776817084
776856392
776945983
777104515
777129857
777292823
777310391
777576795
777585605
777909856
777991966
778143724
778211834
778216602
778332105
778357437
778362654
778429124
778434982
778509361
778567760
778570723
778620345
778696520
778788868
778807304
778842409
778876402
778877561
778990244
779325271
779470846
779539231
779549730
779553480
779601754
779620926
779635672
779740005
779741973
779853232
779930805
779983961
780070305
780147055
780218025
780226006
780585279
780936158
780941311
781078993
781204505
781274068
781425535
781541303
781683695
781853791
781955210
782111329
782181448
782245035
782567209
782770051
782823686
782850742
782937761
783151795
783281785
783372037
783476257
783546207
783636278
783647272
783732319
783834378
783856672
783908217
784020015
784109640
784154651
784214426
784254586
784363791
784405938
784580813
784725635
784790063
784987453
785003829
785023092
785220842
785226511
785296882
785324519
785335609
785387573
785472188
785490685
785535773
785557318
785640258
785670622
785824174
785825475
785831929
785840302
785895298
785942506
786167157
786234242
786256621
786284743
786418116
786592716
786617658
786617797
786674615
786805628
786919023
787017081
787109066
787145444
787156302
787237484
787280027
787387545
787406141
787449479
787620898
787659941
787796872
787942087
788211944
788222259
788277848
788282627
788398066
788438154
788488748
788500365
788553007
788570361
788682959
789117715
789154729
789185692
789269544
789290485
789343120
789382135
789436220
789496402
789504834
789587596
790025546
790116985
790139850
790143156
790394562
790423960
790469474
790526895
790621218
790721764
790790516
790797960
790835078
791176658
791204329
791221259
791504039
791560903
791566537
791603208
791774147
791826398
791868957
791895136
791939107
792261115
792366558
792390300
792416019
792469435
792489591
792926848
792989309
793280057
793439200
793645037
793678436
793739486
793949376
794208130
794235302
794257077
794334573
794449791
794561080
794702628
794826178
794904699
794978888
794999206
795026764
795152960
795195258
795348444
795452636
795489560
795581625
795596880
795706177
795720702
796005284
796269511
796277880
796288761
796522039
796772063
796926914
797099096
797151642
797261414
797332736
797636591
797665982
797731607
797732763
797950389
798005673
798251695
798419535
798539853
798637796
798641946
798798526
798919284
798933044
799188373
799249489
799309027
799338402
799370576
799402864
799503751
799535165
799815081
800220200
800414395
800515718
800562983
800563898
800640186
800676392
800691203
801117655
801206105
801310948
801355956
801357805
801397835
801422590
801482883
801665923
801731780
802002783
802127027
802236428
802349768
802424159
802534585
802596566
802698843
802887012
802970559
803036060
803092975
803182556
803229413
803252656
803407113
803451751
803535401
803811993
803902545
803921102
803985146
804009584
804362511
804364198
804460347
804530889
804636103
804672405
804760917
804822500
804834506
805004095
805284060
805331468
805536378
805581003
805813969
805948056
805953805
806545855
806556346
806629617
806865657
806881576
806898056
806901433
807137339
807213063
807231433
807347814
807484121
807538228
807600447
807601029
807667501
807788388
807824722
807981908
808046648
808124011
808176698
808300478
808416213
808486908
808530675
808565251
808622728
808938100
808950032
809078579
809112716
809241776
809294916
809341961
809421583
809537571
809557302
809620658
809639360
809775039
809845632
809894798
809950929
809957134
810012485
810048918
810078146
810148674
810153281
810169092
810310776
810383699
810392532
810392687
810661635
810761597
810796088
810963974
810970932
811006843
811086042
811219464
811325182
811741732
812233270
812368625
812385014
812499341
812600452
812667199
812711967
812719840
812750616
812885201
812936466
812995855
813125798
813142372
813251409
813286146
813339208
813469886
813554489
813596397
813733530
813940298
813995603
814025714
814259941
814421097
814453917
814539013
814580747
814626082
814680934
814819810
814911932
815017680
815212955
815247359
815269605
815372438
815390599
815410495
815429945
815432211
815442063
815520173
815560509
815764766
816145987
816410470
816579679
816591079
816608840
816742082
816958856
817151382
817325925
817326717
817337899
817577833
817728852
817746870
817901021
818031703
818093545
818111166
818117866
818125860
818211806
818224289
818270089
818438125
818607349
818690526
818894454
818898596
818948223
819038259
819266871
819309610
819394736
819426323
819535655
819727198
819849781
819879649
819900218
819960415
820079058
820085211
820156112
820218234
820458451
820637538
820667498
820699395
820963705
821123904
821230721
821267374
821414604
821610332
821936970
822088428
822106578
822120772
822136415
822184437
822189911
822265177
822553593
822636168
822701841
822834500
822945665
822976549
822989723
823075688
823083875
823129799
823325009
823330632
823379529
823613168
823810334
823899856
824179439
824340835
824415183
824696640
824839883
824895419
824981162
825056089
825147594
825187147
825334986
825481524
825537817
825638402
825678676
825798939
825965688
826040546
826081042
826242377
826254718
826256970
826303633
826616933
826654722
826702414
826709214
827087915
827232840
827306720
827340139
827393920
827402796
827451328
827453495
827494702
827623095
827639831
827811975
827984450
827993377
828009186
828120757
828205046
828215536
828345677
828398311
828423904
828484548
828511516
828580579
828677043
828718684
828765191
828864723
828909164
828930463
828972834
829031045
829246418
829521554
829562887
829717879
829754373
829784751
829810452
829822280
829844923
830056037
830103454
830274829
830278301
830487970
830684910
830739535
830803927
831006105
831094420
831120536
831128261
831190308
831398522
831404544
831622328
831647280
831650728
831837335
831896880
831913882
831969349
831971355
832137062
832201555
832256679
832319762
832362591
832546278
832552093
832590436
832612660
832665217
832685281
832715346
832731007
832738335
832779243
832859354
832923645
833079931
833207442
833253545
833347856
833420785
833468146
833517886
833546249
833605017
833605125
833804812
833864435
833870635
833872785
833960673
833996470
834060882
834062860
834345232
834465991
834533034
834577638
834779096
834845288
835091785
835392943
835441784
835625535
835808169
835857619
836004503
836019884
836159363
836202855
836305841
836372067
836412353
836569323
836597889
836613549
836641864
836699696
836831442
836838846
837036025
837285177
837388881
837504662
837535658
837551638
837629632
837672345
837727084
837915821
838073047
838091432
838105957
838121620
838150255
838282462
838289065
838378443
838402029
838425367
838566519
838661319
838756381
838929435
839264975
839290763
839322421
839474691
839480206
839573174
839645179
839656761
839714135
839807277
839862337
839911999
840083221
840139968
840140843
840142586
840312425
840314942
840589732
840663010
840686114
840821245
840859310
841070146
841250012
841356634
841633001
841815369
842103041
842224721
842422016
842437424
842499426
842698308
842709355
842758655
842858545
842912179
842947802
843032661
843805890
844015499
844443563
844465972
844641719
844997281
845027003
845059276
845121807
845212095
845288951
845345293
845461795
845594601
845616397
845663529
845819436
846287403
846437611
846459751
846624242
846657664
846807791
846879493
847043646
847179724
847280360
847285254
847473830
847592802
847615865
847682451
847719452
847738689
847891559
847925527
847985133
848110417
848279263
848440912
848491628
848850097
848944561
848954103
848968847
848979767
849128570
849197718
849299214
849437622
849464636
849549767
849663837
849692953
849986071
850042138
850219898
850239906
850260502
850298149
850432590
850598828
850673779
850723026
850762870
850766080
850798906
850842022
850904121
850955198
851023014
851121888
851160410
851185485
851304836
851341360
851356767
851395910
851531607
851539249
851572762
851626587
851689111
851694334
851708783
851797690
851854639
852010637
852072175
852235297
852360852
852490677
852559985
852612821
852641109
852706340
852822195
852866061
852996583
853016634
853016718
853100925
853143237
853334889
853368693
853390710
853489730
853543399
853584509
853634016
853684942
853690380
853950092
854034142
854116866
854367799
854413267
854590169
854759522
854803323
854833188
854945781
855429892
855560881
855658683
855779595
855913471
855983521
856257868
856465921
856473237
856499702
856681833
856883240
857001457
857019441
857145612
857168806
857259460
857323060
857331926
857365926
857846753
858348267
858377535
858378063
858524469
858577818
858731414
858834113
859105621
859220737
859257167
859263122
859297617
859398951
859421774
859644044
859728901
859840433
860022892
860130822
860159035
860279879
860319493
860371750
860422052
860535120
860844699
860860456
860888137
861060709
861118470
861196146
861334450
861530892
861592273
861642581
861646484
861746385
861861414
861921463
861942171
862064421
862242742
862289984
862337627
862345594
862381580
862497731
862500281
862545048
862612909
862675504
862832064
863118685
863223548
863229268
863321102
863333578
863496372
863500179
863529392
863594702
863631986
863635536
863950677
863968588
863970136
863976012
864189677
864361335
864469201
864521915
864619014
864621546
864820032
864863737
864906884
865086939
865138867
865160557
865306296
865486239
865525665
865582110
865657011
865728794
865784801
865815727
865849556
865854667
865958048
865959582
866033025
866236952
866266843
866359058
866397414
866405323
866505595
866516697
866583866
866616679
866758742
866763160
866767133
866788849
866997627
867190333
867214460
867253580
867321741
867382432
867429201
867479654
867522417
867541308
867611286
867798646
867829898
867843904
867903633
867907139
868268065
868337722
868368442
868643301
868696835
868703800
868727617
869331161
869427314
869428246
869444971
869474977
869768061
869834424
869844464
869868091
869917009
869938396
869989100
870052553
870211605
870311760
870475965
870545938
870662380
870730025
870870895
871305601
871346944
871742011
871807216
871815138
872037975
872181578
872272197
872354958
872383110
872383570
872411042
872413090
872459964
872461547
872466132
872527927
872627167
872695646
873021076
873371044
873460672
873485189
873859254
874053089
874118148
874187289
874313442
874462815
874568769
874578747
874777259
874895818
874918083
874931446
874942509
875025156
875211070
875254546
875274888
875400539
875474758
875529342
875810369
876037016
876145400
876159879
876192992
876379762
876429786
876648712
876654438
876690759
876924019
876947574
876952209
877165300
877403345
877414729
877514668
877557404
877587314
877734519
878106355
878183506
878203964
878205541
878251163
878324211
878346058
878420761
878432944
878587949
878671329
878691491
878837833
878861846
878882634
879089443
879115217
879116600
879133309
879159091
879179829
879351212
879484810
879485831
879510140
879543363
879564079
879638530
879642731
879664668
879690476
879916463
880001640
880145109
880170517
880472841
880499395
880608422
880647952
880681511
880696694
880809901
881042485
881081977
881143510
881185227
881237714
881266853
881268148
881350685
881446509
881817257
882051480
882109109
882223325
882347794
882469082
882766308
882909026
883006505
883112533
883376335
883440017
883475272
883591112
883703219
883761372
883820281
883914672
883921538
884262133
884407165
884571842
884648172
884744165
884837051
884853299
884940629
884984715
885071739
885120089
885126100
885218692
885263514
885345515
885481915
885511212
885718408
885722869
886046900
886107069
886203495
886204660
886280887
886310550
886312158
886361469
886384619
886427459
886590307
886766963
886811918
886975281
887019126
887485690
887564699
887587044
887627582
888140742
888348534
888364527
888498149
888591438
888625786
888646646
888894427
888910014
889177279
889490813
889539506
889610660
889613941
889676000
889794343
889812204
889816308
889820150
889915834
889965082
890040914
890155514
890417812
890431667
890445438
890505371
890722655
890750919
890780305
890787618
890993972
891077043
891472515
891759414
891945386
892017524
892241448
892259987
892260944
892367866
892562745
892602117
892628947
892656575
893274048
893413987
893469997
893505849
893963864
893984447
894291428
894497754
894569221
894761572
894787513
894888221
894988739
895031810
895244809
895285405
895423379
895725371
895756685
895980884
896006658
896048847
896153304
896153764
896268956
896312272
896314955
896320398
896466019
896530353
896622768
896633065
896767291
897071215
897169549
897258980
897311762
897363307
897436335
897625982
897645049
897690631
897751166
897845566
897865461
898056718
898109010
898132160
898180005
898201169
898777624
898810058
899040216
899068167
899314787
899352842
899854850
899888579
899890833
900251548
900494320
900529468
900605739
900636496
900651877
900710872
900910036
900920784
900959281
901106904
901204211
901352267
901384703
901399841
901414460
901501930
901529987
901606277
901755303
901807747
901841661
901876193
901918713
901920500
901923466
901955980
902070612
902255671
902324530
902367378
902556128
902653490
902730637
902804810
902963686
903042899
903270213
903306886
903398735
903475511
903549519
903614830
903752429
903842454
903881608
903902519
903993315
904005644
904160602
904169474
904507860
904512440
904672924
904715955
904764892
904879002
904896313
905054110
905356479
905366685
905391422
905470291
905546762
905640850
905711723
905724193
905815902
906013596
906113086
906379297
906398153
906402721
906450413
906481608
906586900
906627008
906629045
906654764
906742458
906752717
906758432
907011000
907029459
907106104
907152228
907279364
907450429
907567311
907608926
907622167
908058657
908086909
908177524
908318019
908367638
908396555
908549456
908635963
908694373
908766245
908926613
909148339
909183973
909209624
909333973
909526514
909653654
909816054
909948979
910190307
910433381
910532196
910572974
910652562
910689555
911251366
911281547
911360487
911452796
911477805
911489375
911746543
911774865
911805766
911820681
912178119
912223470
912257894
912328998
912361362
912397109
912558805
912694247
913011717
913110421
913378281
913423059
913510275
913556812
913713042
913759161
913876651
913932806
914014018
914018294
914555996
914675220
914685430
914799835
914884124
914959728
915190507
915271072
915537439
916078914
916105690
916366139
916368668
916721566
916826540
916964709
916980178
917126227
917275839
917357795
917533675
917568649
917614613
917692966
917751709
917875419
917947268
918115657
918202784
918394269
918598279
918796808
918870512
918897178
919004334
919026750
919086838
919166099
919201106
919373969
919376250
919397234
919402624
919419790
919431683
919451932
919592765
919767420
919781252
919818008
919874660
920029409
920191371
920344395
920451938
920457948
920509232
920527139
920877228
920886466
920894614
921067577
921088802
921196026
921316047
921409315
921658815
921692225
921736113
921762400
921790574
921801218
921940901
921971611
921975887
922028645
922140459
922188355
922194987
922215321
922280429
922431999
922475188
922657027
922739620
922810415
922885074
922888086
922956555
922974922
923108088
923561089
923577489
923605437
923638215
923928699
924130744
924177605
924256650
924315821
924316603
924334782
924386554
924504255
924681821
924689784
924769856
925156514
925156990
925169487
925287993
925479627
925561732
925734386
925864334
926075034
926080260
926104532
926316885
926627544
926859255
926923638
926930005
926991476
927072676
927162253
927195617
927197017
927269607
927349268
927661849
927681280
927798298
927874519
928034093
928193365
928218953
928288644
928436395
928439794
928617460
928654814
928695428
928912423
929050719
929086620
929243462
929298949
929300908
929523187
929535223
929753406
929801199
929908259
929958869
930355139
930460426
930463981
930541607
930714085
930734362
930806342
930812390
930905903
931127075
931179984
931204673
931425663
931594214
931609569
931774589
931927165
931966019
932033266
932034594
932084624
932124053
932221379
932249661
932365886
932399269
932496250
932500238
932501480
932597377
932865030
933171942
933374926
933380559
933513750
933554882
933572635
933673451
933758184
933800132
934016686
934089361
934136506
934160243
934178196
934231868
934481035
934647976
934674694
934863079
934879050
934893732
934899861
934923886
934941973
935201964
935213787
935293443
935293727
935302326
935693317
935860271
935930539
935958272
936149013
936225185
936265314
936359840
936411556
936545145
936552456
936662400
936667898
936709522
936856916
936896065
936944358
936956835
937018774
937353844
937400340
937418406
937576473
937597620
937617360
937775901
937827513
937895132
937979043
938052216
938159937
938205856
938261283
938386180
938451295
938600047
938718261
938768713
938859403
939053575
939368174
939422203
939483478
939572370
939685477
939719687
939782531
939800599
939873481
939927147
939974190
940096813
940148530
940202561
940207878
940280675
940339222
940462371
940462793
940630746
940775897
940942417
941014365
941018503
941040416
941042233
941065785
941073218
941080721
941210644
941591861
941600027
941911749
942078641
942219789
942272218
942777637
942877596
942881200
942969926
942972454
943001673
943130961
943233417
943287082
943481026
943772762
943784935
943898469
943928306
943944958
943976146
944164010
944369444
944573368
944608470
944709237
944875077
944933934
944942727
945007148
945098819
945186736
945235377
945332618
945427166
945457077
945585312
945615496
945624244
945634894
945641641
945753625
945809001
945888006
946000023
946063581
946087279
946123247
946240231
946256266
946280536
946399729
946492335
946703732
946890912
947026774
947144230
947178732
947544402
947596539
947715985
947793893
947797264
947920671
947981521
948060611
948299835
948366498
948413273
948512798
948536467
948553426
948628150
948916175
948984865
948996285
949287090
949339766
949625644
949642792
949725641
949844225
949937418
949956238
950092497
950159585
950174432
950223130
950225732
950335209
950374536
950413890
950461056
950464660
950722450
950875320
950915752
951025555
951072232
951075191
951200971
951216852
951230754
951267433
951402789
951450681
951559626
951601216
951693892
951942829
951949559
952161833
952237718
952249212
952579037
952712176
952749586
952756382
952866734
952889738
952891147
952952503
953138028
953235964
953309629
953540861
953551244
953582181
953602259
953605387
953700943
953737386
953860982
954057074
954187481
954307037
954316480
954391209
954391942
954472943
954583058
954620095
954705186
954736877
954750786
954754452
954939499
955168472
955317662
955388746
955406568
955533374
955591805
955715243
955819393
955960278
955967131
956103452
956144052
956580560
956674751
956789798
956815872
956862911
957053596
957072448
957104562
957120437
957477718
957645963
957765665
957855740
957863887
958118919
958230166
958348099
958356024
958448573
958571658
958631382
958785330
958793723
958974106
959028093
959174906
959417211
959478562
959501290
959506099
959853292
959887279
959990381
960131176
960251620
960266959
960302418
960468014
960497383
960590369
960829138
960945004
961051720
961110435
961185088
961196307
961327702
961335713
961359167
961372273
961433307
961564212
961619335
961816223
961859580
961899017
961901915
961925166
962018736
962038015
962054043
962151551
962210149
962262867
962307166
962407152
962427660
962528381
962572232
962637932
962833105
962882624
962889808
963014818
963031360
963050507
963085425
963117850
963436217
963640392
963682551
963778030
963893102
964047817
964104025
964731298
964803469
964897706
965035923
965040648
965070098
965076044
965080092
965107829
965167237
965212403
965259787
965453314
965540485
965580471
965678017
966304101
966446037
966450071
966548745
966607709
966683415
966729929
966754757
966797289
966805901
966830956
966899865
967069225
967131977
967146563
967250778
967310569
967450195
967600192
967739969
968003537
968027292
968066108
968117166
968120465
968227352
968509868
968527058
968615741
968655023
968811640
968824070
969009299
969015965
969176173
969245325
969256906
969274107
969466814
969493777
969625334
969872942
969953455
970301514
970365719
970493764
970551927
970628288
970695314
970713458
970734755
970756397
970771486
970814897
970904099
970983510
970990426
971109940
971154208
971224250
971442605
971478369
971566777
971610817
971640920
971670989
972055942
972100877
972159697
972182754
972260764
972368340
972389296
972400427
972402619
972545325
973370817
973379643
973483485
973724005
973834059
973836609
973851966
973923250
973960998
974030865
974235321
974382977
974496089
974549057
974558909
974584978
974618920
974686494
974743882
974821891
974919161
975013912
975017658
975100350
975112061
975277582
975279830
975285175
975378856
975389678
975399770
975417731
975531344
975638388
975717742
975891688
976169927
976339188
976533379
976671567
976822881
976947035
977001173
977072321
977174901
977185733
977350278
977361310
977397003
977485144
977496189
977507908
977554789
977597841
977608316
978165826
978426482
978480143
978695644
978775178
978904803
978926757
978931856
978989711
979098626
979162180
979194471
979198446
979265570
979395617
979660314
979896782
979903640
980076774
980356622
980412400
980461879
980533789
980580827
980618819
980658107
980690952
980819657
980862493
980997872
981019909
981076434
981112802
981134007
981354594
981373540
981512747
981525145
981742575
981749412
981991300
982101565
982232799
982283087
982552476
982605214
982676829
982732015
982793291
983182398
983270128
983434384
983561090
983571440
983606967
983685050
984057761
984071156
984136409
984315332
984320008
984517190
984570995
984576032
984611795
984851300
984930085
985029833
985122745
985159048
985197957
985495303
985534654
985536220
985541887
985553382
985682489
985728426
985890396
985949335
986002941
986007706
986140289
986220022
986534443
986625036
986711286
986767446
986770968
986876712
986953074
986955214
986987517
987065096
987165490
987241278
987316116
987397574
987405727
987470199
987486375
987586340
987670957
987714411
987731318
987997088
988040516
988081413
988298638
988576482
988630106
988669615
988773789
988969037
988998266
989056695
989237223
989265645
989308330
989477390
989507057
989528298
989848266
989922551
990078376
990080211
990186880
990280948
990408942
990426889
990457440
990903452
990918857
990959666
991030168
991073472
991210073
991227996
991581007
991749110
991806310
992056495
992057803
992128341
992170675
992299777
992313219
992694196
992898571
992940306
992993518
993289644
993673675
993942879
993947209
993973052
994023996
994030142
994347556
994374304
994591830
994839755
994929059
995059935
995142028
995152803
995268620
995279349
995286174
995400618
995404842
995491198
995503891
995509095
995591877
995683579
995832056
995871482
995912303
995984381
995987966
996195730
996221690
996636713
996647224
996763502
996780173
996852326
997059168
997128513
997168538
997183044
997242404
997408516
997421088
997498087
997504621
997544803
997692471
997696683
997749296
997759088
998035793
998140147
998232002
998305801
998403889
998633784
998734296
998743881
998813894
998815688
998823392
998926971
999072257
999128169
999250572
999407823
999412950
999521640
999595821
999610617
999732493
999742571
999924440
999951607
999963766
999978220
