23558
30033
71810
148076
269993
309051
454734
554939
691235
711627
887381
937204
940971
951754
983138
991620
1012654
1432894
1523577
1580026
1595521
1615735
1649125
1793803
1828137
1855530
1895173
1963247
2127085
2127643
2139493
2637244
2796560
2831757
2919407
3029506
3120675
3422769
3644169
3695685
3972152
4062180
4101047
4106098
4299420
4306091
4440218
4553865
4665087
4718941
4832297
5024655
5083745
5124718
5321661
5385078
5422155
5552943
5597866
5707466
5786306
5894729
6010198
6039144
6046920
6057920
6150570
6208528
6250921
6510719
6545187
6628910
6682811
6781177
6894091
6941088
7018758
7274306
7350975
7366586
7401225
7569027
7639158
7726216
8062913
8122830
8278019
8353121
8449079
8464156
8512310
8737835
8801410
8893199
8924264
9001494
9092574
9141059
9148010
9216023
9351485
9583509
9674071
9805581
10105851
10156327
10203416
10212655
10233132
10344746
10405796
10428767
10464641
10639764
10645765
10673535
10709886
10975498
11244630
11257468
11346974
11355846
11427160
11448006
11535210
11662042
11672262
11675849
11686683
11766614
11857274
11889774
12032013
12242660
12260907
12361418
12622676
12654144
12700992
12717600
12734861
12770269
12778864
12820108
12839402
12861918
12946876
13087223
13300131
13529718
13548769
13638740
13680819
13705398
13877686
13996658
13998841
14105112
14301610
14526840
14553616
14648311
14695872
14715278
14730564
14838529
14846712
14855820
15269273
15336716
15336902
15397070
15491381
15544179
15811478
15821408
15843213
15861446
15927117
15938815
16076862
16083893
16290504
16370107
16419390
16455775
16485860
16557531
16929502
17054110
17159914
17330231
17455210
17758566
17777799
17829628
17964548
18054624
18064755
18071072
18332589
18551242
18828053
18865638
19188813
19244341
19340613
19349636
19422884
19434513
19584585
19708132
19759517
19763012
19791224
19850022
19873070
19925794
20052480
20077558
20226813
20486897
20642937
20710878
20827795
20869458
20947110
21017903
21061854
21063934
21186611
21259139
21445111
21459835
21726811
21743573
21867946
22121493
22182244
22256144
22391446
22688545
22831749
22952155
23070049
23157388
23252212
23425429
23433009
23439952
23520011
23545509
23596836
23606436
23681195
23881310
23903424
23922748
24371029
24377664
24422317
24507898
24525102
24771731
24925051
24932657
24940724
24953969
24958536
24994846
25103345
25173807
25216210
25230662
25261584
25275763
25426766
25483999
25586518
25589005
25727250
25832543
25848096
25856107
26101170
26130193
26210226
26290350
26338502
26385255
26452821
26480548
26524297
26646872
26749989
26857374
26907578
26908624
26926984
27219611
27221654
27233393
27308362
27590548
27721821
27823230
28101338
28217036
28233696
28260506
28263819
28372207
28379442
28712602
28724090
28785571
28819729
28989599
29015843
29313441
29374470
29425041
29433961
29549389
29703573
29746765
29781471
29875108
30015185
30155949
30395390
30449894
30453858
30534316
30613616
30659483
30663738
30807267
30957473
31153573
31162861
31164821
31352611
31364313
31678602
31823193
31952710
32082993
32289929
32395515
32436745
32454533
32916259
32938493
32956295
33021997
33025419
33092302
33144784
33247928
33373562
33479348
33552721
33815109
33858430
33902269
33965872
33987081
34034819
34060060
34121631
34178540
34209709
34246612
34300655
34558390
34566679
34705690
34732775
34733076
34915190
35020816
35039786
35040599
35086376
35176237
35363225
35443107
35451792
35603835
35721959
35781099
35871952
36099064
36237404
36345022
36505301
36625892
36651805
36997779
37017405
37100739
37309528
37538621
37646489
37853782
37927433
37997893
38494897
38727232
38861005
38886077
38962930
39198485
39293652
39406109
39654346
39704696
39857010
39867458
39878286
40057645
40236120
40344641
40372275
40417862
40430539
40532393
40608437
40654153
40825294
41040188
41111095
41220232
41394361
41499852
41571289
41681723
41931714
42166995
42478341
42614890
42615794
42646373
42646934
42696064
42958947
42975383
42984451
43171996
43188519
43229437
43260750
43345995
43417405
43547563
43569636
43718694
44015768
44235361
44303962
44415561
44467104
44504890
44508922
44698284
44798546
44836715
44850752
44954065
45068429
45177286
45216081
45421768
45480913
45488451
45908764
45958817
45989107
45992275
45999440
46189495
46331027
46388407
46576229
46636140
46668229
47201996
47525317
47781914
47800973
47970559
47989913
48005402
48144514
48304820
48342767
48396352
48443688
48482837
48485303
48497217
48869619
48936833
48991521
48993243
49028423
49080278
49124629
49286781
49303464
49382958
49419219
49476101
50006390
50109942
50402649
50659063
50679856
50720314
50721673
50763620
50817302
50824334
50904590
51201291
51280097
51394537
51489476
51501339
51567003
51598388
51630645
51724742
51739001
51943803
52140735
52229277
52341260
52493488
52538803
52543407
52637370
52694477
52774897
52782289
52807738
52844293
52881162
52955178
53018819
53036606
53058817
53737271
53737635
53769013
53876487
53967181
53995410
54085773
54263151
54293405
54297306
54538080
54964690
55013813
55180446
55188168
55250775
55309304
55407681
55717520
55719811
55727405
55965249
56091242
56095451
56096542
56167036
56556307
56731602
56742476
56838121
56844778
56980799
57038780
57096504
57215305
57218826
57273291
57333462
57374494
57402122
57494523
57591435
57632353
57715834
57778157
57828530
58008593
58285697
58331958
58432619
58529294
58569080
58753000
58983368
59068603
59124686
59130239
59336053
59365829
59396565
59497274
59639053
59762505
60186808
60370164
60477472
60524455
60595055
60695179
60706636
60847715
60876913
60970946
61158371
61231158
61401154
61442155
61457717
61493924
61640943
61663979
61719582
61802136
61916320
62189879
62287898
62439195
62596154
62598835
62671466
62727271
62806684
62863035
62885374
62935329
63022430
63048015
63142763
63160749
63193543
63201356
63302264
63586331
63624272
63665615
63754715
63787180
63954145
64101232
64150652
64200730
64231720
64547381
64653100
64728257
64775105
64785037
64919377
65172280
65199013
65384302
65417826
65461247
65666901
65813624
65922290
66090721
66179751
66310166
66379357
66390509
66431508
66449302
66655916
66700050
66727225
66799166
66914663
66977561
67011222
67032638
67090717
67173721
67204167
67315293
67378376
67422939
67513007
67598167
67691879
67754234
67873775
67921626
67971710
67997808
68016246
68147998
68282073
68313066
68321706
68503422
68791049
68814545
68977633
68978113
68988014
69040065
69071061
69160849
69209904
69269784
69285175
69557142
69571866
69628559
69641098
69724516
69744879
69810151
69811164
69873214
69890812
69909276
70008562
70274692
70275942
70523495
70541070
70573168
70638394
70828884
70934361
71179478
71184515
71259688
71348679
71442616
71534772
71660002
71778694
71862356
71870548
72017552
72247350
72306566
72667858
72704511
72919404
72926219
73172700
73230460
73368175
73371470
73775219
74066280
74105514
74123015
74130787
74136622
74598068
74693993
74851933
74852516
75031732
75171572
75235784
75245189
75256906
75380118
75461657
75466080
75546781
75565805
75581539
75628081
75826079
75893331
75952195
75974078
75986527
76071834
76224446
76368674
76374039
76385378
76506121
76578513
77007638
77024463
77044501
77056972
77068308
77131286
77211465
77235127
77271048
77306376
77312542
77336049
77413057
77436891
77438632
77512059
77533839
77758278
77797986
77867778
78065836
78439602
78493552
78555359
78589453
79491428
79545137
79799682
79822156
79864201
79881892
79951209
80049160
80339694
80387445
80401856
80473989
80618519
80757054
80953226
81044176
81162461
81448953
81556849
81655525
81769450
81870377
81922989
81996376
82143722
82259898
82304190
82392148
82428278
82453036
82523434
83053702
83244308
83526517
83575246
83640493
83662755
83688375
83850426
84008031
84020731
84037315
84063712
84081453
84109596
84579190
84682660
84700202
84701742
84777101
84887086
84917489
84991616
85032027
85043748
85084070
85157486
85235847
85300551
85484032
85534675
86129197
86207686
86342716
86491998
86533324
86623601
86650610
86670228
86695913
86798044
86838826
86983641
87247319
87417050
87471371
87513809
87533649
87553851
87558705
87600181
87606623
87640208
87643722
87701813
87775090
87945642
88045427
88083524
88085225
88162263
88208093
88251806
88576627
88642257
88730434
88761096
88837436
88865984
89298775
89369083
89381338
89613688
89669595
89861220
89891654
89975748
90077444
90312475
90332510
90600070
90745642
90787475
90856839
90953242
91106617
91220595
91224111
91350903
91715491
92014840
92075474
92098620
92140584
92162554
92175352
92318257
92392216
92393190
92408393
92476624
92639114
92702461
92714857
92802320
92916765
92939520
92999666
93146678
93182989
93521269
93546186
93977160
94114216
94187822
94305022
94334743
94370544
94397920
94401421
94842519
95518418
95610117
95647297
95702359
95818135
95843187
95900736
95919871
96078437
96082795
96114587
96133993
96293212
96309714
96456723
96493571
96551221
96634371
96682643
96821466
96866416
96999266
97017308
97060066
97125636
97160480
97236106
97251697
97296203
97356458
97366453
97390445
97456854
97515769
97722122
97762419
97819351
97919614
97982472
98209389
98319138
98421983
98498697
98621348
98692347
98746139
98759993
99553294
99568614
99592155
99608715
100101554
100145101
100214486
100286433
100386974
100648384
100683871
100686123
100701496
100734039
100903512
100915860
101544282
101740984
101832539
101843352
101891697
102043166
102052183
102108509
102229719
102246497
102293781
102329471
102467728
102515132
102767607
102882263
103016083
103114786
103154047
103155055
103184172
103185391
103224997
103373432
103479104
103513472
103539819
103835064
103878377
103933325
104155895
104178766
104216469
104275985
104291040
104349095
104349278
104502542
104542399
104610677
104986326
105002389
105160371
105395151
105477407
105554321
105585093
105615325
105648963
105845518
105881614
105963215
106047091
106056127
106263153
106269610
106410433
106450960
106597911
106643862
106655048
106748254
106767210
107012961
107089193
107184250
107204973
107248980
107330670
107350614
107633074
107744213
107780604
108076575
108091443
108110418
108292645
108646377
108664812
108685509
108711228
108742733
108758613
108860190
108949149
109397090
109422845
109648247
109689834
109742934
109775657
110018018
110063005
110185685
110506758
110580467
110667011
110675038
110778365
110847724
110888303
111136824
111140926
111162046
111231411
111301753
111306726
111313713
111398038
111437649
111505470
111779818
111918169
111993364
112066508
112283148
112310699
112331682
112394995
112468551
112519525
112625751
112693934
113060385
113240298
113382121
113629616
113636279
113678997
113693151
113716368
113761053
113909965
114251675
114472690
114628045
114706262
114810115
114836041
114927975
114973271
115131626
115136166
115145799
115157159
115222488
115584587
115780967
115832960
116084025
116099014
116120558
116158898
116309665
116369424
116525665
116531786
116600630
116623023
116660148
116877039
116955180
117050830
117073380
117088551
117130163
117140792
117153918
117181818
117251853
117474786
117507844
117593108
117729148
117888112
117933352
117989834
118014189
118020014
118077354
118178746
118328790
118357824
118538575
118623941
118959841
118973316
119140787
119159578
119261260
119270652
119291592
119426715
119570319
120072171
120320348
120399165
120509621
120590256
120610907
120707786
120771221
120802467
121017430
121118203
121152087
121160575
121178707
121190618
121402853
121432877
121550578
121782163
121825748
121969980
122005526
122106383
122176442
122325492
122518174
122607762
122691082
122740288
122846195
122847036
122859620
122932744
122987136
123033111
123062190
123425130
123428124
123508682
123515985
123522112
123564915
123645431
123700648
123730292
123772906
123905005
124061974
124133532
124177438
124205323
124523379
124550857
124599879
124740763
124785699
124795349
124876045
125267610
125273533
125353143
125358342
125423643
125612612
125781897
126137254
126496122
126600049
126633607
126656335
126701760
126721427
126813217
126928033
127062763
127236223
127364017
127674939
127734626
127781603
127904705
128042038
128075275
128384711
128407689
128763083
128861205
128968762
129126402
129282823
129296295
129361814
129416343
129492056
129687097
129691619
129716719
129747489
129818672
129961791
129974014
130056447
130130710
130300768
130327616
130371346
130536979
130618532
130619382
130654100
130733629
130875220
130947018
131004968
131132894
131141676
131640995
131689966
131711594
131721854
131811097
131898046
131998000
132416959
132582888
132762910
132828641
132869235
132869321
132916507
133086691
133098159
133307586
133348336
133373991
133378533
133628786
133754153
133831166
133838876
133948807
133978088
134221970
134423431
134622379
134690223
134712070
134821229
135037419
135134752
135581682
135696584
135727713
135955296
135958259
136098485
136262639
136608038
136611728
136631074
136693984
137054761
137059310
137064805
137106620
137253072
137264545
137279049
137429712
137574521
137624096
137635584
137683043
137704090
138065374
138066271
138113318
138201320
138242040
138330442
138422575
138540516
138567424
138604623
138681573
138756710
138814777
139005326
139084109
139152536
139308373
139374299
139454311
139695187
139778766
139958637
140000902
140323786
140413348
140579895
140642651
140702156
140813338
140907914
140949153
141032713
141073380
141186050
141224671
141631419
141635131
141795293
141809328
141825318
141995581
142147967
142181397
142235746
142407323
142741353
142777936
142800664
143042858
143213290
143313306
143335813
143456422
143599404
143621617
143724421
143741325
143748815
143765475
143812986
143914103
144028544
144055601
144205239
144263018
144764764
144878299
144892530
144895050
144952225
145017838
145098696
145276905
145443168
145443276
145447211
145452652
145608598
145641431
145704513
145994701
146442313
146463420
146577634
146613051
146931771
146975510
147110066
147262075
147338380
147391747
147483413
147501595
147564406
147622059
147701949
147783211
147805056
147936021
148248587
148535948
148728599
148738149
148879149
148914604
149149661
149275522
149380811
149574940
149657765
149771974
149848854
150176647
150235613
150263412
150307093
150323768
150342606
150412526
150458513
150520432
150599224
150699176
150713920
150722071
150819853
151088965
151142430
151251830
151282991
151404469
151417174
151500030
151525807
151534056
151567071
151827592
151862109
151903982
152030334
152099087
152179747
152224415
152314881
152352284
152390673
152406253
152466826
152504768
152597447
152598262
152631613
152725891
153124848
153192484
153351066
153624220
153771166
153796690
153859696
154032076
154066100
154143503
154629441
154679253
154812195
155017985
155019306
155117606
155153438
155479180
155485801
155590646
155594848
155601263
155619420
155815065
155837625
155873571
155965856
155984169
156003096
156040969
156088516
156269994
156390757
156523289
156556282
156725382
157059813
157288085
157293285
157572859
157696978
157907477
158036173
158284555
158385750
158534215
158562565
158563253
158570126
158620998
158776836
158811801
158843268
158969635
159028096
159049539
159176955
159618177
159714659
159732772
159948588
160003853
160004677
160093468
160132979
160229281
160428699
160502683
160515820
160555873
160771995
160876127
161024621
161117073
161135171
161150616
161238801
161365005
161623730
161805781
161832197
162097672
162465961
162537063
162545392
162707058
162817299
162935639
163051004
163100469
163376212
163387502
163448296
163594481
163646847
163735036
163845117
163852649
163916047
164018397
164249599
164376696
164433564
164605990
164967047
165264373
165312228
165362725
165399488
165416425
165432253
165451087
165478049
165911321
165953141
165972432
166006437
166067319
166242044
166348567
166457007
166657806
166795138
166797721
166829996
166840090
166959077
167029117
167066564
167181303
167389355
167523471
167626974
167729816
167914139
167946995
168042798
168187403
168191206
168293695
168330323
168663555
168728320
168795630
168847084
169211641
169336369
169507659
169724049
169741470
169848977
169880908
170012203
170043261
170045662
170075734
170127379
170385671
170444589
170481491
170554312
170605742
170679967
170759898
170771040
170977260
171095546
171143198
171298101
171526545
171757963
171931659
171954697
171982627
171983442
172206791
172259221
172263262
172292640
172335949
172376481
172717866
172787165
172823095
172834813
172891478
173076568
173084139
173087909
173253840
173420452
173649365
173833044
173898619
173922815
173987898
174099834
174177609
174259107
174386080
174701629
174810068
174889327
174924602
174952169
175096711
175163160
175337322
175414278
175734192
175804084
175830581
175888683
175981671
176198265
176264997
176337964
176483622
176484138
176513640
176521654
176565054
176609467
176687662
176721592
176820162
176846763
176866297
176891812
176916901
176971872
177016701
177045208
177174231
177411932
177415602
177699602
177747587
177919198
177938839
177939058
177996295
178043929
178167398
178443279
178499423
178543076
178667464
178759544
179227319
179688368
180071572
180167916
180313552
180350615
180473116
180582039
180607328
180681697
180689731
180710774
180752574
180924378
181019198
181039867
181096328
181216859
181238635
181271727
181286587
181345921
181981506
182064354
182271561
182289676
182460035
182974207
183005117
183046814
183105983
183109618
183414822
183650561
183737048
183745194
183805151
183813282
184305653
184315595
184334370
184403397
184460685
184498939
184557447
185001409
185058882
185194579
185267816
185538475
185698333
185774467
185975348
186018528
186258897
186388535
186523087
186671631
187009819
187289443
187402862
187501621
187530958
187650085
187743894
187980412
188010905
188111033
188140399
188154672
188164704
188174502
188350405
188457518
188576690
188642707
188664694
188983597
189145038
189187767
189194120
189224494
189224624
189227237
189330718
189376912
189393373
189429912
189527252
189586252
189593993
189607568
189728087
189828465
189917573
189958500
189993861
190008473
190038096
190062922
190156880
190190508
190217321
190608501
190719105
190754694
191052713
191128495
191129318
191440797
191515215
191676526
191760669
191858008
191981996
191982633
192010378
192132745
192154707
192205655
192222261
192489640
192632307
192727733
192754793
192796177
192862557
192865625
192924118
192982733
193090185
193104808
193170837
193435285
193439475
193464922
193645764
193682255
193691579
193747835
193864389
194107246
194196453
194198393
194220499
194439275
194499202
194994556
195004236
195032799
195063184
195105350
195343212
195383839
195478418
195558593
195749660
195760228
195774355
195809874
195906336
196037906
196148686
196151158
196209759
196265998
196311786
196477672
196487316
196561863
196994868
197029081
197074597
197277041
197391500
197403598
197728876
198055904
198105355
198427414
198433650
198531776
198533313
198766022
198943255
198976871
199021027
199142030
199214811
199321222
199331704
199717065
199785525
199850090
200013388
200046240
200172648
200460086
200793307
200919378
200957171
201032423
201035206
201051951
201645980
202047977
202141839
202186298
202212507
202313387
202327112
202450579
202804510
203362767
203532368
203733049
203900067
203966532
203969875
204061308
204154154
204156677
204544462
204563407
204597940
204629933
204666837
204669526
204700301
204954583
205038600
205093336
205199445
205443685
205529984
205636300
205636768
205710807
205735971
205916035
206154516
206196767
206196916
206280911
206340349
206422852
206665224
206714437
206830536
206875710
207012380
207068401
207098959
207110151
207139196
207202845
207287722
207552097
207973133
207973621
208050358
208083727
208084356
208091270
208453773
208606715
208822376
208881560
208919613
208947823
209001877
209064912
209113637
209146460
209194677
209256105
209288563
209349632
209378593
209562628
209655198
209754087
209862704
209935267
210136443
210231052
210252197
210295484
210306214
210391482
210587704
210609850
210659830
210701098
210794126
210838876
210874167
210957257
211196843
211265728
211296740
211389576
211399462
211510215
211638319
211774280
212041462
212124014
212298093
212298258
212342800
212463764
212668600
212721361
212792302
212848387
213077971
213211081
213353210
213674465
213802341
213862778
213930440
213944557
214006452
214183424
214225131
214282157
214344076
214437687
214498284
214514375
214587599
214601327
214701603
214742066
214776548
214779637
214789410
214950562
215038063
215266638
215271289
215272549
215423723
215434558
215485500
215602739
215603840
215642940
215695959
215711497
215750991
215851900
215980114
216011651
216066430
216104495
216225351
216236948
216463746
216469480
216505566
216510965
216516474
216557024
216565824
216826188
216835456
216877057
216896623
216914304
216953046
217048472
217095326
217165947
217648502
217927505
218182715
218264535
218346967
218584464
218628111
218756032
218822267
218922881
219007721
219203038
219205367
219209247
219226802
219406522
219507069
219542226
219625338
219628529
219630021
219709831
219716793
220042362
220165959
220190148
220252512
220281013
220400066
220448593
220677018
220689312
220719266
220933270
221063238
221093362
221258865
221325450
221412612
221571850
221763860
221772862
221915758
222273430
222504633
222641732
222703201
222778805
222791956
222874180
222882615
223111025
223285243
223444577
223506093
223511387
223556306
223577017
223636380
223975070
224078099
224122500
224123659
224241676
224262210
224389880
224407342
224477950
224618173
225062066
225244229
225433458
225800849
225830230
225843503
225877404
226047245
226099098
226346591
226417243
226434843
226586742
226775253
226888510
226994817
227065770
227133821
227140397
227152173
227165393
227308289
227640535
227855180
227857776
227865739
227963936
228123225
228214583
228255688
228743808
228956317
228993777
229027723
229038814
229152926
229270058
229344945
229489411
229566935
229618158
229677067
229831845
229840372
229862689
229987264
229997309
230008151
230068693
230117417
230125148
230133223
230159540
230348687
230436277
230702216
230810787
231044876
231108864
231293534
231381604
231405369
231424788
231742312
232028361
232065618
232116988
232228259
232265027
232377247
232427001
232532483
232663594
232755374
232756304
232804308
232805794
232912610
233119262
233198081
233217820
233286255
233306957
233485549
233552707
233601837
233677421
233680302
233827074
233843795
234095993
234273900
234313388
234495244
234803980
235011587
235046202
235127949
235142353
235269906
235277356
235377060
235400363
235458321
235501676
235586278
235813705
236089119
236189450
236530820
236573614
236611992
236752737
236986880
237002110
237016492
237019435
237132862
237235619
237363799
237410431
237576131
237695883
237713557
237935590
237962301
237984431
238007102
238381387
238495587
238521694
238575190
238745164
238927616
239002513
239018127
239044181
239489140
239528228
239536569
239639720
239719690
239761071
240063243
240088440
240114317
240225085
240251064
240282330
240315618
240389563
240403769
240453198
240609796
240618212
240703363
241051767
241076696
241170968
241218227
241236297
241306485
241419782
241442319
241635313
241678480
241783129
241803443
241849729
241890748
241893554
241926153
241934044
241947587
242025870
242096364
242252919
242501156
242874560
243214338
243280194
243307806
243356057
243437642
243493616
243539460
243646719
243689058
243958938
244096818
244228536
244251840
244255287
244325923
244557716
244582468
244684073
244702152
244980097
245173982
245188986
245193203
245250799
245282915
245484402
245550132
245678941
246125564
246144195
246312054
246371664
246504143
246578074
246659701
246888121
246990740
247067982
247110539
247222773
247246396
247343698
247615108
247634473
247712121
247776882
247823197
247873217
247873652
248682252
248732585
248933663
248939737
248968156
249053771
249110943
249212342
249337430
249481278
249500759
249513914
249722497
249744120
249814091
249907413
249923207
250164634
250395033
250563125
250615960
250675826
250689511
250797074
250831368
251371302
251449471
251449854
251589332
251686785
251725343
251850147
252233871
252382531
252521187
252573737
252779392
252852474
252853031
252975592
252982963
253096573
253441897
253537431
253630584
253817921
254268986
254286851
254419583
254615557
254623034
254654262
254804065
254841594
254892784
255102837
255121210
255172006
255246171
255253343
255339070
255533328
255630049
255674231
255806063
255911764
256072257
256521165
256598923
256786588
256828297
257233567
257249805
257302629
257316428
257324137
257359976
257551351
257552133
257589396
257717166
257735022
257802926
257861745
257909956
257978083
258009179
258022791
258056720
258086513
258304171
258356003
258474001
258484786
258549369
258600152
258600555
258603705
258684815
258785005
258868860
258874790
258934742
259025239
259064098
259135218
259168671
259462801
259538386
259554137
259604858
259816882
259930371
259948380
259950688
260053644
260082952
260488172
260552560
260618905
260722375
260828028
260954904
261053897
261147519
261385320
261421251
261422957
261519192
261939420
262022421
262218560
262293822
262363046
262407398
262412354
262416367
262440955
262515945
262544229
262658543
262692443
262855802
262927372
262947775
262992306
262998310
263058564
263195121
263237141
263355022
263382947
263491321
263548981
263731477
263896437
263902556
263942987
263945292
264079016
264130603
264222243
264238539
264608289
264662803
264752549
264754924
264794264
264947092
265317265
265323699
265392900
265574613
265597757
265674714
266048921
266169937
266385148
266463431
266474062
266562973
266645478
266672304
266967027
267136298
267287876
267370664
267413419
267476293
267503818
267579252
267647563
267735058
268007025
268145200
268180044
268206012
268314349
268588068
268619725
268637547
268661440
268792356
268888478
268913372
269104990
269144763
269435409
269444180
269572047
269654220
269672607
269974186
270102282
270138998
270246931
270281034
270388962
270465275
270470645
270532750
270563971
270851058
270895229
270920855
270978346
271054470
271106208
271360183
271397914
271665527
271666557
271864144
271987193
272053369
272073209
272094879
272148311
272254276
272364052
272364437
272407495
272433540
272620763
272673252
272933118
273116193
273275870
273380355
273460827
273484257
273522838
273697906
273719109
273723339
274019333
274052300
274139578
274389396
274470769
274566035
274638903
274660809
274739611
274905555
274982877
275053439
275146090
275156396
275189957
275206931
275222213
275289650
275292297
275313071
275334479
276007970
276348480
276492461
276498993
276503213
276758161
276758992
276829336
276998908
277015676
277027396
277107982
277164461
277215081
277372123
277422473
277462693
277822167
278019916
278073609
278269955
278311141
278398783
278519177
278655966
278742363
278754420
278945913
279096218
279302992
279419783
279431505
279611131
279740631
279854460
279982129
280058940
280154390
280260018
280263601
280321570
280657640
280757121
281041177
281085972
281179475
281422540
281446601
281454704
281614867
281749140
281766540
281937597
282074068
282217519
282378079
282659110
282876919
283322580
283479818
283520200
283631575
283677481
283718167
284223446
284297053
284344341
284573263
284584636
284638079
284730132
284777317
284879697
284915544
284927897
284937045
284947769
284984303
285008062
285014072
285014894
285099207
285475456
285552258
285634770
285656996
285899335
285912128
285943195
286041712
286079336
286101932
286218040
286242928
286388241
286765859
286827014
286855330
286948755
287145855
287506899
287530835
287898866
287912444
288154419
288192211
288222045
288275953
288297086
288343601
288403408
288480742
288568194
288615651
288670434
288779502
288836307
288873757
288914219
289155073
289193795
289477944
289803600
289858474
290102423
290141096
290157990
290311174
290460502
290474951
290501659
290572798
290576750
290596692
291085565
291380958
291500985
291825861
291894736
292006064
292132676
292387474
292441912
292680026
292949888
293034850
293142774
293388750
293399346
293412759
293415715
293462556
293587261
293674693
293765247
293892494
293893633
293996847
294053923
294277268
294387798
294451056
294633775
294668691
294782563
294825219
294851636
295166115
295210363
295264930
295311387
295373423
295438359
295880800
295894011
295900014
295901145
296010435
296142677
296253393
296359852
296472643
296484949
296558421
296672260
296754105
296756724
296811115
296896627
297181471
297378008
297383230
297576279
297652607
297661638
297762068
297910445
298100286
298103701
298158814
298166857
298432907
298659078
298682373
298854029
298894909
298900879
299004709
299195420
299197936
299386367
299404647
299738632
299761272
299821477
299828843
299964727
299988603
300084291
300132726
300403945
300805034
300885750
300891086
300928169
300933574
300933927
300949201
300956115
300958971
301178189
301236435
301403771
301503289
301629338
301664487
301893179
302132322
302205403
302265836
302354914
302400058
302577456
302592480
302716674
302723717
302747579
302757471
302838560
302899200
302912382
302945005
303021664
303132824
303153513
303202802
303393428
303443539
303600367
303778740
303808069
303901906
303996623
304013817
304087795
304087914
304108820
304136155
304202476
304555599
304562986
304660085
304728440
304905012
304966419
305108795
305232892
305275698
305427606
305479082
305727874
305739865
305752240
305819344
305874574
305896827
305905751
306030787
306118195
306126393
306165340
306202409
306378597
306436871
306466044
306494816
306634041
306717006
306833989
307075496
307233582
307325321
307607787
307678234
307727870
307730029
307844094
307921418
307932188
307956948
307962890
308047530
308082553
308094581
308144557
308350177
308373841
308873410
309068254
309121422
309204597
309215434
309374905
309488166
309522324
309530752
309801233
309826784
310020525
310171266
310548868
311133735
311519227
311548702
311598658
311651061
311751178
311781547
311881926
311944612
312064940
312456762
312550154
312645283
312745047
312928967
312993383
313042405
313264513
313342199
313428617
313474693
313529076
313576488
313628781
313859684
313943526
314084904
314114239
314157164
314159686
314251643
314313427
314353516
314401077
314409144
314708798
314787917
314903274
314915566
315277829
315429357
315562151
315645701
315694899
315733954
316126712
316144867
316161713
316293932
316337383
316401259
316458691
316726940
316861014
316910552
317124541
317210701
317327190
317343746
317361599
317371439
317414763
317423548
317435594
317556888
317652385
317756472
318030002
318033128
318110071
318119962
318183054
318224253
318264009
318324776
318382346
318412872
318494353
318640183
318919346
318950935
318977243
319034577
319054268
319138375
319176401
319277456
319362640
319399616
319444979
319476678
319657422
319793590
319972767
320105899
320272039
320341129
320402713
320532610
320611706
320773571
320798513
320982021
321058909
321125661
321144253
321292217
321343313
321452089
321503937
321705732
321723309
321993489
322054441
322190477
322196438
322256758
322262302
322263534
322492984
322877933
323024819
323177458
323197284
323235256
323404459
323462197
323482645
323529087
323604480
323632443
323648158
323867509
324057223
324089778
324140107
324231341
324524226
324551846
324710306
324766860
324947642
324961023
325046066
325054326
325210015
325272012
325441090
325641575
325668941
325672085
325690726
325741196
325845681
326188148
326223649
326254457
326295393
326320604
326440514
326458277
326494177
326643450
326651498
326838042
327099108
327283875
327377241
327531643
327623668
327742255
328064744
328078701
328130541
328336671
328542986
328673900
328899271
328907753
328920965
328988094
329094260
329120334
329393964
329462088
329520813
329648026
329872176
329873391
329893230
329908581
329931467
330000531
330021826
330153420
330459673
330656803
330679563
330714313
330720356
330790345
330868778
330979032
331352638
331375315
331437613
331464782
331513123
331522488
331903393
331960824
331973075
331976277
332120717
332593977
332607395
332659284
332707878
332837028
332866720
332886461
332902301
332923070
332942037
333155914
333175561
333184801
333194723
333398310
333417333
333619207
333738387
333892504
333903044
333921079
333951893
334030887
334229939
334237098
334357563
334545142
334585608
334600359
334779808
334859527
334897755
334937900
334942205
335005656
335109186
335161177
335346330
335384738
335445017
335835824
336555643
336627736
336673951
336768988
336775726
336834693
336840982
336879846
336959397
336982593
337043723
337126499
337142097
337273309
337275132
337376614
337417898
337417994
337456621
337587047
337610769
337666220
337813911
337978059
338076660
338108078
338258351
338394947
338472845
338693461
338707661
338905578
338923234
338989034
338997212
339014984
339227724
339313674
339328053
339356516
339437785
339561701
339585579
339686997
339755113
339825040
340359401
340448058
340564375
340696794
340768308
341180864
341216461
341217111
341674547
341834694
341935777
341939873
342162250
342197462
342308110
342382834
342433766
342716791
342809689
342850417
342921703
343007314
343103371
343110412
343451065
343471688
343597879
343605629
343819506
343855810
344016593
344037126
344227074
344390058
344459244
344558560
344723998
344766552
344830695
345108487
345123287
345303363
345319514
345360599
345403787
345515644
345581011
345775323
345802929
345974139
346046887
346048504
346290099
346307570
346424655
346441863
346683993
346717654
346821385
346897840
347018518
347059100
347071795
347093971
347095583
347097984
347155875
347208980
347368404
347369836
347375376
347714305
347750782
347992722
348055437
348201445
348291583
348310541
348497100
348519606
348529124
348754787
348900631
349146354
349265896
349453186
349784801
349898526
350057707
350254793
350315405
350430614
350464619
350544189
350545389
350754747
350961170
351008500
351061207
351075440
351314598
351348916
351390550
351600337
352009001
352053583
352106776
352261958
352287674
352375178
352521387
352570218
352583857
352708191
352827128
353035481
353036961
353172574
353400907
353432580
353623532
353651818
353654277
353839380
353880234
353901032
354000431
354143485
354181062
354268188
354362596
354612086
354629814
354756953
354883043
354887708
355157894
355256082
355521189
355694812
355698907
355748820
355963121
356123086
356132740
356145030
356212036
356213176
356274271
356347284
356394020
356497370
356626864
356645587
356804900
356919997
357118627
357120141
357383156
357432790
357501338
357626008
357676853
357703485
357728336
357789016
357937338
358010577
358043243
358078082
358114957
358167461
358400240
358453880
358493572
358576336
358611772
358912207
358914518
358937585
358977467
359117441
359152775
359521871
359521996
359848293
359892453
360027254
360046495
360084368
360187829
360193386
360250672
360300857
360430987
360433920
360508413
360653875
360667755
360774932
360808306
360873650
360957795
360986519
361007681
361158195
361307284
361461358
361476232
361588332
361590990
361630911
361878950
362335647
362419976
362426081
362494080
362536563
362621295
362794833
362904645
363021941
363165287
363256023
363398446
363430791
363611444
363727962
363760696
363778009
363889425
363980050
364156268
364251342
364276602
364402409
364426593
364594228
364627949
365022718
365032719
365091377
365135705
365151203
365315422
365394689
365534712
365602137
365602140
365721586
365754865
365856212
365925575
366076038
366219193
366269545
366339218
366445004
366560617
366764031
366764187
366953097
366953766
366985225
367102091
367257346
367385601
367605730
367753898
367811650
367823100
367851681
367967980
368066298
368093838
368152329
368377255
368489683
368591710
368606187
368746152
368860128
368928893
369047290
369095500
369127883
369190530
369190912
369239593
369262699
369313251
369344934
369879417
369890907
370163442
370170111
370216841
370378145
370449016
370466311
370592971
370811471
370938316
370966359
370974002
371378974
371442391
371580271
371625641
371631023
371691892
371822778
371882883
371935611
371946997
371963374
371988338
372144417
372257478
372373859
372537241
372569451
372665284
372740916
372817328
372963638
373199456
373229581
373938120
373977429
374000327
374344763
374719387
374738609
374915075
374926398
375025971
375026340
375298445
375406954
375457987
375474111
375476994
375491462
375696440
376019629
376046088
376118472
376317031
376540478
376621460
376702594
376800888
377002968
377089143
377092090
377146833
377151679
377245593
377265796
377289008
377303346
377690585
378000825
378069270
378110985
378132893
378242099
378296291
378299690
378377738
378643781
378955683
378980266
378995111
379022172
379128246
379237066
379273838
379332741
379338259
379340654
379429460
379536870
379844269
379984243
380218060
380282835
380286254
380291888
380313811
380376098
380441939
380512225
380638663
380765287
380773823
380869458
380911986
381104180
381158109
381555841
381591239
381706581
382334863
382399072
382459561
382600884
382639364
382664564
382927944
383440477
383471984
383619433
383684261
383708415
383748355
384124989
384130924
384346138
384347244
384378593
384413680
384505357
384538995
384545844
384626040
384769080
384842844
384958830
384983484
384999841
385194803
385217077
385499413
385580557
385588247
385678073
385692575
385699646
385743028
385757932
385806246
385808545
385828979
385861386
385893615
385913291
386053633
386059422
386224097
386359936
386541351
386577637
386708914
386841359
387242407
387294839
387300034
387419593
387462045
387508741
387521657
387604405
387616010
387829696
388006617
388022475
388102471
388273985
388401997
388951411
388971711
388991423
389048649
389346538
389356349
389422419
389533721
389829812
390004114
390009416
390088044
390179144
390209648
390220459
390362088
390645320
390670307
390744670
390890170
390987055
391066586
391115461
391220864
391274903
391300272
391407186
391503592
391522920
391549864
391767770
391824981
391866705
392007320
392035371
392042338
392251267
392400181
392585840
392761877
392804321
392860452
393274916
393287581
393302997
393518775
393578722
393589028
393617607
393929563
393967363
393976272
394211039
394242678
394363606
394376213
394686845
394691895
394892550
394894799
394908145
395146478
395193961
395433643
395481319
395651137
395734481
395771741
395851622
396036933
396098774
396164123
396230522
396235148
396337560
396508231
396574357
396576145
396766689
396784957
396854109
397126497
397150503
397215612
397272204
397535226
397863762
397970642
398068056
398631343
398632048
398700585
399041737
399153579
399324301
399372866
399491376
399700189
399976770
400158274
400164204
400346071
400658938
400735226
400833416
400988483
401100928
401128129
401213981
401214058
401263115
401356813
401378243
401646955
401827299
401842018
401918140
402008235
402043343
402082390
402198540
402320015
402420286
402581722
402655579
402734657
402737204
402770233
402799132
402831227
402886199
402999328
403034832
403037416
403276176
403482747
403544418
403595500
403750167
403817113
403925754
404331082
404341224
404497253
404541447
404605764
404611368
404679196
404688093
404698159
404738223
404945820
405025870
405187834
405235521
405355411
405416263
405645492
405673297
405676702
405729225
405733506
405801592
405856963
405951577
405997151
406125329
406138766
406155782
406335331
406336348
406339686
406663341
406701009
406750403
406756737
406830355
406879130
407002403
407092775
407094999
407288367
407455310
407512699
407776075
407891936
408148737
408184595
408213789
408240393
408373914
408418776
408467017
408501147
408783519
408964823
409041143
409127661
409279824
409380056
409419060
409427535
409433915
409551844
409580199
409598846
409782440
409890791
410158452
410248157
410272079
410530717
410737219
410796806
411059347
411172215
411257273
411633571
411804410
411862159
411954035
411989801
412069520
412070385
412243510
412308295
412388932
412466580
412478870
412481104
412630805
412769859
412789663
413087481
413165602
413179615
413367989
413489017
413490427
413552673
413592692
413731653
414123712
414161318
414435109
414446822
414675637
414803945
414828736
414850478
414854993
414950158
415005040
415284553
415486715
415514835
415626062
415695664
415727222
416268196
416436406
416442747
416533958
416713080
416938025
417075487
417153679
417248167
417264064
417298216
417374818
417511506
417526229
417589126
417958998
418015729
418067206
418305778
418319216
418486682
418552656
418637836
418787797
418828568
418979590
419039197
419052837
419232556
419233362
419246600
419268529
419282637
419775711
419907850
420030965
420223975
420375221
420386894
420455814
420530364
420549028
420579058
420622203
420636078
420711067
420778852
420980418
421020651
421103373
421111516
421120643
421198653
421441137
421536763
421568226
421650043
421681828
421701010
421722012
421761181
422071726
422141579
422312199
422386072
422546883
422557346
422775882
422829171
422841609
422897588
422957506
423015074
423199565
423317210
423764424
423769380
423772822
424064270
424097333
424112318
424214468
424275284
424314487
424463190
424524968
424588193
424848979
425175686
425240596
425247209
425247668
425352860
425399963
425424770
425441804
425496453
425639191
425810476
425820571
425885906
426169489
426304720
426385215
426590934
426791597
426882867
426945931
426961817
427124893
427169505
427316759
427451001
427485299
427542247
427654985
427746984
428031967
428430083
428519517
428670270
428766047
428799424
428851033
428970886
428992666
429120683
429207807
429588586
429601793
429628586
429909535
430026860
430102896
430206072
430238349
430312754
430682117
430730691
430878844
430891531
431027160
431041254
431067006
431116367
431275886
431351873
431401631
431664951
431686692
431748594
431790178
431842417
431895349
431967411
431975592
432108030
432182297
432276745
432581197
432697569
432708708
432825510
432856210
432930611
433036992
433109829
433196243
433199752
433216944
433233002
433298162
433759792
433833429
434005571
434135672
434233750
434262989
434333893
434349601
434446065
434505492
434553870
434658709
434795808
434803189
434859306
435061139
435092406
435145507
435247741
435257162
435368720
435440629
435696264
435698900
435775752
435838287
435856083
436088222
436144385
436164166
436228935
436230729
436277871
436329168
436377026
436458804
436463090
436513728
436601563
436625998
436800753
436900616
436950356
436963401
437049455
437167250
437514261
437674963
437727573
437748378
437776309
437807987
437813933
437841321
438149052
438259244
438341691
438375847
438480613
438500693
438601930
438672041
438720579
438774394
438860035
438917207
439025974
439030651
439082338
439161333
439197247
439331007
439411219
439501019
439599146
439621896
439703575
439753976
439795334
439899420
439900293
440060652
440269426
440434684
440582910
440626146
440627502
440674534
440754315
440812872
441053008
441073777
441311201
441354123
441608619
441825377
441995758
442044657
442064951
442131385
442649237
442851352
442859538
443037035
443143281
443292584
443422078
443431841
443505359
443765821
443792406
443846885
443915627
444309200
444663531
444671174
444726426
444798284
444830638
444943895
445183015
445217887
445278906
445465743
445897133
446268032
446289054
446482159
446487652
446528364
446599749
446612191
446650880
446703788
447013528
447223317
447232556
447447673
447449388
447467892
447531423
447598321
447677023
447711050
448030113
448138878
448251396
448292076
448388314
448459324
448460327
448548960
448563712
448638230
448649593
448686638
448728352
448742793
448754447
448879434
448885181
448954205
448957786
449093820
449269512
449475873
449528073
449548544
449563354
450003402
450095176
450189020
450393207
450586807
450843116
451171773
451211377
451211590
451386082
451443535
451568308
451711522
451763711
451802888
451825171
451954864
451956256
451986562
452135148
452284190
452423737
452448177
452481251
452552348
452553565
452587523
452616786
452632217
452641747
452658175
452741287
452799043
452806580
452854985
452865692
452924719
452941354
453051199
453303146
453667713
453708641
453734776
453743934
454333335
454350968
454450763
454471392
454965075
455052600
455152881
455583258
455616576
455630330
455735264
455764251
455792617
455809686
455872706
456127391
456396025
456452333
456524820
456532850
456577580
456631312
456632234
456656231
456758963
456805532
457288702
457338383
457409788
457710538
457889740
458001210
458017117
458094834
458149170
458196123
458273183
458352177
458420154
458479914
458492852
458613304
458749211
459022095
459044527
459067923
459114908
459279899
459439835
459458729
459731011
459735859
459742274
459779865
459938473
459994537
459995814
460041497
460066465
460149716
460203988
460494679
460501509
460515387
460604615
460793625
460839342
460883282
461131034
461174401
461295588
461299745
461404469
461534697
462189700
462202583
462248388
462266875
462433822
462452377
462471268
462805861
462809863
462926912
462932891
463030864
463431782
463606726
463669905
463885966
463907985
463956864
463967052
464031735
464047936
464066566
464425157
464455029
464585414
464597736
464709284
464893030
464940622
464946855
465005173
465220142
465227952
465266058
465584957
465597267
465764467
465863970
466104044
466134280
466204856
466521027
466530234
466587064
466684846
466773227
466855814
466943238
467052265
467234150
467305903
467355246
467399484
467558397
467563255
467783380
467852021
467923378
468068352
468120506
468560392
468833575
468840699
468918963
469095675
469137390
469180983
469338941
469343708
469420830
469523023
469678562
469737734
469802448
469858940
469974854
470013531
470058510
470310507
470474569
470606909
470642100
470717841
470768146
470982136
471209239
471447618
471586739
471607029
471632952
471677107
471764024
472324326
472357030
472380511
472457155
472596884
472788781
472911407
472993214
473290089
473669130
473755404
473763028
473874921
473917012
474025744
474105673
474245916
474375026
474568550
474585133
475000788
475103366
475187992
475236111
475313365
475913195
475959162
475961416
476022951
476031214
476318478
476461465
476467375
476486835
476660599
476744517
476934887
477019677
477020992
477173774
477206514
477269244
477301457
477520169
477720459
477757705
477791695
477989861
477999470
478122422
478138493
478232231
478233385
478256457
478514830
478607243
478781290
478783313
478871823
479058203
479110429
479264548
479309742
479328746
479336678
479512423
479563455
479583492
479637981
480128257
480142986
480194431
480205866
480351966
480357918
480504885
480742438
480802434
480809002
480979534
480998413
481118681
481216856
481307912
481478133
481587452
481778419
481779333
481809658
481813963
481891183
482107558
482126303
482149484
482204156
482489583
482615501
482803819
482822883
482867272
482932389
483008243
483124499
483139050
483624500
483936061
483989603
484086353
484109252
484201427
484208154
484344940
484435200
484491769
484580171
484618202
484693754
484696756
484720802
484757012
484799823
484858906
484866541
485013646
485034814
485131073
485296605
485372173
485422172
485484805
485657837
485684969
485742128
485829187
485991862
486002453
486025562
486041368
486058075
486143043
486229197
486236107
486292584
486341814
486426094
486503926
486695585
487034858
487040974
487044233
487202592
487240824
487344724
487676625
487686674
487812354
487908016
487940210
487987611
488058409
488125041
488194434
488216648
488345668
488369308
488693151
488812445
489027755
489135619
489164417
489272656
489280932
489347841
489424091
489465938
489507729
489511943
489548088
489603513
489687637
489700529
490074541
490075008
490081775
490191594
490196477
490254488
490321282
490378914
490563096
490578040
490616830
490662081
490690197
490717246
490862741
490991199
491032115
491428558
491488906
491637843
491671674
491895514
491941746
492110635
492211997
492228060
492404417
492498713
492610707
492759134
492784517
492837322
492868913
493097022
493127462
493140725
493273720
493358719
493371914
493431098
493581040
493612428
493677159
493706434
493739954
494043570
494253538
494305107
494312315
494363994
494440082
494635314
494726624
494730984
494733460
494957350
495026575
495045823
495166171
495338407
495454814
495490294
495620209
495727918
495808951
495924176
496122889
496403916
496530973
496542363
496779257
496783133
496815306
496840830
497013938
497050900
497114036
497413887
497526971
497550617
497687341
497735131
497771913
498148703
498228596
498277344
498505014
498709302
498795929
499005209
499006606
499077512
499183595
499191468
499403299
499881128
499937020
499969759
500041438
500081719
500086672
500144195
500236142
500290110
500356350
500475209
500566744
500630863
500674545
500691617
500696013
500807716
501040800
501145886
501248207
501276515
501292820
501322490
501459716
501494220
501626511
501660418
501869244
501870651
501929796
502015429
502179019
502261450
502322205
502349669
502367721
502462905
502468320
502906708
502934515
503063043
503112019
503174316
503175797
503266676
503269686
503275054
503601499
503742750
503768762
503880600
503940238
504172169
504185445
504285286
504326530
504815361
504902338
505064168
505146196
505178108
505179531
505209400
505218981
505353235
505366844
505407089
505410467
505433845
505484623
505593983
505600120
505953659
506034889
506109386
506131575
506142001
506234094
506250834
506303504
506402125
506441739
506486492
506545307
506571550
506634853
506661679
506678420
506796226
506804985
506874809
506876145
506918972
507068330
507102501
507532032
507574572
507601790
507686333
507688209
508054749
508083765
508120548
508167925
508238884
508251029
508277474
508557264
508845252
508908032
508942966
508994228
509108296
509292657
509301374
509715264
509838267
509840196
509949305
509961624
510052507
510088409
510244056
510436568
510474521
510476736
510590458
510743037
510861508
510881365
510937328
511160602
511478971
511681148
511822753
511900881
512053504
512331518
512420683
512465100
512582030
512773083
512874544
513016591
513096514
513418321
513448911
513589045
513668444
513699992
513746509
513810282
513860254
513994098
514017746
514060518
514073708
514086899
514134870
514353769
514481104
514517586
514901378
514989186
515023676
515064417
515090664
515163932
515265285
515281683
515335298
515439484
515577383
515592586
515805601
515828618
516239153
516243571
516535856
516687399
516729537
516754202
516860160
516924018
517007728
517297742
517390406
517413565
517467341
517998088
518102071
518394166
518982961
519150854
519325572
519547198
519579226
519755909
519823185
519882360
519920151
520046807
520060024
520075810
520106737
520154329
520205761
520239667
520390159
520407786
520540179
520563718
520648266
520829385
520836909
520882224
520916684
521007265
521162484
521248574
521303065
521444838
521510245
521564114
521663504
521681314
521692168
522009915
522052448
522168046
522190403
522307480
522492075
522517848
522669583
522701436
522702352
522709120
522908934
523078164
523303478
523396476
523436136
523485304
523756316
523765662
523790753
523791848
523816097
523850759
523934300
524008588
524019869
524069804
524182337
524483400
524535477
524817770
524982272
525053352
525160367
525186082
525251986
525279400
525428791
525541291
525591733
525696533
525714391
525734589
525825257
525848586
525911021
525963318
525964073
526063069
526231941
526266028
526395497
526483921
526840782
527019021
527204412
527302893
527575691
527762426
527774827
527783910
527877915
527905973
528178013
528382489
528425200
528531491
528668600
528790179
528846340
528915203
528991416
529059674
529083676
529121914
529153710
529166734
529385430
529469032
529470792
529615102
529624668
529643077
529731746
529793198
530078659
530414659
530428611
530709104
530866827
530925676
530967303
530984749
530993732
531357113
531385571
531425162
531522280
531638595
531716531
531745077
531849132
531884437
531908607
531967741
532067886
532132225
532189426
532272452
532387825
532442097
532488788
532502366
532707728
532731697
532852336
532875073
533520373
533598222
533627536
533635339
533752837
533795800
533808274
533988299
534050437
534345843
534361990
534382773
534504566
534609691
534738855
534776138
534878701
534963136
534998786
535157014
535220834
535289151
535497342
535759584
535874180
535908981
535935625
535938144
536009103
536058512
536469787
537158209
537437208
537446714
537584041
537679890
537689456
537722597
537722620
537904427
537905832
537916200
538112319
538149463
538215184
538262663
538372926
538392141
538455649
538465615
538558855
538585859
538596893
539010404
539031326
539039292
539126215
539236403
539265915
539288210
539397530
539737078
539918206
540052772
540092026
540309351
540339001
540433071
540505990
540583563
540680345
540739944
540753855
540859431
540894964
540944238
541096973
541162481
541250698
541293735
541367369
541441935
541446246
541694315
541796973
541851842
541885083
542297738
542329160
542523872
542581002
542589406
542645833
542702595
542857961
543089932
543389730
543522993
543658529
543815856
544034335
544055123
544117371
544191121
544315414
544346852
544399177
544582902
544656311
544690550
544931338
545168706
545277682
545565203
545739732
545749391
545784074
545936836
546103411
546159573
546240571
546324670
546511843
546517209
546584909
546739689
546744751
547059374
547062884
547143661
547149129
547149336
547179419
547180645
547555285
547636588
547680478
548062999
548075867
548137501
548197373
548423694
548435151
548462659
548645268
548723085
548764309
548792280
548808293
548861125
548901444
548906523
548957079
548989771
549118438
549137716
549167838
549183927
549355696
549508887
549659775
549686146
549803760
549891928
549986960
550087697
550146165
550216279
550320206
550427125
550524646
550549999
550705663
550747285
550772960
550813266
550854897
550876474
550935940
550972235
550981321
551001614
551031260
551250379
551303795
551333111
551342864
551814902
551870635
551980966
552087334
552117448
552145677
552194884
552244704
552338498
552399556
552431365
552493619
552627002
552684742
552688952
552749405
552811398
552941396
552954827
553005658
553023883
553071949
553136601
553347847
553519035
553585536
553887066
553888117
553999678
554126119
554246617
554395313
554434369
554648962
554780189
554917691
555071470
555124329
555127188
555361224
555380642
555401573
555774965
555782682
555916991
556076607
556089666
556212338
556230156
556259009
556279453
556340300
556351942
556566184
556672928
556790831
556882183
557070254
557131144
557164564
557194733
557199259
557217701
557332974
557336413
557377701
557603279
557726715
557780068
557804140
558050578
558072720
558074011
558077672
558414743
558492409
558525614
558541012
558552019
558849242
558984861
559144883
559239047
559372912
559403120
559580507
559620417
559828479
559918906
560015037
560260465
560610495
560714346
560897798
561068855
561155253
561165890
561214554
561215323
561226256
561276354
561350542
561448758
561476521
561557738
561784225
561814087
561851930
561958823
561962724
562135004
562313081
562449700
562456564
562717553
562814141
562844360
562858115
562912155
562941858
563040931
563229481
563356477
563394269
563518831
563551181
563690986
563736174
563796462
563870689
564142829
564188581
564372376
564717315
564793211
564874612
564886912
564889167
564936273
564944484
565088471
565190512
565242798
565373486
565403157
565540469
565588356
565734657
565842384
566286752
566334938
566475761
566503854
566538274
566658182
566697734
566705503
566709269
566749705
566908373
566949477
566991091
567277454
567290138
567561288
567581832
567600027
567626740
567736370
567773534
567889875
568059263
568080938
568202175
568230940
568492097
568535003
568557136
568579359
568604691
568612344
568629660
568810861
569019550
569101371
569159289
569230169
569271896
569395215
569425723
569682790
569692716
569719639
569977053
570051046
570223530
570325593
570360465
570360921
570431574
570457114
570510528
570528490
570596674
570838024
570983563
571065008
571165904
571256225
571375152
571542783
571608914
571729327
571745184
571933161
572056992
572076497
572150129
572316508
572491896
572518994
572638550
572667268
572719404
572741320
572827028
573098476
573229533
573328146
573492654
573619025
573663218
573676072
574039543
574057964
574175439
574290796
574431505
574721314
574766020
575160530
575297213
575332140
575357986
575498439
575575791
575663623
575672056
575680397
575718895
575781054
576073501
576193145
576266331
576455231
576665350
576811259
576837876
577040064
577074163
577216506
577308621
577370275
577387334
577399624
577402689
577494910
577540024
577544125
577653214
577680582
577687769
577725044
577748919
577942182
578094078
578312644
578468137
578519304
578548430
578578694
578578951
579132633
579199188
579288622
579328382
579461236
579469510
579548029
579580954
579656377
579665606
579722560
579810120
579812897
580125886
580208006
580291724
580372409
580427709
580607023
580674828
580759755
580777552
580808235
580867096
580883597
581070160
581149650
581178616
581249344
581493844
581577383
581578376
581607580
581693927
581712473
581939084
582131489
582152101
582289461
582301599
582335782
582424503
582497110
582595392
582618717
582630735
582638814
582866720
582920964
583014625
583026691
583304350
583426350
583634621
583674347
584012787
584088173
584202517
584230621
584335305
584505789
584601729
584934073
585000026
585037971
585048404
585147650
585226922
585258579
585381302
585432730
585516235
585578493
585664027
585692066
585820815
585935629
586073195
586098475
586221676
586303747
586307092
586460005
586515934
586579105
586638760
586661907
586999199
587009307
587326705
587405086
587614841
587747274
587830200
587843155
587868000
587933136
587960741
588014984
588280181
588314297
588566841
588586402
588630397
588860966
589198170
589239749
589273501
589291007
589397268
589446103
589616441
589707674
589766507
589831727
589835568
589890689
589995948
590022082
590117692
590143443
590206635
590238985
590320426
590483597
590702932
590785150
590800682
590825025
590893899
590900389
591056501
591172972
591229742
591306364
591578410
591615292
591617610
591774221
591854424
591866866
591906382
591975699
592009147
592108633
592235671
592243224
592334735
592421687
592618021
592850478
592868711
592874876
592889229
592922165
593035616
593099294
593125964
593132861
593246013
593527995
593546468
593554299
593829771
593851960
593931377
593993529
594069847
594136641
594178709
594385103
594450481
594577411
594663097
594744418
594845428
594986069
595048769
595168142
595263051
595466515
595512087
595579172
595752905
595815122
596502011
596629748
596649152
596720619
596728054
596849116
596861907
596972357
596990389
597364538
597402572
597440112
597502473
597569356
597605507
597642312
598049772
598514186
598564505
598585135
598677695
598718253
598907428
599236655
599315980
599501790
599577309
599584822
599593377
599594436
599756923
599771288
599815785
599916736
599937815
600077593
600141969
600212417
600254767
600294864
600324137
600352251
600360418
600467767
600651903
600767620
600775168
601120669
601145073
601263297
601474004
601506801
601536095
601609251
601819716
601855928
601902823
602228488
602251933
602268592
602342212
602764560
602958114
602983268
603091541
603177298
603365223
603426612
603471433
603492214
603768112
603803937
603829589
603944111
603958740
604000619
604074771
604092205
604106917
604215535
604251032
604335644
604389161
604560072
604607028
604609598
604628356
604639594
605455255
605483490
605723958
605864228
606085602
606159522
606175399
606195752
606720145
606925712
606940807
607113926
607126665
607202627
607233811
607459993
607516563
607529444
607724290
607753805
607974113
608061679
608156080
608254200
608266473
608491357
608504954
608763537
608887705
608906967
608911059
609105821
609191240
609361611
609440383
609543951
609682482
609793398
609817884
609883731
609913165
609914875
609961229
609973929
610118134
610357848
610535952
610606211
610815920
610958333
610971005
611249559
611690593
611723216
611823705
611967467
612048483
612252472
612557153
612559467
612614635
612803362
612870467
612886768
612901551
613098534
613111454
613275979
613315858
613608782
613797995
613867899
613950429
613986569
614080810
614185184
614238676
614247473
614392706
614424909
614456593
614657357
614679872
614783624
614800596
614818885
615037342
615182671
615317028
615329589
615427987
615874367
615878593
615917341
615937189
615945302
615979056
616096880
616113587
616132983
616250804
616332519
616351250
616410665
616464659
616497966
616589287
616653492
616814791
616828917
616862062
616965553
617096622
617152942
617219806
617376588
617620177
617665886
617729893
617874162
617881364
617985039
618045181
618183823
618190174
618201572
618294966
618341986
618631601
618643391
618721856
618746917
618767216
618809814
619250454
619258896
619352817
619620086
619943165
619981094
620086311
620108427
620145605
620153899
620236429
620282089
620330447
620371416
620638945
620758158
620760593
620781240
620792693
620904299
620923421
621045039
621105262
621759966
621771011
621894061
621948730
622030277
622046995
622057983
622082353
622200925
622226729
622317991
622330321
622350079
622399172
622550184
622592200
622681069
622900714
623042528
623172993
623290927
623926035
624034805
624040414
624042772
624109987
624369012
624414797
624446749
624762391
624763224
624887682
624920147
624952937
625123514
625306930
625314788
625319450
625464448
625510758
625579039
625609471
625667496
625720157
625897025
625900930
625973049
626013340
626260772
626305897
626484294
626514370
626524926
626558094
626629853
626630136
626820724
626929672
627109835
627177574
627302246
627383799
627404601
627415152
627473456
627578834
627623021
627624962
627686652
627793224
627833149
627924782
628061420
628074167
628078236
628136230
628255847
628277599
628277640
628398520
628434458
628582868
628627770
628729217
628730667
628835673
628870384
628927570
629026211
629040878
629097520
629129412
629172379
629268798
629333211
629358353
629371730
629435188
629461118
629564552
629603544
629708787
629765925
629804853
629810616
629891408
629900492
630028642
630031644
630400858
630406578
630607852
630792134
630835995
630922480
631014016
631091153
631115111
631226399
631284575
631294761
631386684
631433688
631488651
631520741
631651238
631677838
631734074
631829162
631940258
632145871
632224611
632407458
632453407
632463669
632606935
632611692
632916246
632956708
633019483
633074670
633277804
633297833
633484174
633498677
633500283
633730582
633736581
633785373
633786457
633897725
634019811
634141944
634177557
634191196
634310196
634422478
634433584
634679566
634706888
634934673
634991196
635221470
635236675
635445609
635575395
635664979
635723276
635887954
636170805
636204336
636209399
636216266
636227110
636260595
636267475
636272227
636395508
636402937
636600691
636776016
636974426
637303313
637330262
637377545
637433550
637475059
637686037
637770965
637851453
637958306
638026919
638088884
638174129
638322420
638605030
638638130
638695830
638887480
638933476
639036762
639068152
639246674
639249003
639260887
639316115
639425775
639438743
639517245
639565836
639655887
639758907
639763861
639837994
639862536
640000893
640300522
640405289
640556201
640597921
640841687
640845786
640868275
641014002
641049232
641070693
641241696
641314633
641325001
641350664
641358874
641563867
641643923
641770262
641786910
641840502
642030560
642219656
642319838
642907704
643244680
643278298
643359293
643627676
643659667
643849052
643986423
644018738
644201280
644405266
644425667
644439610
644473972
644491599
644492237
644531949
644540402
644669458
644870569
644899247
644911193
644938932
645099422
645140808
645310654
645488372
645500040
645540992
645556705
645674988
645687756
645746617
645752025
645984069
646117017
646135786
646155672
646172701
646298139
646371716
646453479
646454179
646603401
646853286
647029228
647103271
647234353
647498853
647516366
647725446
647816159
647941712
648089163
648091084
648129221
648212841
648251019
648278718
648483877
648611814
648712230
648716621
648729205
648751644
648811481
648842053
648915342
648916526
648990317
649208165
649248613
649359564
649414743
649416370
649517907
649546662
649727900
649879649
650090081
650327619
650592147
650695996
650840646
650861526
650868978
650901710
651100137
651125277
651341859
651387889
651462234
651463104
651597012
651941830
652170071
652189909
652237847
652269105
652410924
652623873
652662652
652744224
653040184
653372408
653393723
653601223
653830769
653930738
653984794
654219292
654357439
654425785
654460394
654524997
654536713
654903964
654978465
654980180
655238696
655256749
655367658
655565831
655582683
655627398
656087500
656384768
656515147
656517701
656523987
656578356
656738907
656763280
657056850
657271446
657705039
657713878
657786362
657807807
657861438
658167136
658249219
658383444
658389856
658396683
658600499
658743006
658786334
658933364
658945506
658959460
659024638
659131889
659147383
659167796
659184536
659309328
659421380
659441418
659519617
659727786
659897216
659938641
660155657
660169947
660353221
660362051
660407881
660539314
660826706
660839738
660920789
660944966
661057303
661359229
661371615
661372967
661529136
661530013
661632856
661668419
661690736
661703356
661772969
662202144
662213096
662268718
662360867
662543780
662727488
662736733
662774061
662774406
662935225
663008443
663122959
663194691
663295263
663376125
663620232
663672293
663776179
663965922
663974695
664131375
664157653
664234823
664274424
664606440
664973902
665005766
665018767
665346056
665368425
665390083
665549319
665591834
665891099
665911888
665915221
665956285
665968153
666039588
666045666
666066907
666138011
666163047
666301256
666434027
666459252
666463984
666629083
666750507
666807975
667147279
667450143
667544680
667599814
667630942
667772379
667785664
667798564
667880410
667937299
668003416
668114222
668171603
668233114
668245677
668261625
668306868
668381989
668396253
668536954
668738020
668789398
669011081
669104208
669153042
669203368
669395284
669837727
670051570
670165137
670204968
670222196
670229218
670316786
670474235
670564555
670631325
670643625
670829171
671026671
671048198
671058548
671135408
671168240
671286916
671360478
671547570
671632325
671789887
671942888
671970751
672053680
672083547
672170825
672220309
672316990
672391100
672790075
672866217
672980126
673063500
673128379
673232904
673261555
673475770
673711416
673716239
673777388
673805283
673890883
673911445
673925400
673930272
674015594
674238397
674402279
674421201
674790204
674791408
674798931
674830421
674901412
674920514
675012307
675270766
675283076
675330419
675352458
675376732
675543591
675668209
675793825
675956703
675989289
676188408
676369573
676455975
676487232
676492117
676651572
676951525
676995682
677309394
677312084
677385244
677447086
677533015
677563205
677663186
677728927
678036032
678234046
678356815
678392499
678582827
678647885
678661643
678663345
678781438
678863825
678895340
678905937
678927061
678927829
679129962
679204940
679207606
679320479
679431182
679471930
679590770
679766831
679988954
680154720
680229921
680398130
680410170
680455598
680544061
680864767
680983541
681135183
681379601
681419527
681431934
681567538
681597366
681644503
681831444
681865932
681883418
681899514
681951106
681961387
682125091
682162926
682258116
682340311
682407824
682409602
682473519
682617735
682669553
682756818
682938071
683007912
683012982
683157306
683168166
683233501
683394764
683668627
683925134
684167731
684207954
684415096
684482983
684518735
684763212
684768048
684921791
684992630
684993286
685078215
685149711
685311420
685461238
685462918
685490858
685545714
685713431
686022971
686024658
686121063
686166658
686242648
686338799
686478978
687091324
687113714
687177318
687448333
687481981
687861707
688152287
688209961
688366302
688474623
688602560
688900437
689049303
689148810
689291707
689334588
689346972
689587307
689710882
689747717
689870409
689904174
689967094
689992963
690050890
690191984
690491755
690682873
690710840
690941111
691074998
691148582
691254866
691321784
691379834
691465257
691499662
691615574
691730420
691808364
691815156
691944316
691977474
692008227
692157959
692292351
692684205
692688794
692719289
692798742
692856173
692883774
692961667
693061177
693114570
693211536
693252727
693552014
693812479
694306196
694333367
694457673
694482064
694495292
694546685
694581985
694702643
694836797
694893057
694983399
695036909
695100343
695102816
695249791
695298115
695427258
695670077
695676940
695743000
695958221
696030401
696109240
696157620
696185255
696327491
696434446
696519768
696565583
696604383
696688837
696696986
696776339
696865665
696874786
696886688
696902309
697020126
697031502
697054306
697075935
697301539
697370123
697487016
697525917
698142025
698175262
698261018
698334822
698389559
698717816
699096882
699240394
699442812
699544697
699760489
699904401
699946030
699971327
700026977
700135197
700522071
700623991
700649826
700650058
700674865
700700572
700738997
700804259
700930696
700965184
701108507
701125880
701160624
701162770
701273166
701322229
701334736
701522565
701621776
701747688
701810544
701872389
701878862
701954971
702022500
702090449
702148254
702148387
702228543
702277749
702303496
702331670
702384191
702441728
702625919
703120759
703374493
703487755
703489937
703578502
703627634
703660875
703792869
704228430
704247682
704333643
704405373
704485151
704528248
704618841
704705585
704820241
704871553
704998300
705051106
705075643
705243759
705332186
705444246
705502389
705567441
705619656
705896294
705896788
705900979
705922762
705986707
706058393
706317975
706448171
706450479
706541306
706652087
706775416
706800423
706866813
707012922
707096388
707103922
707116276
707222513
707270197
707330453
707378257
707460972
707558426
707700144
707744658
707860202
707886871
707903148
707918864
708073876
708088548
708201849
708242512
708319955
708357894
708501140
708750537
708823463
708980573
709280252
709330816
709706523
709743410
709761827
709807286
709831854
709860508
709882577
709980189
710013791
710026531
710136635
710260412
710640897
710709443
710771735
710875634
711068175
711181280
711187390
711261033
711348560
711368467
711478863
711506846
711535681
711627149
711737329
711761523
711843331
711886270
711961071
712113349
712260055
712315494
712389844
712409768
712628474
712904574
713023436
713146296
713230393
713262811
713359213
713364878
713476834
713483858
713602802
713605375
713609663
713660758
713721431
713749757
713766175
713770001
713880339
713952592
714530041
714728328
715254727
715379182
715423425
715620363
715705069
716065010
716103026
716107270
716449394
716656800
716871830
716890356
716908813
716934807
717002118
717092062
717135879
717163348
717220048
717272664
717282081
717430723
717443976
717598299
717619906
717621952
717657549
717800032
718223676
718276083
718310217
718430531
718605674
718697996
718854839
718970521
719226929
719597662
719597676
719667598
719822642
719963265
720033697
720267203
720309044
720651781
720691918
720769901
720898102
720931477
721099661
721201188
721239511
721286733
721464847
721651030
721664042
721799960
721841661
721880441
722001327
722075466
722082940
722120346
722143707
722292143
722314374
722315103
722412053
722472066
722524686
722644327
722730037
722790536
722812513
722882119
722904298
723090499
723208337
723230422
723253694
723305027
723353668
723698995
723713942
723759774
723944178
723978404
724178173
724216756
724334139
724335435
724414480
724470967
724557821
724602155
724737537
724902603
724988754
725068645
725112548
725139370
725190855
725238526
725439867
725522815
725938107
725973881
726222313
726226830
726293001
726527615
726637314
726652602
726697058
726751881
726884989
726922916
726996321
727023092
727057226
727173074
727180149
727277179
727293301
727294685
727441192
727750217
727854997
727960322
728071330
728360616
728364392
728765269
728862078
728925883
729114445
729434313
729440641
729464989
729509601
729784623
729828322
729856085
729908454
729990934
730108342
730181345
730246943
730634360
730752935
730821451
730887246
730972237
730978169
731038598
731051157
731132430
731226043
731459772
731822324
731948952
731954845
732043249
732116170
732166985
732248358
732251421
732398199
732760146
732769579
732818754
732994682
733007125
733357317
733391695
733462744
733540853
733553809
733669256
733869113
733870826
734132559
734182006
734190645
734324901
734391781
734540762
734591785
734635523
734683195
734701721
734959155
735017691
735222640
735247296
735351301
735386581
735400636
735401374
735414061
735449841
735721628
735781181
735937115
735949643
735964544
735976839
736056196
736138969
736238791
736368400
736374888
736412256
736761957
736776289
737112583
737160588
737226070
737525401
737542648
737761508
737824352
737869832
738071220
738075319
738405041
738462607
738482514
738495906
738649929
738685637
738747924
739018955
739050150
739073971
739126198
739164147
739206346
739332416
739550702
739628520
739646727
739672730
739734258
739821884
739836093
739856628
740266391
740541816
740545228
740706222
740711844
740772750
740846377
741164732
741177457
741246457
741483821
741585887
741608886
741700358
741736078
741808001
741847860
741855151
741878106
741956360
742085279
742117105
742214140
742255889
742325164
742360536
742529158
742545227
742559729
742562842
742833823
742838686
742860537
743092202
743114240
743200350
743370380
743543973
743589105
743895090
743984212
744038557
744067411
744086876
744425288
744505492
744517501
744521252
744744068
745198810
745257656
745369829
745558837
745651736
745654814
745730788
745791474
745942552
745968717
746019229
746130477
746249113
746313154
746349208
746351075
746426883
746449983
746515539
746607485
746658396
746808440
746849848
746873524
746885629
746934774
746957020
746960410
746964039
747065019
747259480
747346887
747516901
747521184
747545762
747597270
748177227
748189090
748205142
748272852
748441194
748494049
748580698
748658388
749140346
749188353
749302042
749478669
749527268
749623719
749829838
749959260
750029274
750082304
750103332
750533955
750819751
750841629
750861362
750864345
750883820
750884435
750934165
751235584
751423287
751462583
751613825
751911777
752180442
752538179
752816289
752901038
752933416
752961977
753151354
753233934
753552686
753600001
753741497
753833101
753918936
754045841
754065210
754136464
754288168
754307716
754423053
754488203
754492477
754591362
755044564
755117306
755120655
755365564
755800914
755812360
755949029
755974198
756425608
756529617
756655668
756728956
756745041
756843494
756961806
757026259
757682749
757742943
757890001
758012336
758021301
758140448
758323283
758338665
758459959
758529052
758546682
758601948
758650729
758789907
758809360
758886508
758887872
759229102
759326786
759481504
759540539
759684227
759716144
759974131
759987516
759992890
760159064
760159959
760208937
760393015
760558233
760617867
760741441
760845024
760863810
760929693
761022458
761152785
761192330
761212440
761318295
761335986
761438393
761583473
761593331
761752107
761765465
761904529
762043516
762104489
762127274
762180176
762264423
762276435
762277915
762288515
762343612
762632465
762655719
763027632
763090566
763094048
763379688
763444414
763514319
763593700
763739052
763876488
763981077
764011395
764114235
764182934
764185564
764622086
764622908
764637619
764743740
764756947
765011474
765038653
765069356
765139798
765156873
765174849
765232191
765239100
765243895
765420907
765426756
765449312
765608354
765668039
765947641
766021972
766058253
766237035
766281643
766282958
766352106
766940724
766963211
767019338
767225609
767228023
767258909
767302934
767520459
767587934
767603198
767784565
767828578
767830316
767833249
767845211
767922945
768078447
768149989
768310266
768501146
768519293
768525505
768613191
768995997
769124884
769126560
769279740
769565300
769871641
769881374
769962806
770048349
770065089
770171646
770203962
770813601
770862496
770935612
770936144
771052666
771189692
771268635
771373449
771580502
771763871
771968683
772031732
772070894
772155739
772184902
772378205
772512075
772649077
772735737
772739719
772832289
772904130
772943697
772973237
773041522
773101193
773256090
773374850
773513595
773571712
773915729
774087664
774189245
774320702
774383828
774388774
774430192
774470596
774674694
774704242
774713159
774773636
774968051
775115195
775232362
775320693
775364296
775454100
775598463
775724719
775833942
775865721
775954613
776421210
776431070
776481978
776565051
776569727
776625794
776807538
777173369
777385937
777468345
777476253
777478783
777487054
777667779
777738335
777788482
777985773
777994714
778165222
778218241
778297727
778485293
778618954
778754484
778884220
778974154
779065787
779245659
779284135
779304255
779389002
779410444
779479589
779487001
779543433
779573193
779672009
779805208
779867082
780097232
780117724
780228323
780339374
780366700
780432016
780470291
780550509
780565438
780588780
780657881
780720836
780809601
780818763
780920927
780985358
781146496
781384855
781439657
781687767
781767052
781798697
781898277
782029712
782120947
782172091
782266918
782310105
782398055
782415471
782465452
782486983
782662614
782741742
782830260
782880705
782896783
782905418
783026637
783040718
783128992
783268185
783383769
783431804
783461584
783933280
783971614
784140789
784183780
784893133
784917871
784982219
785245936
785397074
785421776
785556468
785913712
786068005
786154546
786253759
786379326
786606339
786740760
786750058
786960628
787050247
787092623
787160350
787217078
787271006
787271632
787315958
787412889
787631413
787675581
787791770
788099282
788143389
788174517
788426826
788569915
788833346
788860116
788923679
789008363
789122864
789279563
789405277
789428094
789457866
789470665
789506095
789520638
789592745
789600289
789716236
789758799
790069698
790101809
790105967
790246200
790292851
790593845
790691887
790705501
790841512
790867718
790967662
791139578
791422052
791589312
791609572
791671161
791684424
791697435
791708289
791804666
792035702
792096359
792152579
792314154
792466291
792507613
792552070
792658388
792914170
792977140
792995795
793087442
793294923
793503009
793819867
793989179
794013042
794037905
794162030
794689631
794719983
794738945
794789970
794808195
794816636
794883594
794928740
794995606
795127739
795233239
795239768
795489330
795539097
795621581
795693149
795821844
795923297
795934352
796227704
796234488
796255972
796515008
796647931
796813753
796837286
796903160
797141260
797172860
797217365
797292548
797322304
797332666
797367348
797421012
797725267
797768595
797835319
798034190
798081478
798100416
798134293
798198959
798217635
798966597
799043861
799072367
799073234
799196425
799327841
799345293
799346184
799384797
799578472
799683327
799690120
799781349
799790512
799935977
799990262
800053862
800121906
800216628
800317272
800389283
800519131
800702085
800857886
800966654
801006031
801534697
801558126
801612696
801734256
801939059
802060810
802154644
802202277
802215777
802234072
802297621
802364092
802553310
802600678
802602349
803001044
803092749
803236333
803320459
803382555
803670197
803732504
803733993
803795746
803896848
803979448
804284761
804423904
804480259
804538667
804539295
804569473
804652558
804744580
804930864
804963097
805088179
805210854
805322397
805364455
805425281
805458056
805545906
805571455
805618334
805638818
805808657
806081644
806124621
806166117
806206650
806224101
806397996
806656669
806691872
806748899
806764415
807210081
807287335
807446896
807563804
807593506
807694294
807954165
807965363
808028602
808049800
808173826
808178689
808431939
808434814
808484145
808551180
808683530
808744012
808917074
808950014
809043384
809107583
809520186
809650548
809951209
810093714
810203837
810351438
810411455
810573784
810594237
810662172
810664728
810752274
811249246
811258679
811335427
811407960
811534694
811552876
811637342
811675564
811762037
811804103
812126552
812260322
812357539
812427823
812465777
812550546
812571324
812589036
812761865
812774659
812776874
812778370
812806501
812860636
813132641
813152459
813167285
813381435
813408268
813609386
813634480
813713397
813745604
813748123
813802293
813935073
813982838
813997710
814088266
814135544
814158500
814273233
814355673
814409152
814626528
814644873
814700822
814701052
815049651
815070053
815113199
815116765
815257404
815330468
815508584
815561410
815567214
815605714
815636244
815867144
816065870
816073323
816102355
816359924
816407743
816507138
816524028
816812147
816944066
817082973
817094812
817124678
817190869
817226228
817231817
817255930
817327921
817417142
817515344
817521454
817537865
817561797
817619723
817647206
817652044
817914952
818117698
818517105
818530102
818637941
818713149
818933913
818977735
819133411
819427661
819431971
819501413
819505038
819573229
819596085
819652818
819796196
819834275
819839826
819903353
820032227
820055933
820115458
820278086
820364742
820610775
820659170
820668331
820695489
820909623
820912577
820940569
821028072
821077397
821151091
821193041
821222169
821276913
821512194
821603804
821625076
821852750
821950552
821983849
822120310
822441954
822586281
822590241
822633739
822637630
822700198
822722420
822725028
822732172
822814132
822920201
822938535
823061289
823162615
823228693
823236829
823504765
823571270
823639722
824110412
824173269
824178185
824380474
824384229
824395354
824490794
824647379
824722227
824844816
824929952
825032598
825074815
825309442
825425840
825433941
825537476
825787664
825788794
825877634
825889946
826153047
826171385
826188138
826277240
826428574
826529806
826581394
826590344
826817158
826902003
826954367
826963946
827043077
827064002
827201962
827216295
827259184
827293533
827337828
827489269
827513919
827555315
827689655
827690987
827850338
828172454
828302333
828349542
828351218
828535520
828628021
829143614
829194915
829258713
829302573
829373722
829384703
829483655
829571846
829576808
829581087
829649453
829698011
829703441
829715362
829733167
829835971
829855284
829870676
829945795
829984851
830033811
830149761
830272335
830287293
830703177
830759411
830861106
830917719
831006809
831037284
831052781
831100256
831169037
831260895
831271447
831276681
831324156
831344242
831345790
831544282
831626383
831836672
831963688
832074771
832230683
832433818
832590568
832657178
832863231
832872412
833197686
833278742
833432945
833602634
833616170
833664805
833670415
833862129
834075766
834171988
834204843
834229145
834273705
834326117
834484658
834500654
834516791
834527161
834527281
834574358
834574890
834629524
834636026
834785613
835142225
835295554
835302384
835331132
835572698
835611438
835644928
835787312
835898006
835992499
836024858
836164176
836279775
836317343
836348820
836377850
836405473
836576730
836594660
836968738
837534077
837544391
837930106
838070713
838080110
838082725
838144924
838659541
838664105
838754608
838801471
839067714
839125735
839171235
839392629
839418270
839451804
839534742
839535612
839577524
839842508
839852776
839915816
839942083
840172911
840365504
840371451
840394842
840547239
840657406
840861804
840951569
840994049
841238375
841364887
841522329
841582923
841646937
841754714
841771762
841809097
841857559
841877100
841894537
841979027
841995777
842018921
842060234
842233377
842339125
842433817
842615461
842674441
842707258
842827380
842849558
842909249
842926103
842965001
843058113
843132899
843360980
843483747
843494601
843567482
843598392
843668200
843687973
843800013
843922352
843923904
843944357
843967855
844011423
844207798
844443062
844471092
844517114
844541296
844708858
844774809
844903528
845125365
845187350
845192551
845225699
845418714
845439893
845460274
845695593
845768347
845786659
845845166
845983481
845985607
846041929
846055156
846103919
846111709
846197850
846205801
846276516
846335774
846399629
846523244
846551153
846567989
846573988
846582789
846642764
846719383
846743547
846765546
846778177
847158296
847334968
847369382
847621010
847816943
847905983
847988455
848116938
848245020
848321626
848428012
848455223
848634645
848713269
848864319
848872693
848993002
849018088
849030394
849037838
849081422
849107381
849159270
849187078
849197362
849236400
849298320
849412447
849562741
849734915
849774339
849783375
849814090
849975108
850005472
850097173
850293155
850304189
850446254
850484513
850547728
850554987
850584700
850594142
850700100
850768068
851007337
851062250
851215087
851329724
851345887
851569292
851641006
851655917
851661343
851709261
851990665
852113387
852159087
852160180
852170912
852197754
852453358
852576586
852645777
852723016
853073382
853168690
853240578
853341717
853360510
853439485
853653148
853677732
853789254
853870534
853922715
853951872
854093542
854196372
854226809
854386770
854409011
854428991
854442477
854657184
854734431
854941092
855117198
855331887
855337366
855466566
855534412
855543013
855607592
855614520
855618847
855781328
855853827
855859268
855877961
856103041
856105363
856272426
856274927
856393351
856507398
856533271
856935861
856988186
857012460
857084230
857122540
857302683
857303589
857342485
857515030
857545580
857713722
857919286
858142361
858247217
858251728
858303088
858373434
858402185
858465922
858832261
858970895
858981922
859128804
859246432
859293269
859534604
859655428
859687497
859887691
859955214
860004096
860160296
860273140
860428565
860506197
860515657
860527273
860595084
860685187
860766069
860848832
860941065
860958168
861015940
861068093
861068864
861425062
861446135
861457414
861761839
861817224
861869069
861878072
861915340
862037804
862248625
862275646
862365697
862599625
862664008
862873962
863113586
863128979
863130817
863163047
863326781
863384284
863517676
863728726
863737618
863767710
863768746
863824482
863896904
863909041
864020140
864090708
864099628
864174495
864409498
864479892
864626175
864728577
864850508
864866262
864880968
864944955
865142362
865148207
865154532
865167913
865275218
865280247
865554555
865681868
865880735
866135749
866285162
866318315
866322261
866375817
866376944
866834055
866853933
866854867
866937813
867152078
867466293
867610191
867866158
868165723
868199419
868211511
868353666
868417387
868433651
868577787
868658000
868838470
868887754
868923374
868934193
868952804
869090442
869103217
869182879
869423507
869627770
869814763
869820810
869991811
870042333
870273012
870360915
870472009
870490220
870595812
870610675
870676999
870716720
870719103
870802228
871268371
871409828
871446489
871456586
871457225
871529347
871572329
871669808
871998565
872018924
872106020
872137079
872138172
872193107
872221811
872263490
872264431
872299147
872305880
872343345
872367260
872420991
872615601
872646624
872714140
872826828
872884989
873090218
873166076
873292337
873359015
873409736
873437422
873441814
873659966
873675702
873721824
873723923
873734288
873907633
874410612
874448341
874494008
874562220
874670910
875011428
875014778
875047524
875180830
875220836
875225053
875225306
875336616
875639685
875824102
875944542
875984152
876021386
876047872
876148375
876246582
876303321
876422579
876519307
876541782
876677153
876775828
876898793
877087042
877193994
877255812
877342402
877368254
877593495
877622318
877627374
877690925
878274391
878416325
878436351
878738575
878979281
878990270
879196404
879279687
879292711
879480673
879500263
879511351
879547582
879702953
879753697
879953109
879982936
880020031
880161765
880208095
880288286
880583812
880790148
880945350
881067075
881099933
881163635
881349744
881463075
881477881
881480635
881514320
881578895
881581573
881708666
881847134
881857383
881890940
881951904
882256288
882287806
882308494
882400302
882462648
882490773
882493599
882677815
882931583
883046853
883048919
883086712
883345037
883431893
883465648
883466847
883471891
883554486
883716892
883829207
883966483
883989306
884227511
884404749
884413162
884439489
884537064
884626240
884643718
884687853
884757647
884799042
884880909
884917010
884975341
885109837
885171511
885181170
885184906
885322079
885584456
885649754
885758215
885902757
885978477
886267005
886274556
886324880
886389850
886413245
886673381
886686876
886767068
886857659
886862718
886891085
886943124
887008399
887120294
887122554
887434397
887593275
887706948
887764300
887989925
888106664
888266462
888321724
888383962
888536939
888818166
888841743
888965544
889178621
889319007
889339700
889428526
889439718
889513433
889592366
889606580
889638113
889817256
889878362
890187119
890211293
890422081
890818524
891249384
891269076
891273088
891558681
891663418
891915498
891995410
892140036
892231703
892584071
892690082
892798361
892808450
892830988
892993077
893029897
893141475
893142517
893211929
893318286
893684506
893935267
893948622
894002776
894111709
894113756
894121141
894145440
894197118
894203333
894282325
894309974
894462019
894546139
894608865
894728190
894840712
894925982
895017314
895177807
895220672
895221393
895322045
895354254
895367740
895440606
895611642
895766957
896007427
896036530
896097307
896122904
896165528
896271764
896275319
896647125
896753878
896843537
896911802
896935530
897059285
897112653
897163019
897164915
897569830
897655705
897685232
897805294
897813732
897837851
897860212
897907444
898191301
898232364
898334427
898386356
898432053
898442627
898657237
898665925
898672376
898678999
898728485
898777149
898837628
899005469
899092772
899170842
899268696
899518506
899565689
899609812
899644601
899790612
899835090
899859588
899911983
899989153
900037701
900136612
900159291
900409595
900502686
900933138
901021266
901030099
901181790
901225381
901265093
901527667
901594292
901687811
901843496
901969106
902014036
902072542
902676436
902692409
902755093
902953941
903419472
903716927
903727786
903853160
903970402
904062973
904142757
904232985
904307822
904359997
904468499
904505246
904528058
904546673
904683125
904939067
904978740
905063447
905125168
905167399
905227357
905300832
905348391
905434964
905751257
905788918
905847688
906092157
906152193
906324522
906507833
906634368
906665948
906741874
906826746
906965710
907036931
907090902
907223521
907229447
907281655
907396485
907600445
907650721
907681074
907825011
907844234
907863413
908068086
908146087
908148578
908176236
908523792
908586118
908613098
908720382
908727433
908962376
909170292
909538961
909601169
909609635
909791890
909822662
909838678
909891291
909915431
910036720
910038237
910106838
910139099
910139579
910354854
910458367
910570446
910613418
911027038
911072720
911240693
911261432
911488008
911502873
911673790
912023843
912086323
912164784
912265806
912289164
912380599
912481724
912647892
912691516
912787625
912841987
912860122
912970468
913079690
913081259
913232372
913303007
913356071
913466710
913652795
913740377
913876625
913928841
913977485
913993705
914094005
914470509
914569676
914683358
914780781
914802289
914903409
915054224
915106564
915110899
915131668
915155628
915323551
915417283
915451002
915497186
915603651
915696929
915929917
916193391
916207906
916220763
916311972
916599130
916780585
916837540
916858521
916873742
916902871
916985152
917100459
917128805
917264667
917266101
917415794
917535920
917596466
917708855
918163459
918410890
918430045
918468001
918507593
918540770
918774418
918859348
918979499
919001220
919022481
919043525
919072778
919097871
919112804
919131383
919222743
919239057
919328564
919435302
919686312
919843333
919889564
920012679
920239536
920338508
920456656
920470345
920515125
920530091
920577422
920601626
920751773
920752749
920783286
920922524
920931213
920936385
921354293
921396063
921454961
921688516
921718437
921770064
921790031
921848925
921984445
921994199
922021970
922239679
922248288
922279273
922371860
922374724
922513427
922845490
922885989
922909334
923004327
923049992
923248961
923339818
923385609
923517891
923603901
923665157
923747314
924077218
924287549
924331795
924422463
924603944
924803483
924937230
925259490
925313444
925329569
925367211
925392193
925451096
925491545
925513172
925619582
925678444
925811520
925827874
925917409
925940220
925951286
926140427
926156166
926247689
926300117
926448262
926449418
926639921
926670963
926801276
927068672
927224280
927258475
927652616
927658797
927813514
927925364
928056370
928062197
928063709
928106967
928110820
928208798
928244117
928247454
928408583
928446508
928463205
928526711
928608555
928678325
928867214
928944065
928999835
929101229
929211792
929546879
929621788
929635368
929669352
929888887
929893307
929978994
930024377
930043672
930576393
930715665
930741851
931174077
931233477
931339316
931344131
931714048
931916311
931998552
932332519
932562696
932652071
932662738
932696700
932838085
933094540
933169476
933348869
933511423
933528764
933589844
933766638
934280648
934307286
934378392
934412782
934766522
934838541
935101405
935173210
935296155
935356318
935391111
935407216
935829250
935916530
935941284
935988351
936058307
936281287
936289019
936386558
936424509
936449976
936453306
936564375
936613180
936729498
936762753
936924668
937019708
937105479
937165345
937297139
937311318
937390348
937393127
937425128
937477227
937645874
937672805
937721854
937905622
938245276
938328948
938430969
938444983
938792606
938852972
938966601
939092199
939256925
939593454
939659948
939689162
939741562
939898863
939955822
940229865
940430734
940539682
940686421
940737906
940868196
941021028
941098769
941351575
941414569
941532522
941560618
941692841
941768821
941868124
941890892
941935549
942081049
942191722
942482568
942659532
942661397
942798929
942932225
942956538
943117909
943265139
943324953
943392855
943554317
943571179
943572352
943616598
943645269
943776585
944005932
944143208
944189842
944268052
944427999
944453634
944555675
944674459
944737246
944741909
944796369
944822800
944858003
944994898
945002534
945248786
945256575
945356578
945373271
945461441
945497671
945684687
945708376
945740907
946009012
946132590
946487882
946534760
947172133
947188485
947285142
947499335
947839014
948030463
948071832
948109463
948168782
948174076
948285931
948299658
948403985
948441911
948445412
948455188
948482227
948718920
948865644
948898050
949110965
949128191
949193476
949348656
949366875
949477012
949533026
949782472
949926866
950319882
950364638
950404450
950573558
950622968
950781006
950806369
950895297
950913407
950977524
950989809
951055990
951084942
951343118
951377261
951731752
951984194
952016249
952017777
952063853
952065947
952456059
952503835
952653109
952709458
952766617
952820947
952861051
952893228
953167106
953351555
953367485
953922396
954037514
954239772
954260006
954329372
954347153
954495425
954537820
954602181
954763704
955025576
955115588
955178222
955297184
955322087
955392597
955424825
955596252
955784621
955959822
956098575
956197007
956354421
956437170
956485703
956725847
957032438
957206181
957219105
957567528
957574266
957724963
957733536
957992881
958003103
958034250
958074719
958189985
958610409
958614844
958646706
958762369
958815457
958822640
959009058
959024987
959048750
959305717
959345026
959468741
959541255
959679750
959811919
959902273
960008586
960010094
960036827
960097610
960182036
960304078
960371114
960439125
960618041
960691466
960718539
960755346
961131075
961174696
961240389
961256430
961264715
961464729
961503199
961524205
961562828
961680548
961733164
961744162
961842457
961904477
961970281
962464820
962788444
962805338
962949583
963134729
963138311
963280025
963477712
963564029
963692477
963850029
963926105
964126110
964265005
964586359
964696860
964719847
964767641
964795280
964850517
964871075
964988620
964993295
965166125
965413015
965495188
965528149
965570404
965586354
965640643
965779130
965786862
965801489
965815768
965953257
966091363
966351918
966358107
966394339
966488036
966593494
966606770
967009160
967047924
967049077
967072785
967078548
967193339
967246146
967398052
967467661
967703263
967731557
967951489
968221330
968248553
968286522
968482890
968625394
968631494
968648563
968687672
968878608
968995102
969036985
969067203
969105780
969121089
969190501
969237257
969259116
969281042
969590956
969758500
969970240
970039762
970233718
970264618
970518565
970647460
970668106
970758023
970843864
971336253
971387194
971613259
972011977
972126237
972131989
972160065
972217524
972274522
972311132
972373677
972609972
972618694
973186953
973363657
973502102
973536598
973594511
973743505
973758632
973859656
973864774
973918698
974029888
974235304
974645308
974843964
974881822
974930558
974938893
975260603
975492522
975555675
975641966
975659635
975777832
975795594
975837407
975861594
975871813
975938537
975974568
976058434
976085861
976096953
976135367
976135858
976141268
976219350
976300404
976354255
976398475
976447215
976477641
976486931
976522055
976605364
976607157
976675021
976710735
976733898
976809854
976854456
976869108
976869450
977034781
977083052
977461679
977467474
977553121
977724231
977868395
978047400
978167678
978195437
978198922
978276264
978325391
978359967
978487919
978517096
978573246
978867984
978961093
979024427
979043465
979157586
979186217
979293717
979422622
979425125
979509096
979577514
979649470
979761336
979809312
979815837
979901733
979993083
980239863
980283168
980391497
980469505
980570476
980653814
980656913
980695306
980938076
981071365
981078525
981422480
981503885
981547015
981548119
981556876
981559453
981590469
981694181
981715650
981951180
982132114
982245346
982295433
982298180
982412898
982467156
982652216
982669996
982925096
982989822
983128379
983256854
983509025
983569081
983754636
983876587
984035283
984086595
984123642
984161510
984336844
984415539
984461479
984472050
984519112
984560383
984660460
984697168
984765356
985124778
985247403
985293094
985309388
985334805
985393860
985480229
985637328
985756981
985816519
985846354
986189376
986342265
986518136
986598917
986690046
986699597
986784305
986816176
986866342
986904538
986937749
987099178
987302822
987669543
987679823
987763126
987767782
987787118
987796158
988205880
988323302
988525638
988589023
988626952
988803691
988953626
988964796
988998959
989057743
989215524
989221926
989585220
989603048
989671062
989730913
989780335
989894605
990061139
990163658
990184027
990203327
990265030
990321194
990472337
990534527
990550971
990749903
990802647
990859953
990967263
991003101
991057843
991210331
991263266
991335778
991370942
991411776
991423214
991462819
991618480
991862495
991889398
991954165
992052382
992079026
992215005
992216310
992220199
992238630
992264033
992476896
992756138
992894236
993012364
993061505
993090925
993166491
993186097
993277122
993437641
993540975
993705181
993735055
993741139
993788310
993850866
993871680
994155310
994234679
994285515
994463620
994566534
994704291
994716815
995336017
995521941
995618714
995630245
995772879
995970038
996152351
996246045
996292901
996352470
996378015
996438351
996466490
996700226
996719031
996726922
996747128
996955095
997190157
997250164
997292658
997333751
997348461
997453410
997546218
997769442
997905353
997953897
998176301
998315144
998427226
998695114
998702806
998792037
998866729
998924046
999020249
999085977
999224837
999251118
999288016
999362528
999531374
999562093
999611987
999695369
999730747
999871485
