149827
426661
427705
568241
714141
839805
855808
867022
936524
1056363
1075639
1288409
1329690
1375108
1456652
1879449
2154204
2395051
2602127
2646688
2826891
2931495
3091227
3252757
3377591
3593627
3775104
3888266
3893897
3915450
4220820
4317886
4360002
4392016
4464250
4535377
4671897
4683319
4837883
4847327
5115012
5231171
5466512
5739623
5751815
5873358
5875947
5971836
6044606
6074379
6119380
6122725
6147708
6346504
6433777
6495390
6501442
6560645
6674029
6824791
6924683
7112309
7200313
7220241
7311782
7429270
7452251
7677416
7715193
7760868
7790081
7875592
7977262
8001839
8039466
8051323
8159376
8513985
8559265
8626727
8725421
8770910
8779193
8867544
8920806
8992869
9480309
9502739
9526245
9770853
9807262
9882574
9955602
9975873
10441508
10502295
10735459
10785988
10806654
10822435
10858371
10902443
11093490
11171166
11269848
11298208
11392930
11419643
11565463
11636936
11639882
11648888
11673069
11787404
11923656
12125225
12192945
12547716
12861094
12931134
12973617
13042068
13056849
13077567
13724040
13889037
13958922
13971914
14051915
14192691
14211951
14453320
14570614
14605471
14634028
14725043
15331098
15346946
15359236
15365691
15402352
15648007
15708466
15716762
15766608
15769692
16019375
16146163
16252312
16408698
16426583
16454831
16495392
16567163
16625265
16663229
16753938
16764995
16772417
16804553
16820459
16932788
17049717
17051337
17102358
17110995
17145372
17243412
17281398
17354737
17593823
17843181
17955803
17961232
18022822
18129879
18236188
18407888
18587735
18616100
18875106
18910939
19036395
19175867
19345531
19403810
19407258
19473246
19495612
19533850
19624534
19626008
19631736
19670026
19700783
19813333
19898829
19933748
19970777
20326772
20327164
20489507
20500462
20578068
20621495
20701372
20742412
20839418
20867813
20968798
21071761
21281656
21301434
21341773
21494312
21808425
21884800
21983354
22030057
22142391
22213538
22303518
22481751
22677732
22679020
22777786
22828095
22850179
22900529
22952296
23186595
23347550
23356227
23366592
23439903
23445983
23509783
23887247
23909853
23931462
24125469
24179164
24203723
24382525
24414042
24648451
24844959
24878476
24979536
24994145
25131398
25216192
25328947
25406415
25582853
25593377
25606270
25610132
25775188
25939149
26053054
26067970
26261024
26527026
26571373
26660526
26804999
26957414
26990707
27065684
27135656
27197274
27227136
27460574
27737244
27830628
27883609
27889449
28085196
28092828
28321337
28429226
28544803
28608708
28664512
28754310
28860243
28877263
28879913
28957100
29116150
29333807
29378097
29389203
29478637
29494630
29622283
29701421
29760635
29840195
29879501
29993526
30007691
30195366
30206649
30300874
30339926
30736812
30863619
30903921
30970411
31113001
31115757
31187548
31329079
31399113
31585441
31668775
31732530
31830479
31927758
32023771
32168272
32262013
32328845
32338001
32413965
32501274
32920703
33019341
33205306
33239600
33734730
33948601
33979762
33989032
34002194
34197908
34406210
34436641
34890180
34900682
34928828
35023613
35073058
35130276
35176176
35206709
35216368
35305438
35483203
35634010
35673015
35961941
36144202
36164691
36403549
36436955
36519147
36528175
36591316
36630860
36779270
37283266
37384768
37523449
37547601
37629493
37639632
37661485
37661595
37697245
38043865
38065674
38248931
38261738
38273737
38311604
38405923
38567170
38597136
38913009
39098792
39401760
39416020
39431877
39442531
39466464
39511431
39581417
39592226
39702767
39745726
39763436
39789139
39869474
39929697
39935314
39995788
40142650
40168434
40285193
40530135
40772794
40930373
40934008
40951681
41005879
41287173
41296712
41335855
41399320
41670754
41773659
41806691
41809703
41838560
42035566
42121552
42223657
42261276
42282450
42388899
42543279
42626527
42923428
42967653
43081247
43181308
43320542
43371981
43376518
43467991
43512812
43744987
43811229
43905434
44133815
44364088
44373839
44395537
44464376
44648049
45003448
45145531
45182914
45258718
45294424
45297165
45626221
45774743
45867301
46094624
46132459
46245034
46449895
46466058
46679693
46801294
46838304
46967639
47336940
47455937
47485129
47554490
47729627
47843235
47926948
47932582
48339689
48409594
48986728
48994489
49189003
49192288
49197116
49279663
49444185
49590141
49602522
49884792
49887810
49900167
50234444
50266317
50323630
50677297
50687316
50882318
51085457
51197442
51290205
51306931
51354572
51402316
51434013
51512435
51844962
52038778
52099421
52249625
52328284
52359899
52502169
52567523
52602212
52655738
52675308
52775237
52776338
52779311
52810477
52932812
52974064
53316981
53327949
53343858
53352609
53411972
53482549
53600368
53631853
53682678
53693430
53781176
53817896
53835781
54019539
54349974
54359808
54388142
54389530
54408428
54421796
54556592
54819461
55026211
55046579
55086450
55087307
55131380
55162241
55193582
55266564
55266619
55613692
55672179
55681896
55746053
55762885
55880193
55916987
55937590
56064314
56078306
56328964
56382389
56555077
56602295
56684906
56710600
56890820
56906907
57092949
57208939
57360861
57361632
57392562
57419848
57517594
57535464
57657603
58117344
58229073
58244202
58527656
58563162
58568480
58752591
58983545
59288808
59358529
59363403
59481487
59578135
59652780
59843268
59867603
59878775
59953348
59960882
59984249
60003226
60017494
60033176
60141145
60143802
60174011
60191757
60240946
60403230
60700413
60877455
60954399
60972091
60987526
60989392
61127788
61166068
61398673
61794076
61929215
62231376
62236445
62333157
62356011
62876116
62905405
63073889
63343660
63439177
63570754
63682951
63829971
63894242
63964563
64086779
64094465
64172768
64249446
64365151
64583903
64758069
64817606
64824945
64986435
65050357
65209309
65309675
65489239
65599258
65619678
65662639
65731463
65971131
65983341
66026416
66081150
66104466
66320517
66440205
66766937
66804267
66841033
66846472
66907631
66966609
67080031
67232859
67298985
67433814
67510953
67628318
67805662
67868779
67885332
68013368
68094065
68109421
68232929
68274406
68334806
68359327
68553121
68688504
68709715
68895769
68904727
68997767
69026269
69218160
69503050
69531997
69556423
69730118
69754296
69939210
70038481
70072871
70277281
70289589
70349189
70381117
70505173
70604622
70627502
70635396
70670608
70676317
70844058
70915477
70920471
70985132
70991308
71055707
71206786
71250937
71333534
71384333
71549085
71734403
71824099
71870417
72059116
72077284
72112584
72146998
72223884
72350650
72452098
72677483
72703855
72826214
72902749
73170478
73231207
73433032
74092961
74159427
74196524
74214801
74247777
74289053
74306109
74444795
74458524
74535151
74549293
74594810
74798437
74811007
74940676
75061785
75278958
75455878
75502715
75536111
75560813
75631212
75674657
76045454
76095601
76108725
76129754
76452937
76460464
76629849
76780748
76823959
77053417
77103103
77240887
77300894
77393790
77569189
77718482
78096239
78157767
78246663
78294309
78308986
78316677
78329297
78702539
78902086
78959437
79003021
79280683
79471771
79500720
79582151
79589985
79639881
79704561
79724684
79853924
79985031
80009380
80118094
80307937
80445417
80656697
80779197
80795428
80897173
81030980
81212511
81264827
81381012
81497443
81527595
81690681
81783750
81821233
81840759
82070084
82116015
82152542
82216379
82232843
82315863
82838973
82906419
82962250
83010313
83037468
83106007
83232002
83655037
83858094
84016791
84094296
84203755
84214449
84262714
84296455
84301189
84406819
84468829
84565940
84793987
85318868
85328691
85512140
85571731
85619631
85842265
85887549
85941830
86223143
86592178
86731899
86786954
86882670
86943474
86965118
87242077
87349932
87402929
87505268
87598409
87704213
87713975
87888533
88086937
88273009
88298614
88310390
88447596
88591190
88618046
88670712
88827811
88888607
88957099
88960452
89028609
89249165
89264467
89265710
89382084
89573864
89811345
89862670
89910224
89932104
89977636
90007450
90306920
90366419
90540413
90628277
90654737
90680290
90687228
90690397
90746138
91081074
91195508
91322696
91705667
91908145
91930340
92010664
92275109
92434231
92445128
92544867
92876136
93060506
93239335
93361998
93458327
93464393
93650964
93656797
93672239
93758193
93819497
93898949
93908441
93933229
94047473
94267180
94283980
94311997
94415871
94566106
94604458
94630063
94719814
94776117
94788717
94863202
95052248
95150131
95217565
95292610
95337121
95582638
95584525
95607666
95608418
95774822
95844147
95859533
96154314
96343477
96391990
96516649
96520994
96554421
96647610
96774047
96890351
96909574
96931026
96937475
96970657
97000701
97030493
97033609
97054104
97137360
97290591
97472477
97499768
97609944
97711849
97763565
97794428
98041098
98074202
98123298
98224281
98350410
98628389
98658192
98764962
98789458
98818176
98952740
99071215
99532139
99602403
99624482
99822777
99856041
100286187
100311070
100360433
100432002
100483179
100556523
100594034
100609103
100616735
100636360
100640013
100800057
100819243
101041226
101088776
101156008
101333397
101383102
101387300
101491952
101512667
101562205
101591674
101637758
101669439
101690576
101717417
101735931
101785942
101786729
101842443
102131994
102253550
102357639
102488585
102528342
102535617
102535948
102648135
102922045
103188207
103232534
103244806
103584263
103670391
103778383
103891298
103950611
104025915
104155444
104169674
104278334
104327899
104518046
104655508
104683386
104809171
104820586
104836023
104932787
105025704
105083247
105085106
105093063
105478734
105486115
105537200
105569933
105578464
105692329
105735493
105949573
106040757
106251615
106288743
106337004
106492773
106733154
106734429
106801650
107001836
107118479
107151692
107265016
107312983
107446700
107493528
107558633
107612166
107654041
107692373
107736912
107828133
107901086
107906988
107997503
108045898
108072521
108125970
108229082
108515918
108642271
108646372
108665972
108719578
108777555
109328561
109346746
109388338
109400189
109826094
109850468
110020172
110201347
110285434
110310571
110341344
110543053
110547665
110563374
110667902
110769713
110779383
110980406
110989755
111011023
111057942
111306614
111391229
111416389
111456921
111556710
111571283
111657401
111705023
112032616
112035182
112073044
112116242
112129111
112186051
112421100
112910673
113025529
113277758
113323671
113421530
113494745
113522876
113708392
113713492
113751992
113806955
113821583
114023291
114376281
114391565
114407598
114447582
114465711
114486060
114537207
114613792
114894404
114932695
115296222
115438340
115716183
116109703
116359893
116391559
116772154
116875744
116929504
116963814
117005948
117410212
117449323
117455954
117574839
117603505
117745621
117907322
117918535
117970329
117975927
118149022
118228761
118306083
118374958
118457445
118532366
118747892
118775130
118878884
118885746
119023829
119042853
119171181
119768119
119790881
119862199
119882514
119972426
120167239
120170533
120299669
120334448
120402810
120454087
120594375
120609998
120628168
120754985
120780816
120840387
120969863
121060065
121133139
121146908
121188276
121283350
121449249
121507466
121827181
121903468
122137876
122307339
122319724
122582560
122631454
122715824
122784685
122925472
123015207
123072388
123212303
123289860
123344172
123435984
123653178
123701231
123847557
124260591
124331327
124373391
124399150
124525471
124561394
124587468
124624329
124697993
124835762
124893700
124924699
125061329
125099239
125278329
125398495
125491749
125505034
125569797
125599172
125726378
125767124
125775166
125785822
125814863
125846042
125868261
125927394
125948776
125971959
125977060
126059734
126337838
126456472
126479211
126548262
126556063
126570527
126635997
126792515
126982139
127025668
127038147
127129773
127179705
127307480
127439200
127516814
127696131
127709654
127719842
127732823
127812058
127835602
127874141
127916273
128021854
128308809
128363134
128372721
128533718
128567269
128605784
129076887
129209379
129296800
129379413
129438715
129643238
129664863
129673378
129682956
129842580
129880096
129929786
129963418
130225049
130255030
130391768
130458334
130531959
130668081
130789349
130925565
131019393
131253861
131278080
131339885
131550017
131555924
131605025
131632868
131820459
131996690
132242734
132382772
132413736
132551010
132765603
132870878
132929269
132973837
133035952
133226543
133265430
133385863
133974973
134041342
134077896
134115514
134400102
134642500
134660567
134972025
134977080
135002501
135059241
135089758
135177586
135220249
135256010
135411244
135500099
135508779
135582916
135620080
135621626
135660669
135828618
136110668
136160517
136491661
136529069
136662518
136774372
136897412
136956029
137016152
137048313
137134302
137344587
137364749
137411669
137607965
137621898
137760353
137814006
137863772
137876816
137950093
138017492
138091475
138122441
138152461
138229190
138389012
138392111
138424768
138467307
138481985
138482948
138562887
138649820
138728355
138939823
139114877
139170300
139171989
139172051
139179607
139199881
139202851
139244285
139245969
139289071
139292598
139582627
139635235
139818567
139884353
139923227
140014506
140097952
140135213
140350445
140533609
140767152
140871667
140898399
140918473
140928539
140984651
141009784
141202254
141441020
141600706
141647108
141858297
141912892
141922267
142129523
142484470
142551186
142570241
142761002
142817644
142879017
142923761
143016750
143085158
143102730
143158510
143309202
143392602
143491550
143553556
143632462
143728518
143793300
143799191
143844757
143880469
143891388
143923987
144007163
144013362
144034746
144245561
144485247
144609098
144721981
144797032
144799522
144890322
145009328
145148292
145358487
145462658
145477055
145580063
145683909
145704623
145738665
145783182
145980256
145982723
146038063
146060241
146095654
146212029
146241545
146339589
146609793
146642526
146719674
146828549
147004414
147159394
147415264
147436137
147586101
147611451
147784209
147837041
147894950
147917901
147950950
148155226
148228887
148408356
148465076
148525464
148526397
148526405
148702550
148790397
148798158
148815043
148992526
149166248
149353647
149429757
149430828
149466314
149665098
149747585
149924831
149930283
149961037
150131674
150132045
150602480
150853400
150999144
151006895
151008815
151137511
151171552
151207377
151248459
151315321
151408152
151436446
151601428
151661682
151664409
151865879
151869018
152003104
152093673
152100479
152481182
152502009
152604283
152674866
152802624
152950305
152977768
153045629
153074257
153116968
153293438
153319096
153343636
153361453
153758859
153786633
153966318
153988775
154163950
154199065
154628009
154952314
154980202
155031943
155305407
155329341
155408251
155740764
155841464
156090461
156144215
156154749
156304174
156332220
156356133
156400714
156413127
156685377
156738520
156957968
157239785
157281919
157477919
157569908
157773379
157784584
157787701
157857511
158126976
158130634
158219707
158242823
158453296
158580762
158664221
158826772
158953528
159016163
159033608
159067965
159203967
159236823
159371897
159444962
159546332
159553243
159570995
159698162
159775690
159880851
159942851
160011711
160231918
160241295
160275572
160303400
160331347
160483053
160590767
160659515
160718106
160760720
160765618
160783210
160785464
160825348
160855071
161050090
161189519
161243812
161248583
161265573
161441729
161470409
161540919
161585064
161625160
161851099
161986055
162025602
162068959
162153516
162188062
162285988
162310840
162374100
162396235
163040096
163064651
163338870
163635038
163807065
163951254
164081901
164122570
164355690
164714222
164717725
164719023
164723664
164772639
164824826
164917017
164931487
165252692
165253457
165333567
165424085
165621107
165694443
165829590
166164821
166222824
166288920
166305037
166348602
166656277
166912283
166951406
166983953
167012761
167087096
167100309
167178707
167182704
167289576
167397936
167480234
167547930
167596110
167858789
167896996
168100321
168202716
168279553
168306446
168370924
168527772
168625201
168636904
168656227
168781961
168819355
168833157
168926155
169113554
169147385
169150525
169233705
169255021
169301212
169548559
169814181
169886850
169951686
170287553
170349960
170671799
170701674
170780729
170881932
170885494
171002963
171028667
171041407
171218811
171409939
171513594
171531833
171585418
172014758
172175477
172210859
172272103
172315617
172329399
172508561
172509839
172603104
172775713
172783839
172810250
172813467
172829944
173028502
173166066
173194849
173401778
173432668
173447274
173530453
173609871
173688825
173734123
173754589
173933044
173937579
174018783
174033813
174041045
174247635
174264397
174309348
174436769
174549103
174570667
174651390
174702958
174806279
174826951
174908325
175167574
175258128
175380941
175422241
175434764
175500880
175747269
175781185
175962837
175962969
175987344
176132006
176505675
176726497
177075181
177081286
177103465
177213790
177244880
177277211
177384348
177506541
177587476
177608377
177791637
177800038
177823189
177848259
177963981
178526438
178862986
178934684
179068967
179075236
179263514
179470632
179487394
179834912
179925386
179939988
180079746
180226102
180338339
180545803
180559503
180573461
180731808
180732523
180734577
180933939
181039969
181104259
181160546
181272200
181318222
181343576
181385477
181413130
181457095
181472464
181520663
181701850
181716931
181724663
181771404
181824118
181870316
182046953
182091543
182109450
182112819
182131094
182206863
182322477
182474104
182497385
182838662
183087266
183109436
183111258
183250829
183297420
183467309
183595408
183758467
183768243
184107483
184395888
184455359
184486072
184586172
184600261
184705752
184719678
184905348
185090821
185116471
185132841
185328869
185349410
185600109
185632590
185689322
186160008
186189929
186524611
186538565
186549759
186597584
186701287
186747113
186865377
186911517
186912154
187243988
187277374
187449136
187516658
187547393
187779076
187974148
188046587
188272565
188361957
188476233
188810083
189058077
189064811
189154878
189182110
189254074
189299611
189549301
189574345
189774739
189788986
189805773
189877901
190082916
190433223
190459881
190531852
190654581
190664732
190827055
190886807
190912603
190963995
191037810
191195156
191320948
191378442
191391317
191418921
191520738
191580271
191594773
191598900
191778845
191947723
192102471
192110214
192227794
192240462
192241500
192269220
192822130
192829881
192979205
192979413
193106624
193425290
193509201
193760011
193947637
193959889
193996293
194042582
194200826
194331891
194448029
194629012
195006307
195038224
195447083
195468467
195507760
195602529
195637878
195672968
195809399
195985049
196342152
196401346
196471098
196869157
196903743
197012901
197019150
197056870
197075662
197125480
197237782
197339731
197457403
197528603
197647747
197819716
197842603
198010426
198059413
198136777
198229073
198236602
198419406
198446910
198502110
198558484
198637607
198694761
198860716
199352463
199385835
199416333
199825166
199828464
200008858
200092905
200097701
200112157
200168243
200280974
200281056
200370173
200440165
200615050
200815020
200832669
201040397
201116680
201172118
201321299
201358678
201527351
201636424
201643955
201746852
201900030
201913227
201958109
202133745
202256486
202282791
202401332
202514474
202796223
202934958
203331427
203383551
203446015
203494574
203524364
203790489
203817913
203871482
204058185
204174391
204195147
204279244
204427285
204551741
204663881
204693592
204698629
204718731
204806662
204849241
204878121
205076950
205163072
205204774
205297727
205453030
205580042
205644827
205692076
206097275
206218018
206276550
206326449
206367861
206496626
206516873
206557448
206680229
206798343
206860742
206865584
206941383
207044414
207211088
207253629
207521975
207644611
207855267
208207392
208329605
208704688
208913659
208943847
208947975
209059295
209174306
209294901
209342832
209466516
209494697
209519498
209664140
209808641
209827564
209888888
209895215
210145731
210563208
210821263
210971463
211013616
211237748
211295807
211452314
211471316
211589563
211612780
211616474
211659772
211692759
211771701
211791412
211816552
211888886
212534791
212538598
212721490
212789282
212834352
212851575
212879135
212897740
212984730
213089615
213296119
213296227
213304360
213351654
213415986
213594128
213606788
213610786
213726338
213735374
213781050
213876486
213977619
214453008
214585565
214693242
215014695
215017002
215072924
215098099
215226988
215233245
215296207
215518692
215561580
215649194
215681818
215732066
215819054
216007577
216018038
216073937
216304631
216307291
216335256
216361316
216553459
216662060
217206375
217223081
217325997
217441808
217455388
217651102
217669705
217745099
218076944
218080895
218083786
218137657
218203656
218241045
218293940
218599837
218608270
218897849
218997068
219051177
219122037
219200376
219201530
219261056
219290303
219544661
219762734
219830104
219837209
219863292
219986889
220000983
220175140
220208666
220317556
220428123
220479949
220547617
220579197
220647288
220701377
220896747
220925989
221034132
221099228
221101654
221251679
221262142
221262181
221319066
221369992
221830616
221844017
221951298
221987260
222046729
222110156
222147764
222162434
222187858
222274050
222391836
222409406
222622723
222648757
222658292
222840132
223022851
223196652
223208044
223217589
223356825
223413161
223507348
223516787
223620211
223766745
223887900
223992916
224176500
224260384
224325838
224780634
224788639
225040104
225107495
225192571
225239161
225242206
225295988
225357438
225451112
225571036
225648938
225685418
225705818
225891236
226130618
226254985
226398098
226655414
226730115
226871051
226925425
226926407
226951889
226964081
226979796
227124811
227207839
227218969
227236445
227295163
227386939
227472841
227482641
227537633
227631256
227709075
227735608
227765319
227794252
227845728
227860974
227886432
227961568
228159808
228205492
228219742
228249209
228278252
228332044
228400822
228448856
228465158
228751733
228930946
229164464
229371551
229401566
229572547
229586554
229628978
229878360
230248092
230394558
230398434
230412266
230515748
230676257
230836093
231049912
231076537
231298286
231435160
231494820
231861034
231997025
232122238
232271810
232293497
232370325
232382478
232417701
232526572
232789042
232821719
232822320
232986597
233141313
233235288
233343494
233388290
233407385
233734947
234016150
234070182
234223986
234232192
234364647
234447205
234476158
234679883
234689498
234708362
234856864
235067696
235084966
235252040
235277751
235379007
235472740
235511250
235558527
235952405
235961518
235996019
236182506
236309298
236495961
236528758
236549509
236862577
236864155
236903606
237282386
237322139
237428482
237553498
237843684
238018520
238075996
238101240
238175365
238287454
238517399
238520483
238521927
238614307
238793399
239116144
239184190
239284193
239387169
239398991
239442356
239812411
239929540
240024310
240071765
240120047
240301577
240366967
240492931
240507073
240623543
240713956
240969464
240976641
241153641
241435526
241602009
241706481
241828514
241959268
242699774
242726494
242805820
242824864
242934344
242988686
243062592
243134965
243242259
243251783
243516773
243630542
243718649
243930246
243971498
244137880
244184618
244281957
244476625
244521826
244545906
244597400
244607559
244787339
244875077
244925346
245065344
245113439
245165914
245307764
245383865
245490870
245572187
245622493
245751742
245767880
245875985
245912144
245945028
246024887
246062676
246112171
246183338
246223020
246359572
246652325
246676866
246730190
247184662
247331318
247667466
247807144
247810867
247902708
248166062
248206562
248351615
248383088
248389424
248396554
248432524
248527723
248605773
248615576
248703840
248737820
248812452
249281320
249454154
249611662
250019109
250199335
250398121
250523786
250632539
250749838
251024950
251414555
251770593
251795592
251862025
251917138
251948409
252221619
252734724
252878082
253210805
253347367
253419289
253461160
253525150
253606386
253633036
253696729
253739492
253959280
254054702
254152639
254170890
254324490
254371134
254541645
254557459
254564663
254716667
254861025
254877787
255145894
255187402
255208007
255254178
255255354
255600182
255689327
255840434
255858864
255949731
255978585
256304757
256309447
256707441
256711682
256940284
256967610
257000491
257058874
257339700
257617712
257634926
257804601
257993218
258071914
258112275
258120129
258157492
258165422
258196861
258397727
258469967
258707536
258845469
259191019
259222177
259351518
259359575
259439114
259472013
259554854
259559058
259645327
259686752
259770494
259960861
260004575
260382297
260425963
260636539
260952574
261083044
261351475
261480908
261604420
261674543
261903858
261999585
262104719
262257679
262378164
262401041
262968192
263023721
263064558
263090122
263091875
263362621
263468090
263934482
264060302
264285140
264348944
264424976
264565687
264900039
264936445
264936642
265094957
265113763
265160606
265347989
265406501
265443748
265471849
265742998
265750282
265851841
265853186
265964479
266047925
266135064
266153742
266157599
266174975
266209487
266270259
266290549
266296850
266310012
266341030
266395052
266403702
266436341
266622269
266681952
266709403
266864586
266937213
267105613
267106287
267116448
267140735
267270390
267600401
267626255
267789666
267982897
267993300
268172402
268175789
268220501
268268604
268282648
268286716
268333664
268408482
268453877
268603097
268622930
268764494
268805359
268815819
268931963
268955533
269032889
269155405
269163873
269233717
269266037
269315124
269362027
269448436
269538223
269549906
269610542
269615789
269639735
269645356
269884702
269898443
269954674
269986091
270062131
270081665
270114370
270232920
270476969
270649610
270683106
270862764
270941992
271165490
271169040
271290202
271516031
271595422
271807312
271833181
272021870
272119551
272364094
272391187
272449534
272464615
272481696
272529155
272840008
272984418
273144976
273220084
273349941
273427604
273618306
273723621
273905208
273914451
274184842
274406649
274469626
274482798
274515856
274644083
274841294
275090207
275221728
275269574
275349731
275402617
275419001
275568141
275603751
275664893
275732953
275954082
276178898
276392761
276480793
276492489
276496822
276573752
276783221
276794376
276815121
277025586
277052627
277225859
277490907
277570839
277599698
277745617
277970381
277997711
278123692
278139284
278259370
278516901
278585268
278740771
278957090
279240934
279328320
279335754
279367429
279393599
279559488
279686077
279872975
279984562
280047246
280075152
280087904
280290752
280315158
280357194
280409459
280537938
280598970
280729666
280903960
281046641
281064901
281701397
281881977
282432796
282477813
282484269
282497694
282523249
282644154
282689628
282728079
282841379
282852817
283008982
283031264
283402997
283528236
283624501
283642177
283737014
283875890
283995106
284006460
284091174
284140058
284217706
284228702
284272810
284494992
284510605
284622756
284650837
284960040
284978404
285051638
285072651
285124557
285216277
285220126
285245366
285253816
285339195
285385541
285657081
285725082
285864516
285957890
286187706
286865858
286874138
286881007
286937193
287074021
287077829
287079990
287094719
287099255
287174001
287269544
287342261
287347277
287440893
287528246
287607205
287701476
288106632
288233083
288245638
288331087
288335143
288713443
288727834
288773110
288840294
288939688
289006258
289039329
289211048
289294452
289433298
289440590
289458536
289541754
289879125
289934892
290078534
290109938
290223676
290293561
290314479
290343667
290436249
290859644
290909602
290961671
291044716
291103247
291110386
291235803
291241974
291499137
291574363
291673839
291813556
291921377
291953423
292012550
292112458
292151276
292174287
292196555
292319181
292364097
292458786
292547739
292893661
292912060
292917882
293247379
293260137
293273880
293552902
293641693
293876192
294177367
294295309
294443785
294584317
294650588
294674617
294750279
294946099
295013084
295052569
295069004
295154557
295215946
295678737
295864879
295908719
295976733
296016361
296095457
296107143
296250155
296335841
296440379
296608141
296788411
296923674
297006088
297009168
297015716
297277948
297344046
297687467
297703305
297868448
298322482
298655298
298686859
298850737
299112369
299144891
299181987
299219054
299263939
299327565
299449022
299482367
299524554
299552136
299636993
299664340
299749092
299834462
299996141
300037998
300139799
300238029
300390107
300425640
300567908
300580470
300581288
300717902
300720859
300924025
300940450
300970000
301186943
301285529
301383212
301414820
302026118
302105051
302330048
302401610
302401786
302476850
302618466
302678017
302785556
302932978
303073659
303295558
303299330
303359377
303364071
303523082
303543593
303587084
303590231
304041684
304172103
304528484
304625520
304674075
304779678
304795721
304903467
305119444
305298473
305319811
305377631
305773136
305774867
305847256
306072259
306075474
306113713
306127685
306160184
306346207
306508714
306688424
306931835
307188840
307192047
307516100
307556006
307682064
307713393
307774439
307915075
307952618
308077514
308118975
308405014
308439966
308474189
308498990
308670559
308672216
308958030
309061889
309246167
309701247
309711548
309711731
309751859
309760344
310126558
310201626
310326142
310408350
310471630
310600291
310694205
310711126
310768866
311055587
311292455
311337996
311391017
311538854
311557793
311565812
311581913
311648220
311654214
311655688
311681615
311772119
311933892
311965806
312064914
312069066
312115933
312128438
312389797
312488524
312612078
312633411
312795139
312905225
313121753
313129284
313130934
313138851
313227051
313342689
313399636
313504615
313564464
313611860
313676392
313771399
313833870
313845467
313904932
313934256
313972426
313982269
314084180
314092749
314234203
314640593
314700355
314727713
314759312
314759685
314772520
314811629
314904896
315587132
315867397
315891298
315938332
315962780
316052430
316100908
316266803
316342967
316444585
316559253
316677907
316784322
317139482
317156181
317216662
317293009
317416756
317488177
317558904
317570564
317639035
317682189
317760368
317838388
318076550
318119253
318221127
318493772
318560577
318661583
318729704
318934782
319531527
319561713
319672511
319690858
319739336
319797627
319809883
319826746
319944790
319995702
320051025
320252588
320304312
320532782
320572255
320680702
320730211
320762797
320778560
320804694
321089026
321211293
321244012
321293083
321500789
321662347
321877019
321922723
321954801
322026957
322063466
322085483
322107052
322129598
322149122
322212932
322274345
322338032
322471393
322472623
322508713
322545717
322557690
322585129
322619622
322816846
322826374
322840488
322859863
322981688
323087684
323199776
323514297
323636405
324021862
324024062
324094880
324197726
324315706
324359469
324384250
324452435
325224726
325237140
325415073
325498109
325700045
325727172
325739686
325740055
326016173
326123658
326227138
326404790
326444959
326587984
326756202
326756820
326899722
326931566
326943823
327482260
327603608
327729515
327824722
327954918
327956525
327973339
328042899
328168519
328237151
328254477
328363344
328470733
328490139
328499770
328508396
328522475
328578998
328670420
328916585
329070719
329279043
329364174
329367123
329378153
329766686
329801523
329880791
329924916
329991526
330021942
330041275
330146139
330172051
330176067
330296965
330477327
330709534
330717057
330739476
330763344
330984335
331235530
331364002
331392416
331402203
331419831
331607042
331689195
331839253
331842373
332007985
332113023
332163844
332213323
332241803
332302495
332312067
332460057
332527699
332642929
332707638
332941667
332963182
332978838
333115586
333128862
333164981
333289628
333437285
333631250
333701213
333783715
333839979
333994146
334002688
334238436
334286006
334474194
334664246
334860855
334871115
335001278
335187044
335209776
335225596
335361583
335381225
335521263
335552284
335707653
335849029
335871812
335888710
335924040
335925767
336053205
336068141
336109399
336400541
336406877
336604121
336609711
336647739
336651086
336681151
336936602
337156676
337274476
337340857
337490635
337493051
337602407
337676570
337711116
338097583
338157767
338410270
338416082
338461251
338582916
338800315
338826977
338924233
338964804
338983702
339069669
339114978
339343273
339401135
339551810
339571985
339723983
339754123
339954040
340047823
340065515
340283037
340307758
340338019
340430706
340516398
340547903
340564386
340614644
340869542
340949282
341126083
341205878
341224822
341228671
341259260
341269953
341301529
341328853
341419095
341500379
341548808
341597818
341607273
341719720
341732907
341873228
342089689
342219470
342229818
342264940
342373517
342520589
342623258
342664648
342727081
342895387
342974120
343485788
343487281
343518963
343614169
343662391
343663989
343677977
343949380
344234640
344463495
344466988
344671162
344780611
344816955
344835787
344869547
344945655
345018267
345122963
345145524
345348707
345432302
345539669
345582999
345682902
345769717
345815332
345890014
345940940
346118588
346146386
346363961
346393248
346473609
346492600
346529038
346541493
346617887
346675155
346689089
346784937
346795159
346854019
347057629
347138928
347178579
347193176
347271630
347291757
347408452
347458513
347918572
348256406
348564775
348598392
348682493
348729713
348837722
349023902
349055937
349114733
349774449
349853883
349979242
350206346
350239192
350332035
350426076
350568640
350621654
350752393
350781978
350812730
350852826
350919015
351012644
351072525
351093747
351260424
351543547
351823723
351975487
352044995
352106489
352330613
352575911
352579085
352692865
352709924
352796238
352947038
352965644
353165888
353323175
353506439
353673457
353703674
353763680
353776209
353813343
353892293
354210271
354392144
354471200
354486677
354508019
354536466
354545527
354645992
354649764
354661911
355101983
355379091
355403254
355449423
355452093
355484174
355537799
355571635
355669256
355822964
355882247
355960768
356115960
356155309
356402602
356471957
356478719
356615231
356642561
356658647
356667989
356846163
356892676
357081562
357127715
357166055
357263323
357267410
357297839
357306959
357358845
357380019
357556386
357752439
358055279
358131871
358261682
358272192
358322701
358339590
358489505
358561085
358606993
358708862
358722098
358770286
358918292
359184690
359230684
359302917
359467105
359561452
359670520
359867320
360107024
360206371
360222678
360411365
360445016
360485241
360509111
360792816
360959044
360984840
361123061
361204312
361209724
361695972
361715780
361821056
361894083
361944204
361983386
362077232
362081903
362097266
362105156
362125117
362126491
362131147
362146425
362175425
362404515
362490369
362495784
362506119
362730920
362758600
363002290
363068637
363101600
363112294
363134855
363148354
363176267
363474292
363679230
363723312
363806988
363807767
363840024
363999690
364009101
364051609
364181217
364252278
364268603
364451586
364559745
364946229
365162840
365247732
365272857
365300817
365331703
365360074
365370654
365440067
365563221
365631226
365677733
365749423
365812472
365839598
365885363
365918162
366128512
366180592
366302096
366409816
366414593
366512142
366736988
366767510
366869005
367014977
367108505
367225367
367291150
367406212
367534233
367567820
367648481
367797137
367866275
367898580
367950787
367976816
368023957
368076421
368113614
368170086
368407748
368433161
368515572
368604692
368639064
368699725
368800200
369345887
369421880
369513518
369617474
369757570
369807036
369907996
369929607
370024470
370060882
370074965
370085377
370106122
370134880
370138129
370400143
370427112
370540871
370638193
370708343
370756525
370835411
370937580
371078906
371190136
371376794
371558777
371710221
371733170
371850157
371974575
372028922
372035114
372092319
372131351
372338567
372432957
372505770
372677215
372766707
372778908
372862406
373020041
373223518
373286009
373290023
373308373
373495838
373528955
373532460
373560448
373614166
373623846
373896796
373982637
373985413
374035045
374080099
374292418
374414538
374492659
374500499
374500542
374570871
374575518
374622385
374636679
374636906
374637796
374649024
374673971
374754666
374961494
374964917
375032234
375117983
375279614
375355013
375420627
375489524
375529531
375533135
375769397
375777587
375793377
375794446
375846578
375871138
375875555
375885374
375893846
375920846
376044225
376057655
376084956
376131769
376186496
376199169
376239164
376315333
376461577
376467897
376653033
376680059
376813914
376822204
376882454
376954754
377059964
377104133
377117506
377204404
377287345
377396425
377432434
377739132
378020364
378116209
378209856
378259542
378275357
378489763
378652698
378864825
378909651
379026909
379317829
379411678
379639029
379814954
379846122
379943939
380027669
380140948
380293446
380367653
380375596
380404564
380524993
380538580
380632237
380721202
380783111
380944959
380966841
380991002
381123027
381147590
381148663
381303552
381447815
381528937
381586409
381699444
381748534
381794765
381890891
381941973
381946862
381957389
382288046
382336214
382463375
382781503
382949751
383184885
383214602
383243998
383501627
383807408
383868800
383976300
383990103
384420435
384572104
384580425
384708010
384852043
384895038
385162707
385410217
385422892
385524706
385558095
385617048
385729849
385920499
386017147
386018639
386184278
386255223
386264078
386417980
386566349
386740788
386777668
386789012
386942784
386989272
387008033
387044177
387190211
387255653
387296684
387305113
387398375
387498238
387607240
387685800
387944970
387980860
388027942
388247671
388318212
388405427
388468651
388488766
388651930
388663122
388773138
388806816
388984462
389168800
389234510
389474794
389736622
389840316
389850650
390031439
390169060
390204199
390209577
390273015
390274174
390293259
390382511
390398497
390505433
390543785
390601007
390768071
390836748
390969482
391127296
391145029
391173405
391391396
391466958
391507065
391542107
391564887
391683563
391691532
391736700
391884590
392145411
392186361
392235224
392424391
392447330
392476377
392512970
392645541
392732136
392807107
392895485
393051295
393089718
393345482
393370295
393624461
393657530
393665030
394087887
394352554
394427835
394449278
394672884
394796171
394861742
394974406
395030014
395043808
395064080
395173314
395283249
395302011
395449342
395578159
395597129
395733586
395931803
396039425
396203512
396255752
396332222
396375667
396587907
396789875
396878109
396969695
396994181
397345103
397431403
397449830
397607767
397607891
397790049
397814724
397914543
398014950
398163374
398259354
398353379
398582786
398753973
398841362
398846615
399073354
399124949
399149103
399184795
399208677
399263060
399382591
399390470
399519594
399530038
399537983
399547330
399667370
399717033
400012788
400109980
400135587
400200226
400285899
400406997
400427084
400536500
400549992
400770903
400785208
400934036
401002403
401025271
401168399
401230449
401315084
401551929
401567450
401648895
401954752
402041633
402089894
402216759
402226571
402301339
402467718
402542789
402616283
402687053
402818072
402880203
403004725
403007805
403173568
403276451
403341674
403399165
403477344
403717875
403876329
403973350
404053402
404091116
404241164
404268523
404345766
404682017
404990011
405143164
405261333
405530105
405539870
405636231
405762229
405767906
405789958
405908390
405912080
406284755
406326807
406341177
406589448
406608370
406736487
406759066
406801074
406872319
406915570
406925284
407044720
407119310
407149257
407303208
407356003
407368620
407591945
407816947
407912194
407959368
408073530
408075572
408238752
408269993
408300588
408368140
408596966
408677553
408809540
409009255
409091684
409214881
409254031
409332464
409335750
409374922
409502217
409565007
409634952
409645095
409650952
409833025
410043792
410433095
410471275
410484413
410494003
410519464
410572617
410754269
410795475
410879477
410879880
410995083
410997040
411289599
411475930
411637277
411740437
411769795
411789149
411803709
411901115
411984878
411993859
412038664
412127221
412258147
412321123
412360689
412408759
412461330
412502472
412733664
412735692
412752790
412798418
412870998
412992320
413025036
413056085
413088194
413194192
413341179
413398317
413892606
414085512
414127591
414212226
414229036
414260461
414391484
414467758
414602967
414771345
414833666
415103671
415163743
415389361
415410346
415662630
415663493
415766055
415936554
415985746
416061483
416113506
416120660
416228880
416282792
416460505
416520326
416538507
416565118
416628238
416733678
416781845
417026083
417049224
417591311
417900977
417957023
417960402
417977478
417987500
418006016
418010751
418106643
418127922
418310628
418360188
418428284
418447082
418525128
418648667
418650131
418998279
419235573
419267530
419278252
419285252
419331830
419495049
419503035
419556995
419658616
419740485
419775835
419852612
419990490
420062941
420146617
420332216
420569704
420736019
420787921
420812543
420846872
420855942
421043215
421103242
421122520
421281879
421349372
421420518
421491523
421522156
421604671
421752813
421857454
421958914
422144067
422254512
422302699
422370933
422403629
422477922
422550683
422621073
422753010
422766952
423030511
423191006
423320867
423509611
423616598
423622250
423628876
423647007
424016218
424108695
424166235
424182689
424370675
424529764
424619258
425101010
425119842
425227182
425311305
425366589
425371674
425377533
425459605
425477055
425557104
425761224
425783303
425787477
425933077
425942218
426059976
426154447
426230705
426268263
426268475
426571015
426573386
426594899
426620055
426657839
426855499
426917604
426963047
427088764
427382104
427402003
427658317
427871688
428059652
428140115
428250101
428538359
428540964
428749517
428759105
428793221
428965065
429257162
429476862
429501000
429720214
429766137
429791188
429913143
429990066
430050505
430201431
430395305
430399197
430423583
430520086
430523369
430690459
430714176
430717663
430721021
430864275
430908846
431113060
431231658
431241037
431297669
431329592
431444934
431498436
431545197
431837985
431858051
432143845
432450174
432476335
432626026
433025686
433028690
433338819
433374385
433453838
433557141
433631599
433718615
433811972
433892664
434104218
434104682
434302276
434342969
434655422
434707862
434810599
434976441
434999395
435007717
435057640
435070070
435186673
435311827
435377937
435783216
435910544
436276640
436292408
436349037
436597771
436632269
436823839
436916267
437027092
437203269
437208796
437265817
437371428
437401518
437561434
437767389
437790703
438013739
438028792
438102493
438371858
438430002
438488617
438541657
438629884
438769342
438786298
438845708
438890124
438930844
438994020
439044723
439194390
439275165
439282908
439323045
439413957
439460470
439713970
439886817
439980795
440031410
440077639
440176029
440234937
440338670
440441335
440679113
440713759
440749970
440923081
440934763
440984335
441075130
441196819
441214788
441260433
441445416
441470224
441719605
441724994
441859592
441872557
441876423
441985482
442171882
442238219
442299864
442447766
442626155
442631276
442779156
442831011
442908885
443145998
443178788
443261554
443395693
443407998
443575457
443681907
443949576
443970796
444219956
444253847
444396254
444482835
444558867
444597132
444616051
444702121
444721917
444751721
444912228
444945344
445032742
445088908
445427516
445502114
445542127
445711518
446141455
446169400
446397327
446565418
446572720
446587374
446605715
446652162
446840918
446847314
446982504
447045509
447136687
447143284
447181373
447201092
447231970
447374481
447382571
447414632
447702157
447800700
447802845
447849017
447972436
448205121
448298975
448394999
448506547
448586316
448626101
448743402
448859627
449159949
449161209
449335957
449337241
449405299
449616171
449722684
449736949
449783612
449809420
449881005
449891720
449895433
450072744
450094867
450232563
450367759
450398055
450471170
450553154
450629692
450699612
450759167
450804082
450807541
450838052
451254210
451267375
451315445
451509794
451660396
451822047
451977646
451978709
452214908
452249544
452343098
452657307
452667758
452717340
452834559
452871035
452920046
453001740
453007713
453021771
453231977
453353735
453401746
453920465
453928086
453963953
454099923
454221816
454284269
454358358
454547090
454754718
454796378
454820329
454941288
454944129
454956663
455117371
455368833
455380851
455404455
455530506
455559810
455694152
455821610
455823239
455919560
455921369
456024264
456162728
456321375
456347834
456384530
456430659
456661386
456676473
456772177
456867577
457289388
457305314
457330044
457833597
457872373
457941169
457986595
458048083
458120787
458121446
458164721
458175853
458272021
458284169
458293545
458326174
458636180
458677666
458777257
458797714
458853890
458880097
459090404
459118788
459181565
459598713
459675019
459788207
460162591
460520555
460546790
460643974
460736794
460858377
460888004
460897121
460975582
461047889
461102520
461202374
461221861
461479631
461568332
461767406
461964967
461991059
462073135
462190608
462281685
462335985
462348441
462509472
462824170
462834901
463125953
463150756
463236811
463270186
463355677
463374232
463443266
463499131
463548732
463632273
463644163
463695581
463697074
463861954
463972959
464141748
464295771
464387626
464508741
464653551
464676981
464784247
464865491
464931935
465028045
465040394
465058542
465150370
465176213
465234869
465313604
465345583
465503087
466152965
466364238
466449989
466483386
466498774
466563598
466572289
466809001
466928656
466955543
467074760
467150518
467222792
467297073
467451734
467706361
467806271
467893028
468183062
468206204
468306906
468445868
468607238
468728915
468736391
468929475
468978282
469188429
469238679
469366125
469386585
469692837
469854521
469871521
469987541
470411325
470462384
470568966
470638303
470687216
470839121
471237701
471434909
471791390
471937562
472020669
472220323
472378003
472563310
472939952
473038250
473176893
473255380
473567269
473647425
473705508
473743753
474250737
474332624
474560506
474593844
474733091
474784153
474784422
474933985
475055741
475098697
475142704
475157438
475166887
475452513
475488017
475666932
475754663
475848461
475983578
475989122
476211742
476216929
476240287
476405327
476512980
476518049
476701691
476790118
476884592
476976803
476990617
477022349
477143641
477150055
477275595
477315269
477319037
477389233
477521959
477531713
477578795
477608907
477709771
477713966
477774166
477819484
478074528
478146803
478283524
478448674
478656516
478939476
478975524
479074239
479089062
479105760
479174777
479221847
479272145
479367142
479388101
479677974
480034049
480132514
480140348
480200791
480239012
480283716
480331314
480336493
480351376
480384252
480493021
480551637
480678590
480801121
480903219
480997382
481315574
481320097
481330366
481358083
481549379
481575712
481658343
481665625
481665848
481682895
481758776
481854157
481931052
482061680
482062990
482121387
482267315
482369681
482578923
482615673
482647657
482786285
482815824
482987694
483021128
483029587
483094954
483125020
483289882
483301789
483369649
483381035
483460368
483485778
483500302
483610062
483651809
483779845
483792692
483865077
483874585
484290181
484359259
484441441
484659859
484735652
484823060
484903078
484916594
485239495
485353069
485389258
485400710
485735997
485851058
486103338
486259548
486535981
486843659
487078641
487209232
487276145
487371521
487393501
487447387
487937094
487948664
488261570
488339251
488351714
488436132
488450607
488620448
488652073
488662750
488748162
488789509
488823696
488935580
488938150
488946269
489074640
489077173
489110664
489159127
489197417
489261569
489368025
489393320
489468497
489597879
489607846
489718952
489726211
489782647
489917848
489943044
490160018
490322022
490396685
490487537
490488614
490757451
491194718
491247512
491270520
491322023
491339078
491442107
491456372
491476811
492030263
492069614
492080221
492163591
492222420
492311698
492342159
492364072
492653102
492903124
493132319
493268569
493329177
493393460
493498851
493501453
493603570
493618235
493669396
493765915
493786980
493879567
494102715
494228038
494246257
494328475
494457477
494470542
494500741
494615147
494720226
494924593
494940241
495081325
495120844
495213068
495309053
495966256
496186145
496325295
496337550
496639508
496731424
496956217
496961247
497028655
497060631
497109840
497242949
497248110
497272487
497313755
497617550
497657942
497791430
497925438
498010974
498041217
498147293
498214975
498299506
498559823
498680321
498723365
498739712
498864485
498959878
499174141
499199772
499265681
499342007
499550336
499980440
500097645
500270083
500367216
500690855
500694253
500825834
500863918
500936895
500990141
501157692
501250095
501396418
501419845
501538071
501776503
501815938
501888801
501938832
501992322
502213527
502343358
502369774
502375140
502505094
502599141
502763438
503059083
503099310
503318902
503430162
503441960
503645905
503673514
503803631
503819679
504002463
504016951
504244647
504383981
504683521
504827687
504862232
505207294
505303679
505343346
505394274
505513223
505559304
505636345
505640786
505675648
505724497
505749041
505763622
505896407
505968918
505972331
506190926
506263475
506268972
506428309
506768086
506819643
506959024
506969628
507038057
507065233
507217818
507535288
507637595
507649385
507685711
507690553
508076912
508098303
508120694
508264166
508433893
508445567
508477006
508525982
508644792
508847369
508886379
508932711
509101104
509377488
509607420
509635720
509749243
509863515
509912592
509942861
510062351
510188857
510227165
510399384
510647081
510770720
511073501
511099347
511110863
511437103
511522923
511559924
511806269
511968894
512068210
512170363
512223592
512296108
512422962
512448635
512449652
512513091
512517224
512621072
512684486
512809279
512899929
512924812
512995252
513078815
513155188
513278783
513289841
513737530
513873906
514061738
514354179
514466298
514853583
514881806
514882587
515084921
515194412
515250195
515378417
515505075
515549610
515572220
515632132
515670176
515851106
515853050
515952591
516121739
516160998
516366323
516436753
516467666
516476344
516511448
516644602
516660715
516664799
516726534
516903817
516979190
516986485
517057480
517068917
517084792
517239376
517383857
517755759
517876524
518054561
518065191
518116260
518565360
518676314
518970055
519231267
519239245
519243451
519279926
519385952
519444533
519601964
519932307
520013386
520021676
520250257
520350811
520463872
520589863
520653877
520687605
520956830
520965341
520976550
521161930
521201410
521237901
521272776
521331046
522083425
522139296
522154922
522264419
522446928
522569064
522643376
522671883
522711957
522752171
522796974
522895576
523003299
523253459
523257309
523262621
523402776
523405254
523417722
523474858
523854317
523878422
524180084
524229360
524229482
524368661
524399514
524665160
524782141
524874871
524968053
525069172
525160276
525302774
525422106
525451914
525523131
525586995
525630797
525697718
525816793
525912189
526026178
526183511
526263932
526280540
526285795
526350122
526520094
526530997
526544713
526653712
526738737
526899781
527039447
527289008
527444852
527491381
527643311
527739791
527798280
527871802
528027178
528098882
528337754
528380414
528577317
528838935
528869350
529019062
529071815
529382160
529404679
529464754
529535273
529915847
529918668
529942004
530102804
530120471
530198966
530446596
530519954
530701805
530777098
530787864
530848133
530916302
530995231
531022650
531051189
531262572
531382779
531507045
531528887
531614189
531664041
531828386
532132142
532171799
532174006
532253879
532271176
532289222
532586182
532753242
532804423
532807600
532879777
532968158
533080711
533096634
533321714
533366173
533497321
533625783
533870657
533927529
534050160
534258130
534386583
534580068
534596944
534735920
534752228
534985962
535063336
535283654
535331839
535412037
535580535
536108943
536401040
536420240
536527154
536601620
536678796
536748984
536761137
536859225
536914360
536936939
537084336
537295514
537299941
537473688
537728941
537759598
537792638
538004593
538010810
538064589
538630736
538725355
538902883
538975586
539362104
539374701
539452644
539460769
539490994
539511306
539593781
539651805
539828924
539965449
539990470
540001726
540034992
540074852
540095355
540112877
540132943
540209849
540339815
540457017
540571172
540757744
540946322
540952410
541498673
541609397
541625858
541632743
541846935
541852467
541912406
541960213
542090981
542174183
542316620
542333700
542392202
542513045
542520736
542607292
542660914
542679333
542689242
542740634
542886133
543269063
543301649
543306815
543688377
543735826
543816030
543995657
544062218
544098899
544102428
544103281
544132645
544185639
544356969
544455277
544493853
544717890
544857083
545058436
545109967
545257340
545270829
545310515
545359900
545550433
545585024
545604105
545761086
545766395
546063251
546158947
546425091
546460150
546507231
546535980
546607571
546837868
546867001
546907035
546981878
546990119
547127043
547176702
547205010
547493798
547569374
547581270
547614025
547625164
547798153
547957893
548110149
548334571
548354627
548387063
548486576
548505347
548543746
548573023
548710398
549064618
549120231
549329258
549347741
549450577
549700029
549739936
549959909
550046206
550047523
550089452
550268124
550285585
550293006
550302076
550378257
550517722
550550300
550675493
550703925
550758698
551216453
551327753
551422683
551445401
551475318
551632615
551656426
551873743
551916342
551989108
552218194
552229952
552237157
552380775
552390672
552502701
552770460
552952059
553081291
553246432
553250266
553336690
553532179
553543667
553603529
553644818
554327043
554459437
554474622
554673960
554695536
554736462
554908545
554923692
555165942
555320668
555389227
555391974
555488418
555573352
555653055
555689238
555735928
555961622
556019474
556107675
556158790
556179079
556217075
556328708
556339813
556428293
556438375
556445323
556465501
556472010
556499362
556526513
557156384
557542323
557575014
557624967
557665133
557736141
557905505
557910939
557962488
558078523
558270569
558418815
558732125
559048391
559114086
559148910
559234119
559532675
559611437
559705674
559752333
560104222
560143852
560340622
560374341
560568122
560570777
560712307
560752182
561033844
561113460
561227307
561230968
561241855
561320814
561335663
561350989
561527775
561615451
561842213
561925278
561936031
561952402
562119454
562145242
562229642
562235267
562423470
562429173
562532640
562581975
562583349
562660904
562692032
562694965
562759528
563643390
563652686
563709679
563791383
564007174
564024914
564123396
564360707
564519345
564603982
564670430
564947437
564957544
564989608
565035115
565067641
565106798
565123975
565192367
565208322
565276994
565320856
565626543
565633191
565728883
565766052
565780564
565893242
566051871
566116846
566176152
566210546
566335469
566543930
566544223
566549991
566602297
566620887
566621350
566681284
567025060
567047747
567104237
567180776
567255802
567260603
567271984
567322732
567377362
567393362
567521706
567546116
567569482
567672084
567731946
568201588
568422614
568550627
568657782
568731270
568881425
569184738
569406295
569718019
569786364
569787211
569822368
569920791
570000190
570271426
570295979
570339428
570353939
570593288
570691396
570713080
570778159
570788801
570792777
570803379
570948062
570974599
571279069
571296447
571386181
571660659
571681251
571761275
572073137
572094669
572163311
572351784
572407948
572673137
572764782
572846383
572905499
573030425
573095645
573127153
573168484
573286620
573307007
573402005
573402355
573434613
573524023
573537850
573746203
573847395
573852598
573930974
573987752
574168549
574371554
574445846
574589026
574948548
575013271
575080084
575154876
575282007
575444215
575451090
575512974
575536825
575598398
575840598
575843325
576001989
576044216
576077781
576112418
576161538
576232225
576238630
576296625
576395781
576422207
576444086
576447247
576525936
576551702
576601923
576701315
576748766
577087529
577162111
577275822
577280731
577415153
577437546
577461793
577622607
577640374
577861152
577907447
578088499
578165421
578837273
578918972
579057909
579150043
579241931
579392260
579538373
579714341
580029953
580170913
580183369
580302870
580581244
580718557
580813068
581059233
581241127
581252245
581299179
581316766
581318762
581349946
581361127
581488381
581549454
581631403
581841456
581913263
581943205
582075374
582130147
582349033
582628140
582719874
582752689
582856052
582971761
583019810
583239731
583304090
583384919
583442817
583545537
583611579
583894341
584096979
584144308
584238319
584281725
584309198
584332252
584634992
584853097
584914316
584972984
585295646
585435578
585517978
585613078
585685581
586321824
586391503
586408383
586500577
586629280
586643382
586652658
586845047
586864996
587008997
587124401
587259235
587435440
587446948
587480187
587543071
587595479
587770823
587799578
587815350
587858766
587959843
587971747
588027075
588079990
588277834
588345855
588413374
588418305
588814216
588867222
588956363
588959840
589241611
589297233
589321546
589368093
589635194
589700145
589702118
589816757
589821637
589845336
589908322
590052973
590110524
590269875
590274919
590480133
590703631
590717150
590910179
591052857
591056181
591140855
591237848
591535531
591541029
591740871
591741687
591815619
591838288
592088921
592239881
592539034
592888621
592927973
593037420
593139849
593178373
593248986
593334202
593377741
593482983
593489545
593563406
593641640
593834550
593840931
593940492
593978688
593983313
594005243
594143659
594284660
594348756
594588626
594976971
595013143
595061328
595257143
595423959
595512241
595524710
595534915
595648502
595720565
595767562
595776573
595808455
595973083
596199322
596204846
596335287
596354504
596386805
596409117
596464209
596466948
596665867
596678388
596809504
596875469
596883432
597133957
597236599
597313900
597501148
597543795
597556687
597600905
597620081
597694317
597758053
597766098
597909817
597926793
597957187
598110627
598164720
598170097
598236042
598292997
598373702
598567166
598581828
598703348
598753831
598799739
598952514
598989668
599152657
599357527
599789219
599899958
600122913
600231938
600366375
600379342
600433043
600838934
601007107
601094653
601134060
601242795
601244513
601375324
601391568
601441656
601915710
602079548
602139036
602147037
602150256
602163620
602325782
602430226
602585032
602601271
602845603
602868442
602888207
603009953
603376113
603533585
603748756
603778338
603806864
603919385
604177807
604231259
604293083
604491360
604503565
604646838
604657356
604840050
605199005
605278720
605452856
605543778
605770381
605862841
605885612
605960812
605982053
605989914
606109348
606176777
606181889
606236852
606352999
606403976
606464595
606515099
606559393
606579490
606718623
606738787
606796353
606873426
606928008
606966421
606990193
607128632
607242169
607271600
608004845
608260966
608261947
608316820
608318857
608446556
608541425
608745606
608962818
609123111
609234396
609284484
609307723
609365014
609423520
609535844
609622915
609622946
609767208
609902297
610208791
610332560
610346143
610355339
610570991
610663539
610703415
610792649
610913230
611035566
611049267
611080895
611114529
611168668
611219769
611251077
611301048
611314451
611330242
611334524
611384562
611418285
611526729
611695730
611843211
611864568
611898696
612151825
612217907
612302483
612474168
612571713
612604940
612730451
612786932
612796759
612979119
613014545
613088310
613295419
613316879
613592347
613624627
613707641
613712276
613750301
613851933
613929499
614012523
614017719
614100185
614148364
614181307
614198931
614253626
614335801
614338360
614411988
614449292
614469938
614618444
614631049
614791227
614909083
615453826
615611734
615670895
615780549
615868864
615926223
616145835
616213771
616270736
616524772
617171145
617301066
617352158
617548914
617577180
617578806
617616258
617625151
618113111
618134131
618207873
618328862
618461427
618483059
618854020
618887568
618894827
619070871
619339427
619491247
619552629
619858660
619958233
620009284
620044893
620126942
620173325
620190176
620225334
620238878
620572633
620601285
620707124
620808814
620871175
620894876
620950920
620996068
621099750
621168204
621175014
621522633
621549228
621677714
621725564
622110184
622153930
622203834
622309255
622343586
622396000
622634681
622653453
622658469
622734976
622771138
623003806
623011534
623029252
623066824
623068236
623113507
623270964
623499642
623514223
623550285
623584191
623659623
624125737
624208548
624229310
624257542
624314508
624444526
624558639
624676799
624688320
624831415
624866676
624899535
624957608
625041672
625118182
625142272
625198122
625339470
625367547
625485817
625530571
625557597
625658021
625742524
625856247
625903464
625949989
625977233
625999171
626092105
626193760
626304920
626399410
626425891
626591726
626627661
626670714
626720792
626771270
626879868
626940052
627017643
627228531
627322911
627372998
627431770
627597856
627866399
627892200
627931453
627946463
627967265
628072221
628178059
628400826
628435015
628528656
628529649
628537412
628567253
629277935
629291783
629299053
629638495
629748050
629779898
630095577
630238369
630269329
630358157
630602972
630688403
630802180
630891689
631160226
631207434
631292849
631472896
631498739
631506928
631588461
631727072
631758717
631858639
631915647
631976885
632246030
632306625
632551993
632622247
632655813
632674784
632685880
632766546
632840891
632842017
633183719
633560265
633582885
633844978
633911844
633992882
634014765
634058067
634223061
634317824
634346475
634368037
634554277
634627863
634638742
634671108
634738249
634781170
634882618
635032797
635134351
635184773
635207619
635265235
635301885
635318662
635408721
635460273
635481824
635541741
635577371
635856083
635942718
635983031
635983239
636048898
636205263
636207910
636236507
636292341
636520232
636646724
636696579
636793595
636807270
636898469
637062914
637115227
637180694
637209477
637323416
637391225
637413558
637492410
637600222
637712970
637826667
637878775
637948251
638015016
638029806
638185716
638208870
638279195
638416830
638418400
638455559
638529488
638824545
638872267
639032632
639097401
639235019
639238404
639288341
639405838
639421682
639486600
639515164
639599083
639693523
639739173
639754349
639845003
639979709
639981823
640071383
640123238
640487883
640922929
641026071
641056272
641188340
641307330
641354034
641412258
641420902
641446008
641484150
641489986
641571364
641576944
641732267
641776661
641833048
641855399
641909900
642131434
642166936
642318743
642378625
642427390
642457835
642630778
642722637
642759194
642783553
642798821
642814142
642934752
642943927
642944304
643010533
643065821
643074473
643387630
643404934
643484626
643527367
643604608
643798161
643829403
643931348
644235690
644320304
644399635
644433633
644441039
644733454
645001385
645049665
645054311
645175880
645276905
645422756
645588749
645670215
645707544
645819696
645956757
645969039
645997948
646012213
646058016
646195444
646326178
646358661
646503436
646510207
646579844
646598422
646621122
646756093
646797913
646843131
646913166
647044025
647095065
647140938
647146573
647159200
647214901
647257394
647314305
647565041
647672280
647713424
647842523
647939150
648175480
648268147
648313362
648503385
648635858
648711568
648728460
648729382
648741205
648754193
648906032
649082502
649362624
649441925
649509950
649561166
649646474
649681679
649845775
650048510
650049173
650092750
650167106
650178520
650260816
650265505
650551709
650631441
650936479
650965839
651165158
651403411
651630802
651750542
651772085
651894409
651921505
651926425
651949897
652008136
652052637
652065488
652181943
652207121
652344891
652355844
652410143
652744930
652798328
652988087
653125000
653222476
653360134
653607888
653649705
653734337
653734902
653749826
653777222
653783897
653931099
654032058
654040485
654048891
654102027
654108956
654138698
654185879
654230744
654548111
654788849
654821153
654846320
655226040
655245671
655373251
655466035
655519127
655564772
655593172
655764165
655835736
655921847
656223412
656293226
656305287
656463677
656501312
656550885
656760052
656792531
657076432
657153422
657234905
657431291
657459573
657500038
657790755
657866160
657936966
658008182
658043143
658125176
658162262
658225485
658379909
658426606
658446030
658543616
658613151
658652024
658722659
658764929
658819008
658871813
659028769
659030860
659059525
659140850
659501031
659527650
659531174
659542765
659639335
659706209
659911299
659938807
660042985
660223584
660248978
660252598
660358302
660601377
660660294
660662476
660783298
660835946
660855663
661016269
661170063
661187922
661256432
661287687
661735534
661772829
661847292
662071288
662271030
662286159
662354922
662623663
662721602
662826330
662939728
662961783
663001944
663005605
663267834
663358671
663680620
663696519
663764958
664159118
664246501
664286292
664346909
664393041
664558812
664634168
664664674
664760304
664816905
665043805
665181170
665199000
665212567
665223907
665268396
665310691
665315810
665388173
665451433
665502277
665747821
665973035
666001250
666161401
666174661
666499936
666519368
666523283
666539718
666780509
666874759
666987022
667013207
667021081
667046651
667205279
667207143
667208007
667211824
667295145
667319851
667494162
667778162
668035806
668066990
668315115
668330968
668371501
668372343
668416129
668417400
668543705
668722301
668881850
668923683
669015395
669032357
669228779
669256824
669301728
669385794
669653371
669676868
669756947
669825664
669849290
669922975
669937244
670130185
670179960
670358682
670404183
670466826
670591579
670750969
670763690
670806136
670852704
670912059
670951674
671036816
671068102
671161214
671330820
671428175
671440403
671475940
671486645
671586571
671696830
671705553
671738515
671747995
671812490
671813982
671854137
671959944
672050008
672061067
672078801
672192886
672712069
672879923
672930538
673063359
673134874
673421609
673523677
673728793
673821423
673832430
673886335
673896952
674086337
674443182
674518088
674587640
674700321
674861893
674883553
674891673
674921252
675186803
675220689
675229561
675233839
675247423
675350124
675358079
675503881
675526160
675657290
675672857
675891139
675917294
676009396
676106209
676286062
676364521
676420458
676545803
676800072
676918897
676988478
677054536
677273458
677340821
677437583
677520238
677528593
677544655
677611983
677953514
678445809
678685246
678720871
678767036
678770476
678780738
678781708
678807278
678902782
679017796
679082369
679114463
679133172
679338857
679372482
679393936
679467308
679533246
679727733
679748246
679846163
680026198
680099211
680305472
680368224
680402306
680437306
680451451
680608233
680667105
680678580
680758385
680846700
681052161
681226826
681252532
681299314
681531467
681694480
681758737
681791460
681821104
681827289
681947364
681972128
681974297
681999566
682015220
682111211
682632865
682715059
682730841
682783933
682815005
682858919
682868744
682956237
682984907
683202583
683553749
683698190
683917615
684006540
684007992
684047109
684167401
684343747
684425618
684429356
684531271
684548009
684658412
684742253
684760310
684824097
684870959
685009574
685067771
685125446
685191099
685456212
685482464
685585563
685639493
685663727
685712617
685714478
685800180
685801774
685899050
686227575
686286103
686380161
686495558
686534777
686598100
686635853
686737629
686740618
686887343
686978324
687124661
687131643
687251549
687269608
687276481
687420627
687492348
687518041
687533437
687626384
687793900
687801388
687893382
688004937
688195559
688200138
688303750
688399945
688497646
688498415
688611193
688619919
688689165
688916344
688922864
688943275
688998543
689052903
689071740
689214953
689217480
689459969
689460807
689511913
689805723
689878839
689957345
690063776
690289890
690315692
690366913
690367368
690562333
690678162
690721246
690742702
690800460
690829469
690862048
690925573
690962604
691006492
691075042
691103976
691141810
691451902
691481905
691573708
691700628
691901464
692028176
692179751
692210841
692262699
692350679
692585172
693018445
693024107
693070751
693143898
693303617
693371711
693416581
693437677
693441919
693906301
693945686
693950068
694016080
694030970
694378501
694464762
694483188
694564713
694702730
694703218
694895843
694942026
695078010
695078575
695128446
695187929
695252470
695377704
695429730
695543453
695762673
695812209
695841594
695915680
695915985
695927324
695953658
696013307
696013742
696399164
696493492
696515186
696568604
696793890
696888436
696912738
696934112
697007164
697122717
697250637
697390755
697478000
697854938
698048743
698114175
698364198
698661481
698701472
698709783
698715433
698806599
698828656
698940742
698947337
699091518
699102950
699122338
699299459
699309574
699633659
699708234
699860200
699968372
700052117
700338431
700358103
700445219
700653111
700709488
700803927
700848457
700969641
701033449
701312024
701566150
701819388
701896683
701994096
702043233
702542763
702911449
703146650
703208913
703343826
703564463
703705295
703794834
703811769
703846893
703884438
703937693
704093753
704434778
704588390
704638247
704665542
704777782
704877806
704960616
705076709
705409800
705567887
705576757
705642994
705772086
705968222
706190744
706278229
706322088
706453798
706495854
706649348
706881452
707119899
707231256
707305814
707520620
707550455
707591292
707685843
707818101
707941252
708023496
708037432
708060853
708162847
708181238
708199894
708201687
708294080
708365969
708616364
708690285
708805106
709020933
709074517
709199203
709396653
709402164
709486350
709487495
709493172
709638418
709835680
709897882
709926487
709928845
709971543
709984941
710028967
710282459
710301098
710310406
710685295
710777235
710870901
710935366
711072506
711213540
711372009
711487209
711785056
711852268
711887769
712204021
712333587
712497486
712742259
712761693
712862506
712977470
713007685
713040133
713042888
713158969
713239775
713345325
713526071
713606356
713696356
713777959
713807638
713890011
713929837
714045526
714123207
714337178
714447647
714554423
714592144
714788757
714873990
714946046
714957952
715014852
715158472
715446177
715455868
715716175
716162835
716352752
716418519
716422672
716462881
716463685
716529379
716546542
716649921
716701221
716811650
716938331
716972366
717001075
717333174
717363321
717413551
717462910
717523999
717540381
717578056
717611434
717851487
717907114
717996118
718021301
718277559
718314157
718497093
718564366
718577267
718705990
718884030
719007417
719256220
719280745
719339580
719387496
719413720
719471522
719654397
719821133
719862224
719933687
720039781
720112980
720317677
720428774
720716883
720723533
720819297
720820227
720836787
720858041
720992494
721080435
721137561
721199549
721255320
721255727
721290204
721336945
721468597
721524509
721798357
722012042
722099801
722172476
722283405
722408129
722426929
722541230
722542669
722766911
723193726
723602505
723624262
723685150
723804275
724052366
724248520
724333845
724375274
724659428
724714878
724920215
725133897
725303483
725447130
725508783
725540330
725585173
725633365
725633776
725648110
725920608
725976100
726092262
726402289
726430880
726791986
726961669
726977604
727038433
727043535
727067875
727422954
727599708
727617159
727717724
727771359
727837352
727883898
728129745
728238479
728345299
728499995
728539679
728621790
728737291
728909636
729000107
729024007
729096005
729123616
729177761
729262391
729293884
729295328
729387939
729405839
729417329
729471185
729786058
729882864
729886485
729899502
729940100
730042781
730147929
730416418
730436020
730513206
730681498
730959194
731114510
731310425
731339159
731416398
731599394
731701966
731769004
731903761
731927104
732034950
732247199
732663688
732765391
732803052
732918044
733152115
733386963
733488185
733679311
733754268
733835626
733894885
733907671
734180086
734499955
734596436
734715222
734780521
734928723
734999848
735267544
735318402
735364776
735603157
735734227
735769858
735851824
736079036
736099881
736442637
736467917
736837709
736864248
736912387
736995301
737040076
737313933
737318761
737483346
737518046
737520067
737687798
737810967
737852319
737928972
737993310
738069416
738114017
738175161
738314039
738366494
738518201
738519470
738607525
738612328
738733863
739168378
739576426
739641218
739727945
739821632
739899400
739914429
739977002
740043383
740134896
740262493
740424655
740426432
740477499
740495350
740612681
740652138
740778990
740934693
740942885
741296913
741624186
741771677
741917822
742082516
742127031
742171537
742279987
742307063
742515034
742866760
742941124
743183473
743217314
743266495
743277156
743402641
743425987
743560355
743613848
743639642
743742768
743780461
743793724
743862504
743874080
744093394
744164882
744369944
744637238
744660387
744667225
744697181
744831222
744845978
745090936
745587039
745899926
746150802
746284440
746417378
746435325
746503536
746525319
746563274
746645357
746719143
746727139
746807447
746823474
746885473
746989245
747200747
747288707
747304930
747305860
747340915
747380615
747464226
747574035
747649082
747703783
747711076
748033912
748050683
748108896
748187852
748271907
748310544
748431353
748556215
748600995
748645377
748760685
748810170
748841887
748866933
748899333
749181552
749192616
749212644
749233278
749247928
749277354
749331635
749771307
749916211
749947493
749967314
750213803
750231545
750304943
750326711
750418026
750427891
750589945
750615719
750665970
750844043
750892773
750933293
751322812
751513286
751568587
751894335
751957919
751994279
752079571
752376888
752473098
752499935
752500879
752541737
752593470
752870479
753057060
753114688
753118311
753272812
753289148
753308266
753639611
753648460
753729276
753813785
753952057
753997200
754003700
754119615
754151019
754250908
754419917
754439643
754478411
754595475
754944174
755064089
755198494
755267843
755376045
755409121
755546903
755594275
755722990
755824846
756134695
756221730
756378228
756483803
756615113
756636021
756902658
757009350
757123230
757177499
757364256
757602931
757637124
757710675
758069466
758258119
758384000
758389168
758402174
758424248
758548597
758664520
758858217
758942309
759049856
759200739
759209375
759245561
759461620
759580643
759590535
759695465
759753002
759758743
759793210
759814417
760036086
760052782
760205574
760345117
760420619
760441981
760442785
760503464
760633704
760640118
760723081
760779783
760854587
760954389
761012310
761209565
761299285
761505248
761515653
761775965
761818213
762024234
762457864
762493656
762581352
762592862
762802631
763030124
763136687
763442560
763531749
763560628
763609307
763824348
763892449
763972343
764135766
764554407
764715513
764786757
765072706
765150516
765181156
765197050
765368330
765379380
765418007
765439593
765623575
765740920
765831536
765890210
765919933
765965502
765969179
766061029
766281547
766368904
766472323
766487500
766606316
766607333
766657269
766711388
766797417
766904439
766908339
766961754
766998736
767112095
767138153
767262394
767283458
767662991
767672155
767716341
767808483
767840274
767852557
767985250
768135283
768187499
768269898
768304729
768341559
768365489
768383998
768424061
768490310
768696060
768732109
768844105
768974477
769096648
769287026
769311733
769346188
769614181
769706172
769728473
769739181
769767567
769836222
770114860
770171404
770362054
770375496
770480053
770524184
770738736
771062936
771147516
771264120
771643438
771836477
771875724
771939421
771978499
771986385
772123370
772309890
772398359
772653082
772786105
772987631
773027787
773040582
773293248
773412047
773431609
773453059
773619231
773619367
773620164
773664395
773845415
773861261
773933341
774103219
774423665
774493102
774612457
774794913
774798532
775098984
775197155
775349454
775519338
775525680
775559046
775571892
775582652
775607467
775777964
775821371
775825001
775885808
775938425
775999165
776012177
776051292
776106897
776184885
776190867
776196762
776422005
776604116
776663962
776677605
776789275
777047057
777097402
777183886
777253809
777383045
777445303
777485486
777485541
777545119
777589776
777680465
777682787
777785020
777866112
777972065
778031223
778049053
778063732
778101378
778110912
778118460
778125615
778255446
778353078
778469237
778540378
778647860
778743843
778804217
778856121
778941198
778969831
779041578
779143970
779233303
779439416
779609998
779685581
779794708
779988030
780051621
780232205
780368209
780406291
780473878
780751023
780772696
780787398
781046395
781218148
781619899
781634397
781723206
781853927
781969755
782015397
782063871
782195849
782453102
782475687
782593415
782655742
782669901
782682759
782755970
782816890
782866937
782994506
783031929
783197622
783346013
783370282
783448081
783449230
783542850
783933755
783972859
784045515
784072468
784164203
784238718
784382735
784393223
784425442
784425766
784468965
784483394
784531597
784670438
784906028
785090435
785144925
785289612
785538830
785551438
785589161
785624478
785650122
785883486
785885935
785934044
786089931
786203347
786276216
786306899
786332074
786426835
786428597
786610370
786845912
787140017
787165629
787233654
787257407
787300225
787359524
787392460
787416808
787497823
787517424
787588018
787800585
787953634
787958864
788006065
788021727
788436611
788556469
788690845
788771270
789249202
789331083
789362724
789407930
789496237
789581178
789625080
789691482
789763974
789808179
789906747
789912751
790227444
790266690
790503124
790528216
790607956
790689550
790876112
790925299
791260869
791448810
791629272
791646873
791833072
792068147
792071399
792211714
792313189
792317787
792492344
792539799
792637178
792893901
793028021
793063726
793078437
793176157
793399656
793707053
793748397
793850947
793948793
793976556
794147386
794449199
794640342
794734376
794966583
794993353
795012099
795130962
795182490
795261549
795820026
795838413
795880384
796069647
796216175
796325068
796485586
796528951
796584262
796861837
797130136
797201028
797314384
797357736
797402019
797415893
797562118
797631806
797693163
797751858
797944963
797965054
797977420
798005180
798062437
798072391
798198941
798360369
798475491
798481454
798863783
798865321
798985325
799056427
799208750
799369066
799425939
799474809
799636475
799663711
799917929
799926505
799962263
800036629
800045259
800053557
800271277
800368234
800490481
800497965
800539222
800565437
800737644
800768778
801090691
801134681
801223592
801261836
801435753
801479696
801644673
801760657
801803737
801831955
801936854
801972910
801975976
802026735
802030268
802175074
802222418
802337860
802492791
802569177
802662008
802672905
802705225
802826701
803119986
803131874
803249559
803250860
803500940
803577894
803612591
803648999
803711391
803729461
803814318
803860485
804070752
804074948
804099225
804105595
804272640
804356969
804385801
804417452
804521729
804622794
804641961
804739655
804741398
804755790
805000611
805129767
805217721
805316029
805534417
805576036
805597090
805649653
805711083
805711874
805718588
805793709
805802076
805810288
806007460
806022849
806110948
806116109
806116759
806171356
806200830
806214697
806423380
806532524
806865280
806941151
807037972
807254049
807332935
807382722
807470469
807693867
807748843
807750997
807783805
807889338
807901395
807903692
808277598
808285495
808287241
808344652
808546501
808560245
808715507
808896908
808898199
809039846
809249555
809289414
809320493
809358791
809380796
809492685
809513335
809633198
809659014
809768457
809869377
809952791
810001364
810063793
810132003
810214744
810401006
810534491
810960106
811148620
811422284
811579499
811689478
811892877
811910454
812098063
812260840
812267205
812341057
812346974
812367988
812682659
812753943
812798356
813084891
813318506
813579098
813644727
813813169
813948838
814101921
814154017
814413608
814431972
814519819
814745404
814816092
814913576
815083353
815085096
815263774
815284707
815453834
815570396
815776304
815847873
815977205
816159068
816212465
816218423
816245381
816257554
816265024
816526414
816599254
816767262
816770091
816789485
816987278
817235024
817238046
817547404
817583580
817741520
817939128
817984740
818076924
818080263
818198366
818312961
818317219
818373783
818393539
818506924
818510969
818596301
818722876
818768848
818780143
819013090
819158155
819158993
819165719
819270849
819274601
819595193
819621758
819948733
820064314
820116411
820140708
820595727
820705074
820713772
820791326
820829442
820841448
821018437
821046902
821099186
821445240
821484131
821524009
821557626
821568724
821608411
821613823
821819581
821851131
822121611
822255024
822291548
822623296
822677907
822846044
822867702
822994075
823007139
823102136
823527682
823532400
823587703
823600459
823737165
824114200
824195190
824394432
824503797
824689476
824747639
824793194
824972963
825042604
825203114
825233184
825365107
825385369
825478055
825576392
825687683
825716301
825978966
826022594
826061076
826074254
826150122
826209974
826224770
826270503
826474824
826491809
826504576
826848737
827244599
827398963
827621683
827709995
827810829
827915324
828044829
828189194
828378406
828424910
828486912
828568029
828639925
828782971
828849232
829134937
829298202
829413211
829484620
829630205
829632908
829663410
829735375
829803418
829910652
830163276
830167088
830203250
830300293
830365197
830455696
830619655
830730106
830819151
830851886
831074413
831128625
831217121
831336829
831414195
831444084
831482289
831493756
831583921
831630001
831656756
831673079
831890006
831931103
831966605
832225174
832442827
832572876
832637100
832658389
832699121
832775785
833211810
833409611
833469865
833476211
833589023
833904489
833919457
833933353
834007546
834074988
834094692
834118140
834346472
834765498
834911431
834935787
835354117
835421901
835696721
835844121
835903857
835951336
836060531
836253058
836303562
836450757
836484042
836687740
836751695
836856207
836902443
836964033
837018654
837108334
837202350
837255855
837319944
837504205
837582338
837586650
837800600
837847439
837857880
838061210
838155564
838260372
838286855
838356882
838389692
838506959
838538159
838645054
838722648
838787659
838858166
838880847
838929911
839056848
839080710
839088272
839373683
839469827
839782794
840158729
840219362
840602784
840697169
840930827
840946738
841060420
841278240
841336971
841415990
841567815
841930217
841940663
842110912
842326829
842471154
842549912
842596844
842631239
842642234
842663389
842713459
842780136
843041118
843042809
843166018
843216677
843407103
843746659
843886064
843890349
843913731
843953003
843956099
843963600
844030570
844142495
844206261
844355052
844382754
844391898
844404929
844450676
844557529
844591350
844600942
844603345
844708364
844891069
844927456
845079575
845092585
845129567
845475530
845504862
845513028
845600059
845864121
845878105
845947669
845973047
846367463
846501971
846509803
846542583
846681239
846711223
846858783
846932144
847092524
847116672
847272828
847384867
847412517
847484114
847699257
847848325
847906860
847963194
847981795
847987363
847991919
848162151
848179980
848398379
848688559
848740681
848822790
848829473
849045625
849139421
849186970
849278763
849364331
849535794
849548012
849589537
849616592
849639779
849648594
849682404
849741551
849747225
849974063
849983648
850014502
850112987
850255668
850538743
850559261
850641154
850686443
850760984
850811662
850834807
850937681
850980059
851057159
851148739
851181948
851248392
851350034
851415059
851470753
851558839
851685706
851779817
851890925
851978259
852070765
852092875
852156956
852196004
852209270
852390373
852469241
852512922
852552601
852630848
852917727
853033980
853184392
853263829
853406138
853431618
853440885
853487315
853531369
853537560
853790691
853845774
853860254
854375058
854376765
854415819
854474315
854482223
854548658
854621094
854851985
854861044
855092375
855097276
855177063
855234236
855281615
855283477
855663392
855695225
855702253
855713158
855757395
855788659
856014066
856104070
856130665
856217303
856318329
856372713
856411363
856493206
856924482
857014244
857035428
857143251
857307353
857358002
857378879
857541328
857611613
857644414
857700368
857930764
857995864
857999309
858043289
858107463
858317027
858437581
858575449
858672499
858873375
858881194
858916523
858917193
859036791
859060486
859120952
859165112
859202867
859274038
859341933
859392702
859425139
859575343
859656758
859690529
859810285
859840594
859876024
859963506
859976699
860004243
860007393
860077366
860077840
860107747
860146598
860297411
860319795
860368802
860887980
860906378
861060007
861150455
861209101
861209807
861275344
861363932
861472103
861474440
861595290
861898610
861955001
862265128
862272286
862302848
862423650
862508547
862569232
862593088
862606431
862774496
862799408
862954844
862991393
863017147
863210172
863277523
863408972
863415317
863478820
863486112
863740199
863744179
863791781
863825332
863856099
863860607
863953411
864384996
864518351
864602505
864761392
865002529
865050290
865102212
865186209
865200967
865491100
865577953
865590581
865673659
865772097
865811406
866046885
866069377
866183784
866259838
866425444
866469542
866613954
866633627
866764702
866981631
867204271
867533749
867654398
867694136
867826498
868034712
868116716
868121133
868134698
868147054
868182487
868231088
868284276
868288392
868491258
868652135
868919984
868955666
869046816
869047356
869395994
869483488
869792745
869951436
869997209
870109092
870116949
870153919
870210941
870441298
870614560
870740280
870770068
870780932
871001825
871265491
871506737
871580327
871702376
871988585
872002352
872058864
872355618
872498144
872528549
872836914
872990993
873028062
873050255
873564793
873721471
873727450
873798686
873829202
873929611
874322031
874382519
874417210
874419266
874483672
874503963
874512320
874591980
874637184
874669694
874905572
875084606
875334141
875395647
875401543
875759381
875924586
875954760
876054458
876105249
876126422
876205048
876274423
876326546
876411063
876425840
876427692
876605354
876647477
876701148
876707767
876742713
876872169
876909930
876919585
876933349
876968300
877069864
877135352
877146257
877197636
877218164
877290980
877408682
877736181
877845382
877981923
878030904
878088993
878096606
878128164
878248319
878255166
878349954
878670521
878675733
878773607
878789938
878839873
878931391
878973295
879042442
879145136
879298594
879367315
879397108
879628140
879639411
879800517
880110434
880201492
880221466
880267100
880332254
880405605
880592825
880672748
880685475
880798335
880931253
880980862
880987842
880996418
881018380
881031902
881187302
881209623
881222162
881313241
881391134
881494604
881518651
881556553
881607508
881709205
881797837
881935397
882084805
882193263
882224256
882229417
882231294
882525359
882807132
882902635
882911734
882946038
882996540
883013122
883068360
883092399
883134127
883386016
883496740
883618466
883641672
883683527
883711981
883786079
883926883
884301867
884329218
884408765
884524943
884564072
884612977
884683170
884908591
885049988
885158744
885277802
885341828
885425445
885447331
885471844
885507201
885637448
885647619
885736399
885921732
885966076
885978847
886155843
886237181
886379015
886448777
886718590
886773946
886877420
886944665
887090691
887104795
887113785
887512067
887572734
887595726
887629524
887659542
887939206
888214731
888354844
888356491
888377439
888658427
888852570
888963096
889092695
889181939
889215759
889349407
889396270
889612001
889710693
889765913
889813020
889816307
890100652
890289147
890394801
890426862
890552454
890557179
890582321
890810557
890820354
890834746
890853720
890937281
891067199
891162167
891481205
891560507
891624280
891709621
891727911
891811193
891849879
891989634
892137937
892319114
892390041
892479878
892569595
892644872
892663261
892687749
892758281
892768049
892793995
892954300
893063153
893076223
893097938
893139472
893171634
893198452
893248605
893278017
893353486
893363415
893375104
893615058
893739845
893851299
893851522
894011370
894387283
894673385
894822474
894884298
895173938
895176578
895322363
895353237
895354400
895678535
895797235
895876099
895975200
896004182
896082945
896094000
896181379
896203076
896260613
896307400
896446842
896655449
896762073
896837855
896950882
897252924
897371283
897540803
897791981
897809991
897906332
897981962
898131566
898287880
898387203
898432632
898584882
898670534
898729143
898736721
898756288
898823815
898952325
898982608
899219606
899409157
899469970
899524396
899559874
899641858
899752402
899781866
899884568
899973700
900008977
900027699
900213553
900309213
900445390
900472868
900505545
900554298
900657054
900834438
900943952
901267014
901428566
901446021
901496581
901524204
901617869
901963832
902241170
902354486
902447758
902815377
902828722
902831335
903209848
903229318
903261303
903294395
903307581
903309134
903468590
903488269
903574063
903577256
903598441
903623069
903697207
903738851
903792153
903829909
904067220
904082091
904191017
904246385
904305075
904423873
904664378
904674250
904798520
904886531
904998010
905379001
905709108
905796336
905894096
906267746
906463735
906469545
906756338
906802617
906833073
906845934
906870442
906935826
906989800
907219795
907243462
907499532
907559225
907616418
907710179
907806468
908123712
908248278
908416678
908521437
908723741
908816008
908839917
908901313
908934701
909172360
909350007
909566086
909639333
909861104
909906326
909951816
910038707
910129730
910209479
910226415
910304519
910602265
910748896
911027243
911172736
911209747
911240065
911299736
911361700
911709232
911740216
911751901
911966815
912172578
912189340
912201539
912277621
912315832
912520287
912704402
912756461
912799332
912873212
912891201
913055019
913135425
913135586
913208173
913326545
913358202
913413299
913611192
913658842
913796662
913902458
913974124
914048627
914148048
914168627
914231431
914384729
914588861
915029010
915250201
915292310
915442438
915443312
915461638
915533417
915552825
915557740
915612731
915661654
915696567
915722869
915761537
915764788
915833806
915908182
915976818
916032680
916102126
916125176
916134878
916483650
916536463
916670841
916799028
917029243
917388028
917450364
917466322
918048731
918063358
918078914
918098110
918204490
918297134
918314063
918419842
918649819
918660972
918688758
918792926
918818848
918849781
918851513
918875786
918952193
919013367
919037788
919052709
919070303
919071119
919148588
919204425
919260702
919516183
919549274
919593891
919662549
919849849
919914777
920052656
920064511
920333746
920409774
920802237
920873816
920892912
920935182
921020145
921151885
921484792
921526139
921619352
921623173
921664196
921691942
921806100
921957240
921980418
922034351
922036068
922172880
922394458
922437862
922481202
922511580
922516787
922716899
922760251
922916322
923065550
923102224
923248158
923346948
923424649
923434237
923453510
923590239
923650388
923771083
923973431
924103856
924235709
924236143
924303622
924456937
924625444
924672595
924843096
924931256
925017827
925046089
925110254
925143561
925305266
925418318
925450421
925485660
925560072
925609576
925713811
925762171
925969058
926047724
926076773
926213661
926643893
926735524
926736843
926775374
926821452
926903129
926915544
927076848
927089284
927095405
927099111
927134353
927162580
927267534
927272621
927390718
927483276
927783766
927817475
927875823
927892614
927946891
928077238
928103169
928185546
928280626
928340044
928385859
928425783
928452165
928456699
928682994
928704055
928798644
928822518
928891556
929015370
929094708
929417738
929421112
929509419
929515261
929522564
929685987
929727788
929749830
929991572
930021057
930046730
930144119
930252847
930379119
930504690
930540046
930611551
930733098
930780962
930818043
930850310
931029847
931140403
931151257
931187640
931223297
931409547
931472102
931579333
931620449
931698949
931701488
931962655
932175683
932244234
932289615
932432687
933278439
933334231
933445919
933547106
933624000
933625785
933688209
933768601
933929123
933992769
934078663
934307815
934470370
934523819
934794416
934915228
934964222
935143003
935309430
935318224
935358945
935386760
935553112
935590994
935667406
935810671
935952150
936152280
936286062
936333496
936335383
936356429
936683440
936700435
936842924
936847907
936922809
937050672
937070946
937100739
937174436
937312286
937460655
937583141
937616596
937618866
937668235
937704619
937928500
937979880
937994148
938162982
938261328
938328038
938372653
938395851
938427896
938507464
938534149
938651710
939029661
939061856
939184648
939309471
939318563
939351510
939524464
939677067
939793288
939810215
939868707
940007454
940114617
940157805
940264470
940328695
940332150
940610383
940775519
940964788
940997080
941011783
941128104
941193093
941220618
941408307
941427245
941433979
941577280
941616213
941678486
941700209
941891542
941920165
941967526
941982276
941992535
942245955
942306016
942370672
942376397
942501304
942887672
942933440
943092523
943196680
943331710
943530637
943534280
943567098
943577555
943700185
943759341
943779985
944003594
944046628
944093676
944116691
944302423
944415234
944472737
944514433
944582379
944681592
944847033
944894573
944963752
945036824
945061132
945070878
945105367
945270822
945343900
945433224
945636930
945643515
945754660
945832205
945832884
946192081
946243668
946261989
946336970
946357736
946412378
946417942
946498426
946538478
946612932
946614513
946772493
946781632
946838515
946959115
947025445
947118220
947197381
947246288
947273821
947290976
947463305
947473797
947651398
947712371
947722576
947830511
948014810
948246905
948307326
948323669
948337847
948364646
948428888
948475315
948492094
948494707
948701492
948722634
948796634
948840421
949182961
949320039
949377618
949485732
949500806
949544387
949617624
949626713
949733783
949742891
949908100
949981937
950301898
950379371
950387437
950417552
950514630
950714461
950961476
951032321
951228534
951243379
951254105
951390618
951465877
951557671
951627529
951746302
951802034
951949879
951960806
952013351
952037262
952064848
952084775
952218019
952251083
952266654
952519791
952606702
952653541
952658592
953085708
953155508
953239084
953281516
953317435
953367859
953462294
953488396
953508926
953679340
953965302
954024964
954036657
954091082
954166758
954258558
954304386
954350444
954392745
954573355
954577320
954598657
954690030
954767474
954771139
954846623
955037441
955120725
955180846
955263578
955368590
955557928
955648446
955716464
955725202
955762678
955792393
956065347
956156290
956229989
956289319
956358575
956415241
957065242
957144304
957180707
957184898
957275656
957300239
957312218
957326745
957356327
957481279
957562785
957632201
957776421
958050128
958433068
958563627
958618056
958627773
958640407
958811385
958905473
958950040
959048874
959112212
959331473
959366971
959423899
959486328
959541491
959564597
959580275
959606992
959715322
959850161
960092598
960140992
960155330
960274671
960352802
960427338
960504986
960751630
960778914
960781170
960793809
960880856
960913321
961054608
961339825
961463776
961692456
961707194
961805666
961855695
961892955
961977735
962250075
962286892
962319893
962335093
962400103
962560223
962587242
962644773
962745187
962904159
962944581
963028212
963054870
963563893
963631092
963807196
963889121
964203490
964216790
964414427
964433407
964575885
965147626
965180374
965185436
965279376
965410384
965463342
965572330
965679415
965714112
965800150
965981798
966225122
966247836
966280068
966362923
966404206
966477492
966576818
966667141
966835327
966877562
966960996
967021933
967029072
967049982
967083320
967281250
967500570
967654951
967760796
967819276
967903836
968013079
968072781
968164397
968243708
968611558
968664796
968777584
968868878
969032372
969160728
969232694
969469906
969470215
969693173
970036854
970198294
970347019
970389958
970462176
970719898
970727588
970786093
970794856
970843556
970888597
970969277
971024107
971068900
971081221
971093340
971227781
971244714
971280559
971458489
971716144
971757036
972037692
972124530
972143553
972275356
972534614
972646965
972672499
972761455
972893699
972916716
972963587
973027101
973133312
973152752
973202670
973311405
973323879
973352506
973395050
973493993
973620809
973637898
973688193
973763890
973873417
974021759
974095594
974190105
974259316
974323120
974447572
974532696
974604978
974678067
974687125
974747358
974752227
974767556
974812044
974961282
975034198
975333949
975450232
975609511
975618460
975628091
975814646
975981526
976060863
976216274
976550294
976652009
976700958
976858008
976940963
976982606
977019819
977038748
977106441
977214785
977252349
977284608
977312195
977462837
977603332
977605717
977649320
977759004
977805998
977846968
978005627
978045880
978120060
978162662
978228884
978257124
978396678
978456853
978463395
978500622
978594539
978631468
978721954
978841324
979029793
979053570
979398664
979425371
979539805
979593592
979813493
979869183
980005080
980046409
980110303
980166211
980173288
980255240
980546802
980909674
980948843
980978555
981190236
981274232
981279644
981397760
981428383
981432275
981444651
981496731
981556759
981781392
981806043
981830158
982081194
982115115
982266264
982421921
982453937
982473117
982495648
982902475
983134251
983195287
983231006
983446641
983460215
983466457
983546683
983772353
983939616
983947472
984108506
984132826
984183017
984247507
984380864
984419472
984635576
984894073
984945733
984948646
984995982
985048740
985069259
985281818
985302643
985315962
985380060
985472008
985519309
985721666
985772463
985808125
985982337
985986060
986124217
986129452
986191544
986340732
986351383
986487600
986583104
986659350
986807002
986971509
987014138
987288314
987292496
987355170
987408376
987445406
987448937
987494510
987735089
987790603
987961051
988043765
988133399
988170165
988818404
988836489
988843960
988996757
989048874
989109666
989222132
989345927
989406037
989410363
989659275
989764985
989829277
989891091
989954121
990077904
990079595
990233943
990307077
990530358
990699592
990707951
990792925
990830431
990906645
991096194
991276207
991284421
991322695
991443391
991496337
991519023
991543916
991544979
991583895
991681317
991698641
991795111
991834816
991901782
991915376
992054601
992060100
992082504
992086040
992111326
992116533
992189282
992404941
992428605
992456626
992555478
992594835
992604497
992660767
992675975
992704757
992709309
992884621
992914954
992920690
993145255
993148657
993153368
993279467
993415574
993565810
993568178
993608951
993714320
993842242
993926689
993964227
994164925
994417973
994462498
994532288
994722118
994796155
995019395
995033363
995063173
995127700
995224298
995281743
995321700
995406141
995412099
995619186
995716470
995921093
996008351
996050027
996232497
996301525
996346991
996436530
996542676
996571804
996771886
996927443
997298734
997422139
997481420
997662265
997867731
997869541
997874113
997893303
997927755
998012680
998154895
998412017
998481563
998687492
998693275
998773988
998923951
998978689
999009492
999155768
999209364
999253451
999383987
999468819
999513755
999539804
999645860
999667092
999937797
999963304
