36215
41789
91947
100654
141616
178920
329564
619742
648589
669528
805821
818563
1036424
1140059
1238214
1667077
1919944
1977804
1993803
2013826
2100029
2104331
2267391
2272037
2342121
2400160
2562195
2578823
2586717
2622299
2833280
3078974
3179934
3286305
3290925
3346750
3565863
3621155
3680399
3695759
3796658
3804782
4084806
4121244
4272740
4331914
4424753
4457819
4478404
4877857
4900155
4909796
5091050
5289939
5377922
5386164
5480961
5612543
5617177
5777370
5861947
6021309
6065691
6223560
6239499
6450794
6528505
6605290
6676437
6692613
6773187
6968000
7012140
7020361
7093564
7135840
7161580
7250029
7378445
7550634
7587615
7623573
7768168
7915409
7972492
8166219
8290084
8454786
8467522
8607370
8791834
8875954
8923568
8933577
9015916
9166360
9419429
9496792
9571964
9595816
9668800
9847512
10092790
10318228
10364058
10400679
10447975
10560511
10583286
10587806
10753816
10800613
10836321
10872900
11017003
11137117
11580417
11678542
11863129
12069470
12206606
12251409
12360355
12482131
12507110
12539624
12706085
12789021
12939578
13040745
13097610
13198930
13306156
13335355
13436795
13491389
13520203
13760590
13770676
13797904
13890181
13985572
14044594
14051486
14116501
14138514
14729866
14757620
14848369
15241794
15322569
15488568
15563761
15590880
15618550
15684409
15758477
15781100
15848867
15867082
16084777
16258263
16266237
16302041
16311594
16508423
16519197
16588393
16717738
16848006
17239359
17317065
17346279
17447376
17734155
17993793
18009036
18059776
18060511
18180809
18250255
18290578
18473523
18552105
18583760
18728694
18858378
18998092
19059491
19066626
19079756
19117714
19327464
19472921
19660058
19708124
19715351
19760846
19777171
19897459
19902995
20023698
20287983
20355979
20366799
20420126
20508014
20611792
20686549
20759264
20799066
20903285
20905289
20940549
21039913
21102869
21297248
21663567
21694170
21711187
21770379
21807618
22059569
22233705
22337350
22348508
22459105
22463352
22521908
22645812
22661927
22743921
22768327
22964448
23149191
23269612
23333294
23401543
23477188
23496439
23581767
23652498
23871265
23955095
24007675
24073203
24093087
24097074
24206382
24230018
24442389
24468836
24529365
24611038
24657459
24683425
24882986
25020200
25133622
25171725
25188645
25438087
25643270
25715019
25785319
26049298
26257450
26265412
26286117
26465017
26508299
26521115
26532891
26579493
26701246
26867552
26878366
26980680
27056356
27088107
27363259
27555735
27573374
27647850
27949685
27950737
28038509
28425859
28427376
28515231
28521639
28544568
28554621
28667628
28785079
28807460
28833010
28912300
29004361
29115238
29158056
29179641
29181937
29181958
29239918
29375859
29430698
29456592
29607521
29748089
29874738
29901264
30016551
30133955
30214033
30230867
30363810
30371145
30373130
30432185
30666089
30679284
30787392
31027231
31077910
31081542
31157419
31360755
31379926
31576508
31722182
31775479
31780165
32251511
32295021
32614021
32621504
32876494
32909105
32917448
32924074
33127305
33187144
33234962
33259548
33310435
33416580
33476249
33670112
33784490
33868137
33887380
34012697
34078032
34150169
34209749
34327113
34623197
34672773
35146976
35220630
35237297
35512704
35591931
35639438
35705878
36033666
36228513
36240409
36401957
36404625
36452616
36648733
37076219
37247170
37364055
37391379
37525923
37619723
37704546
38100043
38118162
38124322
38162227
38168718
38584250
38663349
38955410
38959132
38961358
39028758
39116954
39139283
39333918
39476968
39507061
39586351
39594908
39606915
39615308
39638865
39651146
39743477
40035592
40151931
40582577
40648828
40768578
40841422
40922573
40959685
41002583
41075256
41204598
41237398
41394694
41519293
41544114
41719877
41758979
41865859
42054102
42129181
42191100
42270673
42281024
42292326
42345523
42350020
42492992
42560505
42583161
42618724
42646128
42742521
43014803
43102951
43254387
43262302
43282680
43293237
43431006
43437585
43609467
43635979
43648211
43810471
43887930
44132653
44163639
44184272
44218186
44260295
44369103
44433005
44490117
44532916
44590731
44592683
44614107
44672148
44948690
44948839
44965012
44970937
45426402
45564098
45567273
45572912
45577144
45850637
45899131
45974077
46019809
46039941
46045060
46522639
46673475
46882343
46902638
46998566
47056184
47127334
47134027
47169712
47172103
47184607
47209009
47339098
47358802
47501437
47667951
48003084
48026798
48048105
48193577
48208036
48236291
48423888
48485270
48505028
48698040
48771556
48794806
48831392
48881121
48932989
49067859
49103673
49151528
49286801
49363013
49438460
49568861
49693809
49769946
49783562
49792128
50092298
50126559
50149515
50241870
50450065
50621533
50640519
50695272
50771518
50830810
50961753
50974530
51006074
51024824
51107039
51109103
51111506
51178774
51338960
51588314
51672321
51725610
51864312
52047567
52126005
52278128
52318508
52410946
52583842
52621718
52790318
52811384
52868437
52962236
53110029
53147803
53158735
53417488
53709142
53730396
53896957
54004260
54178630
54184006
54287266
54295694
54419021
54429980
54790252
54798281
54833099
55113520
55164286
55413064
55552999
55689489
55908223
55923724
56126388
56371848
56389151
56404900
56484436
56621154
56902600
56917354
57056575
57081509
57135715
57276200
57463977
57527039
57556167
57576188
57603585
57673363
57716854
57725704
57758439
57802335
57807772
57942299
57942814
57977833
57978391
58064250
58208249
58266319
58637835
58734544
58768077
58835646
58838463
58845796
58878165
59322640
59381468
59508047
59531805
59731863
59964621
60016358
60256972
60305202
60357603
60422221
60476678
60798607
61112143
61356339
61417134
61429925
61452127
61461534
61539999
61743230
61791402
62027390
62052655
62343092
62396428
62430333
62451079
62453273
62493318
62506010
62653087
62870404
63076365
63110722
63537121
63744718
63757525
63884279
63944820
64213525
64236830
64302282
64326038
64528532
64563857
64570555
64582708
64771961
64822027
64858416
65132911
65206067
65218855
65222032
65445935
65540223
65670731
65824609
66003301
66523637
66524516
66584708
66645300
66653917
66698734
66741535
66912359
66919348
67038846
67214976
67631343
67798196
68037661
68088985
68099872
68220033
68312281
68378611
68520051
68659411
68670793
68903404
69398026
69399635
69546657
69559851
69632011
69676921
69868483
69894712
69937459
70094306
70261284
70765704
70930135
70969726
71267057
71508719
71548633
71587649
71691290
71709864
71753571
71929182
71944995
71994445
72019896
72075982
72076852
72233281
72358081
72434871
72486660
72522647
72614749
72629388
72698288
72705193
72845141
73113630
73205977
73261357
73607610
74003876
74147306
74321515
74355784
74507662
74645291
74818906
74922942
74947739
75008642
75183836
75220542
75324874
75406664
75412894
75416787
75424022
75466719
75628087
75753099
75861976
75941686
76086399
76090296
76185397
76310626
76365863
76528778
76662218
76780519
76976308
77073230
77119049
77629025
77660788
77841029
77914651
77914739
78313274
78747977
78787666
78803130
78828619
78951472
79041307
79137662
79254935
79369213
79404630
79435921
79499113
79572966
79645455
79689628
79843878
79894949
79984376
79995308
80214063
80316527
80319366
80429000
80567172
80590459
80696282
80836220
80882151
81094205
81561068
81843803
81848636
82172707
82193264
82238035
82266750
82346137
82448104
82451780
82619571
82635399
82678854
82786597
82812071
82871306
82884913
83062457
83270093
83390626
83398843
83418246
83600848
83676389
83785868
83818851
83985864
84044696
84196552
84262905
84350506
84457926
84488150
84491225
84678201
84680420
84875545
84967153
85009543
85074291
85171562
85217166
85371460
85549745
85555707
85626854
85855177
85948566
86144341
86201111
86297942
86725395
86754531
86806409
86954923
86959810
87009433
87038102
87182018
87360268
87629160
87657033
87681846
87723465
87771625
87908951
87932227
88010508
88049400
88241076
88352797
88404031
88525352
88626410
88728320
88770419
88848808
88955918
89043754
89158570
89247743
89262273
89265013
89310596
89418200
89426257
89570028
89642009
89653494
89661127
89803632
89960219
90020997
90074972
90083037
90202588
90306501
90352573
90470784
90647797
91004636
91370461
91754352
91914289
91914393
91980443
92044365
92119419
92189952
92218659
92243202
92255478
92286000
92534838
92600951
92601358
92706215
92956118
92975038
92977969
93152345
93355306
93610162
93882120
94065028
94129736
94306538
94369491
94410721
94469544
94570179
94587682
94616321
94906295
94914742
94960234
95016136
95081742
95154335
95189572
95288447
95297860
95340916
95576549
95639121
95644909
95664239
95667673
95700994
95720209
95748718
95787224
95844894
95927777
95937149
95972106
96215772
96339532
96571485
96622375
96721851
96776312
96843216
96924989
97038284
97566794
97610198
97660260
97667526
97759592
98013092
98396012
98452481
98589175
98597619
98608944
98767651
98798393
98870683
98890841
99013513
99022086
99093524
99236917
99322665
99347427
99383297
99390070
99699315
99718348
99811895
99813176
100107357
100218126
100315318
100325825
100355556
100369430
100664172
100965911
101012974
101054762
101060278
101212024
101213179
101337151
101351617
101446260
101578906
102015778
102029791
102058103
102086462
102148524
102309878
102411742
102597981
102755889
102829273
102860552
102933169
102965186
103019185
103075166
103186794
103258549
103288189
103311860
103319066
103585021
103593263
103965141
104086914
104111281
104229075
104341385
104350623
104622862
104643670
104655159
104676209
104682439
104720659
104741323
104748917
104751438
104817395
104846096
104937265
104980132
105075758
105098281
105219624
105280141
105285198
105333975
105405790
105413175
105441194
105572077
105705403
105804852
105862052
105873848
105907522
105961387
105979466
106007248
106105438
106106554
106251339
106345925
106470437
106521526
106670930
106865805
106901316
107016585
107033438
107104031
107127852
107197562
107236626
107261287
107364988
107419200
107548584
107574425
107626981
107629390
107653077
107687593
107751389
107790199
107854495
107894640
108136836
108284243
108574790
108589752
108639556
109205212
109336742
109484068
109527000
109608252
109648803
109682999
110068471
110473292
110484207
110536140
110576485
110678425
110710471
110844357
110866739
111002902
111087847
111096248
111314549
111396508
111594104
112014838
112180729
112186742
112357877
112560907
112638503
112747928
113135009
113142931
113342279
113373886
113425610
113478454
113486134
113521897
113689379
113720479
113922199
113985040
114022860
114110951
114113982
114453199
114465508
114609754
114680227
114693659
114703096
114865364
114879704
114886569
114971762
115052803
115085886
115115432
115151131
115186609
115223107
115251441
115296232
115536819
115538912
115652168
115732460
116025357
116057970
116072588
116080889
116103144
116193790
116488715
116492144
116503074
116523246
116523757
116616885
116652255
116694849
116727064
116946646
117005619
117174561
117254660
117374798
117506310
117552144
117631457
117743767
117791546
117792252
117856681
118096182
118171341
118208347
118320527
118331783
118343330
118376718
118461844
118687679
119084437
119111779
119116002
119190187
119290744
119356203
119371522
119526736
119548977
119902464
119938926
120025387
120027720
120044505
120336743
120362727
120378296
120451858
120505092
120691600
120809743
120823041
120933275
120983032
121172816
121523045
121664871
121791276
121926156
121977936
122148701
122313634
122358456
122598027
122601172
122784920
122895732
122924710
123007471
123057738
123153752
123154332
123166236
123212576
123475123
123494946
123537095
123538320
123675820
123677787
123893418
123980367
124120311
124267768
124274381
124354975
124358876
124401269
124691881
124740044
124743048
124749493
124781969
124794031
124837177
124961048
125073080
125252255
125267129
125296940
125298673
125312740
125348746
125366762
125562468
125581197
125663138
125707493
125763405
125873519
125922604
125955590
126045532
126081245
126208884
126268520
126341080
126639123
126639850
126829750
126923421
127148759
127182878
127223447
127366254
127424537
127504999
127720161
127746602
127749949
127758330
127924469
127990324
128007547
128014887
128050215
128105701
128323005
128577129
128633310
128697161
128875263
129109652
129234317
129396963
129748324
129763551
129834128
129940997
130057580
130060196
130163213
130889940
131022273
131112888
131381034
131512425
131703938
131732793
131740305
131967690
132143140
132145254
132179747
132191663
132202835
132226649
132250551
132390999
132446293
132512814
132527938
132680911
132915805
133268062
133281789
133305520
133372227
133421638
133460222
133561941
133591094
133866422
133992139
134020809
134054650
134057499
134073112
134168065
134204395
134436750
134470600
134697203
134796731
134845241
135026031
135037908
135116915
135157564
135206299
135210439
135224086
135267619
135363119
135378164
135410935
135448169
135461833
135506510
135674693
135725077
135777490
135891550
135997519
136214983
136228109
136248209
136269730
136332710
136454378
136517883
136617086
136732367
136886513
136953016
137150316
137243150
137251351
137450569
137473634
137518331
137618160
137760478
137825614
137829706
137831882
137881751
137898125
138001564
138128778
138182965
138196717
138391172
138409459
138578801
138719438
138961516
139049184
139067069
139146130
139169031
139170291
139294454
139383758
139417923
139588582
139650147
139681224
139683167
139757857
139991653
140281611
140714128
140729360
140877967
141031463
141036746
141370671
141418072
141486583
141528682
141670813
141883901
141924231
142019542
142054493
142084772
142769218
142903170
142969294
143018109
143039196
143054842
143292421
143299171
143314454
143412691
143432084
143565685
143587013
143603879
143756186
143799742
143810368
143953595
144132975
144143509
144393518
144407617
144459946
144558825
144671987
144710373
144960260
145049546
145059299
145091310
145124313
145148939
145157866
145163840
145191144
145382189
145464997
145503422
145575562
145595513
145630236
145719633
145799525
146043407
146264505
146410795
146540451
146612882
146626781
146797328
146961292
146991852
147020849
147070148
147137705
147222116
147331925
147391112
147404839
147418291
147523542
147592093
147681243
147853001
147866779
147968047
148095561
148198057
148347294
148515584
148615063
148618775
148629255
148631124
148734490
148805409
148869889
148999547
149155397
149262123
149361137
149371993
149497143
149644949
149703510
149705083
149745283
149877114
150097841
150341385
150413086
150453965
150612547
150835930
150845875
150957348
151022563
151027019
151075489
151124465
151153995
151194486
151263842
151357439
151393819
151474591
151691354
151821943
151935081
152039186
152221808
152359860
152461753
152677873
152788760
152847487
152847554
152916474
152921300
153072442
153253243
153258025
153301056
153320739
153496219
153692086
153692412
153697517
153767905
153873710
154123059
154175630
154252198
154252772
154470120
154546657
154654819
154667953
154918903
155255937
155492807
155572932
155607963
155636687
155652238
155693958
155694630
155695567
155718962
155912019
155966890
156103959
156323102
156408143
156439800
156582000
156651728
156663624
156704497
156719149
156738329
156913798
157117255
157151987
157171032
157216760
157224314
157317991
157460497
157565847
157668659
157693422
157714901
157824519
157885357
157894299
158066164
158101455
158189926
158255110
158289778
158295298
158336343
158568615
158649547
158664283
158896800
158942878
158960006
158960286
159006650
159021424
159021808
159318761
159448894
159540761
159717308
159783977
159877019
160156743
160166584
160383335
160411797
160486724
160516847
160595765
160604854
160721250
160768655
160777536
160886211
160969026
161086573
161109548
161149218
161183378
161235502
161357504
161437978
161442681
161457914
161642070
161674312
161706139
161722700
161792716
161920584
161931609
162097345
162123086
162124028
162149770
162158559
162256411
162512909
162786797
162850550
162893550
163001995
163244781
163419563
163424350
163475689
163575118
163583382
163820184
163975299
163980098
164088150
164173629
164211953
164266172
164267295
164286013
164652856
164670417
164736433
164904355
164906100
165036373
165159165
165205698
165230705
165377683
165417168
165712301
165789344
165812405
165858442
166323557
166412651
166457392
166662737
166719347
166786691
166804698
167165156
167321032
167331068
167469624
167719129
167741446
167827150
167865638
167884248
168122918
168147265
168202422
168303878
168356248
168418952
168433581
168448225
168452030
168478535
168574141
168813988
168846979
168886358
168930034
169229878
169348279
169445102
169446958
169565570
169675732
169801284
169816926
170268544
170351236
170466861
171041255
171044559
171051307
171135531
171145310
171176061
171248379
171260788
171358286
171419689
171716556
171735792
171768489
171992618
172232604
172406333
172485562
172496151
172759635
172787469
172870225
172966003
172969121
173145723
173156538
173266680
173316019
173537865
173545910
173618953
173852214
173858221
173862577
174134460
174292966
174293761
174406383
174463850
174514544
174670323
174716353
174810809
174835777
174864467
174920858
175002451
175111266
175215641
175248816
175298381
175447588
175485874
175732290
175801900
175830942
176024299
176192351
176250539
176266025
176309539
176355750
176408368
176697250
176709147
176751640
176782131
176785800
177053813
177213022
177367748
177400263
177467074
177690051
178048841
178237739
178394866
178442967
178687064
178698492
178703114
178785214
178800536
178889350
179030819
179113693
179196254
179216747
179317949
179378858
179394140
179443489
179643093
179691513
179713089
179858790
179906133
180004511
180307603
180309863
180311393
180313369
180391068
180453155
180653913
181148506
181175854
181274183
181351201
181812629
181870660
181898600
181916643
181926299
181936014
181970694
182079148
182165246
182309058
182320122
182321790
182333615
182361426
182467822
182578947
182604012
182621458
182685637
182732689
182737614
182743829
182773702
182893344
182950576
183334182
183536438
183561802
183687418
183789655
183838289
183957071
184037521
184218405
184542618
184570911
184600615
184646317
184758916
184776489
184797362
184895849
185019548
185030304
185038693
185212277
185363046
185371699
185382994
185577321
185737779
185820703
185900345
185919516
185974830
186172574
186248523
186872238
186916879
186929789
187012797
187201919
187525803
187554265
187686661
187705391
188022113
188192523
188435527
188499998
188694141
188730059
188730545
188820179
188954911
189215314
189351786
189360847
189551788
189823915
190046696
190190106
190212811
190220037
190260357
190313568
190425202
190513697
190560640
190588075
191002160
191021128
191036150
191048716
191177571
191283102
191401376
191402929
191514770
191558727
191564663
191578788
191752723
191808302
191883238
191915086
192230450
192387464
192436811
192450442
192530238
192582048
192756078
192782551
192942395
193062319
193072482
193465305
193469748
193674442
193745868
193785900
193899118
194238015
194244058
194475534
194486414
194577217
194663711
194706530
194929295
194966123
194984863
195414776
195483578
195571253
195610871
195687668
195841854
195849759
195937889
195942414
196002633
196044602
196100309
196179908
196195489
196276700
196294181
196385697
196398356
196431534
196446978
196483438
196492066
196554973
196613685
196759233
196798490
196861181
196921294
197221380
197245588
197448714
197532264
197544837
197639202
197795880
197800377
197867810
197928936
198042802
198062428
198251610
198251870
198377401
198429407
198474784
198496406
198520613
198560341
198634924
198652236
198813899
198912827
199022950
199070597
199150355
199308112
199413929
199535553
199537675
199569744
199717731
199748198
199877769
199913445
199936536
199959120
200144472
200356073
200558505
200560115
200796562
200848661
201045752
201168187
201171609
201187336
201193892
201382709
201462550
201749093
201852641
202091794
202133540
202457742
202695352
202892254
203176914
203287960
203394393
203581069
203694783
203875365
203953366
204356117
204404548
204429166
204480593
204482879
204497873
204570688
204575062
204619651
204859507
204918415
205001316
205011166
205274110
205284494
205320399
205430084
205573143
205591828
205655893
205677878
205747220
205783781
205821872
205822922
206164355
206183756
206616048
206770499
206771930
207099041
207152441
207179265
207295771
207482869
207514651
207596445
207625656
207885906
207954610
208014269
208062272
208078338
208377920
208459414
208715549
208811998
209175088
209325852
209572566
209743255
209882460
209995302
210022048
210253888
210255521
210550784
210687056
210699697
210805605
210959934
211047176
211233587
211283569
211359551
211367010
211439175
211609118
211715032
211768103
211840929
211987197
212032590
212067310
212135064
212151841
212174150
212309366
212312219
212354101
212438872
212608200
212641812
212754792
212778691
212895332
212904314
213103087
213152875
213214509
213245838
213279013
213333639
213358646
213374415
213461973
213469568
213469970
213472061
213478951
213601362
213957764
214098889
214237778
214265249
214315724
214362926
214557407
214666844
214776125
214855543
214951596
214988141
215109708
215334848
215372269
215386416
215487163
215517177
215712456
215834678
215933419
216004939
216073006
216342303
216344239
216418638
216613229
216860467
216876136
216949749
217087565
217202168
217265890
217298991
217435332
217785923
217981646
218098112
218123281
218192990
218206116
218423406
218467877
218746188
218769256
218826804
218863079
218865547
219212185
219245476
219264055
219347205
219387187
219579178
219772484
219838337
219946704
219956873
220017539
220036581
220045384
220341962
220568998
220781261
220847092
221006295
221033713
221163399
221176476
221417741
221442372
221465450
221669905
221876611
221904916
222084402
222188598
222212972
222240888
222361841
222419576
222639364
222850426
222890878
223368474
223377727
223424079
223475202
223533707
223547317
223624651
223636138
223735059
223799481
223858752
223882304
223927737
224027610
224027792
224290197
224421464
224423659
224595114
224623471
224665814
224740071
224759363
224801191
224848965
224944725
225053799
225323933
225331845
225574303
225651432
225774796
225942795
225945188
225994830
226076959
226088829
226110205
226139908
226337797
226551131
226560669
226747425
226820677
227037825
227274298
227465349
227482323
227560741
227634748
227646480
227872724
227906505
227925478
228008971
228015016
228072645
228178626
228215487
228400672
228415686
228549318
228554566
228562631
228614353
228699586
228710881
228728476
228839001
228892127
228895118
229030492
229033072
229047855
229118302
229177394
229185622
229240292
229298819
229309063
229661020
229959068
230064846
230066197
230211137
230245764
230252142
230316039
230325441
230412929
230559238
230724753
230781458
230912884
231149471
231151348
231189103
231267150
231342531
231389134
231440655
231517127
231639225
231650545
231697750
231711930
231921937
232121213
232208086
232421502
232676632
232744245
232952332
232970621
233228833
233298594
233525159
233871030
233928650
233942655
234071169
234358916
234554482
234567952
234801568
234963787
235118533
235145900
235216924
235281307
235402855
235649148
235905136
235935215
236019578
236047305
236157680
236176797
236384246
236420128
236494227
236634262
236670183
236685774
236698448
236710613
236928232
236988909
237057272
237083099
237127423
237139399
237232253
237320161
237347654
237348100
237576950
237664006
237676631
237677363
237681453
237887019
237971328
238046825
238087293
238317955
238781178
238790037
238973512
239152093
239223993
239230659
239554074
239633884
239806949
239819715
240083296
240183459
240260257
240307811
240334941
240773787
240838412
240896215
240954276
240959514
240981955
241040890
241176025
241183145
241197671
241438425
241483995
241492187
241546545
241547131
241783149
241788171
241931125
241951445
242031800
242051286
242223406
242479774
242502352
242803523
242882594
242973192
243052526
243227059
243240476
243403041
243560335
243563359
243769970
244171577
244199890
244345900
244451443
244558662
244680873
244857984
245077004
245451087
245490594
245614958
245686744
245849206
245862447
246014302
246090938
246151130
246271209
246433384
246446514
246485994
246747162
246772889
246805680
247100586
247130175
247225465
247569072
247594445
247614316
247758056
247769493
247840945
248047383
248070861
248181940
248210420
248238113
248246865
248267803
248345659
248395441
248416788
248464918
248468796
248586563
248657795
248659976
248662775
249000563
249013662
249024342
249034678
249114157
249227217
249264902
249389507
249650755
249665685
249883520
250034019
250157474
250360966
250385237
250402709
250498437
250640720
250813468
250850803
250950627
251146971
251181640
251194528
251278457
251284522
251397747
251408638
251545759
251694653
251762883
251887960
251901625
251992636
252269062
252299097
252340486
252383024
252407153
252462145
252500083
252555687
252826134
252862723
252893848
252977634
253037815
253316683
253545101
253551005
253696331
253973581
254134666
254141499
254141849
254145364
254240658
254265279
254285950
254295080
254372197
254486232
254587888
254589357
254609597
254797619
254839267
254892236
255042246
255073171
255100682
255203895
255458107
255549202
255617118
255638728
255758156
255865205
256091155
256395249
256395970
256490690
256501638
256524866
256549292
256648036
256808211
256823984
256857338
256932765
257115874
257235585
257296057
257379276
257493368
257511227
257684834
257824461
257858158
258171587
258336468
258594659
259030235
259034836
259117739
259198745
259218354
259354637
259396861
259547797
259727323
259836316
259859326
259882658
260293079
260314595
260378283
260447436
260454778
260627716
260800511
260809303
260950874
261073809
261135531
261187534
261198955
261243109
261346869
261463468
261607224
261727495
261850142
261873676
261944910
261967456
262014311
262199413
262253356
262291768
262294639
262303543
262406771
262443000
263073654
263166700
263299542
263405050
263426952
263451002
263685073
263766118
263831199
263891481
263905215
263939781
264091899
264094131
264127772
264130176
264165710
264199820
264226374
264290348
264671262
264716745
264727759
264802468
264932815
264985498
265025246
265419346
265519931
265596911
266021551
266055464
266181404
266203585
266270459
266304688
266330185
266624489
266911712
267158846
267424754
267491436
267552681
267628166
267686519
267906335
267910814
268108479
268194863
268354537
268530974
268692743
268810414
268883368
269047611
269108382
269153968
269256499
269282159
269361331
269545319
269768585
269823781
269829933
269831484
269915802
269974571
270078685
270126938
270132240
270171530
270180994
270579617
270591703
270681537
270857919
271028762
271153367
271177620
271245551
271340695
271462280
271773895
271855121
271884238
271914792
271938453
271985638
271986186
272024929
272267758
272335471
272673989
272717037
272761745
272796816
272918927
272984062
273149603
273169089
273305825
273420872
273599929
273702457
273739221
273913704
274226074
274411874
274467710
274491409
274614579
274653581
274762342
274781512
274875465
274875671
275006581
275167465
275406258
275718596
276011443
276043540
276241550
276245459
276289346
276361586
276403566
276460754
276930281
276942678
277263354
277432334
277575739
277727538
277753523
277893887
278123965
278204714
278322718
278413723
278458246
278481914
278544003
278674791
278876662
279017992
279281342
279549561
279662196
279688300
279763391
279771589
279792314
279844052
279927467
279933748
280029634
280198748
280353128
280668404
280765216
280876133
280900328
281285417
281633318
281950635
282162104
282628826
282760865
282870920
282926734
282996830
283106361
283136919
283280785
283300708
283302906
283320562
283347927
283375769
283388515
283428010
283624359
283705171
283763248
283834940
283843189
283904040
284068274
284483205
284624047
284737433
284885604
285032020
285074451
285227396
285247730
285325239
285375695
285616495
285730759
285912265
286292593
286320513
286324461
286814763
286902425
286955941
287092226
287154667
287220442
287267348
287313529
287314094
287444075
287455308
287517068
287532933
287671397
288063547
288118059
288133688
288382519
288461676
288499529
288626686
288731690
288800690
288882581
288975906
289053902
289111969
289244610
289395616
289445086
289469738
289474527
289499720
289652271
289695023
289866504
289989122
290009302
290032541
290032543
290120779
290148834
290180400
290224229
290260411
290361526
290463623
290514923
290551646
290783478
290812785
290928543
290930974
290939571
290964516
291151528
291282881
291341993
291416295
291501627
291552217
291714345
291809718
291839046
291906514
291978588
291984156
292071705
292168919
292178371
292213636
292225903
292233666
292363412
292515402
292603260
292633471
292676326
292727325
292782568
292810516
292877722
292957225
292983923
293015031
293165125
293273298
293292218
293445432
293494767
293508082
293633197
293684512
293877524
293920114
293931564
293935519
293984289
293985556
294176511
294176614
294423916
294626037
294761886
294828591
294831512
294937835
294964889
294974116
294985004
294996906
294997230
295053620
295201154
295208394
295307984
295463178
295522949
295633936
295673130
295695926
295760925
295854249
296071828
296108469
296214848
296335870
296422496
296446205
296497765
296752383
296791350
296837970
296915820
297045105
297046654
297084475
297086424
297338090
297533917
297719624
297805847
297850743
297914594
297957803
298014095
298162204
298173308
298183768
298208385
298210231
298361384
298399377
298476345
298664429
298695323
298721394
298806150
298824877
298896166
298994756
299256732
299360738
299738586
299845558
299972477
299972707
299998831
300006480
300173671
300291058
300427694
300712577
301078006
301153126
301160693
301252677
301319864
301433351
301473799
301498560
301643028
301668263
301875061
301989847
302139920
302247732
302266284
302353664
302548327
302579454
302688927
302803243
303242716
303307010
303390423
303419790
303502499
303692017
303818651
304018579
304028645
304031363
304504425
304531440
304577641
304633014
304704104
304711829
304747420
304864339
304873303
305003583
305062196
305137876
305208274
305284666
305321596
305381692
305533015
305598560
305604226
305608869
305622634
305655354
305668564
305690949
305882807
306388005
306600716
306730451
306807875
306942259
307085660
307213143
307528653
307633560
308174480
308187940
308238137
308247985
308269727
308447174
308516107
308841780
309105633
309113529
309215060
309412162
309462487
309531953
309587294
309639856
309658012
309674282
309690771
309742188
309823880
310070818
310095042
310129399
310140925
310190328
310190536
310238366
310346799
310433944
310491252
310528957
310665670
310666910
310719786
310724486
311006401
311068133
311143164
311155070
311651826
311691474
311997108
312200430
312366639
312373936
312446315
312458259
312502413
312620477
312780652
312842561
312918863
313175454
313269762
313364175
313395202
313483056
313544685
313613040
313678494
313783831
313789740
313834373
313920271
314015576
314055969
314080673
314095893
314101400
314444992
314586276
314721726
314722041
314762483
315037344
315097143
315339864
315509379
315669015
315719345
315761523
315932169
315949727
315960004
316058431
316059952
316380061
316478805
317072267
317121241
317188868
317249478
317431926
317497155
317570500
317627671
317664912
317724645
317818888
317924677
318052794
318073906
318186233
318310547
318364458
318364496
318417837
318555141
318865665
319002254
319006022
319046904
319052174
319070874
319102613
319231353
319427554
319549604
319573657
319598853
319815878
319819954
319852063
320077974
320210686
320274378
320318373
320399059
320461362
320511201
320535411
320566532
320598418
320618301
320670623
320790739
320801379
320856388
320860827
320870636
320880359
321275637
321348285
321636931
321722255
321762696
321781763
321860048
322113642
322402699
322432089
322523355
322754915
322915407
323180013
323414848
323498717
323536634
323675461
323710158
323762907
323767796
323821444
323881005
323998105
324000051
324032557
324045615
324143180
324262013
324287868
324395632
324518977
324585196
324921087
325004595
325090020
325167323
325514310
325571316
325573954
325621965
325680451
325994309
326118597
326167062
326370481
326465993
326525926
326529264
326548741
326695182
326936988
326946999
326955968
326965833
326976517
327045096
327197609
327277089
327380876
327681939
327683022
327796014
328012545
328121321
328241413
328354866
328366618
328416213
328490192
328493346
328566814
328615793
328653656
328805053
329114559
329284449
329558472
329577140
329586021
329676365
329774168
329882151
329936776
329948453
329952351
330306042
330323067
330445593
330615213
330663879
330889039
330944308
331016806
331121757
331269065
331311639
331313354
331321686
331355582
331438091
331439969
331458528
331703108
331771643
331845641
331900140
331931308
331933498
331989806
332297876
332314807
332477850
332482543
332499624
332649634
332655109
333324147
333325258
333376209
333470937
333514374
333729752
334275623
334334906
334443942
334562963
334659809
334777821
334800115
334820517
334878719
335025409
335095125
335190323
335435674
335528213
335686120
335698222
335708200
336038363
336065931
336140120
336180494
336385878
336628343
336750422
336801688
337024833
337207415
337407227
337509580
337517748
337580764
337602073
337802857
337858565
337960598
337975500
338089409
338191095
338220406
338694834
338990759
338991818
339066183
339083492
339115130
339223183
339303885
339586298
339673058
339742185
339746967
339781088
339910428
339971510
339996446
340132766
340288911
340301537
340348492
340363807
340391661
340398284
340476422
341036175
341125672
341147489
341426428
341484594
341581750
341709421
341985975
341990513
342180776
342245188
342270739
342449091
342479326
342670893
342721675
342832356
342857482
342858210
343115594
343168552
343284857
343313590
343440534
343452527
343512728
343521788
343526707
343562156
343706270
344005447
344063435
344256075
344285346
344380664
344470576
344512645
344525253
344552472
344561258
344727185
344865344
344957112
345087026
345110355
345116036
345128860
345131561
345179983
345284556
345412484
345555434
345601921
345782132
345946102
345948372
346019128
346129344
346362825
346385832
346407793
346411233
346524072
346533121
346551772
346594258
346597293
346625403
346873608
346900264
346949345
346994043
347028754
347336748
347389572
347543904
347650212
347660461
347692024
347728148
347833989
347882192
347909936
347993675
348048942
348441835
348701752
348746693
348929542
349058883
349106302
349200124
349204558
349223634
349239912
349368247
349368419
349515107
349576186
349613635
349729936
349837272
349965131
350013122
350188073
350312767
350546840
350591642
350632505
350689257
350734144
350786079
350960035
350979415
351097061
351153529
351480391
351501473
351523771
351560858
351658053
351787548
351823854
351840973
351841364
352028730
352049357
352067034
352098952
352126815
352313399
352414507
352476079
352493658
352529826
352890114
352959290
353078049
353134938
353268705
353308523
353410827
353551173
353627511
353726183
353907034
353912051
354482714
354594471
354699558
354788854
354942996
354984893
355251375
355339682
355392332
355392985
355434331
355434641
355514055
355582686
355688879
355791127
355810426
355812854
355883909
355923552
356037483
356090745
356099515
356145213
356373896
356378077
356407354
356458991
356561988
356591308
356653747
356827885
356855696
356899236
356963903
356991094
356991393
356999690
357104371
357151200
357162897
357643892
357743634
357771940
358052019
358073016
358123687
358157964
358384054
358575951
358623835
358657210
358705509
358968299
359103444
359133631
359387942
359440848
359493027
359530825
359605008
359700640
359861247
360287376
360446379
360471100
360485129
360545179
360621392
360747178
360843364
360894233
360921436
361024123
361060356
361147848
361167641
361394310
361504821
361523684
361533540
361558835
361710870
361997387
362024167
362192948
362321339
362572635
362606633
362612995
362860776
362926163
363096869
363358356
363630992
363640769
363760955
363827835
363851065
363897764
364035564
364049134
364342466
364587241
364678586
364785698
365003269
365042979
365056255
365078069
365096175
365141778
365177145
365211507
365363163
365534466
365538589
365670172
365680760
365709077
365783506
365829248
365877679
365897853
366048328
366100020
366147055
366161672
366203536
366471486
366504187
366555706
366831195
367013868
367148332
367159925
367258188
367265213
367286743
367553881
367564359
367572692
367594218
367981002
367990834
368078431
368133979
368146757
368177151
368297094
368302007
368331545
368556709
368798505
368818531
368894644
368913361
369396011
369587472
369610032
369661758
369714196
369807147
369911854
369956773
370160197
370224504
370381436
370656844
370926157
371271212
371319151
371335515
371808497
371836778
371879144
371894501
371917965
371940105
371990179
372044841
372103011
372107702
372144306
372249621
372283779
372373828
372524208
372718509
372798393
372982735
373003807
373077012
373115150
373144848
373276398
373287064
373528156
373535108
373641911
373654283
373670280
373680668
373684292
373826371
373936941
374334351
374413983
374419522
374459555
374583535
374648385
374792415
374807174
374842699
374933473
374948107
375037685
375071557
375091342
375330771
375354931
375372044
375467705
375485232
375490312
375528163
375661446
375860482
375904246
375945704
376195283
376275432
376508222
376530446
376615820
376630098
376687470
376773262
376788035
376816831
376892205
377004112
377077252
377079721
377431514
377701399
377748743
377772143
378014115
378156316
378262419
378312086
378323450
378354566
378363173
378399834
378690205
378715152
378868722
379031018
379061178
379164235
379355247
379553707
379663225
379687598
379709938
379967692
380138748
380200230
380294901
380466487
380506748
380681976
380800971
380943166
380996199
381111001
381238210
381328425
381763400
381860631
382103386
382119632
382482463
382619909
382643204
382683216
382721896
382722536
382774561
382797604
382833765
382921841
382971980
383220331
383231138
383295148
383453761
383488460
383553489
383570592
383582406
383641833
383674897
383715384
383832644
383885676
384010434
384034068
384309857
384355276
384516029
384559560
384595185
384653823
384769262
385150479
385241559
385476963
385597941
385656009
385766986
385774976
385888264
385948525
386080189
386106512
386459796
386509409
386694027
386723857
386757997
386842011
386886382
386942241
386948626
387086228
387090123
387351432
387370293
387798420
387803891
387945885
388115847
388303454
388407926
388570695
388669558
388835912
388895407
388918034
388923476
389091220
389255779
389424531
389519272
389607927
389804260
389847880
389866966
389944905
389953037
390123576
390134041
390257973
390272770
390366851
390385603
390491983
390704715
390804394
390846548
390862644
390886652
390892291
390905943
390952152
390963016
391047086
391244611
391314700
391377269
391613777
391776162
391948225
391984342
392008917
392379502
392403460
392539758
392558911
392598696
392636879
392700420
392701508
392877438
392881047
392903447
393002670
393077926
393088690
393100430
393280867
393370956
393419938
393548586
393692511
393828305
394021727
394043510
394068184
394294035
394320956
394324063
394374249
394472664
394644370
394804417
395188499
395284860
395313797
395394173
395468205
395611267
395796048
396144808
396159575
396229487
396406005
396426866
396476774
396528104
396543585
396551512
396609088
396616864
396631504
396767948
396783944
397193821
397194496
397313094
397376658
397503504
397612275
397629833
397715158
397767653
397816749
397840060
397903136
397995803
398014128
398026697
398150306
398353248
398386595
398477127
398501121
398642100
398732266
398940468
398988792
399041689
399051031
399099851
399180007
399253600
399419226
399442226
399623131
399625398
399723621
399747439
399864321
399905869
400027250
400070860
400464247
400768311
400772190
400793617
400819906
401004136
401174095
401205353
401282930
401304482
401526303
401933378
402317217
402528587
402544866
402641711
402712418
402716579
403061682
403201233
403360814
403473212
403507668
403633158
403638626
403973870
404044246
404114821
404227415
404282748
404286195
404359253
404374086
404537808
404621336
404831044
404978933
405049804
405081636
405132539
405351760
405680816
405723644
405920449
406118534
406131380
406305582
406317707
406466707
406589924
406666149
406748903
406799548
406806440
406899866
407233087
407777078
407904055
408046181
408178993
408240456
408249954
408599925
408715091
408798341
408802842
409118692
409293301
409423293
409512448
409576658
409578701
409592075
409704820
409750002
409767105
409777727
410031151
410506534
410581625
410611901
410616442
410652620
411008356
411116618
411229708
411307648
411447818
411540994
411607670
411690086
411753248
411815067
411820025
411999231
412446843
412471218
412597289
412627409
412699190
412806578
412891575
412896498
412959838
412983849
413079555
413103554
413185821
413298192
413558644
413624973
413906372
413939780
413972579
414132779
414137211
414210791
414283414
414300155
414623088
414681034
414735447
414792231
414927174
414951786
415035443
415136234
415144143
415218594
415380272
415416163
415551352
415678661
415764662
415794378
415936099
416003490
416009034
416031012
416099302
416138703
416355567
416523969
416542305
416625945
416653480
416662206
416768988
416777929
416788646
416991043
417035644
417127057
417223522
417223930
417312423
417324825
417361642
417400770
417443368
417749227
417839516
417920613
417980330
418056665
418100975
418150316
418331538
418526299
418681228
418708458
418915622
419145777
419360463
419425049
419495327
419520086
419583282
419756334
420009170
420153984
420190785
420353653
420424624
420706052
421078148
421087040
421115081
421387792
421682916
421874780
421877508
421888330
421964844
422019726
422090761
422263835
422432953
422455132
422572098
422732526
422805575
422892245
422923094
423038014
423083711
423141603
423290834
423420096
423612206
423682478
423685476
423714262
423775858
423948199
424125600
424677457
424714611
424768442
424845512
424876019
424982374
425003841
425068113
425135113
425296219
425493401
425513061
425513083
425576142
425952960
425983936
426161286
426224280
426354920
426485698
426541625
426559083
426587588
426618232
426742403
426884286
427020791
427161189
427223474
427322067
427680558
427730447
427845764
427913993
428203182
428500290
428678028
428870576
429072062
429184238
429221895
429270962
429297913
429546790
429621386
429831082
429928609
430094233
430147413
430226253
430301453
430357780
430430340
430580566
430696838
430734119
430968938
430979575
431000402
431100444
431155480
431205194
431334676
431356657
431447271
431610131
431624525
431648523
431673957
431699329
431746854
431982963
432020554
432185966
432206354
432306144
432387690
432426490
432620388
432634516
432753648
433113627
433327003
433416332
433581005
433907193
433990896
434086472
434112504
434167055
434366303
434393853
434428245
434497352
434562610
434868186
434909704
434995858
435078029
435212617
435375380
435760554
435828464
435864965
435868708
435895145
436491750
436530194
437002886
437014115
437032079
437481137
437563939
437635516
437951501
438129051
438154041
438207983
438350328
438366469
438400782
438441175
438505423
438565397
438636422
438698300
438712166
438787968
438802040
438930940
439066507
439264753
439275605
439306084
439328122
439700557
439868340
440103174
440234032
440302501
440494833
440605486
440621518
440696776
440798283
440904542
441009881
441056421
441144380
441169107
441220876
441266822
441354782
441506154
441896533
441911891
442033848
442034898
442094761
442116547
442264021
442349025
442415861
442559080
442602762
442607907
442748149
442900869
442911332
443087223
443403737
443562083
443580659
443653608
443768205
443897387
444173858
444191828
444254448
444357194
444576631
444791329
444902501
444908952
445019344
445134184
445234399
445278074
445487691
445592465
445622865
445812225
445823108
445834073
446061731
446117612
446168474
446487536
446568378
446589048
446830473
446898049
446918795
446923637
446972784
447001107
447264799
447356329
447428970
447439182
447447427
447682668
447761622
447846970
448085282
448112990
448123252
448216296
448336390
448414868
448527658
448535441
448589381
448601764
448719813
448728627
449056861
449139674
449398209
449499942
449906671
449996682
450123761
450211118
450399974
450420748
450431035
450480933
450693344
450711129
450810595
450816254
450821183
450839979
450847334
450870898
450960284
450977677
450992993
451018583
451073622
451223894
451248564
451305993
451680764
451899184
451996659
452101287
452177466
452195487
452337936
452352898
452359284
452481238
452494218
452612735
452764681
452944172
453065090
453162711
453405160
453419753
453458857
453483824
453715624
453838114
454047025
454197558
454210765
454276189
454278073
454367245
454494349
454548588
454631759
454798751
454819202
454909785
455331391
455370596
455393291
455483219
455525184
455796942
455957513
455964318
455982831
456013982
456025921
456192058
456438212
456508848
456838890
457020811
457078891
457192843
457283238
457311110
457394143
457520279
457686485
457696760
457889100
457971749
458005718
458010527
458139153
458191948
458255063
458408860
458717212
458739787
458843928
458945480
459160670
459342407
459451843
459489272
459569415
459574076
459688347
459767595
460088407
460152324
460370869
460592424
460657487
460786894
460793548
461020031
461138124
461142466
461156860
461220483
461488022
461527986
461738081
461857953
462090780
462284580
462479699
462584917
462805923
462847052
463062951
463208244
463217069
463243040
463329563
463371337
463516999
463520226
463540206
463592146
463642497
463777779
464063825
464069905
464157729
464341818
464590885
464652029
464840189
464845730
464909353
465002537
465034038
465056596
465058868
465156189
465234588
465388657
465455172
465508735
465529011
465696132
465952582
465970821
466018530
466172918
466179145
466236155
466240969
466259004
466499262
466502704
466521133
466676323
466947131
467048460
467078576
467080091
467309620
467373777
467537720
467707278
467781859
467840993
468174758
468318829
468327061
468614133
468713476
468739861
468767611
468846021
469075661
469121032
469183389
469292658
469390296
469521513
469539113
469567616
469658290
469799216
469818062
469819150
469825820
469931758
470032663
470194426
470246372
470386685
470578510
470591374
470605501
470793776
470861324
470928885
470934635
470956418
470972746
471010324
471058881
471082904
471337861
471481698
471852872
471995569
472002102
472015503
472070637
472362378
472565870
472622708
472637329
472639034
472747524
472799962
472870818
473050953
473057219
473492571
473918249
474002758
474084898
474094045
474101082
474163915
474167846
474368082
474438377
474504092
474591747
474660677
474737859
474817354
474927103
475081821
475081992
475110441
475183749
475188901
475261932
475263854
475780674
475908997
475954897
476214209
476315738
476455689
476509056
476547879
476557982
476586831
476713958
477027731
477065077
477109183
477332103
477473724
477684503
477703215
477766256
477790050
477815549
478028061
478061684
478071749
478118169
478184935
478316010
478392665
478409879
478553203
478651922
478657431
478901706
478939340
479007747
479058998
479155037
479174440
479215399
479272613
479280297
479287778
479334958
479361189
479596512
479627966
479690194
479698071
479698127
479988826
479997265
480068409
480162840
480195621
480209937
480302388
480382166
481000489
481264315
481365647
481500626
481630573
481760381
481776951
481809014
481828264
481977717
482016503
482067280
482100752
482766066
482860957
482864209
482889305
482902702
482908613
482925511
482945207
482971336
482982859
483070739
483076536
483323928
483329732
483347853
483476003
483657397
483666340
483684936
483711708
483855146
483868211
483989628
484092569
484369959
484448972
484549906
484641114
484698814
484782526
484800138
484983374
484990629
485206976
485421661
485524116
485747977
485852119
486312553
486594803
486929898
487016786
487103153
487376108
487508133
487585392
487669830
487866693
487898463
488096653
488194138
488284862
488521590
488531294
488534366
488541980
488650747
488675613
488943253
488949901
488971047
488971164
489148471
489424934
489517217
489849156
490026156
490182512
490299575
490306638
490349030
490412638
490486506
490561222
490635566
490702617
490782634
490871272
490925986
490958918
491347320
491513140
491590092
491662317
491700065
491727811
491784779
491799177
491990762
492224048
492353941
492525049
492592289
492651080
492809407
492877553
492880550
492981977
493031606
493309643
493412253
493485267
493503969
493533406
493642617
493708220
493802224
494173410
494220236
494491349
494496505
494677937
494872180
494888339
495146521
495315986
495384582
495491551
495598504
495614911
495813866
495873780
496013656
496027482
496044780
496155140
496158134
496168449
496390692
496891796
496909826
496973333
497194610
497297626
497487358
497559351
497606420
497738806
498061228
498070735
498168331
498217777
498245511
498253697
498377876
498393753
498419156
498490129
498538634
498589475
498699529
498790593
498801541
498857371
499067228
499092088
499094753
499132506
499260812
499320312
499326182
499427541
499429989
499444139
499489651
500078910
500166531
500319243
500319282
500393117
500492709
500581260
500607729
500639435
500666955
500776240
500777551
500856712
500959443
501119403
501209165
501268357
501393140
501476137
501584994
501811106
501833983
501848302
501951827
501978714
502109800
502207573
502327234
502580178
502619348
502645527
502895996
502898336
502927571
503041644
503111607
503157148
503175241
503210479
503365653
503482372
503593052
503708586
503744166
503831643
503877694
503915756
504008635
504013373
504199603
504209413
504215617
504273701
504392960
504455197
504572366
504804002
504913211
505106238
505269127
505374634
505481208
505487849
505557412
505678649
505681813
505741641
505835692
505856596
505865320
505905754
505933240
505971456
505978054
505983441
506113411
506117146
506255448
506277537
506376938
506577784
506738809
506906040
506960166
506963849
507017242
507187193
507211704
507507970
507661002
507672030
507923808
508034734
508150323
508189071
508288569
508420714
508482229
508608692
508665150
508670842
508700001
508748474
508804982
509500955
509518109
509587293
509663506
509675544
509693392
509852732
510071665
510123666
510199425
510243225
510433975
510501267
510670845
511153392
511663104
511804996
511914725
511932841
511936496
511938620
512005761
512255151
512338492
512360699
512387368
512590254
512980210
513029077
513148388
513278460
513316076
513438116
513464780
513498536
513548766
513635274
513643758
513915356
514036595
514073942
514097791
514297002
514524321
514679705
514867999
514943117
515386819
515576028
515616541
515769420
515784963
515794924
516136038
516254981
516272598
516426291
516503541
516540461
516563722
516618883
516652931
516878808
516914426
517230702
517282631
517341000
517420795
517440012
517459108
517572023
517728628
517760210
517792331
517876472
518136242
518162106
518398023
518749419
518768337
519164921
519384572
519733058
519750898
519761263
519886449
519957687
520354176
520391793
520463635
520548155
520667106
521084795
521526836
522035101
522178463
522299423
522661368
522679664
522864097
522877846
523104694
523329417
523571103
523571306
523742282
523776908
523851450
523931230
524067635
524204871
524405189
524459089
524505073
524582812
524585250
524787331
524904073
524959205
525000236
525080558
525371017
525578644
525611832
525698894
525770528
525818245
525854674
525955352
525985924
526020021
526031209
526241132
526336833
526365249
526390766
526407140
526414127
526508400
526569638
526681731
526770360
526828570
526936322
527050328
527072593
527190124
527326948
527345936
527375855
527461533
527493712
528065538
528266867
528297896
528310799
528430634
528676084
528835376
528928978
529017258
529317918
529605964
529724505
530036895
530096972
530377737
530419829
530547774
530715926
530727832
530957072
531094619
531162574
531237740
531373665
531435792
531517762
531590887
531617279
531737795
531756049
531774733
531844910
531882447
532020205
532053859
532177736
532178378
532674434
532749453
532757062
533005468
533040095
533122881
533216684
533280075
533491633
533650036
533687065
534025960
534289260
534355330
534490171
534567946
534624124
534723753
534835198
534995998
535187742
535196499
535210422
535251779
535329156
535340178
535432239
535591645
535627995
535687912
535688449
535856524
535951142
536002094
536073326
536115455
536295171
536316539
536452536
536763651
536873209
536945519
536968438
537003617
537159252
537197204
537221079
537329393
537389097
537483291
537607786
537635016
537673180
537836691
537915529
538130296
538355897
538397578
538479502
538584972
538681300
538687887
538720829
538763777
538835277
538914891
539154589
539713355
539717850
539765484
539908820
539915189
539950949
540020436
540039279
540047708
540102824
540177593
540183793
540188603
540201523
540228741
540230431
540479350
540581244
540610709
540915247
540989166
540998456
541079750
541212373
541291969
541322934
541531145
541565758
541626932
541633068
541643725
541715323
541717000
541814486
541931352
541944356
542021131
542383583
542384241
542389256
542433410
542593704
542698919
542738314
542851840
542941216
543083717
543086227
543152725
543319016
543620429
543666863
543804481
543902478
544004652
544082849
544097562
544128198
544173448
544180290
544301736
544569608
544614748
544619046
544626504
544661729
544896267
544901475
544992128
544993118
545231356
545310598
545633927
545730421
545802918
545917238
545924029
546010763
546164396
546244851
546325194
546350195
546387360
546398797
546421359
546599930
546637986
546740233
546794731
547019192
547097092
547443161
547546326
547678114
547750504
547795170
547871047
547967065
548134974
548171032
548215879
548265204
548497868
548545164
548598723
548612780
548632496
548666532
548720161
548772770
548924617
548979530
549074316
549139388
549246507
549285414
549316922
549365592
549667133
549705441
549707458
549776813
549800575
549812203
549956004
550315512
550410418
550761354
550827905
551052153
551322755
551463039
551663552
551684289
551684875
551845136
552146655
552203722
552238197
552238612
552293538
552326743
552356324
552399727
552520339
552895026
552901110
552945211
553339761
553432366
553720969
553811274
554004131
554137410
554240568
554417356
554461002
554485009
554666253
554770179
554781321
554864020
555010087
555117839
555119415
555121441
555266500
555330978
555383515
555489746
555490502
555640886
555676858
555708785
555711202
555749812
555824257
555973205
556028363
556044443
556283011
556309443
556365821
556389792
556448083
556663308
556784214
556815649
556846681
556941475
556976852
557164890
557188321
557321009
557321113
557600278
557660901
557695973
557716128
557945499
557992990
557994442
558042777
558194348
558300563
558311003
558405033
558493329
558592899
558853366
559074911
559079593
559110071
559110889
559242817
559635258
559666006
560004242
560047395
560072877
560272564
560307243
560404781
560691665
560757653
560764100
561027543
561287217
561289969
561487515
561505697
561573201
561592611
561663451
561679288
561727151
561727886
561743363
561877315
562072761
562152775
562174986
562198207
562282373
562415502
562600547
562608055
562699382
562806454
562860537
562948979
562979602
563033210
563399862
563530566
563634480
563702379
563749329
563788951
563999961
564156950
564267307
564277285
564315978
564348887
564516629
564584992
564610445
564694003
564757583
564841311
564849916
564959022
565053851
565212124
565258449
565428094
565662204
565787572
565926880
566331995
566490623
566498819
566561785
566829184
566849860
566865707
566890374
566904830
566992446
566999925
567048824
567148626
567156014
567383304
567471617
567502756
567656909
567722818
567855105
568086782
568176911
568489960
568691889
568918729
569030248
569108787
569245062
569259875
569406827
569645127
569852742
569862132
569864945
569869379
570150440
570290117
570393784
570431647
570940468
571052087
571110824
571217922
571444962
571531132
571723142
571787561
571805569
571825578
571846080
571933973
571968370
572124609
572152094
572161905
572277538
572330110
572466310
572472261
572663428
572812302
572950087
572968365
573034703
573053621
573162135
573183278
573218401
573240756
573260102
573404515
573431490
573436291
574485998
574517451
574534612
574574799
574835200
574935666
575286950
575302492
575329801
575371719
575440730
575480243
575770928
575857206
575930744
576227645
576589187
576663250
576693313
576864784
577006271
577212107
577344793
577362869
577376596
577400460
577642709
577664003
577779086
577794239
577828407
577894477
577956605
577964933
577969410
578096870
578130922
578195603
578207968
578219235
578339626
578487517
578832091
579096567
579126398
579130674
579301100
579358180
579362108
579459994
579519696
579667822
579751357
579858078
580044927
580143183
580192987
580269896
580304330
580313317
580492606
580550670
580966182
580982843
581199173
581471997
581697957
581885038
581935628
581993068
582047069
582146525
582322245
582697195
582725407
582765148
582929792
582977533
583010986
583062163
583104097
583124679
583199881
583245859
583254380
583324998
583412761
583416639
583452619
583456104
583492984
583734251
583945126
584053332
584058706
584064214
584095775
584144073
584342644
584401557
585143897
585234919
585352249
585465798
585650846
585761128
585789118
585843313
586150368
586329289
586330145
586335002
586338358
586416456
586480154
586692517
586751918
586759116
586916027
586919710
587023244
587068589
587370384
587519000
587602077
587717711
587732522
587974690
588049505
588214067
588236006
588425773
588504588
588577485
588646479
588792297
588899295
589113319
589232852
589279616
589318602
589392768
589477059
589508875
589588504
590000123
590120351
590126113
590265476
590356109
590486861
590629395
590751256
591052920
591313536
591314943
591628856
591646898
591701364
591807903
591814683
591830767
591838495
592055648
592134054
592166113
592238285
592419826
592519562
592599618
592692381
592888814
593314334
593318022
593501427
593553780
593644167
593688878
593832620
593903106
593915434
593949981
593951205
593969525
594122412
594146090
594341564
594432078
594622419
594669722
594726560
594743927
594746258
594810039
594850432
594873585
594876023
594880770
594894014
595007604
595191683
595307669
595380719
595467004
595487326
595533935
595545394
595734111
595756404
595764468
595841623
595976673
595988682
596028520
596146171
596230505
596281639
596287707
596387419
596674297
596782904
596946088
596991114
597032691
597117076
597122041
597300111
597356640
597356984
597403146
597534330
597774366
598188581
598396458
598567101
598667881
598676617
599006121
599009439
599241585
599251977
599463118
599588257
599597151
599615157
599909183
599981280
600000814
600039730
600391802
600442801
600604863
600780670
600879474
600977820
601016266
601023444
601048121
601254486
601332187
601337524
601363798
601455158
601775861
601825050
601829716
601913784
601967793
601970371
601983393
602005269
602078812
602234590
602482769
602514209
602587430
602605665
603110688
603134744
603343917
603477443
603495372
603634681
603636444
603665132
603812278
603833513
603844055
603898277
603904072
603934782
603949206
603985329
604200229
604258406
604317244
604520538
604534485
604551280
604680823
604768301
604822212
604838586
605300858
605322941
605699791
606038986
606080187
606185100
606215755
606299129
606505819
606557113
606573132
606588531
606618418
606623390
606758711
606841235
606878739
606960366
607168912
607187614
607248717
607320055
607403957
607439546
607470183
607479921
607490322
607515124
607550112
607917564
607936487
607959284
607981636
607989148
608176608
608183006
608518087
608669260
608795210
608876063
608884763
608928850
608958497
608966147
608981655
609050171
609063689
609202580
609205392
609238008
609254435
609367066
609425154
609432218
609647636
609692218
609881847
609910756
609934212
610065613
610333281
610505574
610563919
610794849
610810220
610818447
610861843
610940210
610954007
610958751
610982242
610995129
611007369
611045284
611076021
611104050
611192443
611399365
611642591
611947770
611957430
612047850
612336816
612401108
612453442
612455927
612483926
612607854
612731980
612881921
612904477
613022453
613370902
613564700
613708473
613861801
613965986
614010317
614069108
614103134
614276036
614322344
614367599
614375419
614588290
614641815
614745903
614904928
614966702
614975138
614990208
615058333
615072284
615105165
615173282
615216079
615290684
615546326
615614820
615748195
615818366
615868042
615893392
616108790
616216356
616249379
616283203
616459317
616581079
616585614
616599431
616686866
616742835
616847631
617163311
617397711
617522016
617549435
617601444
617621672
617742898
617785680
617861743
617965102
617980752
618007354
618167259
618196025
618341395
618425440
618455359
618596290
618631541
618730324
618773718
618787666
618997596
619068449
619106967
619115064
619298428
619322046
619477592
619579324
619580819
619591980
619690751
619726981
619873941
619977674
619996926
620141129
620192095
620249499
620405600
620601218
620672294
620748144
620754833
620961109
621002543
621068323
621121361
621197948
621280585
621339502
621628462
621653146
621684028
621692632
621700938
621727792
621782998
621836880
621840055
621866281
621887574
621911518
622092228
622232251
622294996
622322106
622445295
622599700
622742999
622909559
623041817
623054431
623162905
623176142
623221087
623296626
623300839
623326658
623330839
623385499
623573759
623611301
623696773
623723708
623729675
623890266
624108818
624476109
624517511
624565309
624624380
624633343
624890366
625019027
625088196
625099135
625143183
625301008
625366324
625369648
625395599
625426126
625593090
625646691
625668869
625814859
625927228
625937630
626009428
626026064
626116945
626171069
626200542
626204331
626209772
626269838
626350346
626407484
626536292
626577645
626653139
626923040
627290684
627298181
627382930
627485347
627616859
627619058
627777102
627793228
627861655
627865366
627917386
627964710
627992123
628082127
628116526
628186786
628429578
628456240
628459154
628520713
628524134
628544344
628648986
628650527
628730787
628750166
628759021
628909287
628910700
629040664
629080520
629105612
629264222
629432863
629485884
629494025
629569269
629758471
629824646
629860476
630303845
630316117
630612916
630619625
630668415
630685025
630789007
630864700
630914852
631055858
631182387
631196459
631311981
631442922
631512567
631545007
631549686
631559652
631890881
631918262
632061536
632185269
632260919
632335539
632364413
632397067
632488044
632497565
632537223
632555053
632566100
632671887
632732582
632903947
632907725
633057444
633349849
633367529
633488662
633695880
633870511
634067884
634211470
634229899
634230461
634371015
634428664
634479204
634516275
634569926
634659909
634732157
634743153
634857061
634910085
634916642
634953338
634980916
635338954
635396404
635751400
635853211
635914654
635995608
636109609
636174821
636279822
636463238
636481202
636542281
636606418
636616780
636834199
636846718
637032527
637209231
637233043
637405531
637456899
637534900
637554272
637737813
637740269
637824496
637881192
637881387
637900158
637929737
637959184
637962379
638020168
638050274
638077214
638083548
638133668
638361317
638431510
638504258
638530923
638533060
638599404
638825288
638843870
638942249
639095080
639218908
639334436
639413801
639519596
639596805
639758731
639929366
639981253
640065069
640127110
640279638
640296440
640392077
640490201
640527417
640632130
640880883
641111226
641240935
641277644
641325151
641478496
641528155
641611163
641663142
641721292
641785029
641906388
641939683
642143777
642299964
642766148
642901619
643017060
643029904
643068317
643103302
643137896
643391083
643406045
643483092
643558347
643718855
643738712
643791882
644019322
644098486
644589971
644609485
644736088
644797763
644808070
644920837
645085266
645352564
645447044
645560303
645913849
646025387
646063496
646357396
646384095
646497259
646778443
646830597
647089118
647099787
647123378
647183301
647231899
647242131
647306570
647398501
647492683
647684761
647707867
647759404
647776477
647782658
647877836
648074813
648098580
648165010
648166451
648297321
648329445
648394267
648408995
648412434
648470515
648527117
648615012
648628923
648634665
648657789
648705403
649032202
649115983
649127683
649230726
649386492
649457883
649582980
649721762
649754374
649953888
650001199
650186046
650191462
650247705
650259461
650370481
650371643
650510727
650560369
650598684
650829630
650877518
650971469
651192175
651295127
651344180
651427899
651497155
651818568
651906639
652081172
652134787
652160974
652197088
652339159
652397457
652487368
652542970
652551037
652590715
652818462
652821345
652831507
653000677
653392605
653428585
653570695
653643117
653753108
653997315
654064709
654211559
654409226
654589329
654665112
654837375
654931900
654988858
655011262
655252501
655269506
655315195
655350746
655553837
655562131
655694140
655701159
655866684
655891914
655972506
656379499
656416737
656417297
656547906
656656365
656705994
656760995
656897621
656955030
656957757
657008000
657210907
657374975
657472131
657475365
657681921
657718683
657799653
657954428
657983345
658587466
658662570
658663548
658672145
658796291
658943760
658990337
659117079
659188794
659265549
659299085
659403297
659425204
659565722
659566206
659642862
659678432
659779159
660055091
660139316
660239588
660443363
660655957
660692276
660741030
660959139
661007742
661033805
661087258
661089872
661134972
661448327
661997882
662153916
662242310
662249952
662269262
662421271
662596965
662657952
662707443
663168892
663419121
663531833
663714809
663727723
663779836
664035934
664142795
664273177
664839586
664909939
664930618
665083778
665092183
665316416
665418908
665569652
665585694
665886964
666094618
666275598
666455980
666456824
666644005
667044123
667181116
667327558
667629402
667937893
667939716
667995159
668030101
668078483
668089653
668132856
668271280
668345719
668397098
668483062
668509538
668511271
668550586
668595596
668735893
668740589
668770293
668876471
669109056
669122222
669518403
669603467
669763662
669936349
670008928
670260722
670269551
670504771
670764353
670961004
671003420
671003802
671300643
671422746
671489459
671510453
671521416
671595306
671595880
671676334
672217025
672360314
672366524
672369991
672646290
672749619
672840653
672902784
672946691
672990089
673147043
673194852
673210226
673212008
673504241
673539159
673555504
673626373
673628082
674011783
674012801
674028976
674050011
674063621
674622618
674637314
674637848
675016789
675180124
675223498
675323569
675408608
675424419
675522171
675603310
675701181
675717984
675718164
675739449
675754235
675915643
675994490
676215909
676299054
676438392
676498004
676522456
676625648
676702830
676711429
676738681
676759660
677055044
677100265
677137071
677380160
677570847
677609770
677690291
677707747
677832148
677967231
678211806
678295458
678501787
678537200
678557881
678685312
678862181
679105906
679173414
679232135
679370934
679553939
680163319
680233463
680432074
680449579
680512854
680517110
680732389
681150524
681235903
681346431
681518487
681525498
681563325
681835415
681943557
682159891
682170604
682230832
682246357
682563123
682643101
682692534
682980851
682990960
683090965
683151357
683234680
683288430
683557121
683562932
683939788
683962229
684212210
684251525
684290785
684517377
684536314
684599800
684620789
684655325
684694457
684708756
684772039
684781551
684896875
684940600
684995899
685084009
685192802
685202951
685375642
685386797
685624870
685764734
685801651
685970897
686169917
686174243
686256996
686269130
686370570
686431743
686725081
686770451
686834182
687069876
687135064
687183460
687225947
687426346
687659871
687765937
687778575
687786382
687818207
687846070
687858849
688026717
688543032
688576414
688611725
688903987
689012253
689234833
689243596
689499811
689579730
689595854
689669901
689755925
689783280
690421196
690608494
690667338
690735833
690744351
690750647
690893082
691061901
691143373
691556532
691672143
691699970
691805295
691906172
691933671
692152644
692156219
692317080
692353612
692401786
692485328
692573864
692675415
692789472
692826634
692949264
693016818
693095101
693245991
693336831
693446629
693675646
693684934
693958754
693972567
694257008
694308814
694376089
694422012
694429525
694492679
694713614
694789061
694947487
695068684
695369803
695374382
695602017
695605222
695691817
695763282
695831971
696142278
696167561
696334301
696362228
696450642
696515491
696646542
696701542
696964064
697093156
697196793
697266493
697319737
697476590
697490068
697535291
697620933
697902685
697909756
698038488
698163134
698195548
698203210
698339994
698367140
698481067
698569923
698571516
698687168
698710054
698811897
698929779
699095557
699138975
699142504
699302841
699650196
699706603
699831023
699981645
700133247
700193118
700281339
700612575
700645272
700668239
700973532
701049665
701179424
701359051
701456479
701500588
701890641
702149223
702173067
702287095
702294419
702323068
702344777
702411332
702606423
702782483
702830215
702938299
702953667
703225890
703256717
703352680
703413663
703501357
703521657
703582644
703630787
704383264
704441766
704471480
704529267
704583984
704613658
704670622
705177950
705198032
705205520
705215987
705293896
705307092
705329629
705524501
705562047
705790970
705796562
705901777
706034482
706049727
706131195
706201977
706355600
706412276
706460168
706492464
706524590
706726435
706814295
706863849
706877965
706910177
706970301
707207051
707309812
707525626
707531264
707561828
707600963
707665210
707716806
707767913
707949699
707980027
708025504
708078100
708220554
708289172
708394034
708466504
708520934
708534373
708576809
708583441
709061530
709181023
709216562
709445827
709525479
709730642
709876532
709883950
709895253
709933101
709985100
710595063
710601396
710636935
710669602
710744743
710789317
710802120
710931329
711076931
711126650
711178196
711261924
711433239
711585661
711842388
711878198
712025702
712170495
712225567
712263625
712284773
712350689
712382297
712642564
712864778
713100851
713366542
713539349
713573878
713592750
713653274
713671790
713822858
713868917
713912021
713949296
714081759
714084004
714218277
714314690
714362483
714490420
714599935
714603342
714674310
714879550
715083094
715100653
715124034
715152779
715186223
715284211
715352480
715360646
715360845
715421724
715479563
715735500
715766100
715784843
715801900
715973630
716465229
716596552
716616225
716671591
716861052
716868001
716928193
716944878
717105990
717327263
717335589
717366756
717457583
717560612
717808240
717884070
717885403
717896554
718033523
718091141
718114076
718150211
718359480
718585569
718845956
718910537
718921112
718944723
719078142
719113410
719163310
719256676
719394962
719476445
719491191
719553648
719613221
719804924
720360674
720400387
720811113
720828982
720925247
720938890
720952976
720973527
721051187
721065126
721109623
721307966
721363851
721402022
721534594
721548957
721649892
721669738
721696011
721898426
722070262
722194160
722236373
722390826
722434712
722530481
722766823
722922565
723025628
723191176
723274277
723356791
723420207
723447908
723529916
723649024
723700548
723733579
723989083
724070104
724106486
724130949
724206477
724324695
724353544
724423179
724554782
725036029
725232908
725330431
725340683
725561899
725604345
725676861
725777334
725903508
725911640
726178508
726320878
726397246
726523499
726697908
726702791
726893957
726998276
727003094
727189034
727290097
727419193
727464446
727562177
727581613
727585152
727597892
727626584
727995411
728013991
728043230
728290355
728301808
728418350
728527932
728700080
728731290
728742688
728820015
728902910
729039274
729081345
729600245
729625704
729627927
729935740
729998353
730080773
730141572
730347026
730469468
730578187
730734775
730739389
730797516
730883160
730961399
731307478
731310598
731328214
731435612
731524065
731574475
731648847
731707434
731732510
731941183
731966844
732150177
732201321
732377469
732442762
732556416
732628104
732806788
732858507
733089427
733105629
733109965
733149174
733288136
733301972
733367803
733623334
733646464
733671489
733729375
733815834
733821380
733824609
733905266
734253715
734492802
734594849
734748336
734976027
735191499
735218988
735251533
735264560
735314995
735398560
735400835
735404333
735438359
735512294
735522107
735533107
735625017
735649413
735725833
735863156
735916035
736018258
736084291
736197809
736199960
736309416
736316065
736325303
736903849
736936585
737069047
737123214
737130972
737253630
737423727
737435485
737521099
737565169
737574338
737797305
737884790
737924164
738029394
738071236
738240377
738494454
738567063
738668958
738753081
738803339
738829500
738942982
738989805
739001907
739087544
739315757
739317463
739510112
739538735
739597765
739668880
739686417
739755804
739857196
739857405
739970662
740255490
740362638
740472567
740592728
740689484
740717955
740751583
740775760
740797995
741394180
741637951
741773000
741778237
741830465
741884367
741947050
742040419
742087613
742327193
742596772
742634147
742666258
742791249
742821852
743138588
743203279
743229444
743229644
743323199
743358316
743362910
743393141
743406385
743529219
743656652
743731899
743831184
743883425
743967685
744112290
744139414
744303589
744511480
744561173
744699181
744773118
744969331
744998928
745001820
745413517
745769285
745921094
746038233
746122434
746249650
746271235
746496843
746562266
746675597
746698566
746705230
746893567
747214406
747241170
747272506
747336712
747468344
747517992
747560801
747741504
747790868
747836885
748007807
748161219
748165157
748178526
748281410
748495148
748545776
748549423
748604753
748938348
749082919
749219028
749441961
749594973
749700142
749756264
749839167
750251949
750282627
750372983
750490846
750492267
750504291
750510373
750591570
750802650
750898420
750952790
750984603
751390515
751411758
751610572
751834396
751952958
752115396
752275391
752396694
752409732
752493432
752514934
752545325
752739293
752887818
752900473
752913292
753035252
753094422
753186383
753379490
753405844
753457500
753970943
754095406
754301259
754306337
754383826
754394180
754420075
754455318
754705626
754807365
754932203
755015966
755087549
755149392
755187760
755192231
755209572
755265057
755367014
755467721
755595055
755620722
755626246
756262964
756396946
756673787
756687778
757103710
757167428
757245611
757256435
757475105
757679794
757707090
757729590
757922883
757995975
758205459
758248452
758256833
758267228
758547472
758818794
758848383
758878990
759101468
759103188
759119337
759141835
759348498
759424196
759433153
759458087
759540148
759736294
759959949
760082220
760231826
760244895
760396447
760453806
760556097
760627434
760751388
760918785
761141796
761289773
761334206
761409091
761470258
761649502
761848542
762200435
762242646
762278209
762280783
762362423
762455351
762636032
762719017
762731210
762810953
762919758
762962615
763050555
763077404
763161249
763392121
763524842
763658381
763696803
763991400
764030346
764120817
764191928
764203104
764290340
764312769
764315085
764775116
764876616
764919398
764930578
764964315
765040340
765084979
765222170
765249866
765274903
765290184
765316957
765473251
765480276
765530157
765645121
765768383
765848090
765863968
765961072
765969559
766121454
766280593
766429450
766562186
766750811
766884727
766889329
766897489
766922329
766977019
766980705
767154074
767210990
767244382
767267996
767303778
767333996
767352230
767518910
767553249
767563650
767667958
767948127
768018097
768243063
768291198
768369895
768394018
768486680
768525987
768629089
768703655
768815410
768828820
768889839
768897685
768903953
768921587
768922330
768984092
769009973
769120748
769123153
769197164
769551696
769665210
769672465
769831880
769864629
769868422
769871808
769879093
769910211
770054921
770138002
770364816
770380078
770409016
770410384
770410869
770416921
770553127
770645410
770646564
770777576
770918458
771047847
771125044
771169814
771248535
771339591
771341408
771452093
771482061
771655350
771743892
771770289
771775372
771934248
771948591
771954154
772049141
772056373
772256124
772276155
772481425
772516689
772587798
772743408
772933206
772979192
773223857
773435531
773464032
773530045
774185370
774224468
774279933
774333389
774680140
774717957
774778128
774852128
774933715
775191598
775335050
775379186
775406871
775437462
775496586
775595258
775724950
775805747
775836864
776162437
776255753
776261220
776277949
776356867
776405232
776711528
776787043
776970999
776997854
777179759
777216128
777282211
777306145
777644580
777706386
777926717
778100195
778332268
778345527
778345674
778507293
778611704
778789174
778837653
779039862
779047244
779207958
779232292
779253907
779328473
779609439
779951534
780020620
780040966
780134396
780172469
780225914
780254845
780267804
780309617
780316652
780434867
780454652
780780452
780811432
780860568
780865285
780877664
780921019
780931790
780953379
780955367
781048191
781089026
781152652
781215340
781387361
781642650
781716616
781753469
781815185
781823737
781829317
782070836
782098940
782213053
782258399
782305313
782387614
782703401
782961958
783037351
783155027
783158094
783159916
783301852
783328044
783565513
783685510
783856005
783861105
783945896
783968270
783971778
784050145
784151745
784394235
784769798
784837043
785208278
785235744
785558345
785756957
785790657
785825256
785840497
785848709
785920432
786086096
786123712
786397081
786398560
786505286
786523506
786618678
786749492
787012249
787087123
787230812
787320908
787444439
787453692
787462631
787507819
787567778
787753439
787816267
787831187
787848383
787894436
787949734
788301510
788400896
788450474
788546599
788557614
788685111
788804007
788820369
788836686
788993891
789121695
789179389
789248792
789291591
789306196
789358218
789380723
789474920
789489086
789920781
790082133
790105318
790223222
790265643
790418454
790433045
790450724
790515668
790565121
790597865
790607544
790645843
790733282
790910994
791120058
791196957
791485558
791592721
791698064
791801247
791805408
791830305
791899261
792027121
792033898
792541951
792843493
792858167
792880034
792927692
793011956
793098332
793159738
793250899
793318689
793357977
793409957
793433702
793436915
793542753
793723621
794114422
794261492
794303548
794393571
794417601
794533129
794544535
794759526
794989836
795292702
795402742
795437520
795455470
795505837
795547408
795664572
795719933
796001587
796116868
796165267
796263305
796318819
796427873
796621315
796697092
797021984
797073308
797144506
797326863
797466270
797696789
797727704
797746905
797777864
797852489
798042905
798067853
798169502
798267672
798292674
798331109
798439150
798498813
798814823
798887533
799020792
799163776
799260482
799339824
799516981
799583507
799586832
799587731
799645744
799649664
799685138
799690278
799744673
799865879
799929656
800183872
800373910
800375374
800641090
800681092
800804178
800864194
800964212
801048318
801107630
801428097
801436576
801467598
801485380
801597034
801726861
801747565
801799284
801906636
801965744
802227078
802283277
802652475
802790370
802810094
803183070
803293133
803296367
803317184
803417855
803456434
803583081
803616352
803852663
803855764
803894698
803955468
803968883
804051280
804693801
804713037
804794061
804839546
804922475
804965368
805009723
805018731
805070683
805190073
805230127
805263748
805317682
805338133
805408154
805467639
805621553
805634109
805645506
806109167
806384509
806417950
806482394
806516617
806548545
806618638
806760756
806794912
806939546
806961655
807134118
807253195
807265645
807310239
807435147
807444559
807551048
807759856
807862438
807962204
807981627
807995010
808166650
808252492
808276875
808351172
808375624
808409599
808427505
808676874
808754352
808857621
808956135
808992623
809039347
809173150
809373979
809498149
809540895
809634957
809654517
809710537
809761406
810052342
810068181
810099742
810330029
810364486
810425972
810655879
810694875
810834806
810860413
810925696
811032599
811059038
811139096
811256001
811707937
811745618
811747061
812088936
812181665
812477126
812532188
812590054
812760445
812825550
812923016
813269833
813860404
813953834
813955443
813990651
814008022
814078478
814140336
814307018
814376098
814435285
814505832
814541923
814552412
814572543
814582512
814681300
814693949
814713657
814729986
814822238
814824408
814844661
815066767
815182002
815198324
815283925
815285352
815295546
815339193
815578998
815753103
815757603
815845925
816169096
816179597
816552483
816641247
816736705
816747482
816810522
816879869
816910526
816925806
816967912
817044346
817180574
817248193
817342969
817537382
817632024
817715141
817753593
817771508
817792490
817835421
817920815
817960265
817975549
818026718
818105163
818132825
818410421
818500786
818532064
818706747
818748449
818752468
818838343
818944389
819067500
819103274
819197964
819247277
819317252
819336685
819480779
819687444
819852642
819899056
819937516
819946033
820167750
820170193
820235074
820454307
820551744
820569415
820711380
820987561
821056662
821256615
821295171
821380246
821464081
821505182
821584456
821667373
821819408
821868251
822034368
822111394
822153781
822352210
822392710
822519698
822740895
822817312
822892918
823219253
823567250
823748072
823777861
823887540
824059530
824081544
824093799
824176361
824378231
824387522
824412643
824591215
824769005
825263487
825461814
825648976
825671488
825766523
826185114
826315904
826326745
826490222
826495876
826560141
826575611
826825398
826872209
826878247
827027461
827038934
827165890
827247352
827280815
827444306
827594614
827599683
827608608
827622095
827760590
827768193
827824747
827931323
828007982
828169208
828287282
828434275
828451202
828620901
828679726
828894627
828950994
829110106
829119165
829189634
829208801
829305410
829392568
829400108
829408084
829574503
829637972
829845658
829936610
830064145
830204405
830282028
830361809
830562154
830657460
830771170
830841989
830997216
831014600
831239022
831251129
831283842
831296598
831297271
831427640
831435377
831443817
831472046
831537612
831560738
831759973
831861917
831985998
832326161
832562053
832891786
832957675
832999115
833069797
833094470
833236947
833237207
833278839
833337453
833463450
833466735
833499629
833652792
833685756
833720094
833722334
833764085
833811148
833923985
834040172
834050189
834082385
834360392
834360970
834384803
834502390
834690501
834829491
834832881
834839047
835120656
835128100
835164755
835207455
835226362
835248904
835285963
835326475
835383053
835413855
835434327
835558180
835795529
835907595
835934853
835955984
835987899
836021497
836057517
836067695
836128697
836191160
836266545
836303697
836355610
836569225
836602949
836659692
836809298
836884071
836889697
836901302
836916863
836922075
836952603
837062536
837157573
837200560
837246070
837437949
837663745
837741451
837773104
837872192
837899049
837982323
837983487
837988986
838031114
838321107
838321818
838335284
838438224
838496362
838745416
838759543
838775133
838948774
838980048
839009217
839271449
839318772
839378248
839444514
839513163
839664545
839951213
840048224
840114312
840157310
840159832
840276595
840293496
840729010
840825209
840938672
841154168
841197370
841269959
841383602
841438322
841493423
841602754
841761237
841827252
841872216
841931603
842053892
842056809
842092561
842115008
842184385
842222012
842228909
842246632
842246727
842268089
842530585
842563090
842822827
842842500
842873781
843043004
843068220
843193416
843231338
843310495
843389526
843421010
843481113
843551112
843606547
843718063
843794582
843891651
844008110
844053564
844236991
844292001
844321943
844343710
844447922
844457606
844558206
844747044
844790678
844893591
844897744
844973170
845006688
845148677
845228996
845271241
845417735
845459049
845474735
845477712
845751687
845882300
845893189
845896931
845909728
845953653
846076633
846258539
846263457
846282208
846738719
846941008
847168525
847269114
847346897
847368632
847453759
847761576
847790132
847845865
847859383
847934513
848008732
848028278
848164219
848164506
848285825
848350033
848512438
848524673
848649968
848890791
849111018
849239173
849257227
849380136
849399999
849523119
850316406
850344013
850460314
850535310
850668826
850867480
850965864
851146430
851191186
851213018
851313921
851324629
851325071
851415861
851449218
851486996
851945508
851965822
852209679
852315188
852371105
852398080
852799286
852903583
853140783
853174154
853216574
853259017
853420022
853885637
853982258
854058087
854413057
854413331
854419196
854468506
854560412
854667118
854716937
854797378
854804820
854866453
854882790
854992134
855013837
855115366
855214070
855239180
855368598
855380343
855429683
855446450
855596718
855661977
855961250
856118964
856134642
856178424
856463905
856623177
856997975
857261889
857264376
857296235
857397847
857581295
857656223
857667946
857864795
858072356
858105858
858243455
858377145
858498413
858697857
858738729
858750832
859109612
859218387
859306381
859404859
859436473
859561883
859588605
859627306
859736414
859780998
859882219
859983972
860037558
860062770
860064681
860225779
860396749
860423253
860555863
860588750
860591919
860701314
860789051
861025444
861069927
861136800
861171844
861252498
861264290
861401944
861404113
861408619
861451814
861681797
861946243
862032372
862140952
862180240
862189965
862230675
862235503
862355463
862376269
862552066
862575807
862740160
862753683
862849445
862933939
862999041
863080422
863091397
863131001
863148238
863233508
863688087
863689036
863827391
863908604
863989997
864070643
864125236
864187822
864445277
864673824
864716583
864771368
864905660
864926088
865200579
865235654
865374777
865500281
865510708
865562655
865586277
865601471
865855291
865898381
866127349
866197301
866199092
866285914
866682301
866830240
866980840
867072432
867198724
867341649
867411792
867533217
867533553
867728345
867747327
867873065
867892921
867901718
868326449
868567779
868675755
868856558
868856589
868886072
868896770
869122799
869243214
869530709
869556016
869598711
869629012
869683735
869746916
869774213
869808334
870009770
870028526
870067155
870238355
870418878
870500849
870727715
870761513
871036013
871192493
871273877
871281460
871285293
871320422
871356200
871601818
871921327
871928083
871970595
872124257
872237944
872348132
872697464
873123559
873136125
873308777
873324245
873541161
873605222
873990020
874005781
874030637
874113714
874158415
874309131
874464209
874474394
874702335
874856382
874861036
874912328
874954763
874967709
875148042
875165896
875216592
875377953
875403694
875413051
875415808
875550847
875573990
875681732
875774062
875774285
876254526
876320217
876477867
876481782
876539762
876599700
876714071
876897334
876970864
877019734
877208217
877331733
877495044
877577671
877639847
877668450
877698597
878067583
878106280
878161708
878238361
878320791
878354529
878424954
878472905
878594355
878791468
878926515
879221754
879288126
879357169
879462364
879721035
879753884
879860371
879997158
880133155
880151236
880308181
880322508
880441615
880485827
880970671
881120591
881290101
881344173
881412682
881635232
881715844
881941812
882025490
882082151
882233431
882253313
882268621
882303725
882466195
882567764
882721509
882754032
882978982
883002720
883044934
883176865
883214543
883233627
883238592
883734579
883751954
883806136
884042729
884043120
884363768
884381861
884391031
884420791
884598507
884787239
884839768
884963137
884982489
885048708
885334913
885349671
885625603
885673861
885762833
885762937
886014940
886044614
886224668
886262593
886278696
886423712
886507593
886562876
886655071
886669235
886795088
887130683
887246654
887301768
887361322
887443803
887644017
887719373
887774131
887799175
887954936
888083062
888121225
888176937
888284489
888498672
888520489
888821357
888827484
888874996
889160377
889300779
889333599
889437673
889626016
889666972
889729834
889888812
889902342
889994088
890003003
890382724
890537921
890804923
890889835
890896806
890918676
891011655
891042695
891086199
891087088
891097506
891441279
891637535
891668129
891700135
891723961
891832127
891879570
891909498
892040092
892114982
892223127
892236880
892297878
892416399
892631126
892836728
892919359
892974568
893229101
893376348
893663717
893696615
893766100
893831818
893910408
893962401
894054225
894190886
894380881
894480718
894707803
894936303
895173468
895173845
895314214
895315696
895459628
895496054
895534951
895685140
895887112
895915045
896115501
896120666
896447493
896658114
896797281
896892994
898091237
898250745
898322864
898349751
898385165
898550136
898633783
898680113
898777334
898838784
898886386
898893926
898936542
898936795
899097894
899281665
899294075
899308096
899514116
899622884
899841882
899948507
900035969
900117140
900195672
900230657
900284969
900406658
900647595
900880475
900912410
900972898
900997413
901293604
901337903
901474866
901485624
901609442
901676201
901774927
901943351
902039799
902129466
902131535
902288544
902349729
902374727
902462001
902572952
902760832
902807404
902879212
902883582
902981107
903161367
903508218
903615668
903782928
903790739
903822891
904050812
904365740
904421576
904598976
904648078
904892278
904965721
905237787
905270135
905412026
905510059
905616341
905637185
905696431
905826699
905922942
905984874
906084040
906215130
906294319
906310797
906352768
906436685
906438273
906556473
906570266
906676409
906726904
906816334
906841751
906944076
906978846
906978984
907054786
907083854
907224873
907260101
907439068
907525232
907599856
907600457
907610585
907691947
907713725
907780406
907963673
908014636
908020437
908030033
908093506
908107925
908152183
908220043
908496748
908527511
908537671
908672242
908837381
908860986
909086051
909122601
909164260
909514066
909551246
909555935
909847689
909868839
910139157
910227442
910277048
910319519
910434336
911000167
911121690
911315431
911517456
911604932
911640121
911670606
911690676
911768637
911953716
912120723
912266095
912589301
912683707
912685368
913366521
913530325
913558114
913568381
913593159
913647206
913677683
913839705
914087014
914207618
914431319
914454369
914481492
914830804
914903198
915081054
915104725
915172388
915244871
915245158
915349617
915467839
915926937
915991000
916055465
916086570
916121587
916255983
916260732
916464684
916484918
916579409
916770114
916885812
916886416
916985452
917036556
917048758
917174762
917193102
917193317
917352922
917412364
917433736
917450046
917731247
917918594
918062381
918098349
918142564
918151915
918239126
918343846
918624092
918687726
919120054
919162824
919323052
919428070
919598750
919614739
919774050
919816717
920102698
920115645
920270115
920658247
921009907
921018275
921069174
921169416
921223572
921268421
921353322
921384810
921588208
921682062
921760447
921781454
921852403
921900261
921901736
922021343
922131822
922196338
922230643
922305563
922503860
922571131
922631609
922657886
922726995
922788673
922816649
922908541
923042659
923066209
923158618
923216150
923308507
923506784
923529613
923543687
923622382
923651278
923688850
923719453
923808122
923928872
923975489
923984931
924013299
924085836
924203390
924211275
924242615
924372144
924470168
924671279
924698645
924774455
924801522
924805136
924805139
924818484
924950045
925035122
925182826
925202548
925286198
925514562
925635808
925764954
925783558
925832707
926145405
926193855
926250786
926272679
926331292
926471329
926613227
926634635
926730510
926751885
926760162
926829776
926874768
926884601
926952317
927059217
927076681
927089867
927375377
927421487
927656815
927682901
927821173
927877818
927926244
927989151
928260603
928389176
928423585
928459621
928461612
928474797
928689213
928870644
928894406
929090852
929135904
929204784
929266854
929288995
929411510
929413029
929466911
929601705
929725559
929761160
929764621
929825828
929860011
929972165
930070003
930137576
930153675
930322717
930368093
930388215
930529532
930660829
930682034
930800024
930902010
930918182
930932249
931014499
931235147
931266265
931463437
931518450
931521386
931572878
931682408
931759310
931934824
931966261
931988565
932475149
932631374
932665035
932716154
932773316
933335462
933338022
933384946
933482972
933545084
933659991
933738381
933766146
933812957
933839608
933991640
934054279
934150584
934333290
934402666
934629102
934848944
934936795
935061244
935065879
935308351
935322930
935328649
935378560
935512832
935591539
935656618
935935357
936145948
936179444
936223716
936305343
936309752
936572246
936676036
936762284
936813611
936847806
936858873
937288166
937333935
937364332
937365935
937635933
937661684
937763670
937869234
937907558
938062648
938187936
938319568
938533068
938614730
938781038
938946362
939057545
939170686
939391201
939393466
939490198
939615607
939654433
939847786
939941978
940010279
940036927
940065872
940110447
940185787
940310982
940323525
940519919
940579609
940816223
941114341
941130977
941321398
941373559
941395802
941468016
941512051
941556133
941785533
941802354
942011290
942042234
942146933
942177268
942198780
942316416
942380488
942421166
942453163
942473291
942595162
942643274
942690807
942732917
942816554
942982552
943082129
943445911
943565056
943611420
943759765
943830636
943899638
944758020
944762839
944955556
944995659
945112934
945190202
945263750
945335622
945386708
945391953
945419212
945616568
945837295
945887478
945989649
946008896
946098090
946653115
946660195
946822120
946840226
946874711
946883255
946953862
947056651
947118003
947231422
947363967
947422618
947448501
947533795
947552607
947648778
947684478
947713974
948106573
948134910
948145153
948249580
948373503
948393408
948422780
948466757
948474374
948483955
948493270
948550968
948578548
948664056
948934451
949020648
949286735
949401455
949515393
949565215
949630774
949703042
949751472
949783442
949918549
950001356
950176809
950351680
950571855
950597763
950599333
950767375
950801823
950942552
951066767
951086115
951263865
951619574
951651819
951864537
951932834
951973969
952065266
952149451
952237663
952247646
952615600
952637476
952753986
952766439
952795490
952952236
953048658
953222554
953287300
953454046
953530148
953534534
953534856
953587137
953804452
954053034
954077188
954243417
954421082
954440670
954629634
954859430
954895218
954897830
954904224
954960381
955147689
955215727
955370262
955396343
955411434
955577131
955598325
955895240
955896249
955917204
955963403
955974509
956129641
956207932
956286382
956361268
956811279
956862711
956896053
956995504
957025018
957388788
957564665
957576499
957583056
957776985
957802623
957888514
958060222
958227926
958472016
958507207
958537359
958809429
958916235
958950364
959199747
959211726
959275580
959397040
959605511
959647773
959668642
959717944
960187131
960217309
960259844
960263549
960270374
960305153
960305800
960391180
960790050
960811761
960828947
960930697
960954121
961007363
961184792
961224870
961243308
961265205
961301625
961383029
961519599
961548799
961597500
962016589
962022108
962161416
962211934
962221056
962316907
962352901
962510482
962613667
962641236
962765271
962879096
962976546
963004051
963019377
963100865
963182996
963285414
963429747
963706447
964028994
964049391
964091866
964174081
964267338
964408798
964697347
964701824
964878198
965042488
965359813
965390209
965402230
965403924
965478149
965582173
965682154
965725468
966124594
966340656
966680387
966755550
966765537
966783791
966809855
966968900
967139855
967290305
967295182
967487908
967510192
967511387
967690588
967802613
967989366
967991901
968169339
968285986
968446142
968577926
968742008
968806118
969061580
969075700
969150950
969205773
969217245
969262813
969469977
969481128
969643732
969711825
969788852
969919023
969949959
969994038
970024115
970280806
970486513
970752309
970802977
970897485
971095175
971234384
971322843
971334842
971405376
971438065
971463761
971496402
971606755
971937757
972129528
972671759
972746812
972869163
972987517
973055866
973058020
973160905
973504219
973689512
973830306
973980973
974074502
974165140
974302429
974358456
974363290
974485570
974536015
974561235
974765752
974793074
974815503
974937759
975185808
975434629
975612758
975690454
975699299
975760156
975898676
975947420
976170982
976236916
976300568
976300770
976315245
976488235
976725835
976731985
976782743
976876071
976982659
977022790
977038627
977060315
977096282
977116985
977207730
977438375
977466240
977553229
977564794
977816905
977867565
978022757
978159876
978227035
978406080
978674466
978724619
978816903
978926854
979023005
979081197
979085937
979138077
979163454
979195713
979260869
979264692
979276764
979377360
979531659
979750037
979931008
980061690
980115949
980314080
980512682
980619709
980679046
980773823
980831856
981129619
981169046
981210271
981237833
981286044
981297504
981422914
981458958
981534819
981578035
981666167
981737982
981802436
981821495
981850421
981881741
982003204
982016375
982088259
982111787
982276310
982380607
982413765
982483165
982629986
982672230
982798398
982886795
982948837
983100072
983131709
983242600
983363729
983397387
983465410
983600233
983614800
983617993
983754315
983767965
983875431
984018230
984107728
984119563
984141748
984167216
984441304
984673390
984700174
984877179
984952244
985020991
985195050
985345452
985385669
985635423
985726947
985728001
985849727
986000753
986042184
986125387
986129616
986211355
986455958
986566470
986605458
986676293
986721194
986734274
986747460
986786378
986793544
987018761
987070445
987227007
987278668
987350949
987354959
987465026
987520393
987562374
987687870
987724167
987774086
987778131
988240501
988245954
988320434
988475833
988491976
988500015
988534475
988581565
988607443
988652414
988709826
988790391
988870838
988955679
989034124
989040774
989225201
989236456
989253414
989359568
989444919
989460828
989532730
989567449
989702325
989721052
989727837
989743939
989857811
990060591
990306206
990351691
990454294
990465926
990515002
990565026
990666352
990765053
990800362
990972042
990979756
991122375
991174060
991390404
991617354
991836205
991901451
992011749
992019754
992326996
992334922
992478723
992495876
992638586
992673928
992807492
992827331
992863648
993177289
993242051
993424954
993546810
993840934
993968430
994029410
994048042
994155151
994242924
994544444
994601524
994706808
994764876
994797445
994846427
994871142
994901022
994980615
994999091
995524255
995712376
995750634
995867397
995924773
996044114
996091082
996176839
996271208
996346076
996467056
996735277
996763915
996787680
996880899
996893664
997128393
997238888
997407207
997423871
997528320
997835017
997999553
998047810
998096229
998147114
998233550
998348964
998426965
998462501
998561483
998579281
998657824
998831864
998882624
998900068
999183067
999198100
999207052
999242534
999341779
999470422
999554761
999741381
999744997
999762006
999765820
999934911
