105829
245288
509502
567597
640418
663271
797568
826204
994493
1074703
1229699
1297541
1382734
1523360
1529216
1712806
1938127
2008414
2051776
2169505
2186785
2212862
2276969
2299094
2391785
2505031
2540753
2547626
2584008
2624465
2792576
2966662
3111256
3119362
3234667
3361624
3416748
3436708
3592050
3692466
3734348
3834091
3870607
3959953
3962155
4139293
4256603
4280387
4290340
4318561
4333013
4367215
4598036
4757954
4781204
5165623
5178015
5277808
5339830
5364968
5500676
5599919
5647497
5757768
5830885
5945009
5967766
6006262
6198561
6337686
6369982
6445855
6631285
6849975
6932054
7072718
7077844
7136232
7175074
7248065
7333134
7370915
7479269
7528091
7633142
7901748
7988466
8252190
8280721
8870460
8913343
9020755
9243676
9269769
9281453
9345728
9378287
9398964
9472419
9499692
9533168
9610524
9668641
9692557
9709784
9907976
9955489
10163615
10233098
10259118
10319491
10373941
10400688
10757687
10870921
11070292
11279335
11309047
11353304
11559527
11613229
12034095
12072550
12100797
12615022
12682766
12690854
13061981
13115757
13307947
13316097
13335653
13451102
13508241
13508480
13677316
13759767
13777707
13915377
13974990
14014418
14109469
14126635
14304838
14328822
14467371
14591932
14704354
14760794
14795669
14841965
14911011
14913406
14952245
14985186
15255042
15337600
15347057
15359860
15369959
15379616
15466441
15527230
15589479
15782769
15915236
15936007
15962290
15990788
16282949
16314463
16381312
16383904
16408306
16420624
16588537
16983923
17014089
17169481
17182798
17231461
17268702
17359005
17510949
17604497
17643620
17660795
17687771
17787125
17974177
18003264
18005816
18014484
18050809
18381582
18732496
18780615
18792961
18881494
19059179
19203670
19322908
19460790
19506983
19561537
19648895
19836752
19945728
20152283
20307641
20496552
20553656
20630584
20648003
20662564
20683704
21006470
21063811
21170190
21210004
21351433
21780899
21939618
22040846
22043189
22052997
22115827
22390719
22418506
22592184
22811330
22943923
22957624
23300293
23355404
23390769
23456005
23601439
23674083
23725756
23738911
23815154
23896809
23904070
23962864
23995079
24011097
24150096
24155911
24258172
24354019
24359976
24382266
24418013
24492404
24567390
24717454
24724928
24739013
24981594
25033941
25080579
25118202
25122275
25184328
25488161
25489495
25691849
25762713
25789932
25857806
25914363
26015597
26019455
26142629
26145394
26146041
26223915
26354704
26595399
26815075
27062630
27127855
27205004
27257823
27387513
27445523
27553636
27585421
27820163
27870610
28042274
28087594
28190947
28414708
28462088
28533663
28570737
28599689
28626290
28702338
28709976
28886588
28977547
29001140
29083120
29114592
29162788
29320032
29482764
29506602
29705822
30045235
30083429
30108144
30141959
30268795
30291156
30310104
30532474
30661777
30663389
30667235
30905956
31138586
31197427
31338139
31338913
31412202
31501286
31650971
31684200
31828190
32094772
32122894
32218865
32333528
32841425
32905755
32932623
32943324
33116709
33140231
33142096
33308252
33400216
33526802
34036338
34167368
34192223
34285274
34506691
34510858
34628276
34794317
34864808
34905913
35077442
35097778
35121976
35145451
35149374
35268015
35288690
35387470
35429105
35457280
35603974
35616301
35735305
36116381
36238322
36241987
36296921
36423687
36539353
36666172
36795422
36853987
36920576
37047784
37132810
37216000
37299412
37393874
37516719
37597259
37627412
37936066
37938513
37989324
38108172
38152912
38174250
38316179
38519930
38682606
38708588
38716179
38771577
38862485
39043282
39072507
39095820
39327611
39536800
39587662
39708905
39992143
40001231
40296331
40465228
40523501
40527459
40533894
40545057
40699748
40847883
40898970
40985836
41043415
41078132
41229438
41297373
41304822
41328966
41534062
41592725
41636111
41871467
42036122
42047981
42159982
42462851
42660941
42798307
42865220
42906375
42955495
43029879
43049893
43239104
43559791
43776742
43849397
43863551
43867523
43935479
43994098
44040429
44078357
44081581
44087938
44168425
44181345
44189777
44285248
44513697
44535920
44737139
44827631
44860344
44866994
45030345
45271562
45436779
45518554
45612650
45614615
45720045
45899841
46063511
46086392
46189814
46202621
46453024
46478985
46548355
46577305
46601369
46740936
46854321
46862646
46967990
46968824
47035683
47059394
47064955
47276466
47634660
47688709
47700803
47785805
47897588
47938336
48199005
48204617
48303318
48355709
48366059
48371722
48376001
48420818
48495387
48518658
48526530
48557168
48582520
48742035
48748919
48830239
48994250
49099674
49240157
49430038
49516230
49573661
49584147
49657113
49874447
49959175
49984345
50190113
50495525
50761613
50868058
50907769
50921874
50988436
51069676
51148871
51149334
51212618
51523366
51647925
51680683
51959363
52063291
52138096
52289365
52303290
52329588
52477819
52534488
52798643
52857237
52911562
53119183
53124268
53189028
53246594
53361147
53377699
53523751
53634566
53720902
53855800
54010726
54165330
54315242
54412720
54572277
54755810
54772778
54794162
54810190
54863790
54975985
54989871
55006816
55114977
55310184
55323458
55350931
55359182
55493811
55547521
55661069
55690037
55700121
55826211
55841336
55964442
56118275
56315948
56573601
56643533
56668231
56796206
56860076
56901672
57005760
57399316
57544459
57559317
57567482
57626908
57709826
57827640
58168043
58349512
58684622
58718123
58977124
59019691
59083597
59211279
59451274
59512334
59597820
59822294
60144133
60254668
60462081
60480891
60537651
60555302
60629148
60668136
60679439
60732411
60781697
60815100
60844006
60864165
60916802
61312497
61386556
61685464
61741788
61845133
62058749
62070006
62098257
62101454
62205082
62454126
62482384
62490670
62610671
62700004
63196465
63232250
63260559
63361921
63557438
63687235
63790184
63961334
63965468
64027734
64274380
64339975
64524831
64603080
64994778
65050491
65305199
65343988
65349602
65461826
65487535
65583389
65619508
65663609
65801326
65811785
65858574
65881881
66001498
66010325
66087387
66106557
66201453
66258674
66437039
66755932
66908981
66916253
67019087
67241914
67401859
67566868
67648113
67711855
67719065
67911036
68057205
68138326
68309893
68317764
68350552
68492445
68690587
68731881
68824128
69017293
69490978
69537706
69607911
69691614
69709656
69826077
70242472
70501937
70633782
70861538
70988010
71151956
71407510
71452284
71522736
71684623
71716785
71917268
71940412
71975243
72049938
72608355
72800340
72908224
73006083
73122389
73241259
73256539
73261768
73459095
73534453
73595537
73747105
73754671
73892103
74075763
74157401
74168018
74228496
74285956
74451238
74553609
74617691
74888659
75035333
75069669
75292985
75523442
75580470
75618587
75723407
76013636
76039654
76390595
76421622
76425314
76463535
76468849
76629601
76712208
76859173
76887241
77056597
77061334
77073257
77275096
77457128
77475314
77580262
77642452
77873888
77933733
77995878
78299689
78486813
78535005
78695519
78743230
78907258
79156998
79259660
79315836
79375383
79392216
79444504
79487006
79563620
79790782
79925428
80016041
80144995
80251855
80352153
80426301
80471809
80502739
80734483
80757813
80788728
80926801
80940857
80949753
81242950
81517375
81680473
81708090
81751460
81914481
81940544
82084673
82107226
82138474
82338329
82756758
82790977
82895596
82925845
82948065
83130586
83256173
83259875
83311743
83353102
83374754
83450154
83468121
83479417
83613610
83917214
84011105
84143575
84153875
84258329
84259000
84334722
84585381
84616005
84617157
84711177
84728987
84888758
85010154
85058178
85164165
85261356
85298567
85501198
85563501
85584091
85601604
85776049
85902571
85944020
85959459
85966863
85981283
86030644
86278715
86339474
86399054
86683485
86732623
86807484
87092368
87245761
87359858
87395429
87411578
87422110
87426454
87504152
87706324
87773640
87835992
87859625
87957109
88004681
88014742
88121171
88124916
88153635
88308000
88451791
89108767
89296763
89306317
89588869
89650356
89736725
89818550
89857540
89868952
90013648
90083497
90149695
90244045
90251252
90331671
90342414
90349318
90370620
90383961
90408386
90453311
90501498
90649395
90668646
90762249
90982431
91242283
91270467
91475698
91622168
91678330
91821426
91913007
92019060
92147354
92147557
92223434
92477936
92673048
92723286
92826447
92850426
93163508
93407018
93412285
93440244
93450093
93631969
93691683
93977255
94212536
94253377
94386838
94460598
94529689
94625571
94779857
94919673
95116404
95174993
95244489
95343551
95430132
95497200
95597320
95619490
95665536
95887032
95915478
96252190
96374068
96593035
96653222
96720066
96745806
97170518
97289807
97505008
97574085
97604793
97673135
97748006
98033572
98041172
98057135
98085203
98413463
98418597
98550757
98558876
98628610
98678184
98770240
98838822
99140985
99204899
99308826
99361369
99431130
99437106
99444652
99607524
99654441
99695527
99744767
99823534
100242075
100352774
100428988
100435645
100510729
100678446
101134709
101198208
101226075
101398551
101435493
101546971
101550327
101963183
102421001
102434399
102486847
102552497
102571164
102659555
102672220
102863552
102913977
103011949
103046438
103085717
103126833
103224057
103254721
103282543
103302010
103554613
103712395
103763119
103857783
103866358
103891115
104054055
104297331
104450123
104516854
104533106
104677196
104774360
104794844
104819596
104909836
105093298
105173913
105175247
105255948
105347965
105482701
105618222
105722101
105753289
105878113
106033427
106254805
106393783
106435951
106437402
106438455
106551305
106757363
106758405
106774990
106832989
106848799
106900208
107155747
107342921
107963130
108038793
108237259
108355135
108400797
108437062
108653828
108790917
108918134
109056844
109130418
109335195
109473430
109572066
109650923
109713791
109799130
110103495
110304307
110469370
110700262
110743375
110773001
110792079
110810036
111012902
111052356
111061894
111256373
111337796
111499108
111572890
111580904
111655698
111746459
111979442
112142977
112182729
112236144
112241496
112719999
112775328
112794505
112977608
112986409
113047087
113559630
113581599
113643517
113694711
113711790
113732057
113765390
113869379
113874906
113991216
113994414
114165908
114200082
114291014
114334231
114358665
114364793
114378281
114569653
114660118
114847090
115076727
115244706
115276281
115293242
115307373
115773029
115850614
115912506
116006865
116218952
116288723
116398554
116685987
116857582
116915043
117010429
117115769
117162792
117194097
117197111
117263086
117410579
117644441
118064013
118087538
118193482
118215066
118442246
118616032
118623458
118839333
118981954
119230289
119253073
119282896
119368171
119467370
119825986
119854888
120017538
120117430
120148466
120254736
120331901
120565613
120654729
120717348
120746447
120829437
120939907
121019493
121051608
121123839
121181066
121313918
121338933
121352585
121393998
121451933
121490336
121590429
121623165
121708605
121753079
121835625
121884134
122058339
122101675
122311751
122514825
122829001
122911298
122962416
123200758
123297613
123333630
123456353
123619026
123719984
123741342
123906693
123946614
124154195
124193550
124303431
124313266
124341996
124349078
124382335
124473251
124567714
124957291
125115494
125239850
125491919
125532859
125714520
125721955
125739478
125802017
125854127
126081953
126185566
126308924
126393263
126477494
126752363
126794304
126804114
126990745
127007848
127109891
127164204
127198810
127283622
127431414
127447645
127470721
127539702
127632416
127757424
127856269
127972581
127976453
128041715
128268316
128325016
128386323
128443769
128490316
128720078
128865262
128913623
129160097
129283004
129424475
129458186
129512546
129554442
129560640
129674155
129713696
129808068
129924536
130066103
130278099
130392413
130510146
130565412
130586973
130658459
130686664
130692915
130837865
131342182
131342297
131369076
131576224
131641273
131698214
131921749
131977511
132015920
132152206
132169231
132413025
132481347
132595719
132604710
132625551
132749919
132954302
133106490
133139746
133197340
133477408
133535431
133562629
133564769
133841467
133905979
134017040
134064039
134075295
134117141
134247585
134442528
134610846
134970602
135073299
135164295
135177388
135209588
135362552
135370034
135451253
135657859
135737518
136040624
136099002
136445914
136587601
136630556
136887848
136902268
137051782
137069850
137074722
137113751
137136095
137271767
137286779
137301691
137496576
137588592
137752674
137800778
137801368
137923792
137995482
138182617
138250266
138432555
138508670
138549506
138862237
138915886
139004491
139045163
139684297
139851363
139928704
140021317
140195372
140206844
140330909
140358794
140376637
140437684
140473946
140591931
140596017
141005444
141181352
141194890
141309343
141355372
141412889
141484840
141534524
141560939
141570900
141652262
141698860
141912505
142132587
142133363
142136935
142163653
142256156
142363663
142374715
142407195
142421527
142434690
142454722
142620468
142620551
142689364
142768314
142884251
143076371
143437416
143469318
143532556
143635964
143854547
143921281
143978498
144083182
144144936
144223015
144592912
144607689
144659195
144820641
144849567
144908592
145068794
145325713
145475156
145553196
145592845
145601778
145768721
145807165
145976596
146031070
146721626
146981222
146993150
147101799
147147334
147296043
147314020
147554711
147567040
147662274
147839285
147861836
147878402
147888729
147944176
148055843
148140498
148298936
148316002
148556003
148648557
148682554
148707369
148861615
148994136
149003146
149066769
149215367
149241415
149295622
149795670
149890020
149890839
150022374
150064559
150175554
150334460
150431038
150453949
150680261
150723921
150748373
150854627
150941417
150974698
150991515
151161197
151924674
151948538
151955470
151989121
152088345
152272918
152365296
152423694
152456468
152495241
152706627
152727805
152917001
153069287
153156539
153166211
153197936
153220772
153245493
153328305
153363504
153536486
153595069
153639280
153654167
153748376
153918618
154085106
154241471
154274622
154333422
154603725
154711075
154766781
154860206
154904967
155074720
155362706
155367085
155479836
155609438
155628780
155673526
155797085
155967458
156267759
156378863
156424145
156500728
156511451
156559359
156713130
157065121
157191467
157541143
157780323
157957804
157967101
158350762
158433498
158613487
158721870
158722167
158736730
158908177
159049014
159080789
159253390
159257051
159264062
159283089
159383524
159478548
159532303
159575511
159688010
159772491
159948318
159990196
160056405
160083737
160113478
160121786
160158829
160200663
160206962
160438160
160702945
160743685
161001641
161087451
161309643
161575539
161613356
161834584
161895277
162010734
162066831
162111932
162282233
162534520
162542710
162685989
162975569
163181802
163243909
163247376
163359363
163402624
163600760
163645191
163659833
163829273
164001109
164059820
164065148
164121036
164276695
164283929
164355402
164358425
164478394
164579586
164683922
164745942
164753641
164778935
164858248
164928409
165013332
165120277
165152452
165200121
165265405
165777684
165860742
165903632
165909996
166089677
166218873
166291860
166308737
166316678
166399857
166446751
166470383
166493100
166726544
166746562
166787791
166863847
166932991
167047056
167222901
167336156
167381312
167448411
167564835
167600869
167642234
167669865
167759583
167798079
167834818
167966392
168038925
168095524
168143010
168160939
168313269
168366901
168389836
168435417
168456155
168474520
168757135
168759981
168775776
168864990
168913653
168924921
168986496
169025866
169335817
169525866
169695649
169889064
170072610
170294356
170331725
170374203
170569906
170606939
170695688
170865979
170869773
170907356
170938447
170957304
170998574
171074762
171077417
171105236
171201952
171365716
171434485
171496093
171568245
171620119
171724211
171734837
171785927
171874002
171899121
172109554
172144298
172313794
172400488
172439676
172441851
172648852
172672215
172924292
173007756
173161082
173805138
173866055
174033339
174051081
174317999
174350122
174359407
174472349
174475726
174519813
174536449
174655403
174821843
174916113
175033790
175235133
175291222
175338501
175388869
175544578
175569900
175859195
175899647
175906605
175999315
176147477
176156657
176174484
176252288
176285776
176360916
176462361
176463175
176598420
176612609
176702174
176716322
176734890
176751234
177003184
177092987
177127273
177332062
177370548
177422731
177501190
177527844
177663048
177803890
177995942
178089105
178095451
178100779
178152085
178290795
178342745
178550570
178582682
178730928
178768446
178821837
178875988
178953126
179078476
179177216
179390282
179418639
179421733
179614512
179615419
179814253
179862005
180054690
180057459
180116832
180141230
180461353
180654435
180750707
180782386
180813249
181026705
181028328
181126976
181156178
181204498
181241385
181246675
181296140
181339186
181351648
181415867
181440733
181545858
181550920
181587999
181603063
181622280
181635592
181763362
181998014
182057217
182101231
182132482
182228431
182419208
182541533
182543647
182560229
182664567
182704456
182710328
182761186
182830632
182867078
182990634
183074107
183174542
183419748
183579055
183586252
183691520
183711663
183753383
183821777
184087280
184187182
184325355
184381559
184394801
184568545
184596733
184652841
184859805
185146413
185223736
185312043
185395702
185469348
185821762
185836555
185918826
186016764
186085071
186103428
186169054
186316701
186370184
186382522
186454272
186458491
186518273
186703365
187016779
187146259
187540428
187541346
187548619
188014180
188260080
188434257
188699088
188742072
188995306
189064065
189106702
189191921
189340013
189408262
189409948
189445422
189451439
189455333
189529239
189577871
189649223
189769659
189835589
189902989
190004976
190111940
190247551
190266753
190345335
190473215
190696984
190810192
191088311
191121453
191291034
191301787
191422555
191473200
191634974
191701977
191720564
191766240
191841479
191879863
191930855
192022997
192047510
192130846
192189327
192576797
192616502
192767159
192770674
192789291
192846052
192878015
193057948
193089416
193190495
193203628
193319518
193532653
193625246
193629466
193749009
193864945
193921353
193923460
194092828
194357485
194464463
194499650
194666832
194844582
194919009
195023307
195114539
195206671
195539771
195551581
195589320
195668192
195691517
195692343
195700317
195805826
196059156
196232511
196486168
196511452
196728929
196772302
196778491
196856674
196905334
196936584
197112258
197120985
197132439
197475081
197532520
197603431
197751611
197785485
197826535
197989578
198199351
198203499
198349088
198361714
198440938
198638317
198836696
198893716
198906732
198963201
199036681
199252530
199379469
199595186
199608173
200057519
200146936
200272113
200329723
200750793
200949409
200965330
200977995
201038262
201079506
201316308
201348874
201513898
201622702
201826409
201968077
202203725
202298342
202310289
202403466
202453982
202488413
202509877
202744994
202795415
202984698
202996943
203017335
203220035
203274461
203338636
203586937
203636388
203717950
203991453
204038600
204051578
204227551
204231848
204301711
204305490
204378584
204490145
204573190
204608263
204802772
204814448
204949059
205084390
205127798
205130314
205177330
205178394
205327781
205353282
205395135
205490488
205627583
205864006
205892505
206132195
206147751
206154860
206159277
206183312
206344189
206452275
207073136
207189596
207205938
207371868
207380238
207475832
207539740
207562914
207694094
207731048
207945817
208001090
208052340
208421353
208588290
208615298
208689258
208798411
208942615
209069678
209114271
209187817
209233181
209603473
209609899
209780751
209838003
209888589
209939503
209977152
210034513
210133930
210167849
210182203
210266188
210392588
210445922
210482185
210496828
210540746
210561542
210631220
210658152
210783116
210972847
211079759
211081576
211101046
211648674
211728072
211730992
211765015
211970851
212104359
212201797
212254715
212261520
212373522
212448951
212449489
212655252
212665922
212704326
212713109
212730930
212834408
212916682
212924504
212940919
212968701
212971823
212980063
212984166
213121260
213165601
213196491
213439913
213635640
213847587
213896923
213966621
214204308
214227518
214271885
214274040
214321456
214337889
214500357
214507940
214516638
214573012
214594003
214829540
214990455
215114550
215161141
215199766
215221073
215260835
215282354
215381528
215402997
215479235
215721639
215959408
216053511
216221584
216305831
216459592
216470131
216500387
216649908
216871908
216907390
216917837
217032318
217050622
217118694
217248940
217402974
217481962
217673354
217914915
217999230
218091906
218180881
218262507
218410725
218659460
218679816
218857137
218862897
218929006
219037264
219045740
219055597
219113996
219318688
219357118
219743668
219806582
219846508
220094931
220182130
220308886
220339630
220546595
220669900
220755174
220788104
220863558
221047509
221103428
221136068
221327030
221454930
221955227
222004354
222233692
222288822
222359566
222473055
222563684
222851077
222971505
223045557
223458650
223509371
223694604
223770828
223785312
223814356
223814443
223906366
223959680
224025518
224427847
224482639
224618648
224692622
224746691
224905467
224931611
225016863
225098530
225203959
225227711
225343642
225354953
225648865
225700692
225757835
225780162
225999191
226296982
226308197
226488756
226632786
226705333
226765125
226811698
227387371
227619809
227670846
227702278
227736114
227934826
227936684
227998472
228037779
228072839
228174759
228227597
228267152
228432970
228453825
228477729
228544846
228618830
228663597
228675186
228722667
228880386
228918046
228967894
229085924
229102641
229121370
229193622
229197312
229228288
229362562
229365377
229432397
229475894
229496688
229649553
229656592
230002993
230140781
230194121
230203277
230454652
230478179
230521632
230712968
230732416
230878897
230884150
231501023
231556303
231600112
231623860
231660250
231693531
231706993
231882028
231950495
232003992
232145123
232174224
232252798
232331385
232373808
232445464
232529127
232576564
232691756
232739266
232746962
232804655
232991206
233182094
233220253
233233316
233329273
233560406
233799372
234042681
234047113
234075022
234117992
234150015
234195589
234239063
234894591
234900462
234926831
235049568
235213226
235255894
235272175
235393913
235406935
235482474
235582562
235659874
235791003
235857406
235963166
236116811
236206212
236310679
236404870
236442337
236454029
236485831
236494287
236614149
236926770
237189573
237213868
237309267
237430920
237533281
237764397
237789362
237825467
237831676
237961084
238115867
238327710
238540009
238637526
238640854
238646586
238762842
238898757
238981360
238984081
239029496
239090299
239309338
239317260
239397016
239543800
239576805
239776507
239969340
239990185
240181047
240529351
240532582
240643610
240687170
240726487
241014031
241212732
241434478
241528177
241585297
241638948
241645966
241809897
241842515
242309868
242425859
242548637
242587358
242630727
242706556
242809286
242957224
243208371
243224800
243435640
243465490
243815219
243854321
243884450
244078756
244146196
244354189
244707754
244756256
244851740
244918060
244961350
244983484
245035904
245074618
245099676
245105722
245116740
245236313
245294776
245428178
245441793
245520734
245593514
245629087
245673408
245679477
245705128
245954853
245993814
246042118
246381489
246429346
246509982
246542543
246802065
246823183
246955488
246977300
247075241
247120146
247146289
247174373
247322373
247347287
247557253
247610100
247793492
247798634
248079054
248089654
248217995
248362163
248393993
248469042
248633551
248710458
248770950
248810459
248826892
248870661
248955348
249000535
249164219
249182917
249239022
249452467
249527513
249661819
249680877
249720212
249787525
249810716
249894433
249913399
249927726
249980018
250090249
250098174
250198198
250365540
250597877
250619932
250751027
250767376
250793257
251009312
251027042
251140556
251145475
251290601
251367852
251423296
251448976
251454928
251565780
251579401
251736392
251915489
252069553
252161953
252269432
252297346
252312397
252644419
252685908
252753572
252772852
252779955
252828551
252920329
252949503
253055132
253136690
253454164
253633283
253654233
253656053
253760740
253784365
254031337
254167409
254360561
254392423
254436487
254625133
254755512
254838233
254862393
254948824
255009895
255023034
255110035
255139094
255276185
255310161
255365319
255434505
255660676
255665129
255759443
255793204
255796056
255838878
256036785
256104801
256179827
256419116
256687466
256899473
256907494
257147365
257154819
257304918
257345804
257484875
257508830
257818496
257863479
258093565
258392924
258472774
258494970
258519533
258525899
258710909
258735238
258799460
258800490
258835236
259016540
259196706
259379727
259628918
259689594
260070168
260079751
260080402
260278660
260283031
260332387
260405115
260419052
260552788
260656067
260797267
261062949
261078812
261163799
261186078
261378980
261380648
261480390
261499577
261589047
261769644
261831761
261932041
261964468
262005051
262063091
262456311
262588180
262600003
262745753
262802112
262888274
262899106
263047104
263263540
263299616
263479369
263490231
263563160
263609465
263627807
263736614
263827042
263849573
263922588
264206660
264269733
264397489
264538530
264783974
264861039
264899293
264935410
265083672
265152292
265172546
265192170
265223083
265245528
265540635
265625877
265736263
265836989
266071033
266272954
266466571
266495030
266508151
266617585
266683353
266855963
266882429
266969601
267042134
267154050
267259641
267309287
267413338
267472079
267557304
267658851
267697952
267838703
267848837
268053785
268135669
268167948
268192057
268594509
268642671
268683206
268790820
268897342
268982105
269082546
269160169
269206280
269221992
269294986
269430932
269444433
269703176
269752532
269755148
269760577
269883657
269936643
270169025
270374428
270522595
270799801
270817354
270947360
271040545
271161943
271215076
271288737
271447532
271866781
271986054
272060715
272134947
272167801
272184364
272255856
272280993
272344621
272555438
272557160
272753694
272792603
272967520
273232790
273484910
273554054
273715695
273797511
273834888
273840273
273870354
273950829
273962379
274015731
274080931
274085196
274110045
274236693
274288042
274527533
274540721
274569031
274604510
274624509
274700570
274933017
275008070
275053970
275243781
275525369
275580448
275718445
275762007
275833649
276095500
276128101
276394236
276535916
276623095
276634850
276898534
276938682
277076698
277123324
277146063
277410443
277461470
277846846
277904175
277944362
278051747
278131809
278268005
278286181
278341435
278463508
278475635
278573307
278633818
278726207
278864533
278902945
278970556
279253900
279328080
279337594
279580201
279794387
279837152
279934860
279947938
279968791
279989945
280047367
280271611
280415115
280493293
280838390
281107136
281148185
281378079
281437126
281507667
281654038
281899461
281909227
281922544
282061969
282204775
282389337
282407581
282494388
282700698
282796607
282821078
282999594
283026517
283167652
283194384
283262546
283290488
283300930
283593100
283988857
283994456
284204769
284272932
284538508
284994797
285007648
285008892
285032326
285050647
285103275
285103747
285150588
285183090
285205753
285435821
285763283
285900404
286161251
286192055
286270205
286458555
286747128
286904848
286997715
287035292
287040783
287207095
287215779
287548708
287552210
287660104
287722534
287768550
287931483
287989451
288044988
288178478
288179108
288308536
288680676
288850370
288977442
289001920
289026419
289180688
289198053
289371611
289409423
289433237
289498675
289510166
289573618
289589322
289601603
289607150
289641859
289723993
289872835
290098442
290181806
290195987
290383803
290418671
290662390
290754160
290772414
290778979
290797652
290799284
290838570
290959801
291025522
291119229
291137347
291288001
291565106
291567415
291782428
291819050
291852556
291879283
292246801
292285994
292436538
292439429
292511591
292524962
292528867
292756426
292906068
292965200
293091687
293288428
293474166
293540079
293611060
293659231
293771344
293788829
294094476
294150143
294155852
294241250
294260929
294278807
294352425
294378980
294817654
294903827
294992006
295201111
295235517
295367347
295611220
295724706
295869213
295933235
296029294
296098445
296166969
296171370
296207941
296233326
296321640
296345858
296376481
296424061
296919595
296940263
297037061
297424063
297458889
297524203
297538825
297561769
297710395
297747925
297940634
297988614
298118309
298193156
298326671
298363231
298483100
298624418
298648023
298823094
298996099
299092192
299356407
299519194
299562616
299741365
299845281
299877090
299888813
300115340
300165823
300566204
300572420
300666218
300688070
300705485
300823230
300846379
301304299
301607428
301683885
301686805
301722899
301732396
301751097
302084657
302107514
302521899
302552762
302857109
302941550
303218682
303262656
303374881
303394450
303786412
303787160
303791828
303926175
303986051
303993554
304089145
304484547
304611042
304625058
304736205
304740339
304816252
304837444
304843293
305195279
305261510
305331792
305467845
305510749
305628235
305816290
305936068
305968449
306026623
306028006
306330565
306390304
306447080
306705023
306838131
306951015
307111299
307129097
307589193
307649741
307669743
307672812
307831980
307881110
307960545
308004212
308232503
308258866
308260641
308391800
308454575
308456664
308494378
308524674
308561147
308576457
308609372
308649457
308821508
309035076
309068015
309075717
309103639
309654596
309714015
309754349
309787750
309797351
309866398
309924929
310030151
310073569
310117794
310370515
310398189
310584204
310849122
310945713
310966880
310994757
311213918
311215700
311345047
311437199
311478711
311554515
311582383
311623696
311635708
311811411
311820391
311821666
311912576
311984008
311993358
312077418
312263873
312570681
312722617
312756796
312840648
312917873
313205417
313225659
313289049
313419054
313504951
313545501
313548183
313753646
313836437
313918472
313929977
313991837
314120312
314197145
314208805
314344848
314913882
314930063
315184829
315351227
315370492
315545958
315561460
315668512
315824680
316005863
316120877
316202275
316235664
316250075
316311398
316348669
316478636
316664617
316708845
316891038
316961253
317014855
317049102
317092643
317097542
317150146
317208795
317601776
317928288
317937647
318318157
318407205
318563905
318661508
318677560
318696819
318799662
319082901
319382538
319387241
319502525
319651906
319897279
319928324
320070855
320272190
320396337
320602436
320733419
320903849
321016582
321022218
321103029
321104078
321169342
321207154
321410040
321548648
321583097
321662329
321716154
321800492
321815807
321872731
321934565
322147348
322296923
322299650
322410381
322434945
322735272
322748295
322798612
322802197
322802545
322957821
322969654
322996166
323042159
323373110
323426552
323480896
323525483
323707493
323768715
324138840
324275086
324336351
324369889
324459896
324572583
324669782
324698286
324700216
324708007
324831374
324839454
324983000
325104803
325160856
325187620
325261759
325326977
325381481
325557883
325657920
325760766
325958816
325989494
326088312
326393544
326682841
326805290
326811339
326826259
326860088
326947226
327110938
327145778
327269193
327375649
327447278
327479309
327566326
327703734
327912360
327946443
328027485
328030318
328073426
328108800
328196235
328208524
328402999
328566175
328622722
328812909
328876575
328890312
329216478
329348499
329399973
329428507
329467472
329552154
329834982
329918568
330034213
330178395
330189123
330216163
330925258
331188919
331221960
331351588
331502381
331572180
331687699
331754701
331766979
331802168
332015143
332393996
332459692
332740752
332749191
332757584
332762321
332812771
332891225
332933642
333062953
333146629
333398134
333451882
333603444
333636292
333721287
333736779
333762382
333833139
333920188
334005144
334079613
334084781
334111105
334276851
334349939
334447375
334524993
334709069
334749222
334779455
334794128
334919250
335024380
335070019
335167935
335549843
335686846
335703307
335734180
335861372
335902248
336056345
336152364
336385313
336419683
336656863
336779970
336843988
337020806
337048127
337071812
337072562
337097475
337157739
337255982
337303645
337558444
337821860
338012778
338031770
338046699
338237483
338287055
338304635
338335782
338514915
338525706
338921172
339021299
339111666
339158763
339176749
339266829
339315207
339405592
339485064
339573272
339829528
339900260
340111986
340112135
340250758
340253235
340380921
340501649
340577527
340650106
340677408
340684282
340713673
340736015
340763085
340862588
340940147
341000342
341462190
341463578
341677513
341715389
341908889
342038850
342040431
342108872
342137422
342180172
342251024
342314366
342385656
342396911
342423444
342442160
342470380
342591517
342605167
342815456
342874557
343008223
343019314
343081283
343259429
343278217
343279721
343287642
343443282
343487628
343623336
343668592
343807700
343810920
343847443
343975665
344067761
344152794
344177753
344236522
344257006
344259362
344361518
344563731
344687897
344797502
344811042
344932462
344987046
345062855
345081587
345154424
345217247
345238542
345433985
345621344
345854191
345883923
345923219
346041660
346180448
346214062
346312323
346323669
346476287
346511612
346533696
346765450
346900194
347053883
347164849
347184592
347250903
347271976
347491784
347528530
347695211
347852501
347940063
348028689
348371791
348587853
348638926
348699317
348738933
348817894
348868032
348884134
349017128
349131078
349516098
349534929
349714199
349718350
349844636
349970704
350021654
350089744
350451784
350541029
350684238
350789950
350828151
350992927
351059526
351353684
351379195
351395309
351493763
351520943
351525462
351579576
352125884
352326628
352466411
352474519
352756392
352838068
352855343
353035209
353151132
353166863
353184544
353222659
353234836
353394572
353654877
353831482
353841395
353863627
353926799
353956153
353984758
354119485
354143200
354145980
354153762
354312855
354452060
354472727
355237869
355284486
355313253
355389787
355394568
355592811
355626210
355686974
355833747
355880326
355885340
355964910
356131238
356480395
356550463
356763703
356802564
356836081
356919683
357134815
357176813
357492356
357782110
357811071
357895548
358020489
358209585
358216563
358260625
358361790
358362890
358418135
358447440
358453519
358463007
358575518
358619517
358758048
358935417
359100250
359136733
359157362
359265570
359549334
359637110
359683984
359685088
359689190
359762409
359764892
359956812
359975415
360037464
360109234
360425473
360498004
360635654
360660304
360697020
361039471
361057661
361134963
361149078
361244086
361273540
361761169
361890028
361929441
361930756
361958148
361981596
362036259
362059928
362110693
362174853
362244545
362311461
362334880
362359035
362501620
362594183
362709028
362721350
362829270
362841728
362848760
362879720
362959876
362974025
362983839
363276898
363427313
363817803
363841378
363846175
363950644
363981660
364010577
364222608
364458348
364549760
364659649
364756008
364858733
364942362
364973212
364988967
365024096
365170833
365235554
365235899
365296155
365330356
365583775
365683322
365721016
365823197
365876275
365917615
365984486
366001086
366199949
366245213
366262669
366367363
366456880
366514784
366677762
366814105
366836968
367031617
367072800
367074084
367094977
367241129
367336734
367359434
367535115
367557045
367571721
367806295
367828070
367910534
367930258
367960039
368040291
368046556
368263836
368289149
368376870
368675944
368690560
368758232
368773977
368836037
368903218
368910187
368937367
368940925
369000561
369020635
369240268
369254395
369476625
369500095
369587543
369646631
369720465
369725174
369735763
369784823
369831717
370124269
370154710
370462440
370691594
370871703
371059781
371069478
371136810
371164345
371362554
371437511
371443157
371455970
371485795
371510191
371664104
371678550
371737359
371772805
371945919
372107643
372201568
372436419
372454988
372475859
372537793
372590951
372612861
372621572
372775967
372805988
372820398
373020528
373181801
373212408
373252077
373273866
373289411
373400018
373424840
373617425
373804130
374019009
374346489
374492470
374641749
374721755
374933973
375354922
375489304
375659237
375923188
375941870
376125674
376147501
376165238
376206829
376221462
376306940
376323260
376336483
376338239
376396909
376503732
376641943
376653946
376671286
376827483
377067014
377089311
377134296
377208123
377376463
377491048
377718373
377891993
377900294
378344860
378432629
378447764
378452645
378453750
378469836
378543968
378559212
378597957
378636003
378644719
378762706
378872748
379014903
379036970
379062837
379099869
379211782
379238555
379284485
379503321
379519289
379568173
379618662
379663259
379700717
379776200
379864533
379869203
379911305
379921641
380411767
380456623
380543658
380590225
380918573
380938220
380952527
380990155
381037569
381046049
381126473
381251285
381326014
381400211
381500031
381529749
381588624
381740433
381744620
381893165
382057062
382177445
382255268
382435945
382483227
382612819
382647268
382732831
382826311
382917986
382995875
383001693
383060443
383148226
383157257
383163441
383177100
383194252
383494763
383875860
383913846
383982203
384160877
384253218
384433961
384439345
384505353
384653765
384656214
384885742
385045012
385190388
385262022
385395658
385477293
385482857
385497172
385670162
385891422
386023327
386195636
386367673
386719111
386740371
386920850
386981755
387247396
387333003
387607616
387626709
387738384
387812322
387829567
387877739
387908314
387926207
388064283
388188485
388222753
388372311
388492753
388637060
388798847
388894841
388898292
388976388
389000437
389390581
389466048
389541717
389776198
389810416
389823488
389859439
390039619
390406258
390497830
390546425
390706790
390724459
390729937
390764602
390904133
390997277
390999958
391053717
391146360
391300359
391617438
391719516
391723937
391785652
391879952
391907290
392040702
392292536
392328044
392348228
392533845
392615336
392745432
392757196
392802017
392828109
392854705
392918161
392922430
392937679
393004601
393252572
393275404
393307491
393311369
393381412
393389575
393456958
393469697
393501743
393575937
393691591
393908141
393991319
394176218
394176400
394792218
394816942
394823778
394953179
395223555
395314061
395336838
395461832
395481918
395673085
395766934
396132415
396210561
396222804
396317173
396361617
396367168
396494699
396515820
396547341
396554506
396563548
396703107
396807243
397061642
397169529
397302112
397308221
397326464
397377413
397431765
397435462
397476603
397694970
397709436
397785996
397791601
397795649
397799928
397841668
397906636
398033450
398079280
398216666
398246390
398605271
398653996
398722124
398801644
398869795
398898264
398935052
399077481
399080875
399084453
399134233
399179345
399195245
399203918
399423161
399430238
399439473
399442403
399452679
399460351
399651432
399720551
399884406
399889142
399951640
400283317
400581286
400645290
400725365
400733765
400795701
400889739
401092019
401128316
401218073
401245486
401303970
401456457
401479965
401599837
401638743
401845211
402007766
402083159
402196312
402236348
402240434
402291995
402408657
402506630
402512943
402545401
402668914
402827390
402850359
402875607
402945400
403080495
403099241
403116391
403359675
403549703
403666311
403752392
403758697
403776149
403828423
403983722
404020728
404029359
404088987
404201854
404240001
404263645
404582978
404734787
404934021
405230381
405313388
405559269
405652907
405662273
405705369
405740476
405784700
405823713
406018676
406106527
406296965
406297154
406321998
406379111
406431460
406500461
406613750
406659104
406711399
407249680
407299297
407310345
407336005
407405775
407577119
407660322
407717020
407936488
407991515
408100183
408106603
408127045
408445156
408527247
408589410
408651464
408661053
408701107
408820579
408830065
408904260
408907270
408937680
408939717
408955752
408960608
409157087
409230512
409282494
409352094
409552902
409674970
409882663
409883747
410095650
410286816
410319248
410370625
410433845
410484499
410493983
410494233
410533569
411024976
411085150
411156817
411253654
411423315
411582117
411776796
411791389
411813607
411815402
411841692
411855624
412156304
412172852
412202304
412390701
412472972
412481182
412666419
412741330
412805092
412911906
413014890
413308895
413313328
413402404
413464019
413544576
413596128
413690288
413748903
413996688
414020283
414054003
414064096
414074106
414080263
414082828
414262769
414592750
414753578
414911578
414913283
414930637
415308780
415632219
415668244
415701306
415749326
415839998
415861737
415896697
415903121
415914611
416018724
416041619
416101256
416126412
416135767
416355429
416410345
416460580
416552502
416858746
417044341
417140260
417309219
417478839
417493238
417493899
417518096
417534737
417625948
417682450
417971521
418062519
418069569
418210889
418252214
418447646
418449990
418498921
418735660
418855031
418920647
418991664
419182191
419336631
419483250
419543105
419636292
419716156
419881996
419894529
419944687
420110014
420160259
420167018
420194453
420202067
420250595
420261006
420510999
420533964
420641746
420828269
420907490
420962698
421144961
421215211
421334818
421383361
421426359
421485389
421529247
421547065
421581303
421666223
421830126
421838725
421887599
421980183
422080850
422416237
422582585
422697074
422843086
422896907
422965836
423136838
423301710
423437807
423489265
423529356
423568852
423607141
423643718
423776966
423813819
423884965
423891565
423997239
424124087
424176151
424180756
424355650
424366967
424417870
424450889
424460270
424467906
424485877
424548660
424655835
424695656
424839797
424981635
424987738
425086627
425150034
425223241
425326160
425417495
425662862
425933903
425960159
426197476
426293706
426355245
426356434
426361903
426365729
426393662
426406212
426908206
427068521
427104094
427170112
427382979
427478554
427738283
427768971
427775101
427863228
427948531
428152773
428296340
428325735
428350411
428405014
428476939
428494943
428695854
428781903
429274018
429313246
429346211
429528301
429634641
429642587
429723600
429814663
429830394
429867989
430042068
430203366
430228516
430235121
430285634
430315176
430431558
430455144
430556423
430598181
430640251
430658535
430696483
430726951
430765020
431146547
431148473
431325925
431358422
431431759
431575800
431613538
431620912
431680801
431804280
432102393
432233598
432308535
432428485
432767800
432951017
433011817
433176420
433265581
433660112
433897432
433933004
433989237
434017471
434031925
434185534
434198423
434260624
434332572
434367561
434648356
434766060
434815266
434820758
434918173
434990373
435058733
435135597
435142570
435262773
435538409
435541523
435610467
436090221
436156348
436180064
436199071
436314234
436521432
436564850
436606194
436765581
436896525
437021897
437023307
437108422
437165011
437433286
437514532
437528222
437569858
437664403
437687575
437790185
438050221
438089769
438093382
438129634
438429138
438582695
438904057
438982769
438992296
439216948
439223757
439408047
439459307
439636224
439641949
439705065
439755780
439829675
439900867
439997015
440062192
440122982
440140841
440172451
440220502
440249995
440254597
440271751
440399686
440629199
440682615
440827869
440844395
440897239
441141833
441325363
441612159
441660447
441785985
441934974
442328309
442353675
442469599
442528853
442967388
443049271
443169050
443184640
443187692
443226771
443240371
443289752
443395858
443429285
443532976
443569181
443624693
443656712
443830072
443910412
444001658
444032876
444299008
444310315
444335946
444495792
444503385
444629174
444679012
444799237
444806628
444935722
444973605
445014380
445090264
445381871
445390965
445667473
446108413
446163105
446254801
446318067
446403961
446438585
446460534
446598948
446620811
446739545
446922374
446953047
446996239
447071382
447128543
447149168
447260918
447293608
447339665
447420376
447429180
447633742
447676303
447707535
447827946
447875239
447878291
447978604
447994890
448057809
448118278
448296475
448336846
448391031
448506484
448537910
448681614
448712592
448731802
448757616
448818698
448846571
448955047
449054901
449080436
449096224
449177469
449265302
449267015
449543050
449545250
449739209
449787300
449810866
449833098
450006568
450189591
450264169
450299076
450302762
450362058
450443605
450873293
450981622
451121770
451392105
451409307
451622624
451686262
451697437
451755079
451910162
451915141
452176484
452220820
452252536
452352961
452432959
452465792
452480137
452608876
452646653
452737047
452799826
452924726
453332452
453466885
453719736
453762311
453792182
453937151
454020356
454224649
454395330
454881642
454898560
454942867
454945168
454961064
455042397
455271679
455288810
455344646
455355080
455563239
455569923
455635476
455833059
455927291
456221846
456238801
456290036
456446365
456612596
456778054
456858723
456873621
457012397
457043455
457125364
457166896
457353763
457577019
457591808
457697352
457857203
457869505
457930655
458092618
458244094
458249590
458348636
458362419
458458693
458563815
458610100
458729198
458944732
459291654
459333021
459350389
459418850
459518363
459564961
459639955
459760323
459828226
459921061
460038873
460487645
460589523
460772934
460793909
460813873
460934896
461021662
461033407
461035737
461081001
461111606
461113792
461144602
461199808
461272885
461382290
461517466
461543317
461545646
461551700
461554943
461672379
461882298
462018342
462099003
462186636
462212466
462227768
462326799
462417874
462430810
462459793
462501904
462789979
462872749
463013875
463101834
463308517
463389004
463576086
463656997
463704777
463782855
463975033
464029250
464044763
464384427
464455342
464574720
464810839
464820897
464822244
464980349
465037220
465124576
465164424
465237820
465267706
465303403
465356296
465369316
465405889
465407407
465517398
465520992
465737595
465888184
465986398
466112815
466115991
466151986
466599436
466642988
466735716
466786590
467061360
467066534
467238274
467355791
467453370
467471859
467496130
467625923
467661752
467809594
467942844
468110267
468208713
468325841
468385304
468443902
468524066
468524934
468691467
468861265
468930653
469087358
469147858
469184654
469284319
469341721
469462809
469474796
469711511
469713391
469735234
469854175
469960018
469987757
470031693
470103739
470139683
470147305
470168741
470374700
470438525
470592451
470704918
470723456
470770317
470925872
470960545
471048365
471173484
471292166
471310135
471324556
471381107
471454042
471508404
471568980
471608690
471675806
471678165
471826826
472001483
472108340
472219559
472251059
472523667
472694686
472790056
472908600
472924531
473008829
473081293
473121701
473160944
473183048
473218056
473301347
473393743
473670937
473694197
473911363
474040342
474115837
474169295
474203606
474278851
474388479
474419595
474431891
474478796
474602845
474646295
474812107
474933598
474974449
475096334
475259262
475285217
475405914
475470956
475545957
475568414
475579847
475859226
475885718
475916983
475984200
475986940
476347990
476507848
476542312
476682560
476767767
476839166
476895592
477131221
477346299
477577780
477603606
477612473
477747342
478309256
478517342
478539759
479024781
479172885
479181116
479293751
479308894
479393067
479562189
479648379
479687383
479816166
479939124
480105361
480119700
480253425
480344174
480470054
480542655
480567605
480735199
481003735
481098988
481132917
481136601
481651178
481661204
482102242
482213136
482300053
482582340
482638508
482896759
483267273
483339256
483366625
483391339
483409898
483512809
483610298
483691367
483770482
484281950
484415590
484540231
484630034
484661019
484842811
484856135
484896623
484903114
484956101
484963887
485531008
485634453
485755382
485822628
485836875
485927248
485955940
486115757
486175438
486197753
486408574
486655841
486815822
486997579
487042288
487094656
487131959
487274910
487294380
487363618
487485291
487536910
487572293
488017703
488158613
488295114
488359363
488390161
488401432
488472057
489108715
489119259
489354850
489371428
489494388
489512076
489621827
489693330
489734736
489781797
489915097
489991915
490089409
490148979
490330692
490388805
490540714
490540821
490628161
490706338
491076020
491258975
491375312
491402150
491405014
491521625
491591932
491765548
491771060
491777139
491861305
491910627
491950114
491964159
491985847
492047007
492120003
492251440
492455201
492480062
492502958
492759635
492797722
492828715
492929643
492946995
493130583
493410873
493495678
493522109
493661328
494219948
494264905
494426271
494456826
494720353
494729027
494750126
495030659
495047121
495153889
495179944
495417036
495631228
495678030
495746501
495997982
496161170
496191794
496353344
496405395
496608374
496623947
496694703
496723009
496841388
496980613
497303879
497309470
497313531
497372650
497443781
497515051
497573502
497670203
497702556
497836557
497987631
498034396
498035728
498240586
498356293
498386875
498446037
498649074
498716813
498750754
498839375
498879584
498932186
498934009
498996688
499009484
499035856
499085104
499126335
499316630
499636904
499744851
499802772
499804611
500049477
500381307
500396089
500629530
500639254
500684010
500741662
501411678
501475308
501504537
501695683
501696437
501734872
501747247
501881901
502084242
502124418
502168605
502301371
502368653
502581073
502665098
503030158
503053716
503382162
503505272
503572843
503579744
503667302
503696872
503821373
504001930
504012972
504019829
504133846
504145625
504157888
504209385
504234991
504278079
504295154
504343272
504418398
504511117
504586550
504730764
504741791
505015088
505156172
505259333
505369781
505526335
505853576
505898913
506022798
506239227
506382066
506590617
506675176
506727076
506738788
506826148
506855776
506861256
506954667
506955362
506977440
507012233
507019990
507051466
507204251
507280653
507345751
507375616
507381121
507482171
507504045
507532600
507796938
507820278
507965627
508064718
508121849
508205477
508283054
508290708
508355607
508434880
508453733
508499153
508630950
508646544
508676667
508820706
508904470
508943999
509211407
509312818
509442022
509453655
509529462
509630485
509662131
509689265
509702284
509738616
509768493
509793556
509842398
509858330
509924542
509986183
510207759
510426513
510510494
510767284
510803036
511003601
511160668
511244622
511357913
511463708
511690930
511752281
511795213
511820688
511880166
511935611
511947844
512022184
512025779
512092215
512180258
512276141
512407957
512465855
512860559
512866140
513029970
513295252
513314184
513345143
513496641
513593727
513740657
513742965
513960915
514023163
514075557
514088831
514315789
514376570
514507362
514582637
514801991
514853122
514989531
515003043
515049231
515096066
515148766
515276441
515276645
515411341
515480405
515484223
515664226
515707410
515789515
516147146
516524948
516535053
516647812
516690220
516713840
516755629
516759376
516823078
517124133
517238003
517340663
517423098
517496130
517554312
517705687
517902010
517951201
518045869
518231868
518348503
518565959
518714326
518796414
519080548
519219285
519237291
519695782
519928278
520020255
520132539
520277088
520387445
520399856
520523347
520601661
520748903
520885364
520930212
520981964
521018723
521252895
521331800
521357836
521374402
521475113
521491877
521544519
521565625
521659267
521780283
521810671
521850613
522093830
522204909
522251123
522307131
522686020
522987443
523103669
523162227
523169358
523189534
523213005
523366888
523390698
523432559
523476217
523496042
523535954
523574441
523620475
523661942
523797006
523855136
523869433
523908839
523964569
524140235
524227164
525033524
525215100
525322386
525361467
525985876
526141832
526217607
526420141
526442613
526494542
526674510
526917764
527033982
527330182
527374390
527507914
527593143
527685507
528206377
528266558
528561369
528819367
528912441
529121511
529198480
529269620
529368556
529503877
529637035
529807046
529990785
530042896
530148435
530184042
530185089
530253985
530299078
530314074
530405835
530641539
530845100
531005060
531118594
531218291
531222532
531232601
531547898
531660305
531893554
532049282
532068444
532085339
532135360
532488933
532529273
532706535
532791765
532806642
532851093
532939205
532995573
533068608
533103458
533403736
533433468
533442945
533631565
533708099
533793884
533947387
533972897
534045210
534066756
534363093
534370125
534373737
534403175
534436028
534440365
534466751
534468802
534542431
534573455
534587674
534644300
534664428
534682325
534735405
534763002
534934278
534936169
534960056
535009227
535031752
535216724
535557594
535567707
535682227
535684703
535731150
535741125
535756988
535823676
535890109
536015583
536022941
536265978
536349024
536425182
536564130
536758436
536830344
536995835
537089622
537281313
537382672
537438757
537463948
537496734
537638534
537648250
537806828
537919141
537979977
538019822
538120723
538124147
538167621
538322246
538559508
538575095
538753091
538833338
538932376
538948782
539306655
539358386
539376484
539498906
539556168
539564209
539588923
539727112
539921364
540117858
540173385
540271350
540274871
540407211
540424152
540503082
540523795
540630306
540759238
540897443
540908144
541015688
541150991
541161043
541222933
541248422
541342240
541466924
541482998
541539477
541780754
542164871
542259476
542285184
542307218
542499803
542517641
542638188
542904762
543004867
543292096
543553608
543816427
543827470
543832525
544023066
544039957
544191976
544264433
544334391
544340457
544419232
544464970
544473278
544495265
544539854
544601213
544606130
544638162
544655643
544778289
544859898
544915670
545078316
545104385
545158573
545662829
545707903
545782273
545895396
545958151
546000702
546487633
546488283
546493048
546516076
546732194
546796250
547061183
547067433
547126887
547152109
547206173
547292839
547531749
547926311
548010106
548308110
548392496
548586757
548607375
548818514
548906367
549197618
549232261
549311438
549348616
549647611
549750127
549774730
549777038
549968438
550206129
550267968
550268438
550293995
550486243
550611857
550763550
550856693
550885759
550921800
550953613
551015701
551077805
551105196
551180421
551332015
551432532
551449472
551569738
551675451
551718760
552023529
552186939
552244645
552422589
552475704
552777666
553177576
553269491
553331666
553497306
553573289
553852092
554107000
554236619
554281198
554288790
554507134
554593145
554743055
554942822
554966850
555144638
555209352
555221253
555292121
555387763
555525467
555548692
555605981
555610230
555670851
555828957
555882565
555990685
556144985
556175932
556240082
556388983
556568675
556940556
557357497
557484784
557486598
557649597
557661410
557766861
557813268
557975954
557996650
558089049
558191470
558256542
558423828
558477839
558482867
558539464
558599217
558604780
558635961
558703738
558720274
558753698
559133356
559268522
559282701
559283104
559291052
559458448
559552179
559559217
559761519
559952637
560085964
560130182
560232020
560332610
560473809
560725540
560809441
561079991
561103742
561114969
561151087
561181993
561276951
561299479
561359061
561550676
561756140
561950355
562003981
562101634
562221687
562255964
562625829
562674448
562761482
562857437
562893475
562897757
563000405
563123725
563283596
563325642
563479510
563568010
563619485
563645377
563670501
563740604
563914487
564065590
564073948
564371011
564371390
564404638
564719624
564863959
564894314
565009736
565038693
565305990
565483507
565500706
565535307
565727592
565916625
566007001
566042812
566068215
566225810
566249165
566303574
566426346
566476016
566485606
566593249
566624319
566769203
566959426
567124708
567144553
567164068
567442164
567493264
567703063
567703872
567714571
567841601
567906486
567923373
567984834
568008804
568076451
568140521
568182494
568196142
568198624
568243483
568252925
568463678
568721899
568812927
568813193
568871750
568876262
568992370
568996438
569107643
569269519
569274880
569345862
569452371
569624926
569659365
569733143
569783993
569791825
569860991
569869593
569885115
569928599
569998364
570031834
570033082
570051941
570256220
570256222
570273406
570357972
570430940
570533738
570711983
570844883
570871489
570884283
570928796
571160081
571188189
571201268
571236323
571307503
571361833
571424667
571668465
571708771
571812287
572030445
572163546
572289024
572309373
572402263
572611368
572613608
572670673
572889303
572914858
573037358
573050274
573320545
573322143
573434193
573521132
573692066
574072613
574208812
574237959
574490385
574504459
574544888
575589386
575677983
575766391
575878891
576117775
576364035
576480367
576498996
576543282
576647796
576661479
576673811
576733462
576780021
576899112
577065032
577118025
577136074
577280358
577368371
577392816
577408382
577448188
577565831
577588293
577595095
577674050
577777354
577788821
577836866
577915040
577958987
577987669
578006540
578025764
578067175
578229472
578307230
578363641
578427328
578496159
578618381
578642351
578643537
578825193
579032818
579039828
579390138
579525437
579563455
579567242
579679668
579707052
579747163
579803472
579889300
579995042
580067433
580150186
580193661
580203767
580211853
580246393
580334633
580388172
580482469
580590256
580692076
580754206
580880750
580936191
580987034
581016735
581093456
581180853
581195094
581234290
581308693
581316135
581517653
581551484
581567716
581779247
581845889
582027852
582169823
582269749
582305506
582423529
582527607
582622786
582655498
582657333
582977066
583106052
583169241
583243554
583277721
583333701
583517860
583660581
583781857
583818303
583861996
583945573
584290346
584756906
585264159
585270492
585341738
585384262
585405227
585605991
585695527
585709166
585840467
586024363
586073717
586099427
586128443
586165357
586242268
586406919
586451110
586574966
586671489
586676331
586692072
586713874
586731557
586854943
586904070
586952548
587005013
587105205
587171272
587347284
587425372
587586405
587600748
587703256
587723950
587896182
588008156
588181518
588280108
588547113
588629083
588718875
588820492
588838176
588877354
588879364
588888098
588995552
589063357
589685943
589941372
590003937
590031163
590175752
590254426
590273116
590367125
590409149
590505140
590662861
590707380
590751370
590774458
590812144
590839349
590993063
591039720
591058074
591082326
591108529
591313892
591456913
591939872
592025569
592129227
592134247
592172506
592375312
592406711
592488199
592742388
592762575
592839906
592960188
593035633
593167384
593317951
593427560
593445676
593461938
593480413
593500094
593564080
593728409
593747700
593750149
593814100
593870075
594097683
594118606
594173568
594274385
594499203
594752136
594770108
594842685
594899859
594995784
595041417
595236640
595400823
595522049
595564382
595771028
595780915
595853859
595857951
595872879
595886446
596142490
596158915
596167312
596297037
596733392
597585166
597908265
597929370
598310152
598783887
598812329
598952439
598955164
599137586
599155229
599245302
599346899
599588005
599754808
599810334
599890459
599987784
600019412
600098230
600158593
600165080
600496402
600668457
600799454
601342350
601356419
601374817
601671132
601752604
601858631
602042089
602072313
602073113
602114040
602171970
602245732
602282937
602400199
602490144
602608962
602611626
602620654
602629599
602702871
602864104
603091487
603114707
603138460
603640289
603808690
603830528
603859244
603941504
603991529
604013994
604135862
604154708
604627340
604670593
604692969
604735459
604845141
604954643
605050136
605054787
605093615
605170273
605185243
605187237
605204325
605473244
605551049
605573464
605898605
605936595
605989635
606099654
606113110
606141182
606171169
606176139
606241969
606285106
606310633
606312162
606391802
606655288
606682411
606729202
606827541
607130802
607137469
607166221
607329263
607414950
607702939
607846551
607874048
608275015
608360174
608495614
608578957
608601380
608658072
608674338
608829290
608996722
609046150
609057668
609071948
609199382
609259397
609278800
609387951
609469500
609506843
609594224
609786491
609858745
610061428
610127068
610242279
610357890
610366499
610534839
610560215
610812954
610881940
610897524
610907102
611249261
611291678
611608288
611670486
611697394
612277142
612279535
612428898
612491499
612612401
612633445
612648222
612696951
613073250
613276549
613338657
613359243
613410198
613811276
613817622
613878378
613901578
613936123
614040517
614100021
614676662
614751215
614850332
614865665
614874133
615069830
615116317
615131576
615134374
615156306
615346218
615364926
615429328
615449018
615565746
615613705
615709401
615723773
615726038
615734121
615746806
615851649
615868354
615950205
616133331
616243302
616288342
616686104
616716800
616858908
616961010
617138498
617571769
617593525
617761436
617850678
617857155
617987920
618143504
618254540
618312282
618459590
618591655
618737904
618740025
618746363
618750442
618855166
618981228
619087983
619156813
619280957
619284772
619342279
619390711
619533002
619665217
619691708
619744523
619806726
619834788
619881050
619984684
620060444
620233092
620355624
620475963
620496234
620615870
620704912
620844085
620969249
620969938
621067883
621162968
621242484
621257872
621395840
621415211
621518691
621765605
621787257
621911597
622024637
622042449
622185803
622399283
622402872
622413145
622462297
622967511
622972263
622976623
623205518
623211925
623356251
623360380
623382413
623455552
623478958
623731892
624073634
624091050
624096625
624190582
624221617
624476366
624653304
624738868
624767120
624854666
624884795
624918278
624938276
624972776
625382917
625421315
625424873
625525903
625763711
625780136
626046795
626066097
626066240
626080235
626089544
626104759
626206028
626266182
626310186
626594655
626635846
626803806
626992602
626999049
627099179
627155653
627222383
627290920
627462933
627614601
627616716
627635278
627756341
627783567
627793364
628070809
628282428
628361763
628406807
628423314
628478587
628671430
628682197
628861985
629071208
629220807
629330230
629362407
629427398
629530311
629597564
629890169
629917840
629925192
629955554
630038228
630118246
630179225
630397275
630636212
630928548
630942487
631019363
631212874
631572583
631844712
631902640
631907519
631934019
632024589
632146981
632173979
632191871
632582727
632603374
632695974
632698797
632879660
633014784
633030114
633031231
633053002
633089730
633209750
633277605
633280091
633334871
633471093
633483049
633510709
633529163
633552966
633569465
633760551
633763208
633920047
633980095
634008445
634021550
634044227
634051375
634259631
634372559
634389985
634393652
634578448
634805510
635257676
635277250
635294555
635315654
635341361
635443299
635504075
635526441
635616712
635655218
635883398
635970046
635989461
636039716
636074996
636077168
636084567
636354525
636464176
636507767
636600909
636802787
636868934
636884881
637155975
637224237
637333337
637361518
637402487
637928064
637995597
638077238
638124043
638171568
638212416
638283819
638381837
638412436
638424004
638549206
638678177
638678419
638943674
639107851
639237831
639333234
639384940
639535595
639591369
639845887
640234047
640325394
640366469
640492849
640569701
640636567
640645413
640729995
640987860
641058878
641147752
641156529
641191830
641286712
641352034
641451806
641961463
641967375
641978280
642498229
642660021
642702286
642727429
642943798
642971200
642980759
643020836
643193315
643213737
643320820
643346014
643356657
643397858
643407686
643529031
643764763
643765527
643779163
643828673
644063668
644148859
644158787
644177287
644457916
644527039
644657997
644661583
644716972
644742041
644789540
644956459
645183027
645344623
645471195
645688549
646075966
646243080
646254636
646352619
646364859
646425052
646531415
646536304
646580948
646675699
646767249
646948220
646981933
647135406
647200195
647294781
647377195
647448338
647630892
647634679
647738605
647911809
648025447
648069171
648079923
648080406
648109496
648116991
648160254
648246087
648287240
648363987
648431807
648708328
648714582
648779649
648880884
648914369
648974072
649306490
649337614
649369097
649409953
649502474
649539731
649610638
649673847
649715408
649788772
649795905
649957716
650485974
650663621
650713013
650776089
650829176
650844835
650890806
650942706
651071334
651188251
651217562
651317712
651371917
651396477
651451513
651612526
651654679
651713389
651731040
651857535
651868589
651916164
652235691
652269201
652512568
652703075
652876578
652986413
653103229
653203196
653376247
653483290
653696665
653721262
653772196
653953711
654111049
654232746
654364681
654392651
654471237
654500458
654537479
654623886
654666866
654692031
654724859
654746566
654819540
654988171
655023958
655036836
655149451
655219121
655241187
655246567
655341851
655546208
655581097
655690964
655783924
655804755
656038470
656045423
656304454
656458481
656490879
656507006
656738324
656776526
657061396
657154520
657177079
657228609
657382908
657510975
657598361
657670998
657723544
657727756
657769858
657776848
658083933
658162574
658313210
658339426
658474282
658772713
658773903
658828917
658862797
659006126
659208334
659343423
659375811
659406725
659429174
659501338
659567543
659620452
659712407
659876805
659905275
659926301
660226237
660228776
660275819
660295012
660448478
660797392
661565258
661608451
661678203
661749952
661818095
661969692
662005189
662170417
662192555
662275830
662346523
662347540
662422269
662550005
662780781
662985112
663069466
663290843
663347886
663565003
663596617
663706835
663850899
663869378
664480891
664593556
664626131
664628306
664658685
664717372
664773970
664823605
664860067
664881424
664974747
665060753
665187212
665195532
665321227
665449495
665465455
665640741
665652048
666067409
666085430
666167988
666193917
666430083
666527430
666529879
666772359
666830603
666944479
667024095
667370012
667435008
667475778
667522976
667559373
667578043
667814801
667824409
668197064
668217579
668252433
668262851
668465985
668589967
668608234
668632143
668776305
668828196
668932309
668955042
669103796
669154045
669192624
669430375
669480235
669990789
670072458
670108882
670160849
670332115
670332803
670505646
670542433
670866406
670960566
671053159
671235081
671506780
671520228
671578721
671641803
671946541
671992783
671998754
672099726
672165292
672243980
672325736
672341253
672364107
672429285
672601632
672659305
672687531
672714275
672758556
672785511
672812539
672900199
672979893
673326035
673330923
673482532
673504261
673586822
673612666
673660998
673730626
673775185
673782018
673785930
673795103
673999896
674143901
674208049
674406831
674408550
674607443
674763255
674858682
674903335
674966135
674967534
675073657
675199500
675242744
675463891
675584213
675800975
675878376
675957876
675968539
676022882
676054334
676103566
676261055
676451260
676654449
676661687
676858755
676931089
677155370
677258422
677374347
677431753
677432297
677441945
677450398
677567816
677573685
677622186
677644617
677672315
677749103
677806595
677913298
677966006
677970736
678112924
678122831
678169686
678171325
678228872
678249193
678254327
678391394
678754286
678840807
678870617
679004315
679064069
679164001
679234808
679256582
679569988
679570200
679791987
679922136
680221881
680289591
680306927
680383553
680418761
680506863
680519775
680565526
680733215
680761905
681025080
681090875
681146054
681344150
681388190
681532455
681533231
681651182
681703921
681714263
681742995
681775244
681875313
681947506
682090065
682502446
682673324
683063035
683169793
683272539
683421655
683607207
683828232
683861659
683903539
684168401
684296895
684307695
684336357
684372974
684507452
684661707
684719284
684770951
684868000
685034501
685064872
685082190
685097709
685135453
685716156
685759355
685860028
685908489
685965131
686030087
686236393
686337798
686383194
686437725
686579583
686683696
686698194
686743461
686862778
687104405
687111242
687201237
687221338
687322205
687380898
687423231
687521075
687762901
687777283
687909714
687988582
688253302
688316746
688478273
688987221
689016620
689106013
689173779
689208920
689270062
689284152
689313050
689484765
689510316
689650320
689744773
689747018
689814173
689918965
690021239
690067883
690098275
690160499
690243701
690366979
690563248
690675731
690842568
690863232
691075302
691095036
691187735
691214845
691670443
691746330
691824705
691928040
692193035
692352405
692595812
692626461
692697093
692839299
692840571
692884600
692889204
692941695
692976871
693098457
693187418
693188114
693267977
693527816
693624643
693647487
693688790
694064478
694095122
694251533
694604144
694641062
694671940
694700350
694782197
694916110
694944956
695024529
695112714
695330819
695432418
695494761
695510310
695746898
695797574
695822232
695906717
695942785
696032272
696169788
696198322
696214724
696346526
696367025
696382328
696431596
696538015
696545166
696545368
696591871
696668586
696677001
696809120
696813181
697444398
697475599
697640088
698098479
698107655
698214084
698553278
698656563
698758972
698777988
698844408
698937393
699011429
699231620
699245173
699338804
699416882
699483430
699511718
699514771
699541076
699613120
699620552
699813060
699820710
699859603
699904411
699909791
699990651
700007219
700156971
700172004
700349325
700374191
700453537
700467582
701457482
701573179
701825111
701923739
702100784
702230628
702291627
702391336
702460556
702506101
702614903
702618405
702742780
702768551
702845208
702909919
703006761
703067498
703075630
703119993
703207606
703223197
703451403
703579350
703701976
704213619
704259644
704454605
704530733
704577821
704738970
704767450
704808663
704890497
705030982
705153897
705256566
705479559
705506549
705671965
705693829
705724817
706005664
706107212
706191449
706238843
706248738
706624118
706814354
706865951
706896211
707040184
707054226
707083527
707098585
707140160
707220537
707418612
707652756
707694636
707808661
707882327
707905447
707962486
708007029
708026932
708300361
708319488
708391334
708531154
708570158
708910734
709030419
709171249
709262332
709268565
709355291
709465329
709817274
709852002
709854437
709876308
709979933
710042333
710243921
710704215
710836306
710856179
710980391
710985265
710990074
711104982
711114314
711218625
711226634
711231303
711356333
711429323
711636732
711682762
711706010
711782963
712107724
712137741
712152484
712152505
712228077
712253856
712397118
712467796
712547264
712630687
712876709
712905576
712929314
712973279
712982837
713016428
713102018
713292076
713311400
713499570
713658516
713810250
713817773
713888634
713971445
713991763
714024549
714103962
714166662
714228926
714244061
714283324
714388778
714398037
714567771
714615163
714625023
714664149
714675001
714757605
714805585
714855599
715009071
715078623
715212402
715220005
715281040
715464020
715562551
715727874
716026927
716116609
716259097
716294314
716308963
716318064
716336590
716435051
716695442
716772122
716825941
717111182
717163191
717392895
717503738
717595370
717680529
717701458
717808379
717810508
717864256
718045277
718145733
718229093
718302165
718423222
718504863
718607918
718621735
718758255
718761373
718764422
718870854
719222119
719226764
719260309
719311806
719383873
719441284
719492145
719782625
719810541
719828378
719851417
720019076
720027119
720236430
720331343
720452105
720585857
720769552
720790415
720817742
720863040
720982834
720997558
721099922
721214758
721267545
721593176
721624010
721813126
722313204
722331848
722582875
722594601
722595870
722736056
722774234
722820547
722877422
723128244
723187087
723193994
723234173
723415156
723478933
723567242
723624379
723677149
723700464
723727435
723806954
723857851
724187231
724425245
724490615
724577197
724613231
725064525
725475884
725480394
725507765
725511165
725546825
725720047
725725714
725729794
725769038
725868451
725932354
726011277
726019605
726135935
726520292
726629289
726824403
726892363
727178137
727272739
727342910
727379356
727428713
727490646
727841171
727934341
728157612
728198556
728412172
728500976
728598410
728618747
728838170
728977071
729069800
729150939
729155536
729210484
729341102
729485919
729567053
729735967
729798563
729847999
729964596
730016667
730056034
730188169
730363778
730487570
730529541
730595852
730657978
730740215
730744881
730779102
730835423
731232771
731462047
731514789
731520866
731527757
731660097
731785685
731891787
732089914
732107288
732222679
732223860
732242340
732428254
732831845
733077442
733088565
733250084
733255142
733279592
733339286
733522466
733548598
733603421
733649064
733673329
733823963
733890815
733939601
734049185
734160140
734271946
734465361
734508211
734511648
734592102
734656028
734666735
734786578
734814349
734851018
734962943
735033723
735451510
735532996
735590782
735667430
735760226
735851425
735902794
735952500
736156431
736361396
736582428
736611908
736759365
736778285
736818278
736868854
736996117
737034717
737035319
737096042
737175026
737230186
737486164
737607754
737623603
737647824
737666164
737766784
737873535
737873698
738115076
738176468
738239543
738247614
738268872
738285984
738292261
738424577
738445367
738807936
738812385
738842229
738851099
738864257
739085991
739090667
739279528
739320924
739535010
739543169
739575772
739862791
739885511
739954270
739964931
740073731
740132585
740168190
740176449
740183872
740219049
740404895
740421278
740617818
740658733
741020234
741203279
741316324
741487424
741570478
741590802
741727229
741904320
741911680
741959908
741989020
742062114
742094839
742130134
742769097
742843126
742844667
742846466
742859531
742949910
742954456
742989884
743043477
743225571
743236758
743318061
743363950
743405277
743424365
743437331
743478332
743506411
743509421
743529128
743628062
743701424
743712328
743744481
744031844
744032201
744035134
744612816
744660499
744710130
744915951
744996679
745136605
745164413
745305009
745452558
745493152
745509307
745559769
745704515
745800881
745815599
746024062
746156457
746437208
746491642
746572530
746656110
746852535
746852967
746863270
746893500
746931280
746940506
747371072
747431291
747498354
747511295
747577604
747595991
747794732
747801388
747855188
747865708
747935994
747983846
748068498
748258402
748307214
748401936
748683554
748749171
748823022
748880399
749508843
749566949
749608994
749637507
749654458
749834505
750013574
750017067
750118685
750263564
750451837
750489990
750515098
750539529
750563520
750570670
750594807
750654528
750807307
750965391
750971656
750998590
751075490
751092346
751184761
751376756
751563535
751616027
751672582
751864924
751877675
751991131
752030161
752030419
752056860
752125257
752187715
752302759
752312323
752312998
752446373
752447520
752520441
752589074
752799512
752824980
752858388
752872349
752971982
753060327
753163511
753240782
753340519
753373819
753467479
753535987
753583396
753649609
753663949
753679220
753783949
753879620
754099676
754385334
754669468
754768182
754768221
754978716
755004476
755065177
755073780
755089845
755125564
755419806
755766873
755988392
756072530
756381041
756389729
756420537
756528298
756550487
756653819
756906727
756916952
756936478
757079949
757114605
757138647
757366482
757607374
757629853
757737615
757796793
757840372
757841451
757882136
757995085
758117007
758246656
758251014
758490605
758565790
758762004
758855012
758867637
758959502
759340855
759344024
759431292
759504916
759662579
759791268
759995107
760163783
760514052
760600645
760619630
760784207
760804290
761141821
761188160
761247292
761369943
761589253
762127888
762176102
762373306
762436654
762533901
762559988
762590893
762671025
762714512
762768526
763188257
763368028
763385405
764078169
764091918
764092278
764351747
764466330
764550306
764558501
764606614
764722845
765265520
765277348
765434769
765602749
765691965
765737644
765847432
765919639
765983486
765992726
766042603
766137483
766316245
766478779
766511006
766613873
766656076
766905048
766949566
766987951
767016062
767182737
767256817
767359706
767483175
767501281
767577674
767710853
767819202
767828396
767926529
768019301
768050791
768134662
768195868
768286386
768416564
768574386
768733100
768854381
769083325
769215685
769338273
769370558
769431189
769800069
769825212
769941437
770027642
770059655
770069693
770116428
770293434
770296509
770302145
770306377
770443545
770504216
770705152
770893642
771217173
771220684
771496315
771746206
772046951
772071689
772078071
772078805
772085986
772182419
772206671
772390295
772428416
772499996
772636908
772950032
773029656
773083355
773349722
773417549
773443361
773537294
773670724
773701847
773711130
773717683
773875324
773888198
773945431
774046543
774048732
774262172
774300324
774400843
774419376
774622054
774652801
774664774
774891187
774994933
775102838
775146077
775227468
775249658
775309297
775365029
775639214
775755320
775985787
776254723
776304518
776502290
776647601
776836842
776860244
776896392
776901975
776928345
776949629
777108380
777340161
777345873
777383858
777502777
777505138
777589426
777628329
777679494
777748452
777998310
778015399
778020127
778336368
778383693
778754846
778762964
778845910
778895344
778915807
778947365
778992000
779196699
779233818
779315817
779320416
779370749
779381238
779474738
779480705
779485773
779597384
779706393
780314261
780578412
780649830
780651270
780676749
780790671
780843477
780846892
780932360
780940796
781082387
781209216
781253588
781427664
781489321
781503045
781503488
781723110
781956272
781983563
782152587
782302927
782383171
782744075
782747880
782818871
782884128
782898257
782916658
782951687
783016265
783068392
783380065
783516853
783689120
783740516
783800059
783870481
783984033
784095513
784106700
784191534
784235327
784250578
784267679
784401459
784516956
784540273
784574062
784593257
784618743
784682553
784777576
784827327
784863048
784863277
784942673
784985956
785032105
785221247
785347392
785486570
785617909
785681924
785786289
785865157
785909661
785983567
786014736
786161400
786400725
786414300
786442234
786479950
786526526
786610483
786732147
786994040
787009158
787037496
787086258
787104828
787157689
787498171
787622412
787678808
787825612
787912128
787932428
787946107
787956134
788481020
788511746
788580425
788942200
789019672
789109769
789114346
789169828
789301541
789319791
789355170
789472535
789487197
789729533
789965870
790001314
790029353
790113090
790339482
790342864
790723413
790725184
790741800
790781721
790798778
791331316
791344724
791366501
791431805
791486313
791498954
791574537
791613601
791810622
791822285
791824832
791905072
792035923
792088839
792196028
792263401
792399502
792414027
792550022
792641297
792947088
793084096
793271796
793588973
793625708
793629803
794087722
794109003
794325780
794350552
794694888
794752116
794851652
795022704
795362040
795467104
795477429
796020974
796109140
796112777
796238166
796321119
796353847
796432448
796679882
796808741
797082157
797124710
797259470
797281871
797570018
797631233
797813372
797984755
798020256
798022169
798071742
798147901
798306138
798378824
798406723
798423533
798529230
798627383
798724206
798739849
798935145
798996158
799071178
799180039
799254575
799269277
799305585
799332554
799639717
799645525
799769179
799976026
800005530
800203284
800283325
800400943
800626383
800676817
800745880
800975117
801049492
801151547
801284395
801682465
801698547
801966355
802089699
802268349
802298039
802571025
802638765
802834135
802998341
803140124
803257618
803257777
803321586
803337116
803402444
803569454
803782680
803866155
803877342
803895255
804021489
804045600
804046006
804054875
804102569
804207053
804214861
804252391
804343665
804404285
804579309
805030863
805092537
805178910
805249967
805565093
805904996
805941845
805953837
805962076
806263459
806355888
806370512
806457920
806542503
806642789
806726354
806947621
807040720
807114940
807132498
807225733
807268952
807379068
807455351
807521921
807572791
807752075
808345156
808467930
808493774
808605749
808808061
808821393
808882662
808969839
809100694
809246084
809259147
809273252
809419034
809549719
809592191
809912111
810139539
810159368
810160876
810177915
810425632
810783490
810880733
811053399
811167855
811254104
811254367
811385387
811420156
811468854
811476352
811584727
811849945
812184554
812235456
812280894
812311681
812323011
812326961
812411874
812416356
812443243
812553874
812574320
812592667
812595044
812805566
812892997
813240397
813311866
813519627
813590184
813639424
813780293
813900977
813915357
813923194
814074502
814158261
814162870
814166568
814254724
814256879
814279491
814544648
814591807
814614723
815169847
815647446
815790950
815941618
816020331
816219507
816262153
816300455
816390481
816539188
816571832
816574280
816648719
816652521
816896224
816936596
816994003
817179282
817242428
817383502
817391495
817596866
817639472
817640766
817786766
817842257
818224951
818311509
818433800
818462212
818495775
818508098
818670010
818690210
818698707
818755024
818963915
819027097
819090358
819694620
819826713
819829163
819928070
819991819
820034221
820106248
820134656
820137635
820308858
820468317
820497235
820578562
820657058
820668944
820685817
820714585
820816417
820873393
820925004
821169395
821356765
821363061
821380183
821457729
821580670
821628205
821758757
821778635
821837433
821839849
821863398
822034711
822098154
822315006
822345728
822463215
822502527
822638507
822669336
822855157
822949670
823871738
823908592
824439170
824823300
824830748
824857767
825055967
825315855
825342586
825577215
825626359
825639803
825711468
825815673
826073047
826108055
826293683
826368396
826544736
826811439
826878516
826900554
826910544
826932862
827066096
827177985
827396763
827409195
827512784
827587862
827602839
827636756
827725705
827819602
827839233
828293220
828566898
828747651
828751250
828923109
828975313
829013845
829065759
829149764
829171841
829212987
829238738
829396988
829533035
829546649
829686609
829701453
829785755
829827877
829850910
829909528
829953957
830053808
830055336
830110846
830131198
830207004
830209835
830372248
830416946
830424455
830510779
830566861
830570990
830632649
830667042
830720486
830833810
830885198
831031538
831251612
831439461
831527778
831537804
831874329
831989092
832021281
832160140
832211084
832452929
832539396
832747337
832976077
833129414
833161607
833194138
833494957
833550683
833578997
833580239
833755631
833778275
833781757
833898727
833933486
833992449
834025399
834161122
834199282
834202794
834250210
834360223
834481860
834763098
834837319
835056589
835125355
835303231
835347742
835426662
835458234
835540033
835543587
835713400
835844713
836431219
836497137
836517749
836656549
836706655
836929943
836956712
836959252
837538304
837572008
837743172
837808117
837990825
838221112
838449745
838555888
838567829
838613700
838819437
838973045
839015423
839145347
839166514
839178955
839327241
839706814
839756782
839908873
840056219
840081939
840094518
840268418
840445047
840478348
840499331
840621105
840666643
840782235
840896151
840965653
841065112
841105830
841245773
841272260
841493356
841518438
841546819
841643380
841694100
841719026
841732685
841932866
841986921
842055646
842115882
842194791
842339617
842373414
842406208
842417929
842544377
842598438
842786651
842822347
842942961
843274258
843319856
843500440
843544145
843548355
843587632
843671935
843747168
843974849
843991843
844039436
844100990
844120967
844309227
844381363
844564609
844607715
844755630
844823927
844831457
844832643
844869609
844993842
845137277
845335788
845574911
845678752
845737565
846016036
846061097
846144691
846185600
846328150
846379960
846650945
846768993
847035792
847284202
847364832
847636899
847706966
847779492
847948150
848087225
848194206
848228246
848323267
848341367
848386202
848395550
848398504
848424381
848454689
848665682
848741026
848928433
849111856
849170502
849499951
849530637
849560048
849573040
849759331
849812358
849866014
849885349
849928502
849931014
849944140
849985260
850140800
850297815
850381163
850447355
850745147
851051901
851090106
851334209
851374485
851493066
851509633
851544723
851582619
851955718
851968192
852057383
852334801
852413142
852629224
852852917
853026448
853036850
853118753
853144066
853154867
853155701
853399941
853445426
853448498
853456196
853562432
853648770
853758376
853784819
853839054
853893061
853933927
854108224
854197289
854263156
854314337
854390807
854617479
854776456
854849239
855017641
855116038
855150111
855245829
855436240
855446590
855516874
855689864
855715284
855838956
855899347
855906733
856074950
856440428
856460334
856644472
856725005
857071867
857165728
857299218
857455212
857514322
857643988
857666993
857738075
857831798
858005406
858077643
858098529
858189428
858240494
858269807
858659700
858862204
858931335
859006495
859065029
859288409
859323936
859444914
859617895
859645742
859846276
859985135
860088211
860268531
860275357
860291664
860301020
860585578
860609119
860804305
860927574
860995569
861048991
861194755
861217595
861311333
861708909
861804940
861818503
861850017
861927972
862056144
862059956
862064545
862114239
862217505
862292815
862392149
862399810
862523492
862889128
863296668
863612105
863649694
863772864
863803562
863907194
864128615
864708696
864758864
864788609
864813595
864855731
865003985
865019428
865023036
865030392
865038705
865078215
865316837
865432684
865438649
865454030
865467815
865499731
865521466
865632902
865724149
865771261
865784596
865818626
865832875
866040156
866055975
866169913
866308389
866329760
866421558
866520321
866919461
867013339
867141332
867216094
867246363
867468505
867490426
867498573
867536651
867711079
867716902
867968692
868015528
868447197
868502508
868545638
868647948
868726312
868740500
868761263
868799554
868845540
868891075
869094322
869252478
869273620
869377155
869748773
869786022
869803972
869821242
869880982
869935711
869973718
869974344
870098764
870104074
870202034
870206785
870224416
870456358
870565930
870713095
870867457
870868426
871098003
871141007
871145295
871168986
871189898
871422659
871752245
871812495
872205698
872240483
872446149
872713574
873033056
873380504
873563966
873689357
873732642
873822143
873930650
873997360
874069296
874400175
874476437
874495846
874614291
874636469
874843711
874982336
875015912
875115980
875233242
875281623
875452835
875484824
875525069
875579872
875625758
875683434
875766491
875840440
875978400
876079941
876218365
876307797
876420854
876660209
876677733
876776508
877164458
877244660
877321956
877413080
877716462
877742062
877771058
877911670
877927366
878041910
878127272
878222548
878228149
878313526
878560393
878749092
878769931
878864419
879041985
879061420
879094757
879241936
879341332
879475794
879480023
879575041
879627010
879633247
879795094
879889714
880064806
880172681
880412056
880442289
880787164
880798139
880864019
880906643
881146047
881150949
881214408
881249303
881363993
881408646
882004746
882060186
882339446
882343969
882381655
882617949
882665509
882672779
882738894
882941918
883002133
883069551
883090965
883179078
883282821
883559233
883698758
883910524
884148013
884237718
884260691
884305729
884548051
884566463
884845573
884932579
884982155
885104989
885295410
885705312
885798483
885868406
885872347
885922527
886084643
886112058
886144480
886202204
886228346
886231221
886461967
886634526
886703999
886748818
886756947
886778985
886794090
887001323
887095747
887123695
887402716
887583873
887758859
887790558
887862036
887864352
887935740
887966452
887988733
888080369
888198131
888219962
888422331
888455816
888620066
889007951
889086878
889087913
889090396
889123623
889197610
889220108
889229187
889295476
889329256
889367263
889427275
889497732
889815541
889936371
889945080
890044373
890075371
890183391
890202312
890450301
890580470
890674010
890836702
890872095
891165268
891210543
891336483
891350948
891358844
891490032
891697956
891719517
891735461
891837735
891844107
891903575
891997231
892097050
892251780
892381912
892446517
892514800
892549640
892829796
892893163
892981865
893017778
893095262
893105180
893117209
893415655
893471216
893513959
893536864
893552417
893827431
893983598
894135109
894263969
894304030
894719190
894729950
894799237
894834356
895012309
895155801
895466666
895684032
895709776
895775936
895788754
895859980
895898195
896054611
896057917
896206195
896315391
896722491
896884433
896973686
897301195
897338723
897360930
897474904
897490491
897502612
897505288
897592649
897925810
898004880
898091119
898129577
898132319
898431492
898506852
898744792
898796898
898946685
898997670
899019284
899093481
899107322
899124623
899150027
899308606
899381207
899556301
899605165
899616120
899625317
899808611
899862460
899948726
900312632
900666614
900702926
900760542
900775664
900853702
900858644
900899363
900981146
901148170
901164425
901168147
901178886
901202914
901238170
901259648
901332745
901445716
901767584
901902832
902000984
902085176
902154620
902479536
902552157
902651578
902728058
902746952
902932609
902948130
902986570
903007350
903111756
903248288
903263444
903324413
903382472
903462005
903723146
903731469
903766235
903826793
903900503
903914405
903990466
904149561
904151414
904191708
904402213
904448733
904479053
904622683
904646675
904715319
905009473
905033485
905053057
905180427
905397985
905478216
905600496
905692573
905755205
905760588
905769345
905908543
905929866
906177737
906225254
906240932
906298782
906333096
906502328
906618839
906848765
906945558
907001369
907016746
907087417
907129542
907229104
907286972
907350178
907969588
908016457
908094300
908214318
908456888
908542915
908701341
908736879
908751004
908891145
909087092
909243721
909375188
909459639
909576626
909662122
909711852
909714550
909715983
909873463
910021285
910077639
910100492
910165018
910180448
910402885
910682951
910813646
910957454
911118954
911453255
911513032
911559435
911887029
911936565
912134929
912211887
912495048
912524574
912785795
912814186
912928699
912933256
913240897
913368266
913556343
913616632
913629878
913755936
913777049
913823375
913839038
913848898
914009625
914123103
914145036
914190861
914460715
914587012
914604476
914631450
914707763
914734660
914790315
914835091
914955404
915048438
915293590
915336779
915559449
915614892
915780675
915943663
916103752
916161306
916167301
916495264
916589339
916602875
916644424
916665966
916685563
916692779
916746432
916853105
916865703
916928106
917037592
917096267
917153987
917195180
917212185
917256860
917358729
917472791
917545974
917732305
917866994
918247003
918359958
918491510
918623705
918885019
918928814
918952515
919046319
919057152
919071872
919169609
919268233
919314429
919378214
919387349
919767954
919781841
919813597
919836816
919900165
919956225
920004490
920050134
920113923
920339265
920364376
920423111
920427920
920491907
920588248
920601227
920692867
920710412
920873253
921240635
921334290
921477906
921497339
921509603
921730616
921785526
922273192
922328510
922464295
922590354
922594811
922615911
922618482
922621555
922846394
923015735
923076061
923406084
923505570
923511393
923662582
923881494
923912978
924014863
924017895
924088617
924194801
924299201
924347621
924369737
924494338
924788623
924792500
924814356
924915973
924932313
925172100
925311906
925345898
925526034
925532524
925663952
925680216
925737757
925767152
925921200
926043275
926155896
926216352
926250705
926418447
926510961
926558439
926636612
926810725
926813462
926881249
927136391
927167632
927231818
927235178
927260615
927380655
927430890
927484094
927753318
928085252
928086490
928622927
928692145
928811400
928843420
928869997
928919284
928976516
929042201
929392188
929401312
929479284
929578487
929728726
930067022
930175307
930198830
930264929
930313008
930356001
930390056
930435317
930740625
930872046
930894470
931007782
931172978
931225665
931425801
931450633
931516642
931542858
931592196
931613575
931735867
931773318
932156578
932260906
932293066
932305916
932324012
932329818
932344273
932353485
932367065
932466010
932479069
932584645
932685095
932688247
932692869
932742095
932748978
932770990
932975618
933141858
933238646
933260826
933360218
933482340
933571950
933925182
933951811
933997794
934069511
934080798
934105305
934106600
934679178
934881828
934980964
935030395
935187082
935344084
935461960
935555321
935621353
935633944
935660273
935683754
935744934
935869475
935889121
935901292
935911548
936189521
936189877
936218476
936276055
936528012
936629517
936717820
936721050
936827461
936836135
936879644
937059519
937069606
937396892
937462991
937557751
937635791
937652886
937740809
937791943
937940154
938169507
938279458
938319410
938346299
938573186
938708935
938969473
939027706
939156317
939273127
939307981
939323227
939505453
939506424
939520092
939544652
939582122
939735769
939797313
939827588
939884748
939957892
939986699
940031459
940115505
940134266
940154719
940242127
940312212
940359868
940452259
940473225
940513553
940654140
940912603
940944635
941048161
941090498
941104631
941220011
941238389
941566443
941642528
941666100
941694245
941909284
941963664
942168784
942292703
942336155
942394442
942410794
942451183
942456517
942525975
942605182
942619835
942912660
942916397
943151602
943174629
943178790
943220931
943608067
943617421
943656282
943749053
944137129
944223307
944237377
944279173
944406728
944410753
944565154
944701528
944731690
944876252
944914548
944939780
945145421
945163176
945177016
945415006
945432570
945684712
945831783
945836479
945862567
945882580
946037395
946044056
946108153
946355816
946361482
946473422
946741316
946767258
946903212
946961379
947037890
947050481
947084267
947094042
947196960
947223353
947287870
947433906
947568637
947725819
947776082
947805932
947891498
947970457
948096020
948119906
948129732
948312585
948438785
948511176
948623842
948625817
948639643
948723911
948864847
948866101
948974180
949306217
949345104
949348538
949362656
949424597
949452652
949478265
949536183
949756752
949831768
950179707
950264449
950325991
950380441
950404704
950479969
950523868
950532507
950553358
950685747
950745352
950935572
951085511
951127755
951306121
951386692
951567287
951797389
951882300
951987853
952000146
952041144
952176126
952321935
952402699
952494777
952559237
952700377
952936188
953088327
953161139
953506691
953673714
953765626
953854925
953880080
953990256
953996380
954031528
954041293
954121516
954137325
954284296
954516641
954529182
954645469
954880755
954912952
955069721
955216304
955413093
955544366
955596859
955776810
955942340
955963951
955964658
956015276
956022195
956032510
956058137
956226561
956343423
956373949
956803025
956808694
957015234
957231744
957364997
957408858
957508209
957649473
957695948
957766044
958030523
958186588
958188172
958240266
958310156
958342673
958375459
958449800
958510645
958520462
958617441
958723033
958847771
958907461
958946074
959013963
959062858
959114119
959152095
959194434
959308248
959319290
959375254
959390955
959522626
959571420
959657129
959673098
959739737
959862938
959871814
959988784
960020998
960105198
960149209
960295464
960305559
960378537
960680913
960693152
960714753
960806291
960813529
960887125
960937700
960979947
961092896
961488693
961640248
961654385
961776727
961872372
961883021
961919578
961933358
961962797
961983377
962013759
962034709
962180356
962221136
962223074
962234544
962239892
962296284
962308223
962371047
962398632
962475386
962478838
962549226
962582493
962695523
962716614
962768727
962860356
962890498
963009420
963080807
963224380
963259612
963459936
963496853
963741085
963840404
964119337
964121512
964226097
964258404
964339260
964526148
964595004
964625960
964750927
964856463
965150229
965179763
965229942
965414537
965650742
965705657
965728047
965895378
965926909
965958400
965961484
966079067
966084887
966232957
966309212
966349141
966394152
966498186
966582442
966828521
966831403
966859808
966996503
967045114
967050757
967094408
967165222
967533288
967786909
967869573
968059987
968194224
968202134
968209192
968218122
968284378
968312205
968323191
968711689
968737564
968879490
968900542
968968670
969177608
969302140
969340285
969370352
969507101
969530760
969717356
969780227
969862084
969906914
969913628
969935023
970092536
970375949
970409014
970442577
970585382
970715760
970826541
970831939
970895732
971245068
971248965
971252284
971713510
971758156
971763566
971776918
971842939
972013132
972036188
972189772
972388059
972571976
972585370
972591535
972615728
972647104
972835741
972908084
972992385
973108597
973161113
973357369
973367611
973407356
973454618
973458152
973692961
973770813
974034753
974102547
974152646
974203384
974248690
974475272
974600780
974614552
974656941
974697599
974785886
974940661
975013655
975121460
975252306
975324893
975456223
975513338
975900506
975944331
976056540
976096863
976100343
976124577
976223270
976519191
976574991
976606288
976637062
976687444
976768904
976875815
976902929
976964560
977183585
977454329
977476978
977604481
977621406
977645315
977833461
977847117
977902676
977913868
977918255
978260850
978320514
978418736
978602989
978604781
978607052
978800359
978847759
978943186
978975152
979007737
979009241
979197358
979366753
979483282
979666224
979684487
979823673
979860255
979870897
979965983
980021293
980028103
980078409
980343995
980484293
980589930
980673221
980697544
980793770
980933866
980971881
981046464
981104394
981106106
981109022
981131492
981294705
981480982
981630507
981649762
981655296
982199497
982209773
982230385
982322534
982399133
982541847
982544127
982648813
982815102
982892778
982942116
982997890
983168794
983497458
983498117
983506062
983551779
983627048
983759239
983937338
983947607
983963739
984044440
984368080
984658324
984778355
985013679
985127460
985361371
985443305
985562131
985608727
986131216
986170078
986289749
986315700
986354870
986428674
986468236
986562593
986634686
986662810
986897103
986958200
986989561
987057426
987205289
987226812
987458028
987688717
987718810
987729482
987853315
987873137
987883953
987992373
988024786
988136953
988208536
988215028
988243576
988249846
988258999
988282240
988286245
988359729
988379339
988412752
988478117
988517077
988547338
988658796
988664317
988903575
989014242
989317689
989337322
989396313
989484263
989498560
989679693
989795626
989818622
989857583
989923771
990046434
990098918
990131949
990137691
990177916
990279424
990449295
990456443
990491389
990752907
990762449
990821119
991001699
991087575
991106674
991193687
991215084
991434326
991484798
991616213
991820829
991894022
991913350
991967712
991990556
992042770
992095745
992120832
992568123
992624287
992633890
992768648
992979324
993030797
993056264
993092237
993111385
993171976
993284730
993393459
993454566
993522233
993939628
993992932
994423016
994427969
994507988
994592335
994838539
994982300
994995368
995087008
995213903
995391654
995454614
995504491
995533618
995648952
995781380
995896193
996023985
996024033
996062596
996097181
996211108
996220200
996346403
996376564
996412009
996573865
996802551
996880183
996910172
996932808
997072438
997216810
997570913
997670334
997729197
998255580
998277246
999023142
999045028
999142377
999170466
999442431
999852632
999916663
