26954
185924
245812
487147
527113
544180
549609
550926
692317
800014
849464
1059168
1248528
1324900
1326693
1442995
1529917
1649141
1762201
1822595
1830557
1885953
1901666
1967528
2372354
2700708
2701759
2744317
2783161
2816048
3015267
3272956
3278324
3316713
3321447
3331291
3407073
3445644
3519125
3604116
3849839
3932279
3970917
4052215
4204473
4228498
4246762
4644527
4680766
4777169
4824010
4830963
4832065
4893307
4908366
4973057
5116358
5116700
5147656
5172631
5216243
5272053
5368761
5380954
5425934
5449586
5476365
5592582
5805295
5871650
5880572
5966344
6071219
6258948
6272843
6351624
6493910
6537360
6570855
6637301
6766188
6890358
6943084
7220165
7261740
7352731
7383760
7434629
7442480
7460934
7512262
7793479
7879203
8014355
8025717
8051055
8130775
8190892
8194949
8374981
8439764
8798657
8828308
9033098
9285458
9351277
9547781
9902886
10025078
10073201
10159003
10184441
10262908
10335763
10418110
10621847
10802161
11194441
11392298
11448037
11722091
11735665
11825189
11865192
11954170
12075324
12189353
12365590
12600696
12633155
12678048
12795540
13013126
13370777
13430501
13537888
13696502
13722128
13848867
13885309
13917021
13949421
13950278
13972799
14027729
14050916
14140874
14248087
14254845
14378828
14427864
14428387
14590612
14631387
14881480
15095725
15394176
15436177
15573823
15721360
16329555
16362508
16399147
16477252
16547307
16558272
16581025
16599771
16721731
16740283
16763207
16822642
16948348
17109487
17121732
17194137
17491687
17529894
17608379
17622861
18000134
18011142
18336308
18432930
18469643
18515933
18543652
18585426
18721860
18794941
18795418
18831169
18904489
19008421
19029721
19286577
19924556
19945201
19981284
20108562
20340302
20350481
20432839
20446179
20588449
20669259
20879031
20944945
20950820
21046527
21187055
21300015
21363643
21380058
21545504
21646420
21810856
21848667
21879119
21932336
21932912
21950480
21980209
22002449
22238153
22531712
22699991
22702975
22731903
22921965
23002343
23260524
23606726
23773366
23806621
23887260
23896045
23958176
24086333
24204211
24234827
24255184
24334500
24386085
24506854
24571866
24788880
24925712
24999133
25141403
25310883
25508379
25512252
25579635
25630570
25747788
25776187
26006909
26184535
26223198
26762918
26791546
26811289
26884829
27011204
27138752
27271382
27373752
27431098
27469222
27575865
27765556
27805740
28074946
28109616
28110544
28237339
28413492
28552870
28575121
28704349
28764717
28772781
28825980
28940713
28977691
29107517
29113054
29146366
29300454
29444735
29510624
29545905
29742267
29755864
29781953
29792030
30328042
30388088
30420182
31012459
31209671
31277177
31525642
31535606
31586040
31649928
31854312
31956334
31961739
32044974
32057116
32145248
32166882
32227274
32362212
32378552
32428953
32581708
32754397
32838089
32849756
33154799
33174333
33218287
33306434
33419122
33633924
33816605
33925392
33927025
34098600
34284220
34767646
34770664
34844693
34920050
35051937
35204457
35251958
35568071
35579944
35586585
35648209
35804910
35976650
36138933
36206583
36291867
36351828
36452308
36487939
36748348
36857809
36871826
36954135
37077825
37120252
37239687
37382120
37488490
37668262
37845798
37919161
37925401
38004481
38106383
38263875
38281224
38481302
38552726
38566554
38631535
38680783
38686885
38727884
38738091
38744344
38797792
38837737
38914847
38932701
38964387
39567008
39701311
39708243
39731356
39796193
39858485
39862505
39866232
39925562
39932390
40038929
40165888
40495089
40624622
40760616
40952725
41106160
41261854
41545331
41677863
42106497
42296421
42314789
42427883
42583776
42627539
42688757
42735495
42759235
42886302
42899348
43032242
43083582
43101220
43302998
43349804
43492824
43615593
43669060
43826447
43950716
44065388
44119358
44145506
44153806
44161428
44198581
44221029
44254192
44411399
44529690
45096059
45220111
45262853
45407761
45612893
45732228
46171309
46198975
46213849
46427204
46464375
46531351
46545341
46547348
46565822
46592144
46673147
46673513
46832272
46933355
46982210
46984194
47118262
47229517
47423185
47445058
47526125
47826887
47843571
47859148
47998909
48139635
48296792
48381970
48481439
48997507
49090433
49232979
49425482
49465099
49497972
49572537
49694555
50195085
50217073
50253729
50273747
50279408
50323786
50378195
50394165
50464643
50503664
50625328
50713562
50816260
50960931
51017755
51210000
51386954
51426826
51444449
51510390
51656250
51928018
51934328
52080212
52109137
52131814
52187440
52326458
52382421
52391392
52631914
52827445
52858086
52880503
52886308
53069640
53087121
53164786
53209956
53384313
53399047
53399538
53400275
53491960
53545589
53652133
53770385
53792529
53873882
53890314
53924235
54258296
54285330
54489074
54587989
54590576
54628940
54679141
54719290
54753018
54779521
54851519
54864333
54914745
54949704
54968548
55220112
55313728
55360498
55466234
55523655
55640136
55703638
55713728
55771330
55813414
55884602
55886711
56064375
56088788
56178412
56197063
56283359
56335568
56336886
56386058
56441064
56462006
56513341
56657512
56716931
56809702
56832437
56857908
56976856
56977752
57044990
57341457
57499553
57537756
57666913
57690193
57911895
57929043
57971858
58104862
58243345
58695942
58805954
58807411
58822637
58868411
59038262
59050781
59061636
59245843
59349308
59391733
59481446
59493124
59595334
59666414
59767901
59779433
59811663
59823675
59946586
60097544
60100115
60167777
60250386
60313807
60426199
60464684
60520429
60535120
60628346
60672823
60844605
60880845
60882784
60904889
60936909
60953994
61101158
61108470
61172779
61357814
61581025
61662684
61730512
61743048
61810906
61824211
61852914
62186083
62566581
62760558
62797632
62898766
62922103
63022260
63094943
63111265
63111957
63164977
63298953
63495038
63525616
63820002
63841252
64111524
64135809
64211043
64337703
64445314
64469342
64515285
64626835
64861437
64904327
65000927
65041821
65332677
65348334
65414687
65460176
65827149
65844147
65891952
65901599
65905985
66108029
66211270
66227774
66391691
66529228
66712198
66845752
66868023
66911527
66945864
67019712
67085049
67134191
67282416
67355948
67359233
67549873
67609182
67723407
67927110
68029044
68032884
68044230
68067939
68096152
68207030
68357804
69092255
69107255
69212158
69237231
69282126
69326462
69354846
69411747
69412845
69492928
69681347
69684338
69729178
69991932
70052725
70223085
70260786
70360701
70606626
70658825
70782329
71063451
71298947
71347355
71360679
71454046
71462319
71503236
71577174
71589745
71734182
71743189
71942884
71998749
72010949
72040037
72051301
72159627
72178238
72316332
72847300
73037758
73075445
73151638
73169847
73242058
73298329
73507809
73623116
73727965
73850679
74041289
74105865
74212516
74215176
74246845
74257105
74376371
74465730
74636374
74757381
74871828
75001442
75135812
75722163
75822619
75910334
75913147
75953244
76287685
76401528
76593644
76670783
76897888
76975345
77109887
77135810
77435658
77826599
77882978
77984322
78018843
78224822
78401987
78423103
78466638
78510087
78955751
79019221
79100472
79152187
79237268
79398026
79517534
79518448
79568280
79687651
79759704
79771845
79784091
79919781
79974059
80081399
80272940
80533805
80606428
80775936
80849623
80882358
81028876
81139544
81152617
81288750
81335111
81344719
81433864
81473609
81551823
81708997
81782846
81810711
81813598
81919932
82069305
82089538
82103370
82122417
82144299
82225315
82293225
82353033
82411920
82415666
82416101
82422559
82426851
82584956
82633851
82718415
82734786
82771102
82774931
82990247
83080004
83357045
83454981
83478010
84020325
84355358
84454779
84555525
84602097
84712782
84851990
84871089
84961146
85000999
85177700
85212539
85392024
85423282
85515252
85545685
85763062
85941117
85969675
86052632
86062231
86110252
86328272
86431229
86789636
86813089
87064073
87149506
87206011
87236135
87315698
87399827
87476076
87499576
87816289
87916375
87981222
87985245
88014562
88077133
88141308
88236846
88258015
88279088
88336010
88371082
88409715
88489510
88495916
88579524
88585237
88597138
88605385
88727615
88846682
89475387
89656653
89747720
89888072
90058315
90096171
90124458
90323076
90538568
90703730
90764993
90779225
90860014
90954401
91093742
91575565
91593718
91612454
91700061
91762522
91818497
92133365
92136492
92474129
92512092
92745250
93004451
93342784
93426434
93428299
93466096
93720894
94006885
94903979
94934559
94954704
94990258
95110471
95126318
95398261
95515548
95521576
95526499
95578068
95578328
95677239
95689001
95703854
95791303
95943047
96007127
96019937
96058742
96113764
96262068
96336765
96349547
96553684
96559849
96743624
96744152
96806803
96965829
96977767
97108690
97201094
97216463
97312736
97367042
97502400
97609276
97900694
97951601
98020918
98196220
98426323
98441225
98626360
98744040
98769214
98875257
98909906
98922576
98979246
99057753
99191757
99275908
99356151
99481182
99560937
99682403
99713429
100195840
100289185
100436535
100465627
100466523
100584437
100721342
100792077
100804562
100942328
100953646
101121407
101243381
101269157
101307001
101311301
101369076
101465750
101553129
101566756
101585550
101774423
101790477
101945835
101957696
101989709
102072969
102280227
102372399
102434987
102509818
102587400
102687319
102719620
102848729
102902721
102922686
102946277
102985831
103007347
103041364
103150673
103190505
103211649
103279264
103375899
103388697
103443744
103496619
103627033
103802777
104129390
104255879
104421478
104468045
104486071
104578945
104654646
104710136
104841896
105128647
105155541
105257485
105274383
105286541
105329850
105356595
105376346
105472955
105483589
105747590
105867014
106050851
106170296
106264591
106276376
106319935
106384576
106557748
106954605
106973913
107006065
107015059
107018127
107235625
107253579
107255292
107274013
107453509
107493465
107514413
107809452
108158401
108221047
108479515
108891525
109222061
109227351
109250215
109401648
109528298
109542519
109590237
109630936
109743705
109966221
110070278
110122303
110314185
110411994
110804032
110957098
111078411
111079902
111270352
111363284
111412565
111426711
111596750
111639656
111640645
111679523
111698113
112040237
112268867
112276462
112462621
112809645
113021831
113034730
113040801
113049550
113202887
113291196
113396648
113927324
114326621
114482537
114483275
114584129
114804053
114852367
115107936
115133050
115145901
115232250
115270165
115288358
115301427
115447421
115496866
115514853
115573597
115672710
115704683
115731690
115758796
115793967
115860865
116019180
116095756
116215909
116458155
116485741
116559717
116622434
116752597
116771115
116931177
116962929
117035830
117077632
117080254
117282515
117648884
117653638
117757690
117825574
117946868
118139072
118234888
118322650
118344615
118364083
118366727
118373305
118467731
118531702
118565662
118612701
118998153
119735573
119746562
119887798
119930862
119974331
120060427
120183443
120358851
120595793
120607579
120883605
121021925
121057091
121071508
121135850
121488575
121547459
121562761
121641651
122026262
122175505
122207511
122262474
122400659
122528814
122551316
122578932
122681595
122710390
122731481
122755323
122809923
122866851
122970736
123029474
123104594
123435367
123567039
124020944
124161375
124289141
124300080
124312455
124361445
124370144
124614663
124645774
124761552
124767439
124931022
125138399
125583156
125604340
125609141
125739176
125745314
125757200
125814971
125900466
126110413
126487840
126503243
126563778
126600683
126631889
126692262
126727698
126738222
126906060
127008924
127009714
127075555
127088535
127511492
127633723
127677518
127747088
127791147
127823001
127941906
128140175
128207346
128302110
128373812
128593118
128805434
128810843
128861246
128926366
129146886
129177887
129580681
129687219
129912844
130115675
130231466
130393094
130528048
130581391
130616526
130872027
130959547
130992791
131328310
131373672
131428183
131575673
131600317
131830583
132048882
132068898
132236056
132289642
132358137
132503872
132553320
132621358
132661992
132674699
132683623
132908786
132998868
133145229
133161492
133220401
133242917
133295655
133348838
133495905
133543669
133606405
133648004
133674112
133810184
133988958
134242454
134264872
134359259
134384579
134489123
134597783
134622847
134640171
134664512
134858447
134871029
135025963
135216065
135452166
135750254
135791414
135811298
135841388
135923576
135951699
135962808
135979739
136145147
136218480
136397243
136425157
136426692
136496452
136499806
136515790
136590837
136626431
136652379
136748958
136896605
136905869
136909368
137028355
137148984
137185420
137317707
137423045
137523485
137651931
137904681
137914196
137916999
137945899
137947533
138086862
138302119
138302991
138428916
138522501
138544825
138622727
138746006
138871367
139081634
139092433
139141023
139177187
139234553
139266665
139281050
139285920
139648171
139668933
139710965
139777322
139865431
140016965
140111248
140221409
140251933
140280483
140324913
140504465
140717094
141207519
141230259
141685463
141800508
141806770
141813370
141950007
141988496
142019546
142046081
142049317
142062851
142291202
142478846
142538247
142600066
142736056
142763753
142789157
142792506
142799820
142998843
143096021
143148381
143154510
143170548
143212679
143567889
143600457
143692844
143733425
143990076
144069286
144124146
144175244
144684093
144722135
144739015
144773884
144814921
144859750
144882389
144937036
145207275
145338735
145527733
146234687
146326633
146357046
146362202
146416940
146489742
146627986
146682914
146730615
146734492
146803346
146829620
146856779
146858366
146905236
147077599
147092690
147188540
147383033
147533157
147564927
147573200
147641483
147733962
147784580
147886952
147916543
147965039
147970728
148105540
148185844
148228668
148232335
148403760
148413401
148424324
148546605
148619370
148647304
148671690
149028787
149399834
149474495
149961546
150075666
150204728
150229836
150240685
150305096
150554518
150970924
151024853
151156969
151205438
151264446
151269478
151509565
151607307
151614710
151691694
151751869
151813251
151814586
151855181
151992046
152027201
152168867
152237634
152376757
152481302
152575501
152709241
152753821
152786412
152827938
152829507
152831067
152854063
152948285
152985986
153106102
153132810
153576772
153680768
154060851
154279426
154360894
154449228
154547193
154604614
154664250
154796776
154861415
154912341
154996794
155052681
155209291
155291818
155486780
155978682
156195231
156197291
156339295
156905388
156997844
157133872
157178876
157244500
157304383
157456743
157542842
157695699
157719772
157723798
157985068
158059509
158155813
158200074
158264960
158293178
158370555
158504505
158669599
158682253
158713378
158820469
158896449
158966130
159041687
159134012
159144787
159174300
159188807
159208658
159404876
159478409
159600817
159765970
159772744
159797787
159812989
159999239
160108321
160174007
160214467
160277882
160364021
160391168
160400990
160459642
160573697
160701325
160976212
161183582
161223667
161260322
161408737
161492936
161505012
161820143
161855526
161946500
162043744
162321488
162363244
162393484
162444447
162452603
162498544
162571831
162640512
162671884
162713467
162815073
162826486
162874420
162995025
163114365
163160461
163261063
163275437
163314631
163358510
163421358
163438693
163454209
163636800
163717475
164155013
164270628
164306713
164339968
164350351
164662107
164815545
164829466
164870446
164878041
164916697
164925112
165045481
165101587
165257340
165350969
165592091
165670914
165749655
165764223
165808791
165875897
165917565
165923317
165971128
166015552
166080939
166093496
166382686
166439352
166598049
166784092
166819437
166992695
167036827
167061733
167068723
167481406
167638171
167715612
167822983
167893934
167916847
168058181
168273994
168284167
168388990
168450458
168587259
168666974
168775048
169012775
169021019
169128246
169182208
169340370
169456170
169519125
169584858
169667511
169757805
169802139
169949104
170423346
170837172
170863661
170908213
171015509
171068574
171166528
171191688
171286267
171299607
171468237
171539334
171605644
171723508
171768814
171789731
172048426
172139632
172264788
172406617
172409643
172479279
172580186
172747394
172821871
172853835
173139075
173320572
173345402
173397649
173448264
173735011
173807513
173824121
173844498
173980058
174309882
174376233
174523388
174552467
174568630
174602714
174712689
174985767
175063587
175147308
175153565
175184745
175241283
175354372
175471166
175641072
175735408
175945479
176158411
176160620
176511317
176530803
176566507
176657043
176662968
176810813
176867215
177061997
177192256
177261704
177264351
177328338
177384327
177402751
177675872
177739391
177968395
178022501
178070243
178097227
178176509
178290358
178296141
178356852
178459829
178537073
178570135
178787860
179016736
179067332
179085032
179273859
179287392
179374352
179402731
179614888
179777286
179811061
179811977
179947386
180013377
180060104
180204384
180323128
180330118
180335599
180519198
180609633
180659879
180769768
180773352
180785086
180843541
180917884
180951086
181011633
181014162
181284269
181499549
181605317
181742182
181742395
181998869
182216919
182334021
182475499
182787997
182877016
182913533
182997757
183141481
183456786
183553344
183798255
184158405
184306802
184315459
184409649
184413556
184480204
184596467
184604272
184808466
184830212
184840703
185035526
185162731
185217375
185261049
185536784
185869393
186205152
186258684
186264537
186383545
186441606
186485439
186644573
186704439
187047479
187132337
187164082
187266387
187292970
187305966
187619557
187642365
187662729
187777895
187785754
188113202
188120566
188232810
188324943
188328519
188469095
188503621
188534899
188583092
188614084
188861583
188905393
188908335
189057607
189208918
189375794
189423023
189506744
189585034
189677877
189694973
189892713
189997294
190050662
190157850
190226228
190372949
190383314
190401803
190789988
190857522
190860076
190869038
190912264
190948331
190952694
191004370
191280782
191524118
191598649
191835365
191861334
191900784
191923040
192365360
192841919
192864191
192959172
192988073
193083809
193282366
193301896
193302591
193339547
193564244
193573166
193747300
193831763
193891115
193891617
193961509
194337657
194364905
194412772
194436223
194456001
194474243
194517526
194617000
194925859
194962541
194985737
195059456
195339423
195494164
195628373
195858116
195936587
196082492
196108968
196136570
196236064
196259896
196267551
196273748
196277483
196333818
196429928
196512441
196561038
196747274
196764213
196892138
197330782
197381242
197427325
197565284
197823660
197876741
198101602
198103537
198209653
198213025
198502847
198677849
198729194
198738075
198909314
199016866
199076265
199081318
199193086
199241367
199318166
199437550
199465929
199495503
199580111
199590930
199908462
199974281
199980771
200054165
200092783
200156305
200254224
200442158
200642185
200658168
200716987
200755129
200765605
200883145
200978181
200986964
201017108
201056244
201077859
201156393
201179705
201183160
201226684
201406667
201699247
201815036
202036166
202071485
202251953
202288620
202312531
202316749
202463100
202517212
202673844
202989620
203079930
203188974
203269141
203357185
203559397
203567521
203617226
203983507
203996975
204060377
204216076
204216702
204369755
204441019
204476215
204617534
204647495
204654659
204681528
204694593
204968427
205086344
205119689
205136070
205194392
205215619
205478408
205600980
205789795
205907377
205932783
206002522
206031140
206192622
206277763
206293805
206298484
206496340
206757400
206825541
206873336
206941010
206987717
207030066
207096928
207374867
207427877
207469363
207562752
207663556
207719991
207919851
207926890
207941395
208031448
208092427
208279818
208302080
208303095
208375891
208420282
208439158
208447441
208513356
208904666
208908525
208984153
209226021
209294807
209298645
209499471
209763334
209783917
209882670
209912832
209945043
209957550
210012807
210023493
210117796
210155970
210270464
210293305
210362377
210451350
210462502
210525846
210643113
210643146
210651442
211083691
211099570
211178804
211268520
211382247
211456549
211464677
211556037
211579819
211641758
211644036
211648574
211704154
211727586
211924395
212027066
212035069
212091049
212109754
212110829
212222873
212237294
212943789
213117353
213166318
213180785
213326905
213367384
213409466
213442596
213452916
213477489
213526028
213564572
213630578
213681774
213791011
213798246
213802147
213828263
213834450
214024882
214257786
214454572
214470768
214504638
214576653
214626559
214638100
214715183
214823011
214963689
214990216
215029723
215126658
215431667
215647012
215755164
215756103
215953801
215989396
216285142
216340313
216400241
216409905
216418193
216450539
216712414
216729275
217082736
217214148
217287609
217454195
217586051
217681609
217822920
217844043
218018997
218031484
218219173
218305550
218326152
218341528
218497869
218524224
218577281
218618700
218668319
218729507
218757717
218809633
218815160
218855610
219002356
219053786
219059098
219068629
219087167
219141883
219166757
219202655
219657562
219679958
219693029
219743595
219768455
219785406
219927446
219948330
219970896
220032777
220102124
220527515
220536144
220547147
220886992
220968975
220999525
221024366
221054711
221426582
221703664
221909660
221928381
221997354
222433895
222442850
222766108
223306752
223502208
223647038
223703362
223714836
223791718
224047286
224067873
224358689
224514157
224628342
224863867
224940006
225047568
225069588
225177377
225206829
225264998
225381640
225383119
225413219
225525624
225534201
225551344
225684389
225726329
225820165
225852838
225858044
225953939
226001401
226069531
226443932
226451427
226541979
226581229
226599734
226615255
226660028
226663096
226687858
226712595
226781127
227104126
227358977
227423353
227516383
227725880
227760124
227875127
227880749
227895236
227923833
227965911
228091644
228178954
228236873
228237672
228319438
228535591
228552980
228673320
228758574
228928482
228967987
228977119
228979882
228993615
229057101
229168581
229216545
229254472
229312507
229599846
229950009
230269134
230317506
230354646
230381940
230446726
230551651
230552328
230634894
230739694
230801059
230818725
230843065
230915589
230990770
231215801
231387753
231539185
231557741
231715258
231818638
231821132
231927577
231962129
231984723
232003471
232018105
232044279
232066281
232160941
232294824
232295644
232343776
232670755
232887755
232999755
233002115
233171263
233195725
233267498
233588317
233864390
234363576
234414934
234568038
234720921
235122742
235316713
235316979
235322908
235386367
235524937
235555968
235593546
235621513
235647796
235717668
235789277
235829377
235864928
235939801
236032576
236062700
236121147
236162170
236315784
236417216
236494961
236556334
236559993
236678266
236905548
237063533
237112493
237131069
237333310
237396359
237436992
237599781
237631086
237775963
237813548
237982797
237988110
238018233
238037802
238133440
238137253
238166098
238209446
238212229
238236206
238312301
238328979
238456758
238468658
238490253
238565298
238693123
238830914
238835480
238979245
238993069
239217626
239239252
239318600
239403361
239461121
239621577
239664982
239892137
239988423
240110996
240222104
240373144
240397699
240615545
240674016
241210972
241274837
241306107
241532207
241542657
241626409
241707010
241774618
241929327
242167652
242178928
242356994
242458223
242511661
242619244
242658740
242763423
242832888
242871133
243384222
243399940
243400835
243430057
243430786
243478242
243486506
243512258
243577873
243585725
243661852
243748226
243781127
243793487
243892440
243920444
244077898
244215954
244268533
244289179
244291567
244302393
244458997
244561721
244700073
244718081
244935963
245047929
245114759
245176984
245274573
245276441
245359669
245538994
245564874
245697808
245771912
245873476
246034309
246156310
246326565
246492429
246516417
246527082
246563705
246588718
246596216
246626558
246628767
246683967
246833574
246835236
246957535
247066391
247088680
247098616
247176728
247197796
247386112
247427837
247471012
247497163
247517681
247582945
247684399
248105579
248194719
248278221
248312795
248402019
248428778
248433064
248607797
248678242
248744429
248794791
248985301
248998972
249021253
249068665
249241273
249267341
249327596
249397835
249603101
249723633
249768789
249794050
249815535
249978837
249979085
250184026
250228869
250257790
250555406
250603196
250889319
250985111
251035668
251192692
251417739
251419877
251480463
251894091
251901967
251913229
252156669
252464107
252482020
252482680
252622682
252657429
252778842
252901760
252983938
253040041
253070292
253232094
253244379
253465334
253487192
253496992
253620047
253627687
253759430
253773406
254005454
254147383
254492482
254523463
254654509
254902695
254932741
255122195
255222438
255296123
255646138
255693076
255709815
255811687
256523251
256554412
256629995
256683143
257009999
257111047
257272981
257317170
257797539
257799979
257957651
257993755
257994657
258083906
258142223
258271304
258298734
258334606
258426742
258456920
258653285
258729836
258812916
259097904
259504149
259604610
259653913
260166821
260205130
260287703
260330252
260369839
260415980
260559774
260589582
260650669
260781122
260865447
260865872
261079911
261309012
261679145
261680371
261686347
261805592
262043553
262159803
262621361
262624331
262707501
262813744
262829424
262914334
262925527
262929783
263016503
263071577
263163252
263297555
263353708
263588539
263840329
264014430
264202911
264213667
264448976
264563747
264735202
264874441
264882374
264885638
264886767
265070029
265206385
265264152
265318537
265662732
265693601
265713626
265782137
265829055
265846006
266084952
266184375
266299288
266354238
266364916
266365875
266404534
266429218
266529063
266662818
266673356
266717741
266812640
266892125
266970797
267121506
267253290
267328498
267369357
267417435
267444529
267641894
267718158
267998826
268269244
268319330
268360445
268511031
268611409
268623591
268636717
268777302
268801984
268826086
268980654
269085544
269147679
269175408
269225974
269237396
269472765
269556680
269700056
269773246
269813237
269935188
269965964
270032502
270056674
270072344
270119636
270317872
270370456
270460860
270809298
270872624
270888964
270930881
271109102
271138490
271257658
271310291
271313935
271332821
271370520
271405574
271497028
271529011
271749064
271861098
271866336
271889505
272008028
272050042
272115089
272168751
272465685
272508081
272939200
273171568
273186791
273310875
273352455
273467592
273523911
273541191
273603967
273656621
273685693
273730073
273807716
273937340
273968331
274334906
274546392
274868680
274962052
275276026
275361456
275383906
275565088
275628036
275727375
275785926
275848465
275971247
276091381
276522557
276525227
276705201
277153233
277186575
277216084
277272277
277341684
277450441
277648913
277702354
278058150
278241886
278471073
278536927
278579717
278624031
278701244
278826378
278841183
278949670
279090159
279174056
279187202
279293011
279319190
279381119
279443011
279678089
279808029
279917623
280348551
280513130
280590113
280646931
280788916
280988243
281148962
281234402
281250227
281260123
281492671
281938644
281957411
282171275
282349578
282391546
282393246
282487298
282492536
282577623
282674699
282867126
282944930
283011279
283095282
283142205
283565609
283867844
283872737
283911369
284073775
284122324
284231429
284695235
284721683
284749754
284794535
285082752
285089848
285094207
285174096
285477636
285580966
285638063
285953408
286055543
286107720
286390024
286592611
286650554
286761145
286899467
286910260
287175338
287469498
287571981
287591731
287681695
287732744
287765883
287774775
287883029
287986648
288210252
288403280
288622659
288782012
288860233
288891134
289091334
289145509
289146300
289149996
289247761
289265399
289313076
289376707
289419661
289456895
289475001
289482577
289646944
289754874
290003421
290347219
290573042
290628765
290719142
290781984
290840816
291084501
291097536
291237282
291440776
291442708
291572079
291722329
291798974
291926048
292314503
292423833
292449378
292586363
292622133
292629608
292985919
293153702
293166632
293378394
293498985
293939504
294016560
294098850
294104092
294366948
294375133
294397713
294400641
294468963
294793359
294810064
294865731
295101171
295506894
295563763
295672062
295748637
295878479
295973894
296161718
296413710
296426480
296480174
296489826
296541255
296580268
296602041
296687660
296712797
296720322
296736073
297160272
297252045
297360509
297430731
297451936
297548264
297593801
297639053
297792440
297832812
297833685
298136509
298192689
298339450
298366451
298453910
298473317
298765037
298775713
298850406
298894340
299013631
299023897
299033025
299130199
299220831
299230305
299263270
299518925
299539153
299565086
299659236
299752175
299780568
300059839
300066238
300139158
300255966
300309005
300621499
300676023
300790663
301016109
301150559
301172648
301297873
301367248
301655116
301665673
301738141
301748574
301911031
301963483
302046424
302250271
302563571
302811942
302910740
302918827
302934626
302996378
303348500
303351111
303430906
303503313
303507578
303761008
303870255
303904992
303962559
304038911
304058813
304083339
304088880
304246021
304303650
304381677
304411236
304511147
304593053
304705433
304715923
304718380
304748813
304865305
304982731
304993069
305347064
305362734
305528271
305691897
305888762
306040621
306065078
306172107
306205343
306304270
306427893
306439491
306446337
306479561
306526351
306554355
306598746
306764529
306815094
306962956
307015957
307042757
307341737
307383729
307478055
307586115
307656867
308571437
308633593
308821038
309347310
309361687
309503378
309608164
309698688
309831228
309929997
310007723
310018391
310104975
310174891
310249360
310606597
310617868
310709752
310797438
310908041
310978034
311058385
311243026
311315774
311372114
311383578
311508803
311639157
311699983
311721164
311730668
311924322
312086509
312109609
312235433
312336746
312357788
312409694
312641703
312766766
312786220
312887810
312890194
312973630
313076339
313111581
313215273
313255533
313317946
313330009
313443477
313666560
313760982
313797627
313821078
313882318
313959358
314054939
314102254
314348177
314393656
314631716
314878619
315042033
315103797
315513047
315652886
315679907
315756725
315793756
315872122
315938625
315952330
316063818
316183523
316365079
316548629
316629911
316640594
316652339
316667514
316784035
316854349
316874248
316989823
317256687
317382486
317458519
317603274
317679422
317716180
317729840
317764671
317976373
318087216
318166675
318220811
318458131
318522178
318672782
318987953
319131860
319415012
319672729
319720000
319886111
319959060
320048101
320209876
320628891
320664614
320689605
320731624
320786876
320862712
320909711
320927700
321258420
321372573
321413186
321467967
321553734
321581005
321604133
321608755
322089964
322211994
322417090
322560554
322589913
322849370
322979336
323083516
323135779
323145463
323182385
323250052
323370797
323396855
323529681
323537230
323803306
323886641
323965218
324133121
324349788
324349871
324449352
324575614
324622865
324729412
324860205
325361977
325374100
325412711
325441356
325541800
325640996
325690973
325778564
325910100
326045522
326092678
326099688
326259605
326701656
326805357
327056933
327148699
327275644
327355235
327390278
327775301
327823340
327864826
328079689
328151908
328229740
328313172
328330604
328349770
328371709
328512243
328625082
328627532
328718426
329007668
329146842
329159641
329654587
329883167
329936627
329991871
330056229
330185059
330216238
330240204
330304648
330362246
330655561
330831703
330869809
330895589
330921837
330950355
330982678
331045281
331104586
331163629
331206815
331209373
331298211
331499502
331750653
331770993
332191701
332201957
332212014
332255618
332384042
332493090
332499360
332677419
332984385
333126498
333130216
333150460
333691263
333716482
333732145
333747440
333817898
333839117
333858158
333934960
333985345
333997377
334121845
334344838
334424231
334595174
334627546
334722600
334957686
334963192
335430306
335439141
335517727
335550571
335571963
335736529
335763553
335797499
335846966
335908605
335917583
335985705
336257960
336295872
336365511
336405726
336742650
337047935
337170951
337214643
337219349
337407194
337581989
337622926
337798449
337846456
337871425
338233659
338547288
338644509
338767509
338776670
338950363
339019330
339046794
339263214
339402675
339430605
339457883
339497627
339645247
339694234
339696879
339698816
339810686
339874287
339903594
340383299
340452344
340467994
340666563
340746613
340797213
340871632
340886804
340966694
341077642
341187620
341321586
341498983
341740144
341765101
341851785
341913430
342013716
342141261
342265823
342283420
342301818
342616737
342837473
342853482
342866410
342909907
342978930
343013033
343027306
343078468
343335562
343372099
343501206
343613368
343630919
343675580
343929070
343991932
344081312
344092321
344232871
344297769
344327346
344463786
344531589
344571971
344603399
344623753
344690787
344851443
344949081
345029374
345062164
345144838
345175363
345309870
345383180
345385993
345399917
345637248
345680298
345715242
345773615
345865246
345905145
345920694
346000581
346007408
346074754
346128562
346186707
346305842
346379509
346447235
346502102
346509944
346597917
347016417
347113444
347122552
347140993
347151294
347292586
347320585
347335074
347418412
347528419
347636216
347862094
347893119
348007233
348100411
348146221
348227047
348325173
348338257
348361343
348446665
348636349
348803907
348812153
349003368
349116878
349200646
349206830
349352169
349423800
349547205
349583605
349602923
349877331
350018082
350024699
350082221
350106023
350812616
350930666
351250212
351391990
351426480
351507864
351667909
351796975
352203624
352430451
352586566
352604598
352718853
352746221
352776877
352811558
353110233
353130019
353270036
353408213
353542369
353565710
353612241
353725091
353751257
353820181
353883908
353936557
353953186
354114066
354183055
354230041
354367294
354372489
354391209
354413341
354490940
354641666
354761224
354805129
355178579
355186840
355260100
355296982
355352820
355396069
355438666
355501476
355506666
355563137
355602537
355623670
355677262
355727867
355812462
355894775
355991524
356195077
356594968
356640444
356837212
357013051
357023805
357132528
357168974
357338252
357364153
357464715
357891353
358070336
358070936
358107926
358160222
358265693
358449150
358503699
358504706
358549986
358683728
358759660
358849087
358926794
358971592
359063030
359177868
359210938
359534274
359571570
359699375
359785409
360017563
360287011
360328605
360581089
360642645
360684091
360711788
360888932
360989102
361252498
361320221
361407555
361675574
361838922
362060495
362123278
362202551
362232295
362348237
362469929
362583480
362705459
362710241
362721613
362742813
362990416
363069364
363255691
363265863
363281756
363325661
363466418
363659757
363784559
363797022
363981314
363998478
364255127
364717037
364746774
364790388
364804925
365040074
365054047
365228381
365277822
365333768
365474705
365575126
365658128
365956365
366046482
366113218
366199358
366236941
366334751
366354125
366461885
366511364
366950307
366977477
367024265
367110357
367172033
367292942
367626894
367732310
367920040
367938349
367950577
368302099
368413745
368427728
368527342
368527593
368541137
369029075
369033229
369053401
369181489
369309652
369347034
369352695
369375223
369457132
369482973
369533345
369623821
369839715
369920329
369958635
370270691
370418214
370446443
370486985
370502041
370598784
370686212
370706154
370836098
370868760
371012680
371073177
371126245
371287613
371418726
371468361
371480998
371664298
371667758
371694850
371906420
372038785
372054895
372138547
372223434
372346249
372393607
372881296
372897494
372966698
372979383
373005918
373021015
373037134
373171250
373249765
373291914
373324011
373346515
373721552
374081607
374101905
374250423
374365243
374384922
374399491
374591931
374611974
374617213
374902866
375126672
375183389
375358493
375389158
375537782
375583554
375707305
375720457
375720591
376056859
376127174
376366422
376383960
376471248
376651856
376718179
376942712
377047568
377364349
377519040
377573954
377580785
377722353
377777751
377855952
377858357
377874166
377885069
377887625
378083684
378102700
378246705
378256295
378403593
378568550
378694234
378814004
378907232
378955910
378976462
379028669
379118404
379154185
379176993
379181127
379362415
379415276
379562458
379606210
379883472
379966115
379967118
379975126
379985731
380007651
380228754
380271245
380465355
380466688
380479880
380504284
380629254
380682859
380734437
380802474
381036529
381094390
381129075
381359406
381411982
381635968
381796746
381856509
382167877
382346633
382466052
382467138
382566840
382640562
382893850
382916001
382973734
383118722
383162246
383181994
383233620
383256139
383265735
383267350
383296463
383310834
383464831
383714638
383717882
383719301
383850816
383860346
383870256
384052654
384117050
384456932
384510830
384787152
384857982
384890502
384902899
385157589
385358277
385393929
385472920
385579767
385783331
385817643
385840865
385877423
386019796
386022883
386045876
386192136
386313014
386433115
386525576
386621230
386753671
386788537
386911037
386936184
387080322
387411808
387678945
387816546
387833368
388026356
388028426
388162634
388208821
388321581
388401415
388677591
388799975
388905945
389237987
389504674
389767459
389988296
390072568
390150981
390238568
390275592
390281345
390352482
390477670
390485666
390539506
390712932
390717060
390834245
390874036
390907162
391116647
391152509
391216691
391241861
391257100
391584076
391609285
391653255
391671333
391862532
391976897
392105008
392154504
392176146
392404420
392407718
392469705
392570521
392673904
392760374
393005582
393022170
393079431
393080807
393196873
393197366
393395181
393557347
393586769
393765241
393982390
394053702
394280172
394405779
394644074
394664254
394677394
394680173
394697256
394864698
394874968
394880833
394999498
395042446
395178451
395254690
395331649
395357742
395389316
395514662
395515796
395581477
395674514
395939160
395971040
396112591
396180115
396278578
396283453
396672177
396752556
396769353
397118025
397457980
397546667
397612051
397625712
397856252
397938910
398015360
398382811
398555321
398707546
398791127
398827247
398868559
398903217
398955479
398975281
399115885
399137817
399385602
399431961
399450575
399451695
399528336
399604337
399605683
399706293
399926467
399970285
400012598
400023455
400090279
400235196
400260221
400285511
400372907
400591675
400701101
400766661
400903337
400945940
401061795
401107364
401126920
401299600
401303357
401473250
401511218
401586217
401614093
401935305
401981950
402011157
402024076
402027591
402047728
402241037
402335145
402482733
402547470
402579969
402587127
402598719
402666644
402875362
403169756
403442808
403537121
403640562
403692732
403786370
403928774
404010038
404011539
404245245
404268705
404347316
404444365
404503824
404626785
404784318
405034689
405131866
405335796
405560139
405844182
405966160
406051858
406166505
406187651
406455588
406533150
406729004
406916895
406982144
407207455
407245830
407532433
407605285
407650176
407661111
407698163
407715632
407874953
407933978
408239485
408251445
408282318
408337808
408368018
408491465
408649167
408768505
408809342
408885382
409022471
409054103
409109452
409200859
409361593
409410844
409545612
409559713
409635625
409643015
409731314
409790526
409795548
410075040
410161646
410171051
410194694
410215664
410216781
410239605
410246428
410407236
410553707
410768870
410820762
410850005
410867072
410870198
410968313
411080239
411179878
411182890
411183884
411311393
411435087
411519629
411529137
411584155
411641521
411665620
411859979
412458553
412466874
412638168
412808969
413060993
413112409
413140211
413381118
413429274
413538122
413642849
413649144
413751729
413763345
413779378
413780466
413880174
413995382
414018692
414179239
414313293
414358478
414374266
414427880
414471951
414534197
414543047
414554379
414595074
414809744
414893344
414894285
414917365
414965808
415023555
415075706
415084841
415216903
415327546
415347140
416268305
416731395
416747240
416835839
416862648
416925784
417049795
417098996
417127580
417275444
417402977
417436286
417705035
417847483
418020510
418043515
418051400
418162153
418239817
418241472
418396807
418442162
418442849
418463301
418551823
418694737
418732097
418790124
418833591
418892337
419030368
419087213
419317734
419403132
419572417
419703447
419800306
419847038
419945882
419968223
420063755
420225940
420393932
420652223
420707021
420769673
420778813
420958386
421033086
421395425
421407990
421427561
421519548
421765626
421825040
422102013
422133146
422151864
422278889
422496162
422536494
422606875
422699564
422863769
422877453
422879820
422922537
422972250
422980006
422991930
423073687
423125207
423408839
423514379
423533573
423567414
423671181
423699546
423734310
423797888
423861894
424166768
424289731
424509755
424558815
424615516
424649752
424798404
424836161
424895823
424909956
425036117
425052668
425106878
425322388
425346725
425489929
425508088
425787614
426133005
426238662
426414488
426660731
426667872
426713436
426731062
426757132
426782703
426783241
426800911
426810217
426837286
427087105
427407230
427436079
427517192
427591369
427659362
427722126
427867828
428125737
428160870
428454558
428509173
428568097
428712934
428759052
428761961
428786759
428796749
428830661
428838929
428850038
428918972
428936181
429005709
429045455
429118999
429182047
429208512
429378561
429540637
429561508
429595127
429659913
429683869
429786912
429800387
429889345
430000633
430196840
430212933
430257275
430261806
430349086
430390061
430667120
430956991
431032822
431269905
431308580
431535750
431693204
431759964
431770549
431871855
431957808
432104131
432120232
432139621
432303719
432425869
432508015
432607691
432752360
432816840
432908190
432908366
433117832
433204600
433406229
433596973
433979373
434107295
434301465
434302749
434328424
434367604
434440812
434600873
434755587
435079746
435185884
435268686
435408779
435447652
435632821
436197557
436222275
436246821
436321139
436388718
436449854
436525511
436564064
436659182
436699364
436925889
437086339
437254390
437301066
437536237
437668093
437927994
438256245
438338994
438358036
438380225
438425421
438452250
438681654
438706167
438812686
439313846
439359207
439374599
439451058
439654112
439688888
439768289
439976833
439997230
440062496
440065863
440067745
440086338
440129645
440146660
440251757
440288717
440402913
440418501
440419171
440449033
440462663
440482808
440544976
440737942
440762576
440995452
441022371
441124908
441235369
441300546
441421422
441612053
441671680
441694012
441726959
441825044
441847774
441894651
442089853
442100790
442121178
442153175
442306833
442432875
442619729
442925258
443211365
443362875
443426838
443592171
443636968
443669015
443722690
443726497
443953763
444039737
444073062
444234704
444273471
444334378
444405970
444554089
444988526
445015816
445078059
445352063
445367252
445769020
445808082
445920116
445929592
446057143
446359897
446387392
446476799
446516872
446615594
446949249
447029371
447100652
447190274
447234939
447274182
447306902
447352063
447392212
447437621
447479776
447481909
447491782
447777471
447856363
447928162
447966626
448125373
448297970
448625068
448730662
448872897
448888735
448891968
448929410
448953527
448973965
448982021
449002800
449120388
449499655
449619024
449731577
449782602
449792510
449870498
450342461
450402563
450429971
450520753
450846462
450945220
450970393
451022319
451050155
451083197
451120694
451239140
451298159
451492947
451537377
451636188
451666576
451711811
452001766
452064322
452187869
452295069
452686080
452950769
452963342
452983648
453078682
453185723
453209377
453469699
453489746
453535761
453577326
453609043
453806476
453817012
453888882
453950205
453950759
454088666
454285513
454428255
454578258
454785268
454786361
454802575
455045496
455088568
455116456
455173639
455198987
455260735
455288532
455297531
455321456
455407283
455486637
455740270
455798562
455807932
455849416
455908900
456012569
456118416
456122658
456151582
456254404
456277004
456446692
456453925
456572125
456652667
456704909
456816173
456840032
456909051
457027876
457307354
457348161
457389989
457602975
457644436
457663626
457715714
457927271
458154741
458213791
458390569
458444376
458524386
458624232
458633132
458663260
458833210
458911954
458989159
459160258
459161101
459560087
459587295
459623014
459659553
459709338
459761138
459874895
459880291
459881365
460036818
460043769
460044557
460160809
460337223
460364466
460661194
460696338
460758855
460826484
460893476
460921130
461146887
461208542
461277564
461395071
461408049
461508360
461581913
461622029
461626687
461650988
461808868
461876240
462201026
462202466
462206361
462222907
462284284
462318951
462399978
462461682
462504806
462533786
462570240
463011843
463032048
463178131
463437439
463454921
463624330
463800993
463890861
463911218
463928169
463967197
464232382
464246830
464333854
464733482
464914648
464917527
464936311
465267678
465321271
465397098
465465467
465471870
465507078
465784259
465994953
466026080
466131544
466141354
466152444
466233186
466251591
466302326
466352359
466364980
466519662
466543943
466555066
466644352
467040365
467055950
467215263
467248917
467315417
467318421
467405669
467641474
467715749
467745141
467794749
467795104
467921839
468079060
468162454
468190330
468219829
468345154
468411618
468501764
468558567
468602491
468602528
468752204
468894068
468910172
468948789
468948969
469113941
469145510
469186327
469199703
469249488
469419413
469458117
469545378
469650594
469749395
469761629
469864940
470023507
470297624
470313091
470344240
470444935
470656281
470664020
470923049
471003328
471056626
471123341
471462462
471905919
471950552
472090877
472096151
472203847
472299868
472457671
472567525
472763916
472811846
472845476
472865200
472901696
472946458
473066474
473203936
473221520
473291808
473303373
473488609
473503179
473604302
473746996
473972001
474010880
474021971
474056329
474257265
474289427
474555626
474899726
474969032
475104059
475132170
475143804
475281612
475302216
475336379
475390988
475450835
475598588
475700834
475895903
475913041
476030184
476047610
476168592
476246957
476271066
476303395
476332747
476466089
476533650
476575826
476654102
476749957
476947337
477015145
477016140
477112254
477114118
477125048
477143645
477179659
477182387
477219175
477363636
477465506
477791577
477792989
477812910
477929277
477962170
478021810
478049787
478361903
478407942
478420295
478497773
478499855
478501935
478536479
478685793
478828345
478838620
479034620
479176158
479220608
479252118
479309429
479527635
479699876
479731712
479876184
479908431
480288648
480406527
480666171
480709313
480720353
480720550
480823079
480860842
480963909
481118092
481228117
481320983
481356671
481484467
481498217
481498949
481727873
481738174
481759246
481849509
481914313
481924959
481931601
481939160
482249940
482379191
482473417
482551361
482564809
482689595
482726215
482808630
482957267
483018185
483056253
483172339
483362069
483398500
483642474
484089109
484637706
484736558
484831360
484898919
485348538
485360430
485468081
485491101
485585497
485727965
485775864
485785130
485816932
485864332
485995016
486068522
486114231
486122539
486155286
486390780
486402428
486636862
486662243
486675297
487021795
487091347
487390670
487472309
487548226
487576708
487580831
487674819
487824395
487848730
487877774
487965265
488264794
488620001
488809415
488812891
489034677
489085418
489229672
489293351
489370578
489371535
489372433
489432905
489896525
489948267
490016282
490064079
490360351
490403586
490560618
490574427
490792073
490972394
491001351
491128441
491156707
491463300
491545982
491548462
491728394
491754810
491920946
491977708
491993046
492039307
492219143
492244590
492254590
492290631
492330934
492553087
492595447
492621520
492626082
492738194
492839191
493027382
493071202
493153487
493252213
493330458
493465885
493497255
493543980
493610231
493620276
493855911
493930719
493950458
494123447
494151654
494241649
494246400
494252557
494688939
494705147
494757348
494774919
494775859
494834993
494983399
495094726
495532255
495538592
495635610
495773109
495812670
495812859
495845576
496139862
496165227
496420460
496502186
496526961
496667319
496849201
497238227
497312025
497349245
497423667
497488474
497668114
497741285
497761024
497799535
497816646
497899835
497942416
498039945
498055576
498246870
498249524
498305422
498544338
498636354
498714841
498771376
498822171
498880603
498901125
498909589
498915213
499011404
499034535
499236000
499262910
499446026
499568707
499877209
499913599
499958081
499960551
500186015
500348120
500366507
500412769
500486082
500717087
500742174
500784911
500836159
500873518
501015936
501203317
501354262
501434219
501492324
501667577
501688188
501897745
501916322
501928939
502494755
502553977
502790951
502896263
503068386
503079592
503330547
503345653
503479680
503559940
503629233
503934983
503946451
503952287
504038689
504077184
504125062
504296236
504321093
504473495
504474518
504563053
504705673
504714566
504918947
504990783
505073600
505110101
505251417
505618362
505692685
505880257
505941392
506090112
506125925
506237903
506267103
506306083
506410457
506762126
506869475
506991076
507060746
507143199
507160411
507245176
507355442
507610326
507735074
507761090
507770497
507847185
507907439
507917903
507933646
507944144
508033583
508215172
508478737
508496301
508568488
508601917
508729541
508820134
509413917
509638942
509651037
509976660
510076836
510115850
510194809
510618044
510620452
510634468
510645640
510645908
510927510
511039920
511120212
511309898
511367226
511396205
511521541
511538755
511555673
511874782
511925134
511983160
512083916
512115167
512155491
512427103
512438787
512525748
512658385
512675806
512773478
512799635
512838054
512889844
513013060
513056500
513113477
513532616
513574957
513958347
513985161
514323883
514325929
514434240
514522040
514705562
514707470
514746059
514816596
514821637
514948109
515006777
515035372
515084677
515435759
515494885
515603141
515678382
515730017
516100150
516229025
516307706
516429589
516452542
516513015
516519430
516737377
517183518
517227315
517265390
517322796
517379167
517489511
517520763
517539442
517568104
517687645
517768522
517930274
517949943
518006987
518078539
518095170
518267111
518554925
518605025
518625226
518724554
518777338
518795877
518799050
518962745
519043472
519173447
519174622
519175313
519201522
519210293
519228911
519265670
519280789
519314273
519393981
519469587
519513941
519583035
519796000
519817469
519829328
520478207
520488461
520533031
520534963
520771172
521170086
521527140
521715253
521722188
521733186
521834125
521898012
521956935
521982643
522261768
522292934
522463940
522473876
522654770
522786870
522945539
523037884
523055840
523273314
523401830
523440591
523517312
523574299
523597439
523837053
523939891
523950453
524023123
524114345
524239867
524287737
524394059
524511468
524560932
524565962
524569660
524645795
524827428
524849798
524867850
524920550
524972199
525174013
525224098
525241841
525264215
525414040
525418103
525560396
525670135
525745916
525751449
525950606
525970700
526156916
526190365
526224514
526412739
526640864
526826852
526839732
527086882
527165319
527173915
527359979
527419589
527481348
527509635
527532334
527948280
528012129
528159212
528162461
528194769
528407831
528468962
528490968
528575646
529091623
529305959
529356444
529416327
529478492
529481466
529534846
529568599
529592249
529778748
529799279
529830113
530010461
530019303
530216334
530409236
530611142
530904770
530978265
530981202
531020368
531402221
531524229
531658555
531712859
531887664
531892603
531964339
531972152
531974301
532015644
532098589
532262227
532301931
532387143
532396780
532452342
532459249
532519925
532525691
532804473
532886971
532894384
532974514
532979815
533002593
533019539
533231324
533249139
533269393
533352976
533389813
533528492
533601589
533653955
533741139
533760745
533813262
533894361
533941159
533943478
533971670
534181255
534524472
534606207
534722702
534766345
534785598
534875297
534912950
535045696
535128917
535190375
535566465
535622857
535650594
535720002
535795185
535915621
536239657
536283953
536897400
537087649
537113079
537195068
537310469
537324662
537417097
537637631
537808501
537991481
537996940
538017945
538427369
538472556
538476936
538623535
538727020
538950157
538969251
539007360
539023760
539091119
539297764
539323848
539459553
539623958
539700147
539800386
539843820
539991512
540020384
540049286
540098395
540170990
540371547
540434700
540565951
540807710
540874744
541188627
541415517
541817613
541984683
542330825
542340219
542421692
542689435
542691457
542789579
542906316
542914135
543161675
543348645
543391288
543474550
543649795
543785749
543800938
543880741
543945241
543966212
544013958
544040125
544062840
544141092
544294307
544375842
544451631
544524063
544849863
544862942
544881692
544972714
545253641
545389747
545480394
545678156
545724066
545966375
546095248
546107018
546306400
546487595
546507906
546778062
546942821
546954850
547069218
547434347
547580285
547615392
547731316
547790015
547827425
547939857
547967753
547968252
547984314
548228533
548395618
548510207
548560730
548626750
548690835
548720470
549006321
549105330
549153289
549346913
549393180
549511958
549920951
550018579
550053607
550126424
550139016
550267654
550307773
550353715
550378017
550421931
550761883
550936493
551111950
551303813
551353992
551359197
551479822
551618046
551672560
551706708
551836072
551901212
551975581
551997002
552102645
552199269
552312348
552588398
552938656
553020822
553048951
553124493
553143481
553181606
553183527
553227398
553277208
553283124
553445853
553461030
553464729
553471356
553511170
553530903
553695696
553747441
553779476
553807647
553833405
553904862
553996811
554287054
554344373
554376711
554389833
554588631
554761496
554898392
554987161
555429983
555446080
555551315
555605282
555652319
555701869
555720751
555726604
555787085
555801408
555802551
555908161
555956442
556070398
556084821
556153215
556396024
556524694
556853297
556873810
556993427
557163745
557213288
557269972
557286378
557291242
557375348
557568544
557702110
557724815
557765046
557789641
557859096
557965126
558018366
558085844
558279160
558329214
558417720
558551263
558591759
558600324
558625866
558847899
558951362
559145802
559157611
559181187
559330456
559505603
559529110
559787526
559861391
560037665
560051618
560092401
560116099
560150687
560220309
560372520
560492377
560505015
560775028
560775382
560793239
560894644
561005897
561009116
561109728
561123844
561128547
561245326
561278793
561286897
561301891
561315531
561374734
561431166
561628487
561827770
561838745
562002463
562070099
562083640
562152926
562602095
562683748
562765151
563018990
563035725
563251997
563266985
563394938
563413793
563642105
563656145
564050024
564137296
564295171
564435534
564568213
564635031
564647987
564666586
564733268
565204671
565247988
565276194
565343503
565389693
565489549
565768483
565803668
565931640
565968636
566089386
566131667
566141969
566315717
566413202
566465607
566495743
566581655
566605458
566735502
566866812
566925050
567058883
567109311
567125757
567433273
567478712
567527302
567559015
567761842
567801348
567827684
567883230
567928641
568053092
568065775
568283721
568289605
568311340
568404059
568589269
568724252
568826802
568989861
569053739
569270435
569274417
569328714
569493819
569578076
569635500
569789230
569794039
570085667
570094542
570239428
570329239
570398817
570426664
570555360
570763138
570831301
570857289
570869842
571044398
571121562
571140757
571281879
571383367
571393106
571761972
571799994
571881202
572070539
572086025
572151510
572428346
572454686
572457406
572531326
572618300
572689349
572730933
572792014
572870503
572949465
572975768
572977438
573058434
573313328
573364542
573519217
573605092
573657901
573723095
573784004
573853411
573854806
573890737
574130115
574153698
574186227
574199182
574217444
574294886
574299808
574385380
574513790
574612111
574776901
574838324
574995151
575029291
575096222
575184531
575304782
575327514
575434914
575450154
575526292
575565402
575567071
575707717
575728834
575855447
575920467
576167639
576186893
576323408
576445106
576484663
576526701
576548015
576631894
576881900
577257188
577329088
577338387
577378338
577522375
577553081
578216810
578799674
578832052
579149078
579284822
579389226
579508305
579557187
579688563
579738923
579781984
579805549
579843988
580105830
580117669
580268313
580654087
580678184
580698193
580774998
580924720
580945746
581119772
581138949
581500121
581515414
581602605
582061090
582074433
582108811
582167213
582260539
582397741
582670988
582746397
582846328
583181283
583197193
583233913
583253891
583577272
583780206
583842314
583894267
584019947
584076651
584101239
584130596
584349259
584415117
584520700
584785192
584797516
584950035
585058066
585095442
585237701
585262242
585570685
585623729
585630675
585646387
585873039
585894886
586164594
586198567
586716823
586767010
586799123
586835456
586857317
587063430
587102349
587263124
587508937
587602519
587754876
587936696
588471018
588495786
588546403
588613683
588777162
588885063
588954397
589043852
589046605
589133584
589164120
589275666
589426714
589557941
589588770
589632514
589669674
589701487
589788890
589797161
589844019
589930599
590064631
590095995
590119509
590216356
590396609
590487683
590576554
590657384
590682627
591001455
591154600
591281824
591362035
591441511
591445420
591755631
591872618
592030962
592161090
592229899
592294290
592335193
592547382
592549001
592626610
592674159
592945988
593008957
593081662
593108528
593423225
593544842
593603806
594115505
594118604
594362622
594444826
594527322
594553414
594579099
594791226
594851009
594869028
594908220
594965688
595162670
595416711
595424714
595547125
595661348
595751675
595822910
595872958
595886811
596009831
596010645
596051870
596078308
596142823
596221638
596298423
596300387
596367279
596672132
596688862
596739958
596763500
596854674
597008653
597364063
597432479
597507905
597635901
597671994
597687614
598042494
598057396
598097417
598152559
598712717
598730727
598759316
598946914
599042069
599042224
599135348
599135631
599224047
599336676
599338565
599783365
599818901
599876983
599923824
599944329
599948652
600078987
600189971
600233262
600253281
600377438
600541997
600596947
600636762
600831624
600885785
600886389
600949073
600954749
600960808
601093929
601251423
601286678
601536325
601729247
601735362
601872535
602074624
602206953
602231674
602242177
602261466
602505859
602545845
602780077
602894247
603125903
603172473
603226020
603245559
603317233
603318490
603488351
603649603
603845837
604027087
604110857
604175016
604194730
604353376
604443387
604754889
604866409
605046719
605255477
605424417
605508357
605720154
605760081
605833177
605856011
605862990
605888179
606053504
606080577
606085320
606256522
606260091
606373705
606478100
606616645
606653682
606725881
606978429
606989443
607009793
607162485
607323476
607395264
607486006
607555479
607719240
607818513
608006636
608227465
608347998
608431476
608464911
608593369
608627332
608679822
608768035
608880155
608897766
608959129
609032029
609289001
609369654
609503916
609562049
609724566
609747112
609933537
609981950
610201692
610211071
610292609
610508151
610517858
610701683
610952575
611055163
611218402
611307167
611328226
611417437
611423391
611578014
611629660
611796069
611852698
611856813
611893147
611895701
611934604
612367166
612516049
612543653
612557441
612616159
612831489
612855256
612889550
612995833
612998675
613003102
613062465
613118541
613134847
613136605
613438990
613515136
613688858
613789000
614018481
614077476
614138943
614142000
614249091
614308344
614667568
614771509
614891999
614988403
615196453
615307230
615391752
615512397
615577009
615595040
615695724
615739363
615761096
615918698
615945474
615957396
616037561
616138263
616256374
616307452
616483214
616483929
616532839
616533930
616598259
616612417
616682038
616699541
617018803
617034950
617172924
617188711
617382253
617382887
617433435
617781202
617814290
617855585
617917760
618380638
618515769
618622135
619188554
619218742
619302885
619319702
619354606
619409645
619624423
619690310
619814733
620266906
620274528
620297673
620332148
620491242
620636268
621038638
621103470
621104131
621105714
621155086
621908616
621943393
622304890
622516825
622523855
622650055
622656514
622684181
622929419
623087673
623304896
623410407
623487622
623666362
623728883
623802771
623858240
623923684
624040993
624414193
624458655
624479379
624509664
624623851
624772809
624838409
625037176
625037845
625041271
625199448
625255608
625441240
625500992
625519976
625649893
625661254
625673585
625846231
626045486
626448268
626455151
626572498
626596942
626668181
626674465
626837371
626839849
627162854
627170245
627263635
627370192
627391354
627549240
627740927
627750311
627921119
628010580
628207875
628215684
628264736
628327803
628549118
628562469
629001334
629259045
629285528
629471770
629495271
629527438
629530497
629538730
629652312
629917070
629938804
630093857
630184242
630192187
630396261
630454950
630511577
630571127
630735464
631050386
631093707
631187578
631373923
631506638
631561057
631732903
631809066
631976256
632255691
632422075
632500240
632773147
632943117
632984280
633029793
633171295
633199703
633449166
633454522
633464254
633578915
633598165
633952875
633975663
634081946
634202596
634846535
635298555
635361183
635548494
635877947
635986055
636003396
636244747
636341692
636452660
636463719
636479648
636709480
636736345
637079303
637161583
637255009
637400850
637551609
637616099
637653576
637679986
637745803
637779053
637785194
637858353
637994965
638065792
638135599
638284379
638341722
638361400
638383522
638577637
638591808
638722617
638833858
638923971
639073466
639157992
639249674
639270063
639292663
639336971
639377876
639477688
640005593
640187374
640291072
640299211
640355163
640406197
640416134
640514841
640556727
640576628
640740667
640831840
640934553
640944036
640984266
641042097
641087636
641092926
641311220
641380622
641396926
641426028
641505773
641681333
641789318
642059994
642071914
642198001
642462739
642552055
642982718
643107033
643291882
643292489
643332524
643432720
643530867
643598156
643818760
643963561
644098487
644102491
644127125
644502905
644652136
644754746
644801942
644858484
644866887
644968820
645013810
645068762
645156033
645190590
645306688
645334074
645497700
645723902
645988835
646259055
646345355
646358439
646429858
646534794
646653823
646653885
646691580
646750009
646788595
646903928
646907996
646976247
647068134
647081712
647089809
647209368
647402133
647410509
647782001
647844666
648141297
648222738
648378384
648557662
648699361
648954569
649095425
649295766
649301093
649472151
649520867
649761227
649822069
649916396
649917693
649986341
649988307
650056331
650142332
650251415
650477573
650481506
650702437
650958445
651120895
651167156
651189312
651208420
651241871
651437150
651659341
651967693
652095827
652206407
652259084
652368362
652627659
652687617
652828582
652890251
652898456
652954661
652954811
653076420
653120371
653240194
653561375
653648171
653831389
653896213
653917906
653946642
654121629
654158178
654234239
654369912
654573676
654764489
654960607
655269313
655572636
655652740
655759899
656032410
656263332
656395501
656545479
656738333
656761749
656800876
656999451
657021066
657025989
657034513
657050656
657059681
657122156
657127764
657218948
657350589
657520443
657565771
657683425
657932463
657991067
658035979
658314936
658397581
658404883
658478594
658537915
658712057
658829644
658856437
658949492
659096276
659444225
659494588
659554533
659968160
659973279
660021055
660266067
660326476
660372278
660374303
660406996
660422592
660640377
660714051
660725950
660743455
660812546
660824321
660835439
660908911
661141612
661259936
661263049
661349522
661362075
661558724
661614069
661646878
661649263
661675301
661703358
661794583
661908244
662114073
662117900
662159198
662181682
662282594
662360069
662385016
662486845
662544485
662702124
662722497
662805934
663056086
663079882
663281307
663350106
663559613
663890572
663910738
663933769
663950030
663998559
664048394
664187409
664216915
664237409
664280805
664519971
664546464
664555750
664739521
664762876
664782295
664844426
664956012
665212918
665295489
665621149
665720364
665835523
666075595
666104140
666207752
666482125
666507430
666656463
666911983
666994710
666997481
667019909
667115357
667270580
667308342
667418282
667489527
667494251
667719777
667866969
667890742
667930213
667932860
668008671
668086438
668183542
668191586
668401783
668476036
668484777
668857877
669001681
669214904
669453715
669692072
669747952
669821832
669867823
669913595
670079832
670188224
670228903
670331430
670387199
670525023
670527127
670613032
670649145
670660531
670662703
670825197
670950009
671198268
671216443
671316466
671344887
671357316
671731763
671757359
672184700
672292718
672430039
672438351
672508823
672576479
672702989
673091316
673173353
673193009
673296774
673437261
673495234
673799403
673819051
674000653
674090316
674098503
674099825
674241115
674294892
674455885
674740468
674929958
675170091
675229799
675349538
675605644
675664034
675675308
675934522
676100043
676104702
676158857
676195669
676261940
676392676
676445570
676500618
676607132
676690887
676692174
676784973
676788288
676820374
676910053
676981074
676997442
677090891
677194621
677254328
677300975
677379136
677611984
677755773
677785054
678188242
678200041
678211583
678361684
678464271
678610444
678653638
678683114
678685556
678687888
678696665
678788584
678979088
679072606
679116469
679318838
679352541
679488997
679602486
679679754
679712471
679756730
679775070
679812745
679861080
679933927
680200847
680309330
680375499
680427851
680443857
680447185
680503811
680604970
680630221
680638351
680659628
680826840
680841828
680932753
680962127
681162085
681231764
681435704
681449348
681606752
681808760
681882404
681944673
682010118
682174544
682638666
682686051
682717546
682730454
683019978
683112075
683225871
683295968
683509257
683550286
683553259
683800847
683923874
683933581
683945217
683972501
683986142
684029401
684053918
684070542
684302560
684399467
684435525
684458818
684477495
684491053
684499359
684669216
684837014
685057806
685173902
685274130
685366844
685421543
685435379
685442309
685548503
685698479
685841768
685951014
685995735
686375236
686468187
686631360
686654566
686675253
686710834
686772181
687092354
687195026
687444890
687524643
687571281
687594214
687603998
687633763
687674855
687813821
687826045
688127612
688172250
688205058
688313587
688317787
688646762
688648493
688680210
688694605
688779076
688989011
689117107
689171328
689260290
689413567
689428889
689518268
689610687
689788895
689881277
690142383
690198917
690445634
690464249
690991443
691069004
691178278
691189840
691201671
691419953
691444324
691453316
691786323
691814026
691997784
692084798
692102176
692102600
692122984
692242030
692285794
692339318
692415317
692526127
692558977
692658444
692790088
692908146
693031306
693152958
693241474
693471185
693621431
693652547
693740082
693848563
694280945
694283316
694388671
694500624
694661398
694707420
694782807
694797890
694801623
694911503
695183111
695583391
695622909
695649428
695773895
696132101
696156966
696316051
696386159
696465548
696480296
696586470
696684500
696746847
696768864
696788027
696939243
696975842
697046973
697160964
697169975
697199560
697204951
697266838
697340201
697388516
697410259
697846470
697919743
698016058
698082450
698140731
698263503
698290605
698464736
698474269
698884234
698907491
699044852
699058982
699091432
699262123
699397130
699453579
699611491
699677425
699983894
700011126
700123035
700192691
700322804
700410825
700455022
700520283
700779930
700827797
700904396
700911140
700933990
700982371
701124751
701229985
701361932
701418467
701480118
701525068
701736179
701834144
701934817
702050881
702089533
702294433
702411670
702755850
702791817
702800879
702888611
702917582
702917879
703071795
703282850
703300176
703565623
703711105
703742005
703860615
703870716
703875110
703994549
704007099
704072392
704086727
704105655
704181349
704481775
704483748
704490231
704530503
704617439
704690373
704769735
704777119
704972854
704991549
705003974
705081993
705089480
705124239
705161815
705213683
705236411
705338414
705450284
705532233
705751237
705833215
705888294
705913027
706105887
706157336
706281764
706344836
706380551
706383314
706400698
706431931
706559889
706602426
706603647
706609410
706629728
706634278
706679825
706766630
706817009
706849272
706859315
706910782
706980242
707000931
707074619
707176206
707247169
707474611
707568451
707585274
707668706
707844385
707870905
707911011
707963432
707987738
708010086
708016477
708040656
708045227
708046541
708087929
708322589
708497236
708534763
708708278
708754381
708769922
708783775
708853311
708951646
708959334
709102311
709159872
709363703
709459630
709550698
709679441
709734914
709738801
709834820
709839397
709979192
709995502
710125242
710137915
710182004
710230961
710323950
710613376
710657405
710748580
710869710
710892734
711142849
711183891
711257945
711335267
711441740
711581738
711628433
711657824
711794636
711841811
711863426
712019390
712049028
712368721
712481078
712488503
712539315
712616083
712750108
713001365
713087904
713113779
713301503
713311974
713554267
713564862
713598518
713609059
713868818
713963056
714071936
714125568
714169367
714247531
714289313
714290546
714394741
714403519
714481021
714524322
714544450
714647343
715217868
715245098
715365668
715373112
715628088
715652911
715868479
715907043
715980379
715983993
716091345
716135903
716177456
716235761
716395600
716562414
716584047
716680709
716696501
716718828
716734576
716915575
717260078
717344552
717404856
717641340
717641523
717797049
717820320
718019751
718260686
718315775
718420855
718460978
718484560
718533633
718580265
718646898
718729089
718778654
718835592
718892250
718923523
719031684
719034643
719379522
719389731
719456428
719461423
719648525
719889570
720176256
720217301
720217355
720227183
720265296
720300384
720308705
720331905
720339347
720350356
720488755
720560481
720617726
720865511
720898394
721109939
721273857
721394172
721437197
721569974
721871568
721937816
722016283
722049409
722121047
722175386
722233797
722300568
722494821
722537373
722558107
722585187
722629965
722712488
722785750
722808808
722884621
722935896
722946858
722969344
723078514
723134602
723155935
723178683
723310052
723382238
723435350
723457883
724034555
724133700
724209817
724229171
724258217
724423040
724503276
724947457
724955174
725016940
725097106
725245135
725307592
725411896
725443033
725450599
725503179
725778556
725786802
725975706
726136669
726139602
726205949
726397433
726433713
726498652
726605088
726718486
726818584
726897543
727208703
727263878
727326891
727500146
727596112
727697339
727740945
727872583
727921042
727930867
728048112
728357562
728407439
728572666
728664003
728671338
728835283
728913628
728987561
729170254
729338804
729449851
729457121
729695130
729952883
730111498
730366009
730458804
730754114
730768506
730799051
730803556
730922504
731072909
731087863
731111188
731372234
731543356
731569799
731665304
731758209
731952731
731986915
732033707
732097847
732101334
732137722
732909095
732914240
733037581
733164292
733187870
733214790
733610733
733629145
733692790
733736924
733880262
733942537
733945822
734085966
734261725
734369052
734465645
734631027
734651561
734852372
734902627
735041474
735240591
735435170
735680341
735771226
735780198
735861396
735998855
736045759
736085972
736090325
736117124
736141871
736183652
736296230
736356112
736375541
736446204
736553531
736662388
736856323
736937071
737111484
737128090
737176551
737211952
737480182
737542696
737654259
737756496
737801240
737990958
738054343
738065495
738219541
738413960
738610798
738703481
738788911
739155898
739157544
739357994
739447301
739569979
739700685
739923859
739939138
739991282
740051769
740072859
740356832
740403976
740645310
740790751
740877842
741015907
741256477
741357124
741405963
741533885
741591358
741599785
741612667
741776693
741922956
741963734
741968447
742285924
742357942
742427684
742498000
742557931
742701776
742793247
742861843
742970703
743423370
743536887
743587445
743905841
743936246
743941123
743953944
744022770
744150395
744222714
744251913
744407268
744573789
744596048
744670218
744776436
744855295
744943202
745155616
745171386
745220191
745564229
745712544
745893037
745939864
745965101
745976484
745979320
746005451
746059669
746062303
746101103
746263520
746314987
746360664
746455877
746543534
746581464
746606201
746663208
746776495
746906526
746915327
747302544
747449701
747497917
747518737
747760012
747800864
747845214
748027871
748029871
748089885
748216370
748225258
748311543
748327837
748351864
748412068
748536221
748713331
748754348
748798132
749057324
749140147
749165612
749362877
749687738
749838654
749861082
749962704
749993890
750035632
750133354
750150828
750314327
750487142
750508564
750544514
750646466
750682404
750930064
751050603
751089585
751244382
751343152
751436259
751733133
751752302
751812812
751928931
751953942
752090129
752173573
752295374
752419728
752556858
752886200
752960584
752968251
753002906
753130787
753177879
753213852
753265520
753308673
753542704
753658353
753693178
754005890
754157356
754369037
754375301
754375869
754561042
754561987
754605907
754631771
754690610
754698099
754765322
754880320
755050545
755250903
755752653
755876601
755908082
756060537
756266444
756433216
756535252
756914001
757082484
757102540
757260405
757515255
757596289
757839182
758160279
758270487
758276746
758282880
758400996
758648737
758700785
758718953
758781607
759024850
759033237
759052250
759184749
759248871
759397920
759440988
759632965
759635039
759673077
759848600
759850397
759869123
760165608
760228938
760309421
760531977
760640842
760673664
760884809
760979125
760987556
761021746
761048745
761058170
761077485
761155309
761283290
761636196
761768730
761871819
761960562
761968922
762094884
762582303
762598926
762731396
762887490
762929732
763002343
763067432
763161576
763281592
763476988
763540188
763650247
763712414
763793391
763855552
764171806
764193361
764243360
764243904
764252511
764260356
764260411
764320018
764386062
764722505
764824164
764846447
764944619
765007369
765226058
765294457
765366852
765440721
765675553
765694418
765921245
765935096
766581264
766991382
767059020
767078141
767264315
767439186
767481511
767663006
767670035
767787744
767808108
767910494
768147745
768283350
768308706
768351712
768470525
768523098
768693862
768766434
769069348
769111037
769200100
769216275
769272627
769372300
769459583
769502814
769543078
769688042
769906314
770022977
770058271
770087388
770222682
770297414
770550802
770618595
770657511
770738776
770778334
771086354
771100100
771178811
771406494
771469297
771490216
771659518
771840105
771901620
771974772
772079926
772182832
772209050
772222524
772226974
772240112
772406821
772466420
772560819
772582210
772620512
772667304
772828146
773017548
773091571
773212448
773227401
773416966
773425448
773543210
773584053
773654804
773778795
773808658
773869664
773884767
773901988
773996805
774318174
774417903
774823517
774962622
775298763
775567370
775637408
775723140
775739634
775906330
776129636
776130057
776149788
776197592
776240761
776306755
776450024
776541668
776571529
776672519
776698821
776761432
776854675
776861525
777119417
777128318
777208112
777285931
777298981
777455461
777555325
777788212
777857361
777880424
777888304
777964128
778029143
778133699
778386271
778795212
778823887
778930345
779042623
779105743
779153010
779270180
779532152
779670986
779844933
780155844
780198079
780199917
780245323
780269461
780315093
780478011
780907098
781086098
781212556
781218280
781290229
781310493
781411095
781425832
781436960
781564050
781576242
781646860
781752360
781878015
781919684
781980220
782038743
782057921
782071243
782339828
782476536
782499203
782561758
782579911
782595606
782837590
783016154
783213394
783295720
783671181
783798236
783836124
784034019
784113464
784141037
784197617
784285757
784365500
784444760
784550215
784908488
785038870
785098537
785099925
785150244
785259674
785288416
785362261
785471127
785716264
785731785
785834794
785867068
785885855
785886580
786238819
786358593
786460555
786484855
786561414
786582142
786724175
786730786
786791460
786924762
787037600
787104338
787199231
787322932
787406789
787691875
787788977
787801876
788152006
788295141
788439787
788724784
788735492
788862182
788928077
788953729
788960892
789086464
789154451
789188341
789536626
789662050
789746874
789765926
789766754
789846808
789952006
789974100
790017100
790142976
790143634
790175586
790267974
790294730
790365437
790461697
790466498
790521969
790531328
790644922
790822804
790854901
790900155
790988423
791030207
791187232
791203160
791262789
791664106
791712224
791918449
791932466
792000047
792092044
792204363
792286479
792300157
792325768
792530837
792578873
792672945
792852910
792915012
792985308
793009910
793187714
793402224
793483433
793823512
793827189
793838664
793915718
794017475
794048660
794156177
794204259
794226542
794232407
794235056
794292590
794407285
794501714
794528026
794562322
794586301
794645661
794706059
794740411
794801879
794824159
794824225
794832840
794841976
795033898
795109659
795130957
795159160
795337262
795346037
795571479
795711883
795909140
795934617
796075340
796383599
796420166
796498050
796529181
796540217
796561209
796800035
797208727
797328058
797338015
797395916
797404810
797440920
797593093
797637434
797799532
798183184
798239075
798311615
798338207
798371971
798501023
798502080
798581011
798582708
798752245
798895547
798926825
798968370
798973626
799063498
799097417
799099420
799112892
799128522
799146680
799159976
799241912
799257473
799462112
799465905
799473014
799551379
799581954
799791018
799915199
800173493
800400662
800729159
800747602
800788366
800933660
800984529
800991379
801114290
801200545
801378170
801570118
801658183
802151487
802160449
802243119
802247447
802290007
802361206
802366332
802408572
802462378
802489481
802682264
802682719
802693829
802698050
802736817
802862378
802936189
803112603
803139525
803160404
803285007
803432273
803468189
803551640
803658885
803671271
803678370
803725445
803761421
803918161
804101289
804175388
804387762
804468929
804475884
804605042
804885933
805223193
805295408
805357188
805377398
805403876
805625473
805796702
805868741
806016445
806032519
806123520
806133944
806143286
806148773
806149777
806498877
807218755
807294862
807326630
807648639
807680517
807760564
807896937
807944733
807961143
807974203
808027971
808099570
808216018
808256472
808346306
808495158
808602208
808710400
808741865
808828652
809044710
809093422
809153327
809154441
809308582
809326589
809607497
809711844
809730377
809803550
809895100
809951238
810198139
810338882
810524762
810529365
810640540
810656684
810734100
810904741
810937756
810943614
810996642
811134557
811172006
811314242
811321677
811550704
811671700
811793317
811894148
812059660
812279673
812327241
812471562
812606886
812613825
812616438
812665339
812730651
812783092
812857399
812905728
812913819
812920298
812935343
813109114
813125037
813140974
813230651
813305026
813356473
813649409
813826940
813860784
813881141
813958946
813986659
814389051
814448138
814567060
814738453
814985197
815090592
815178379
815217033
815227558
815300649
815357393
815391657
815506925
815573992
815691207
815699685
815775041
815799325
815890228
815904607
815990912
816008397
816105227
816105411
816220601
816383238
816391129
816429644
816589900
816628301
816710837
816747544
816920241
817060557
817227208
817335167
817681725
817699116
817737999
817837489
817904479
817916092
817996361
818066450
818227831
818412400
818650033
818791443
818822887
818918558
818939905
819086523
819159997
819343986
819493738
819815166
820137190
820313379
820391084
820691408
820735545
820833471
820862508
820884692
821170383
821337385
821348853
821390966
821504867
821657255
821764236
821786672
822010436
822014020
822049052
822086327
822112339
822118873
822164170
822231489
822246377
822295591
822445654
822502577
822538610
822558507
822902449
823155808
823164957
823167452
823405810
823694207
823721586
823733180
823737569
823755373
824020362
824087735
824105631
824139466
824193730
824243729
824408286
824430673
824451113
824494472
824585560
824700837
824831666
824906773
825028468
825066118
825136964
825214948
825394512
825514001
825643852
825653092
825880243
825896780
825966983
826005932
826067643
826410758
826501470
826576330
826612504
826674350
826699380
826784190
826929730
827035567
827116759
827172816
827178697
827615583
827630560
827648529
827723002
827747503
827850711
827853470
828029901
828074160
828141743
828312189
828434791
828464470
828468775
828475023
828504494
828504535
828509006
828539918
828623034
828740295
828889212
828930441
828958801
829030572
829068490
829160522
829173532
829221959
829226240
829263165
829287831
829404150
829425499
829473298
829620345
829632418
829667663
829712982
829772022
829997013
830131272
830138800
830205222
830321455
830447536
830470868
830526409
830655895
830701154
831081440
831082381
831094840
831148893
831381754
831384117
831429782
831540087
831540923
831748849
831805385
831880696
831894372
831904383
831914116
832011853
832021525
832151806
832188249
832213917
832322795
832337034
832418915
832449643
832521038
832595794
832752128
832785917
832813835
832852307
832874926
832895661
832993221
832999495
833049871
833051250
833051601
833241327
833335658
833337258
833348422
833507195
833764199
833858886
833868277
834033494
834071492
834172886
834179855
834257868
834583336
834631991
834833429
834848918
835169733
835498458
835515485
835603201
835704389
835855048
835964114
836094290
836268661
836273784
836327373
836354998
836734327
836826892
837008616
837043405
837128232
837166118
837381843
837398336
837423241
837495778
837591072
837692931
837764706
837948928
837980102
838084720
838204537
838240417
838267560
838345323
838504409
838505955
838583291
838673368
838751763
838810076
838903798
839040425
839184144
839273858
839354412
839483571
839756360
840086083
840119468
840142763
840504610
840506753
840580431
840657093
840764736
840891907
841095726
841318211
841337535
841352032
841507221
841515764
841557102
841896807
841899798
842075716
842385196
842565281
842709951
842764006
842797917
842933672
842996510
843025233
843115883
843308767
843467391
843484145
843526120
843656599
843691230
843694754
843828265
843882347
843996963
844308825
844416123
844561291
844563684
844584650
844609085
844671030
844819684
845164662
845207696
845208822
845623238
845673356
845682548
845805105
845869749
846040626
846081563
846117110
846350070
846447562
846586147
846637195
846685379
846744726
846840025
846867967
847185955
847336207
847795874
847799202
847849755
847914700
847922413
847967144
848005096
848040698
848091099
848132470
848197368
848202551
848223009
848293783
848439231
848620087
848655963
848741698
848923414
849093278
849153768
849371659
849472567
849675736
849687722
849688724
849929633
850003831
850017331
850020925
850307335
850356745
850495191
850682236
850694555
850818750
850841435
850904354
851166653
851172093
851182567
851329180
851372918
851447329
851473987
851726103
851790543
851907697
852026201
852055360
852062389
852079715
852102692
852123787
852241396
852337916
852341450
852345676
852381655
852415660
852618274
852689556
852717257
852772772
852785121
853043713
853342538
853344758
853431697
853500377
853514708
853553692
853608186
853640922
853871376
854357371
854403975
854467693
854708995
854717902
854798281
854864094
855017221
855095908
855171169
855177810
855192772
855275133
855291626
855383959
855443885
855524638
855720729
855748142
855958899
856079773
856300143
856336194
856561280
856577154
856649670
856700247
856845903
856949406
857103165
857201666
857353919
857433460
857478063
857684584
857873731
857891043
858154941
858171548
858446361
858611292
858676879
859026808
859124749
859223510
859268079
859387412
859403619
859438562
859522401
859707221
859936376
859995714
860118690
860127699
860210965
860741972
860796347
860832996
860890535
861055710
861211660
861269960
861302514
861625719
861817976
861826619
861870913
861880155
862046830
862050445
862082278
862091808
862111602
862119862
862183797
862275173
862448002
862497930
862576582
862695617
862701426
862870554
863061960
863159099
863173259
863184415
863236993
863255555
863425950
863623957
863662023
863903394
863904774
864028417
864240493
864448056
864625112
864643755
864683022
864887854
864994409
865026794
865059830
865374992
865646810
865666955
865707110
865983305
866082159
866247754
866277306
866578756
866915022
867145053
867239263
867244177
867326673
867508325
867610874
867634740
867662483
867923279
868015781
868130643
868160150
868188455
868279929
868680737
868942890
868976998
868980047
869459447
869553764
869558466
869614359
869774863
869800897
869813025
869830894
869835881
869841809
869965341
870089070
870091597
870122646
870283776
870364782
870375765
870423146
870424868
870438340
870524866
870563591
870678882
870705210
870759614
870781760
870924446
870981030
871054894
871174975
871256579
871258395
871261254
871449759
871454077
871472516
871744566
871974201
872085539
872208595
872209953
872428630
872539395
872570961
872639362
872654829
872672927
872749049
872942028
872943990
873130636
873215392
873324218
873526660
874209987
874210230
874268400
874456517
874696265
874850152
874853982
874863807
875000263
875001247
875111437
875138531
875153221
875182894
875237628
875255836
875279387
875320680
875349250
875556343
875588649
875611383
875877053
875973735
876171656
876289382
876340160
876370835
876395238
876672119
877320763
877377578
877474355
877491300
877550173
877555010
877568811
877584578
877822734
877827670
877930180
877953205
877953313
877990394
878234363
878285949
878385881
878620444
878736012
878816848
878835090
878877756
879039059
879161147
879340329
879458819
879509667
879536198
879554627
879627891
879705171
880080722
880400130
880454499
880725107
880766617
881080008
881198146
881273154
881354708
881381782
881592962
881637076
881676073
881763877
881803316
881851979
881865618
881922959
881938613
881948000
881964202
882427393
882458990
882553310
882557645
882597856
882775899
882957110
882994533
883018835
883041317
883069648
883177119
883371683
883564976
883571963
883804554
883951950
884004715
884193239
884397370
884423156
884467313
884493078
884645449
884738882
884845920
884885669
884900097
885132081
885176485
885179148
885223013
885492474
885493619
885709029
885838455
885901738
885949024
885960070
886151865
886167985
886194764
886218388
886233370
886318511
886449930
886535041
886683135
886814359
886870964
887040570
887114975
887203892
887240613
887257684
887370542
887491412
887647617
887732627
887889008
888236015
888366453
888395124
888496848
888521812
888618442
888655040
888732695
888754982
888787352
888818920
888836573
888855040
888879317
888967964
888969636
888985171
889573930
889622429
889716168
889774066
889933027
889943539
889954334
890311000
890522731
890650712
890741101
890791435
890868940
890931738
891092304
891146633
891285296
891434146
891570436
891685120
891918393
891960400
892042037
892223699
892256134
892322141
892371225
892493079
892535695
892565514
892682802
892711621
892761662
893048254
893213341
893331821
893363175
893489079
893545601
893633518
893643432
893706863
893718026
893759556
893835653
893867873
894047362
894058533
894128218
894319100
894470237
894480755
894494596
894799649
895304192
895319514
895390158
895510068
895516850
895539162
895885075
896116774
896220377
896263397
896391870
896488806
896598612
896632296
896674275
896825195
897036788
897046259
897071088
897331229
897344877
897405559
897558506
897591255
897725162
898044564
898153007
898327743
898405452
898587266
898600916
898677822
898713075
898735831
898791187
898920024
898934429
899144342
899198090
899227313
899307028
899418140
899500113
899535362
899644389
899706019
899889181
899901764
899924700
899954044
900062758
900079755
900089948
900176483
900235818
900349009
900444845
900496619
900623504
900625428
900702338
900989666
901218150
901343862
901449314
901458873
901499936
901589733
901686297
901740089
901780213
901792851
901828140
901864146
902024131
902103993
902200791
902251749
902255507
902404767
902456057
902463039
902696129
902737358
902835162
902866366
902959261
903006118
903148865
903176322
903290279
903409785
903585846
903689202
903756102
903758668
903842660
903870783
904224048
904271797
904576485
904723551
904725113
904909664
904936613
905003223
905111162
905220104
905542849
905641091
905675191
905754397
905838686
905948042
905986365
905996324
906010293
906043720
906103454
906106839
906129766
906129932
906153145
906194025
906199210
906257784
906481167
906482644
906527483
906593399
906626587
906709506
906792051
906934441
906964502
906970445
907017453
907246615
907304576
907485157
907517227
907573925
907651283
907759748
907843864
908123635
908142700
908163139
908471317
908529960
908643947
908667559
908757382
908777454
908802855
908882773
909049714
909066861
909088754
909183462
909278783
909310837
909412919
909614206
909629984
909696746
909697375
909853165
910071729
910099034
910209203
910236086
910262746
910601215
910735410
910796381
910859495
910988961
911016793
911113490
911325566
911374617
911573531
911690511
911715197
911858701
912255392
912363691
912486187
912489555
912503386
912557540
912650379
912659827
912673115
912834276
912989956
913065003
913110482
913121527
913202868
913204218
913643666
913676721
913705418
913715818
913806190
913995693
914131750
914145844
914262592
914327778
914543167
914553051
914573775
914601005
914703115
914720870
914850286
915002672
915080748
915187669
915307239
915495275
915559105
915778092
915867697
915914380
915924120
916079906
916110960
916128896
916144148
916352614
916493313
916723048
916773597
916813098
916900347
916940893
917078711
917096608
917116991
917184087
917237313
917400339
917445585
917495034
917529435
917711541
917834032
917967351
918039474
918147744
918185763
918411795
918471738
918519146
918615969
918645563
918793535
918822409
918897670
918904975
918918338
919019307
919037438
919068718
919137731
919183498
919276322
919749843
919816574
920058196
920273793
920366251
920580974
920621787
920792017
920881023
920894109
920944107
921032786
921062298
921235351
921326350
921357885
921425511
921450931
921520622
921544413
921680857
921757794
921790056
922159134
922480965
922823129
922917798
923033637
923045962
923217225
923222551
923251580
923277335
923586795
923621714
923714251
923751739
923768224
924163288
924310918
924440280
924632398
924682438
924771876
924802211
924939989
925017834
925048300
925075115
925133467
925163981
925193879
925236479
925253226
925403258
925754500
925828006
925837597
925944510
925977469
925983362
925997575
926047950
926110448
926134459
926198489
926325160
926442707
926463208
926532188
926602070
926649933
926675610
926842955
926875282
927164855
927281814
927498716
927526129
927917591
927923846
927932453
927984497
928045366
928091842
928269047
928287252
928324657
928337891
928356274
928369656
928502013
928504634
928690497
928901275
929098640
929184908
929303890
929320063
929466135
929680175
929923301
930210797
930341578
930516820
930570349
930600564
930912744
930919865
930930042
930941273
930951922
931060028
931294344
931361101
931603831
931681398
931691343
931706697
931807099
931861210
931878339
931894065
931928480
931941497
932012480
932123395
932252873
932390457
932503090
932505775
932578125
932628748
933186353
933220803
933285488
933300023
933562400
933667836
933717566
933722040
933726333
933900880
933954449
934079812
934118971
934346894
934352970
934410297
934536314
934784006
934832769
934930194
935004389
935220082
935243541
935256383
935285787
935501903
935502626
935666164
935692880
935780759
935893438
935899105
936086324
936158098
936287498
936330945
936433448
936474345
936784704
936795080
936909591
936966231
936999380
937009398
937440335
937447647
937458365
937652854
937743127
937988726
938077436
938218120
938404050
938461021
938675707
938708210
938806630
938915936
939014255
939027578
939066967
939068131
939111535
939204405
939205900
939534029
939568061
939864241
940010632
940190183
940208680
940273028
940426065
940440151
940559724
940576058
940615732
940635349
940659884
940743251
940796114
940804823
940809232
941097418
941264752
941364735
941551045
941571801
941585454
941598406
941676854
941677072
941688904
941881256
941903336
941971923
942071422
942078559
942138065
942143522
942145782
942339201
942359998
942564677
942741494
942780265
942801100
942856789
943007574
943043012
943102023
943116593
943290250
943688922
943856797
943934065
944121922
944167856
944267987
944380756
944488999
944641391
944688132
944790468
945032928
945113378
945187363
945225319
945378593
945420941
945566601
945578665
945592832
945593682
945649771
945832797
945863463
946080397
946114203
946193748
946244383
946293907
946396495
946469777
946544241
946566247
946654979
946735394
946857031
946871106
946894250
946927697
946961873
946976271
947130392
947341701
947463864
947507975
947759185
947854217
948061015
948101277
948105759
948130848
948161788
948180488
948215946
948289315
948363229
948429033
948471444
948517951
948705445
949031043
949286983
949383950
949486213
949580509
949613873
949799298
949944334
950241780
950380183
950571848
950585856
950629788
950638517
950675337
950891831
951098472
951132222
951155597
951214313
951228333
951371347
951421747
951444828
951577731
951716951
951849626
951914755
951926764
952055081
952441442
952625883
952626602
952692709
952812327
952889333
952916608
952937802
953070311
953112904
953138233
953250567
953374207
953413076
953428045
953449760
953633842
953653658
953713368
953733940
953816002
953905262
953915374
953975493
954087041
954247387
954346331
954423218
954648803
954683099
954982934
955076990
955142376
955144735
955463631
955494295
955535462
955535603
955630759
955656773
955733022
955770577
955882882
955919816
955935673
955963193
955979695
956140945
956292415
956366272
956373155
956424829
956801472
956932080
957295266
957587161
957674394
957720667
957757611
957794337
957938052
957995910
958183876
958409291
958636647
958738107
958829207
959041076
959054355
959118279
959119855
959301736
959329159
959395556
959471127
959527017
959598122
959617280
959629822
959659220
959707496
959767038
959777345
959929634
959980591
960047631
960056421
960061018
960154303
960308508
960454104
960589737
960942918
961020881
961063617
961073674
961238519
961419209
961499282
961540110
961582579
961612385
961688102
961733288
961796150
961804904
961862045
961945172
961986762
962171509
962203018
962275959
962348025
962418414
962650151
962715871
962770655
962825008
962911367
962973646
963140358
963233453
963264723
963338631
963341104
963349190
963484097
963501745
963523611
963557102
963615916
963748177
964012403
964027581
964267173
964288717
964297436
964424906
964490931
964573268
964594863
964605158
964607134
964818329
964886681
964937247
964991164
965059983
965197503
965209466
965227394
965272960
965298316
965377375
965482785
965483199
965493134
965563137
965627806
965632129
965760207
965820353
965994733
966066309
966133397
966134465
966154046
966154805
966229345
966234658
966241216
966294775
966407536
966432511
966480602
966511358
966578176
966675761
966676493
966832591
967056668
967200673
967251646
967335305
967338191
967488462
967534873
967666694
967837015
968111840
968158584
968296208
968443537
968824352
968928078
968978026
969008895
969145455
969576487
969649353
969760577
969857978
969898046
969929614
970006036
970087925
970122286
970168257
970397362
970402461
970639640
970648757
970715323
970844357
970974817
971172315
971226112
971258817
971295716
971610638
971698433
972054379
972515322
972737487
972792537
972793241
972886071
972927886
972987390
973015901
973048630
973075428
973126905
973130629
973154459
973209997
973334771
973425613
973582504
973683117
973757365
973770034
973805206
974057958
974060134
974323321
974342876
974353960
974390870
974430648
974431280
974464117
974660190
974854636
974953507
975242704
975356860
975360366
975497893
975516219
975632504
975692624
975711064
975812836
975855259
976177493
976251071
976288047
976359879
976380489
976514893
976763765
977039286
977123515
977141850
977145291
977178251
977196436
977268497
977392387
977556829
977585439
977711744
977918779
978085243
978236866
978345283
978748232
978837688
978890461
978942456
978954263
979042648
979118175
979345000
979411830
979525250
979613810
979659846
979743230
979901962
979917211
979933533
979939840
979951011
980285497
980374294
980473667
980502297
980879994
980882707
980907083
980979044
981282745
981305917
981332904
981405480
981435602
981436239
981462361
981559670
982109624
982349550
982489339
982554478
982657589
982681771
982773380
982865513
982906032
982929662
982944309
983079962
983185244
983287685
983293541
983408792
983462871
983573136
983605772
983609483
983699102
983746653
984005771
984163663
984230435
984267996
984275068
984315217
984557612
984612248
984830302
984853882
984875159
985011745
985141699
985207689
985359032
985480047
985501061
985657915
985687625
985806852
985951291
985957567
986013579
986144452
986262551
986273585
986470158
986615002
986767624
986818120
986835176
986953674
986965597
987101354
987410857
987471364
987508635
987592846
987915777
987933919
988012141
988045979
988350425
988360078
988435436
988534934
988560243
988611864
988694273
988865385
988984670
989012722
989056331
989133080
989193162
989283691
989387442
989401854
989424270
989449114
989806009
989812197
989825937
989894488
989904046
989932311
990112493
990207279
990259253
990418377
990484785
990559781
990841231
990895527
991045165
991111696
991179867
991221578
991438574
991505415
991528970
991760242
991840490
991857069
991943600
992072070
992226163
992361016
992547487
992677974
992857088
993005657
993070777
993129727
993281164
993337299
993521048
993686141
993699713
993897994
994131353
994132151
994207242
994269984
994359250
994383628
994428704
994611528
994684986
994754909
994794174
994910466
995049204
995098884
995122727
995247488
995280649
995339075
995471967
995521235
995582262
995774643
995803369
995943367
996023692
996239033
996284879
996310491
996324167
996389886
996400694
996412963
996492505
996509185
996533647
996611144
996804869
996815978
996887350
997336017
997431547
997645213
997720269
998184647
998234385
998269642
998327326
998439002
998443506
998461901
998467288
998467734
998546989
998729914
998792929
998863403
998875244
999226107
999353132
999582765
999786313
999824172
999964662
