48102
48517
92751
137302
171272
258000
566083
791583
836259
887448
960184
996499
1085830
1106384
1115826
1208181
1239717
1406651
1533653
1599618
1671034
1708436
1890805
1986679
2033713
2167364
2225140
2373828
2418319
2530816
2645861
2651611
2689908
2801091
2977687
3078910
3090467
3104563
3147347
3254081
3303428
3317519
3589188
3664100
3679629
3993669
4063325
4086316
4176087
4187186
4241088
4291465
4428559
4429688
4479363
4549292
4607918
4867808
4960511
5137985
5144235
5148821
5309768
5526347
5772985
5791602
6113283
6152124
6274720
6522136
6539717
6546937
6602787
6628823
6653038
6690136
6756168
6773976
6883098
6929912
6962792
6967249
7005704
7079664
7275171
7305165
7463786
7511902
7674887
7688315
7903718
8008829
8038664
8142297
8303927
8344857
8369122
8375855
8377392
8391331
8870236
8934324
9048671
9073302
9227162
9246913
9462808
9486571
9560628
9651426
9686675
9693080
9735109
9765489
9962230
10017173
10205520
10211731
10226465
10332903
10436980
10437164
11167970
11175530
11263181
11320509
11376087
11481973
11493211
11497310
11530470
11563194
11734434
11875281
11894078
11898365
11906049
12003255
12264640
12270701
12287531
12433187
12551676
12658058
12732417
12910390
12913884
13052471
13072799
13092098
13118686
13188040
13277975
13291345
13438436
13451425
13640180
13668540
14021279
14036730
14086490
14434186
14509803
14628571
14794415
14902442
15002344
15088817
15099906
15167640
15276261
15418081
15588760
15793857
15904862
16024515
16074958
16088709
16175945
16444709
16645055
16697344
16840280
16856820
16874870
16889298
16989928
17092972
17132853
17196030
17249320
17324999
17358828
17432640
17468282
17565122
17944452
18252155
18292390
18375773
18502056
18575464
18581341
18744652
18753725
18842816
18848460
18875979
18900221
18901051
18941777
18996269
19106809
19126419
19182019
19273103
19421248
19588363
19653250
19680139
19703330
19767622
19962722
20155088
20166158
20209310
20503009
20531325
20559360
20847802
20958013
20996586
21094576
21213275
21222224
21292852
21338370
21483300
21484403
21556811
21598810
21687573
21707386
21720434
21822399
21864042
22179493
22216432
22389477
22455382
22688010
22689959
22726350
22864904
22877248
22964707
23198363
23224770
23260703
23280385
23319910
23361994
23402534
23487696
23622840
23655717
23713385
23797199
23841629
24254057
24462172
24720069
24785994
24997556
25065009
25220804
25235993
25258166
25270487
25325104
25360911
25387944
25406259
25542167
25563572
25737797
25891477
26070988
26183173
26200308
26359976
26456221
26591829
26735868
27126185
27181245
27237853
27309985
27330736
27398495
27418231
27851277
28151712
28330334
28357266
28570096
29022970
29122803
29277433
29332697
29381130
29404519
29492568
29495419
29572868
29646456
29667032
29782349
29814117
29909962
29928851
29997289
30027461
30085131
30099758
30106416
30173105
30266272
30515593
30518414
30626650
30782188
30863740
31089428
31333226
31510273
31556531
31568161
31853601
31878920
31963668
32063507
32070195
32212781
32272362
32528179
32533571
32534442
32554194
32630648
32680428
32711125
32836139
32898225
32901153
33202443
33457759
33653700
33749551
33780325
33927868
34043985
34075458
34120369
34253442
34294206
34489870
34583766
34835473
34841364
34861738
34877789
35002229
35025197
35046874
35283102
35306846
35309167
35443114
35538549
35707085
36016080
36423871
36544561
36592337
36597183
36630203
36685395
36714191
37254513
37260117
37639211
37814301
37828968
37832466
37848238
38139938
38162639
38187556
38267990
38361454
38464599
38476154
38536574
38605116
38693614
38916270
38930653
39110766
39146087
39234005
39275180
39291059
39308985
39367307
39647673
39650885
39684221
39717814
40010032
40072069
40158575
40184386
40248947
40388895
40412000
40460112
40548305
40586024
40601484
40996552
41078294
41160710
41192085
41225297
41237343
41305984
41550165
41561644
41688200
41712895
41739583
41822157
41918205
42319838
42344368
42400542
42400977
42408099
42476702
42679590
42754473
42793655
42801251
42836900
42987278
43012427
43116308
43203658
43234543
43257018
43291204
43442431
43533382
43604426
43654264
43704445
43756528
43785685
43942547
44086687
44227895
44313875
44346722
44675759
44699694
44905900
44912305
45190285
45214576
45325897
45421616
45425675
45471189
45559064
45584617
45638856
45857937
45911638
45956411
46110748
46323042
46357306
46392331
46446244
46479509
46480819
46794017
46814312
46922565
47101726
47108721
47152816
47205605
47336082
47447198
47581682
47582922
47584402
47584574
47639055
47749483
47847828
48009877
48019195
48093898
48126501
48148352
48161484
48231595
48650625
48666130
48763868
48841199
48874720
48921100
49000890
49018504
49106182
49191164
49660203
49766607
49815360
49947142
50008876
50129739
50228125
50265995
50359886
50595764
50649618
51071171
51078576
51108199
51148215
51206564
51750768
51969120
52052872
52326440
52356821
52585092
52724934
52738955
52760464
52819006
53106645
53111021
53132735
53157579
53371634
53512836
53523986
53626865
53661802
53847397
53910738
54023427
54029178
54035643
54123214
54241713
54248023
54258983
55076010
55216862
55318094
55346188
55373132
55452628
55565830
55587810
55655109
55719366
55791573
55792352
56104264
56113402
56228282
56294554
56329684
56361987
56457740
56459005
56662850
56676809
56703163
56902823
57040016
57324120
57792664
57828480
57877955
58440305
58761128
58796064
58809643
59012397
59018451
59115881
59321391
59493638
59510584
59617710
59714329
59735737
59964865
59972825
60042207
60053246
60123615
60134373
60439315
60534511
60539141
60706770
60756005
60959214
60977698
61131377
61155494
61164137
61342856
61532670
61597694
61644940
61809366
61822987
61924023
61963831
62367953
62424932
62480917
62515724
62536933
62577149
62772358
62822385
63098878
63319313
63389436
63401093
63513943
63598579
63701183
63721502
63762752
63835937
63872462
64094565
64141230
64219583
64313678
64605564
64613571
64621559
64664570
64686428
64777978
64779467
64846356
64917931
64958159
65170647
65293779
65312614
65337413
65410924
65457470
65694807
65699616
65750936
65958198
65959631
66102592
66240887
66278816
66480510
66575170
66845132
66863771
66866553
66906280
66928206
67026431
67147783
67186688
67433347
67512597
67640213
67752049
67836373
67913467
67970053
68029714
68230306
68548736
68699784
68768841
68794134
69140442
69248479
69293870
69373508
69482312
69507473
69510112
69541513
69646214
69739120
69747869
69775163
69786702
69995481
70110179
70385661
70396209
70479216
70504952
70622210
70671799
70672724
70757668
70757730
71014102
71016210
71182756
71365159
71434270
71490708
71538534
71578620
71585249
71690898
71801939
71829584
71852150
71947752
71949540
71985463
72016825
72134009
72138419
72197190
72284650
72335542
72680718
72732952
72875881
73062503
73349535
73356151
73360301
73584288
73822189
73824338
73904925
73987247
74241200
74332451
74447903
74456104
74681281
74999471
75103167
75170933
75246142
75499176
75508892
75568035
75624139
75689408
75854413
76049693
76096449
76113955
76144670
76164353
76237301
76447540
76606617
76638492
76794773
76797394
76840032
76985697
77055027
77185151
77205828
77231107
77235374
77338197
77508070
77524837
77616903
77671309
77825405
77940067
78030614
78039987
78435253
78570463
78653367
78837232
78970491
79301042
79389641
79430000
79481785
79632771
79696130
79712030
79763831
79806770
79888353
79893209
80043066
80079796
80243118
80393994
80395272
80629088
80710119
80768577
80780581
80980821
81255778
81256093
81271213
81294182
81347301
81388628
81443460
81552794
81619368
81629546
81636557
81810570
81941033
81995242
82178857
82202981
82224855
82226154
82234320
82236363
82247219
82378546
82399973
82500163
82537757
82609220
82657181
82685768
82751923
82812306
82909568
83014846
83181182
83531312
83695943
83711751
84037518
84044044
84044422
84125715
84148658
84212309
84240890
84259616
84311156
84311789
84409408
84621860
84626562
84749506
84771612
84868493
84945412
84991532
85151958
85174260
85181963
85267134
85268780
85374434
85377811
85428457
85451083
85503779
85630065
85652245
85662799
85751702
85877476
86166533
86327117
86361973
86390533
86416489
86486940
86518035
86548433
86616124
86647088
86669617
86786963
86959796
87048637
87144490
87163469
87181627
87612233
87785284
87848221
87923677
87925225
87936151
87987347
88000608
88005076
88212049
88227704
88336478
88353340
88377495
88619348
88636539
88671966
88857826
88864660
88903467
88917822
88929527
89052699
89136009
89152520
89297752
89350967
89381158
89398625
89576194
89623776
89762922
89773091
89824805
89857100
89934184
90026392
90070609
90111511
90218151
90278280
90840413
91056837
91142406
91418812
91459851
91483415
91520535
91617657
91661087
91713939
92017072
92062435
92187974
92275181
92382685
92420290
92511251
92635828
92652157
92676277
92692321
92774331
92789846
92828106
92838380
93093428
93106551
93393396
93413959
93539587
93672278
93789377
93926845
94054695
94057203
94064663
94163691
94529864
94667941
94801269
94939153
94959728
95049785
95205511
95375038
95381012
95461272
95472984
95573647
95692730
95883180
95917558
95926599
96005893
96068114
96151229
96154717
96216006
96290152
96474824
96565167
96565196
96589873
96605802
96631739
96678884
96724255
96807202
96840613
96876284
97017702
97152168
97380272
97420013
97567328
97724503
97836582
97929071
97999033
98025892
98090787
98129560
98213518
98340144
98359600
98529414
98698961
98704911
98750498
98822328
98886984
99153330
99330289
99402209
99462349
99691749
99707470
99783607
99784932
99817439
99925102
99950433
100289971
100338421
100661000
100772750
101026344
101114955
101243567
101306673
101314218
101441325
101658031
101677097
101784155
101816649
101875748
101883029
101916782
102061365
102072954
102139338
102301308
102565324
102588924
102702974
102805560
102831416
102912541
103168291
103317033
103382273
103382700
103471673
103566568
103891724
103978679
104148593
104268993
104333230
104350073
104438604
104658629
104704480
104799023
104802874
104904676
104928133
105090035
105098496
105178106
105183246
105183860
105217452
105565125
105580398
105589611
105641443
105674605
105713942
105858068
106090311
106194898
106226825
106265249
106285134
106479336
106514282
106597250
106677291
106687344
106715139
106964080
107236889
107347183
107498523
107623973
107847175
107887680
108019226
108124250
108137858
108367316
108452220
108456000
108472003
108496150
108570527
108656482
108731985
108864308
109004031
109045790
109057581
109070417
109092425
109109901
109191902
109411622
109483515
109494260
109520620
109561907
109932174
109984972
110149467
110241929
110461476
110495606
110514047
110548592
110642325
110732077
110834098
110870657
110889762
110904831
110972534
111172320
111175914
111263796
111706547
111785352
111847707
112721427
112733691
112860166
112946559
113065524
113123733
113209868
113249489
113491433
113736681
113817319
113964327
113997951
114274675
114313902
114621974
114652790
114833552
115091924
115170840
115222841
115411736
115495355
115698388
115728450
115941226
115952449
115971645
115989599
116006912
116170187
116227439
116259067
116369724
116387205
116460917
116550537
116841293
116882152
117021617
117102395
117172132
117296647
117353860
117410837
117569249
117664993
117682645
117769302
117855578
117863498
118132564
118134052
118197724
118223197
118267070
118268927
118486391
118582656
118597586
118649125
118679082
118701917
118761848
118841358
118877159
118902966
119027454
119038170
119081094
119158713
119323685
119326125
119420619
119459409
119606455
119870458
119943382
119995002
120077841
120174993
120203018
120237067
120288399
120295965
120339152
120365309
120463701
120490448
120611920
120754415
120857470
120930764
120930985
120947061
121300051
121437308
121472414
121688391
121703387
121717755
121829687
121848737
121887233
122010267
122225019
122292401
122321161
122361941
122405019
122667057
122871787
122961169
122988247
123016185
123197602
123209454
123287283
123337089
123442069
123630812
123683552
123802750
124245413
124390561
124553334
124575313
124577714
124655357
124774124
124835315
125131009
125271029
125333573
125442548
125573735
125576870
125824478
125913630
126012829
126144357
126188067
126303160
126445833
126446806
126522892
126537522
126599013
126670055
126706549
126750592
126775616
126899515
126911035
127021449
127098145
127111120
127361307
127588896
127613686
127655559
127691553
127705210
127865466
127968847
128033923
128115562
128175615
128233189
128438676
128489388
128535378
128555554
128651595
128701679
128760285
128778813
128867931
129021091
129135089
129151640
129203111
129292648
129337152
129419230
129422223
129594653
129643291
129668446
129694316
129707776
129751663
129947028
129958910
130008686
130289325
130592434
130651449
130661621
130760429
130850909
130859213
130884905
131044356
131102305
131119264
131321204
131392021
131432125
131673040
131824288
131912905
131963637
131994819
132007177
132248868
132411927
132589982
132820792
132834991
132886782
132900149
133080390
133102383
133163187
133351128
133424233
133478876
133479435
133486446
133784367
133873482
133916299
133934723
133994064
134034023
134175501
134255956
134417209
134545129
134558033
134581448
134720707
134774143
134821137
134883518
134938854
135168303
135230173
135348758
135355956
135461173
135471609
135538081
135588702
135914055
135933791
136379387
136409809
136585250
136606111
136639396
136669005
136699992
136878852
136888637
136890446
137080812
137237431
137252739
137348919
137521570
137765676
137789220
137855518
137873344
137881029
137977663
137989521
138102261
138376881
138384372
138596243
138609555
138641735
138777222
138812046
138955207
139012592
139068254
139103684
139118172
139248550
139311924
139390195
139461507
139575354
139612199
139656886
139801929
139922870
140126485
140537044
140570846
140605006
140664804
140693072
140715890
140774486
141717002
141964047
142048562
142064414
142148613
142239354
142366312
142435985
142547413
142589321
142608671
142611034
142611893
142712348
142792340
142795505
142819974
142867166
142871502
142919510
143051204
143148791
143173660
143179576
143234009
143400512
143771034
143852495
143958176
144051813
144080352
144138624
144207235
144285534
144330553
144331415
144506798
144627418
144718558
144832198
144874945
144911292
145152121
145346320
145402590
145440211
145478821
145592585
145649280
145722265
146024685
146082714
146205907
146234393
146340136
146365932
146548025
146599732
146728286
146981973
147003914
147098290
147363695
147465014
147618257
147675774
147678527
147758418
147786867
147841459
147869450
147892694
147918974
147961795
147968709
148269806
148329732
148362030
148562208
148640451
148667525
148672920
148774431
149080345
149360454
149396567
149479397
149492964
149932008
149932849
150066840
150122227
150258045
150269937
150319202
150387975
150459485
150500246
150516430
150595992
150619755
150666396
150666739
150834402
150881070
151002686
151062725
151094718
151098544
151149535
151227611
151256510
151355912
151485474
151523154
151553916
151577542
151719754
151863118
151911162
152011848
152059477
152064914
152162981
152198566
152289630
152349343
152389093
152538643
152765651
152937148
152978133
152983211
153089282
153183447
153221648
153242052
153265098
153350902
153489486
153560296
153713715
153847429
153960991
153970415
154038626
154043025
154240491
154587968
154634803
154663289
154685807
154719404
154798782
154883365
154929531
154938657
155018412
155022584
155064918
155175531
155187025
155363474
155420009
155603416
155680009
155763126
155777888
155825400
155947913
156257405
156262938
156318613
156374794
156390367
156392258
156421455
156421670
156466096
156506258
156564366
156606037
156782502
156830259
157092253
157565237
158107567
158295283
158656047
158744022
158805379
158888627
159148103
159314371
159666012
159720064
159914597
159949666
159984432
160160889
160195112
160226629
160255188
160325131
160341054
160453947
160623165
160655589
160701986
160954435
160975483
160983675
161055204
161098093
161108659
161133118
161162430
161250693
161298958
161338656
161402175
161498743
161522813
161563998
161769309
161878473
161879010
162003582
162110303
162347339
162557011
162570175
162708415
162732782
162831405
163359560
163391150
163533939
163559947
163803961
163938996
164184477
164288617
164381122
164444389
164547455
164588382
164876219
165046060
165080023
165104783
165170557
165172144
165181886
165227557
165250793
165272045
165293189
165482550
165486282
165534441
165595583
165601805
165635252
165812683
165845507
165902000
166111008
166137555
166170083
166236769
166475204
166622391
166758513
166895888
167039979
167135006
167141104
167162184
167188461
167204316
167516620
167607745
167627388
167640127
167650192
167667486
167728076
167844512
167893034
167901289
168176496
168202358
168301989
168518259
168560410
168615815
168685539
168826008
168897067
168911176
168946259
169019371
169079836
169289554
169290868
169397294
169486586
169544208
169585197
169619664
169876318
169903109
170012806
170198232
170395679
170632804
170761909
171011462
171045936
171463748
171774116
171935926
172077956
172078445
172319327
172506487
172520996
172680778
172768944
172811080
172862118
172954374
173195653
173236512
173239167
173270257
173272968
173275264
173373871
173495017
173516947
173603384
173634803
173740283
173780125
173894211
173896883
173922092
173949774
173961506
174124291
174159566
174162935
174268329
174389126
174416899
174443241
174524814
174796128
175094039
175241837
175305507
175309832
175375731
175407813
175460740
175515626
175541493
175746342
175860312
175924695
176185391
176260371
176399425
176429523
176434263
176557225
176760956
176810520
176820590
176867987
176941455
176950089
177060587
177277242
177353957
177621500
177681872
177725358
177744831
177751801
177846851
177865841
177882634
177968268
178194915
178490394
178528947
178732436
178767994
178814450
178888027
178919561
179052846
179118940
179275425
179327489
179360305
179442656
179578038
179647602
179671617
179848059
179881176
180063866
180143418
180187875
180259033
180299628
180406275
180452798
180550648
180604904
180634647
180644995
180708257
180765523
180803613
180883354
180884757
181024906
181174624
181233292
181272468
181301324
181355217
181400444
181635644
181773160
181782220
181884006
181917155
181991556
182047190
182172826
182322446
182332029
182464125
182781307
182805597
183011017
183191287
183289186
183330541
183467652
183620945
183638166
183666696
183885827
183945195
184042966
184152853
184154527
184171690
184209566
184312108
184325367
184373461
184544895
184804343
184871984
185132000
185227536
185263708
185363891
185366801
185507798
185517925
185638129
185697383
185698410
185733349
185826040
185859045
185864308
185925056
185932940
186049290
186111332
186154092
186159902
186213474
186322153
186592594
186705207
186779370
186810987
186879784
187051584
187169500
187268157
187293283
187297074
187373288
187453280
187560787
187586688
187618101
187637280
187941930
188142131
188296935
188310046
188367734
188375279
188502805
188592043
188649131
188654756
188986587
189046138
189138605
189165681
189322503
189455952
189548445
189657159
189703323
189745744
189750072
189796347
190120704
190288140
190298190
190304064
190329351
190364597
190531128
190559671
190569377
190584522
190598123
190732718
190962646
191010241
191090027
191194574
191402500
191425446
191799143
191804579
191949016
192119988
192285533
192793934
192945644
193163490
193204816
193207881
193236307
193459494
193505991
193588065
193603319
193635072
193744292
193793944
193970152
194006804
194190420
194279975
194281513
194325019
194333135
194406323
194541531
194650227
194701845
194790175
194975624
195050815
195124181
195351858
195623405
195737140
195957333
196082491
196140290
196174338
196338715
196417571
196448032
196479738
196525025
196637532
196686142
196786746
196809583
196937763
197016126
197248603
197374131
197408558
197561007
197696454
198389225
198530500
198645285
198743776
198839824
198852270
198939915
198971676
198985732
199094314
199237993
199314068
199427911
199453914
199670958
199697022
199753695
199999868
200008752
200111683
200390757
200469105
200488734
200583955
200787905
200995601
201036566
201168958
201253198
201626222
201691642
201706131
202087150
202227220
202378884
202383228
202769819
202944328
203397320
203453024
203481033
203523779
203704952
203887319
203973067
204022021
204141186
204272385
204449291
204487608
205065632
205100082
205413806
205463390
205842583
205957369
206013960
206034236
206328921
206379519
206465832
206518057
206541216
206547776
206642955
206643459
206747176
206930687
207238756
207290617
207314394
207314553
207370598
207415303
207503526
207545561
207612355
207656313
207709203
207727287
207886284
207942173
208039671
208146357
208269073
208296971
208304334
208385538
208534046
208734076
208890897
208914288
209058994
209233478
209667035
209668277
210175868
210223192
210304887
210328890
210387947
210411330
210489513
210609685
210667614
210892542
210925026
210971998
210994547
211104022
211142901
211143014
211144448
211175287
211225323
211246472
211603058
211694110
211733402
211737314
211816354
212054526
212066138
212223472
212277107
212338054
212341185
212361119
212381657
212499794
212594113
212713829
212741602
212865676
213053417
213204090
213219236
213258816
213348442
213552448
213618783
213661641
213855731
213892194
213918152
213949852
214003685
214054951
214121257
214215188
214232193
214244930
214295222
214463603
214467254
214502321
214575768
214630056
214648038
214718044
214764768
214799407
214916851
214918056
215010038
215060876
215096462
215130790
215301784
215461567
215572597
215600657
215680248
215687234
215747586
215774847
215866123
215979539
216036027
216211478
216252713
216280979
216344588
216706184
216940358
217086946
217298682
217563029
217584894
217815428
217864831
218395026
218401481
218421207
218539931
218571414
218687223
218841270
218938861
218980326
219125006
219172942
219339928
219403215
219416125
219476658
219551266
219568836
219595595
219888411
220249728
220285545
220291688
220303202
220356706
220589682
220798437
220820238
220828887
220863681
221074051
221222942
221294738
221384409
221753869
221906959
221920837
221975897
222395409
222643786
222713373
222822844
222997965
223063964
223125174
223137536
223152689
223195422
223290951
223405903
223677498
224067378
224088804
224140961
224184153
224712725
224741248
224841795
224848900
225106603
225183112
225204182
225365271
225447160
225522593
225523262
225562909
225684980
225689565
225765163
225886293
226011022
226033560
226154663
226155601
226265094
226287434
226415308
226579030
226685645
226753905
226814685
226933436
227036315
227305279
227584564
227743940
228006694
228134584
228170251
228418459
228694276
228696271
228723790
228888139
228889342
228908811
228920446
228922418
228934032
229173476
229479474
229535638
229847938
229991626
230030399
230092209
230101232
230204258
230240877
230248730
230326275
230459570
230624057
230648342
230694234
230727199
230960174
230978474
231044376
231077348
231117421
231154167
231255827
231310131
231341373
231365796
231368430
231446783
231474755
231704115
231745676
231784258
231858621
231921982
231955319
232010851
232042616
232083719
232116202
232329595
232390577
232653091
232706124
232818983
232892560
233032278
233114225
233346342
233456060
233539220
233675189
233727491
233889284
233910779
233921774
234034709
234155439
234212011
234242999
234300833
234325222
234389138
234404402
234459846
234540545
234582569
234667539
234730588
234928383
234982569
235006560
235097364
235103792
235165010
235313461
235372217
235478997
235506660
235769210
235770982
235886226
235927639
235958612
236076675
236093062
236251402
236375677
236445466
236464515
236479069
236639948
236790228
236817142
237175186
237238996
237416731
237465134
237531773
237541872
237549647
237570038
237608958
237838412
238003911
238035765
238075353
238197511
238204958
238287465
238306902
238351398
238464881
238473037
238479885
238541345
238542929
238576050
238642794
238711573
238806109
238931720
238981706
239036328
239070490
239093614
239114639
239483371
239542015
239624154
239834128
239945159
240018183
240034189
240132178
240152901
240212406
240212735
240530358
240839159
240934652
241190168
241199029
241332791
241430745
241548304
241644437
241682314
241849255
241878915
242056086
242080806
242103600
242125496
242170782
242217942
242519433
242660067
242660848
242788967
243022791
243126750
243131811
243259124
243319558
243378162
243401593
243672392
243963228
244326135
244346791
244399849
244518646
244545879
244656570
244663938
244910015
244970431
245287001
245423024
245525024
245745327
245766166
245929179
246136579
246187024
246207313
246452171
246456793
246462359
246472556
246498255
246555542
246645899
246724493
246738738
246818138
246929086
246955177
247054913
247118459
247124790
247352198
247434916
247551495
247674323
247756838
247874833
248141207
248582798
248663386
248729008
248808030
249054385
249062703
249218681
249417689
249693907
249791567
249913639
250043153
250085783
250087869
250135993
250153277
250161040
250197153
250235138
250236210
250257694
250282587
250315159
250545182
250731668
250915559
250939865
251021948
251028408
251095103
251191579
251260867
251430500
251485989
251532389
251655488
251711942
251779209
251833076
251846749
252027325
252047124
252071712
252081695
252110504
252210716
252436021
252440039
252512520
252613651
252623430
252724969
252796338
253049604
253118975
253272693
253553982
253725438
253746264
253790183
253856157
253896285
253990038
254024141
254573018
254719195
254866354
254923821
254927644
254931188
255298050
255359480
255397021
255631620
255638188
255741195
255906705
256006881
256150971
256208116
256254587
256286916
256442935
256460304
256467206
256714826
256743876
256975282
257341040
257351707
257362240
257363402
257633632
257770321
257799877
258427982
258670755
258715732
258729182
258807094
259203272
259329678
259387121
259459859
259476372
259547497
259584395
259640977
259671829
259819197
259825355
259856410
259870563
260139100
260191480
260326205
260575394
260644405
260784499
260786146
260879818
260916235
261030693
261074061
261151215
261286469
261304378
261334812
261345799
261348031
261405965
261471795
261545973
261550238
261587270
261596406
261626369
261796212
261876367
262083520
262104708
262135033
262376560
262508536
262603331
262644156
262646900
262650246
262704382
262736334
262794791
262873477
262960114
263132853
263156050
263181235
263199667
263260407
263429658
263485668
263512140
263632212
263652566
263750067
263848719
263964086
264006896
264083625
264092316
264274481
264482372
264651008
264686327
264853221
264954898
265026815
265037880
265471813
265683563
265685958
265690773
265694661
265846768
265952175
266009018
266194886
266252549
266364565
266523382
266723150
266739648
266890931
267634245
267831952
267893260
267960547
268078657
268266992
268524656
268557202
268948793
268965145
268978181
269198074
269285600
269341004
269355723
269422114
269451011
269486715
269590184
269730071
269940232
270061402
270142503
270156761
270345324
270514296
270554699
270606298
270802977
270846419
270867779
270898372
270901615
271024554
271086596
271127399
271225449
271308494
271347792
271381990
271394716
271454285
271551097
271666789
271748141
271860701
272161624
272264600
272445058
272500746
272631991
272723521
272885951
272947156
273493872
273685931
273949088
274106694
274146371
274245785
274262541
274319174
274358986
274408213
274482789
274535888
274572687
274588521
274667919
274844760
274909311
274993846
275189439
275212050
275253239
275281403
275407849
275490366
275591513
275981264
276074455
276143730
276171616
276178658
276182621
276196375
276198686
276206249
276247045
276301776
276425261
276457851
276545522
276758014
276790604
276810676
276813190
276958252
277093659
277246976
277253291
277636895
277724904
277839295
277995675
278017141
278190888
278195387
278397106
278738621
278828370
278869855
278871861
278882943
278931533
279166026
279206117
279288015
279475664
279649006
279687962
279856242
279908710
279932815
280006255
280023509
280073469
280076906
280475511
280548880
280825025
280831120
280921066
281076620
281183720
281242085
281245685
281248374
281493342
281540791
281543123
281545562
281631490
281686792
281698575
281864314
282036102
282087742
282216487
282313813
282485533
282569745
282634195
282842215
283025107
283157247
283236593
283249880
283435946
283448813
283509656
283518708
283546677
283723669
283834752
284029858
284046692
284069802
284093681
284270110
284272931
284314939
284458116
284509401
284535414
284558356
284649221
284729922
284744503
284884019
284950785
285156065
285426559
285435539
285503713
285917919
285981827
286037660
286130276
286150183
286248889
286265398
286343442
286360783
286564099
286806226
286902958
287064568
287133841
287225329
287286084
287289507
287454498
287928049
288029089
288072803
288075145
288155247
288472538
288489987
288507205
288987376
289049566
289079752
289262765
289419867
289511203
289612843
289748440
289780865
289838621
290017926
290037866
290236309
290284851
290324487
290542419
290577217
290650798
290654599
290744869
290846267
290868335
290985981
291070046
291227737
291303472
291367701
291517366
291685668
291780228
291839886
291935682
292017607
292071545
292101620
292160808
292369704
292520606
292546054
292550982
292819551
292917485
293164387
293277807
293340812
293410267
293485904
293537040
293635957
293705834
293761757
293873470
293996228
294114596
294162897
294545722
294586030
294604771
294607916
294622903
294675340
294842373
295011444
295034428
295245976
295310081
295391435
295400773
295430143
295882393
296088784
296089494
296147629
296203040
296258490
296502749
296575269
296717549
296987417
297175273
297187630
297354429
297442945
297524184
297551182
297685095
297860986
297932374
298213435
298223388
298296523
298438559
298451702
298563569
298692668
298695481
298765028
298856647
298887133
299121145
299131959
299142108
299464356
299513248
299534436
299546898
299703064
299716733
299788901
299966320
299998956
300064642
300122183
300188979
300272777
300514335
300517105
300534255
300554632
300613432
300642864
300660148
300827440
300886017
301100285
301311493
301692348
301751551
301871827
302161631
302178935
302459878
302467336
302506223
302535361
302735859
302794613
302825675
302849722
302977048
303013279
303040981
303123732
303603947
303678178
303940608
304010826
304076784
304101096
304279485
304398129
304407228
304412883
304711284
304777049
304846923
304867103
304874627
304876120
304893756
305146672
305169809
305241571
305348044
305514378
305623035
305813500
305857995
305898167
305937333
306106509
306156393
306192677
306463653
306609294
306660999
306756593
306777356
306809596
306894019
307171240
307174534
307218080
307701906
308026591
308201753
308315997
308414550
308519499
308570084
309121241
309132236
309207435
309389486
309396897
309504487
309539310
309681694
309742943
309770654
309985521
310093844
310298434
310370533
310447794
310511635
310580295
310733965
310866831
310974223
311123004
311311362
311315561
311424952
311428891
311486883
311542468
311551502
311568820
311582259
311859797
311990058
312084325
312093810
312107557
312118731
312425660
312449891
312462399
312491912
312818943
312941521
312981652
313335328
313504699
313661062
313738658
313762301
314049421
314159313
314167314
314179030
314240220
314288149
314390223
314446434
314549311
314604524
314665123
314717284
314793296
315033359
315061548
315085340
315169271
315244273
315291908
315487344
315498175
315832563
315892479
315994206
316252156
316256796
316264004
316300654
316311231
316329705
316723752
317103187
317291743
317754879
317854569
318001328
318027585
318121529
318334116
318485912
318532089
318543690
318547026
318592236
318613255
318618620
318620234
318804030
318909733
319069444
319112268
319116795
319162971
319386189
319528186
319625600
319941377
319954529
319962053
320003462
320015073
320022644
320086553
320121139
320251787
320314936
320417287
320457081
320612044
320633898
320634747
320812463
320911064
321216876
321367414
321367692
321385228
321556961
321962705
321996843
322133393
322142516
322146363
322310516
322382707
322441259
322466230
322473474
322658367
322866887
323148582
323293352
323375470
323391283
323484099
323815908
323940450
323960547
324234727
324259422
324389852
324441877
324554966
324577497
324581767
324976043
325071042
325135098
325351094
325366615
325432289
325485640
325744112
325808860
325812909
325823804
326015837
326119650
326279406
326285374
326376469
326408030
326787782
326901874
327117620
327259040
327473454
327536007
327621327
327685108
327744065
327811531
327991324
327992839
328084026
328159672
328220729
328347766
328367687
328380953
328433250
328489010
328521287
328761345
328977617
329086485
329238545
329242222
329319476
329369847
329371764
329444864
329540482
329923593
329953776
330117269
330163472
330193800
330224941
330229105
330436255
330487224
330492417
330662382
330672501
330891840
330923851
331039970
331067614
331111177
331156262
331171539
331290174
331382158
331398532
332030205
332201960
332218204
332563763
332585202
332804214
332824464
332842875
333011714
333079889
333154864
333329870
333351367
333356870
333640033
333860333
333864109
333981319
334079594
334088040
334514107
334528436
334661192
334667365
334719511
334745026
335054204
335112738
335226469
335477784
335551792
335578556
335643626
335719716
335733484
335894653
336004468
336162646
336204958
336210731
336318032
336479332
336572790
336607045
336656343
336708418
337029676
337142174
337365969
337653061
337738929
338051263
338054100
338101363
338389648
338486473
338586964
338728657
338812465
338814349
338824918
338841467
339022788
339078524
339084103
339410562
339444752
339470067
339503744
339507032
339601727
339636163
339701359
339730223
340219070
340382267
340383818
340458483
340467324
340522122
340566412
340691298
340747932
340802922
340894539
340895913
340988890
341039644
341111750
341216794
341315206
341373082
341756804
342109789
342144125
342420756
342485531
342532796
342579797
342657753
342671179
342806913
342998214
343007237
343066257
343067696
343179654
343351817
343558248
343771264
343852842
343952451
344218463
344337792
344393092
344420868
344444488
344457640
344560245
344749249
344890087
344893170
345033702
345057695
345063860
345243608
345268461
345287985
345316623
345320768
345466605
345512779
345631896
345648649
345794470
346060082
346093384
346229788
346234418
346307479
346377302
346393676
346731135
346786984
346868987
347048330
347104776
347191013
347191502
347192487
347280219
347294941
347328240
347392651
347462158
347569434
347627110
347679083
347714683
347744799
347813978
347828621
348024170
348171905
348235711
348287309
348348583
348348653
348499787
348525840
348803432
348826802
348856559
349001586
349193381
349351362
349443291
349526707
349783649
349820657
349874225
349953525
349959732
350116482
350132294
350142539
350193086
350253755
350327455
350337930
350458426
350479511
351055503
351138758
351265346
351475686
351476439
351707864
351756061
351779397
352312529
352347295
352416355
352547698
352610203
352787598
352815366
352836203
352899183
353021268
353255243
353358216
353381237
353460286
353635000
353655620
353769197
353789616
354172522
354185074
354221950
354229913
354301230
354355623
354419146
354686356
354753091
354764273
354965214
354966149
355235110
355397456
355505458
355785893
356013851
356245753
356284734
356418154
356447074
356545366
356670688
356672913
356894233
356996075
357021696
357054313
357073944
357093726
357196161
357662320
357662576
357757908
357979863
358280498
358348454
358374502
358417089
358441468
358517101
358548319
358601255
358723701
358751303
358793971
358983851
359073222
359076681
359162365
359181293
359185051
359207348
359549846
359609926
359739714
359747629
359802195
359829035
360327381
360329253
360402711
360445448
360712031
360758030
360759128
360793901
360798897
361042967
361118587
361272399
361394372
361473738
361595064
361770209
361909758
361953373
361971505
361984255
362107629
362254381
362263162
362284458
362386968
362497719
362568342
362592354
362636307
362705952
362754534
362760824
362830308
363117697
363220629
363279088
363757875
364062005
364083769
364141288
364203790
364236589
364269299
364291751
364410625
364453298
364553977
364556179
364681730
364921415
364931430
364974803
365429741
365523491
365540393
365647421
365705862
365712613
365718976
365780490
365798370
366069297
366108822
366163491
366392408
366458118
366504421
366628713
366805338
366849645
366887930
367238970
367386874
367396069
367474998
367492269
367622479
367776738
367956329
368038236
368113215
368282122
368344545
368519868
368638560
368824101
368825098
368837155
368881107
368905604
368965385
369042321
369073025
369122847
369291318
369388596
369439733
369467915
369677412
369704630
369714031
369772453
369871717
369882253
369943815
369965483
370174024
370193071
370215982
370227668
370286410
370339028
370345893
370397549
370472610
370530588
370635378
370726084
371082889
371464593
371557391
371697287
371709683
371834268
371866554
371880362
371893923
372025279
372096262
372339533
372466244
372501108
372631603
372812864
372830566
372854964
372876147
373001692
373396232
373434979
373477438
373517427
373535910
373847456
374094623
374109767
374169169
374207931
374267903
374282877
374299454
374454059
374500981
374744004
374778434
374833637
375032665
375117269
375134231
375208086
375321124
375651749
375664332
375700479
376059961
376286823
376335118
376367318
376818197
376827664
376976830
377130603
377219600
377310953
377512219
377727442
378032389
378048727
378095043
378387034
378409738
378460011
378565494
378599846
378829693
378969254
379026255
379053493
379140002
379214905
379302942
379608226
379649873
379756224
379909878
379988279
379990841
380002936
380097093
380131609
381063671
381389303
381473479
381874819
382369251
382476967
382536406
382567301
382655984
382855660
382892710
382988717
382997776
383001038
383055437
383122993
383257472
383426791
383484046
383520212
383564352
383614188
383643213
383795422
383958530
383963795
384015577
384173252
384309456
384391882
384518420
384607675
384956033
384969903
384994000
385048822
385098863
385102870
385150163
385330275
385373766
385442503
385789120
385861922
385864280
385866856
385902169
386039793
386041404
386367509
386386602
386600276
386647584
386773941
386796516
386928707
386949518
387008291
387015390
387061371
387068862
387144151
387233213
387281485
387302018
387453508
387546897
387559774
387580781
387649728
388411104
388439902
388736490
388999450
389257302
389257513
389323740
389390192
389477987
389553735
389783696
389858232
389905356
389916298
390055549
390142753
390221683
390281787
390285790
390616098
390679164
390704936
390714506
391499093
391500888
391503113
391554418
391657142
391696167
391925350
391978962
392165303
392396537
392641777
392677424
392752885
392802187
392826394
393068433
393192788
393251003
393413390
393796005
393824035
393860145
393912952
393970643
394101438
394307910
394456321
394491183
394501732
394646168
394690726
394709707
394725009
394780047
394979811
394984186
395035167
395133723
395139531
395266086
395338108
395467810
395719100
395763015
395875012
395959540
395985665
396231119
396249945
396279275
396289487
396294191
396331813
396480230
396481266
396611097
396649980
396714837
396791057
396792218
397057442
397184471
397184952
397194206
397309951
397642640
397771082
397782371
397864179
398038487
398142515
398221575
398732088
398787780
398900698
398901408
399024678
399095094
399101525
399184986
399398817
399522101
399542484
399614468
399680740
400308034
400457026
400583175
400602598
400734144
401018875
401084439
401175193
401371415
401378234
401491502
401511525
401634357
402000086
402090520
402099416
402159147
402180800
402228044
402309050
402325761
402451697
402599660
402638671
402697589
402749885
402858537
402914123
403099385
403183525
403348093
403922168
404007169
404143628
404243873
404289146
404290856
404375690
404504411
404524671
404673034
404705333
404717714
404718720
404739012
404878416
404905653
405025190
405049233
405085540
405350542
405460119
405600307
405681234
405864481
406122958
406211912
406216042
406562001
406593205
406619524
406675672
406708699
406749368
406801003
407097216
407449131
407524689
407594136
407662117
407702054
407707534
407756838
407858358
407965602
407986340
408105848
408118811
408135287
408239052
408329370
408602387
408671170
408677117
408694246
408955978
409006640
409417128
409469869
409470444
409517611
409618690
409624033
409654044
409772431
409814348
409839997
409901896
409934006
409944723
410061135
410113833
410150529
410175283
410177544
410199969
410200009
410405027
410480623
410505328
410511318
410523790
410540361
410743523
410872015
410958345
411091244
411135797
411176345
411195269
411254660
411261084
411354791
411537433
411725191
411799591
411898307
412054350
412631944
412690402
412707563
412822336
412842556
412953683
413027428
413297839
413351909
413488464
413541357
413566259
413788474
413839829
413872935
414344973
414455167
414734995
414765387
415036239
415050024
415263253
415395090
415514223
415673552
415938036
415962080
416045475
416056713
416072563
416085537
416126520
416157401
416306261
416358905
416364916
416399452
416402836
416448741
416557243
416620134
416697730
416948340
416973476
417004459
417084402
417105002
417127056
417170067
417182041
417216840
417294288
417399650
417399886
417438536
417529287
417554433
417575760
417582259
417602529
417645888
417662401
417755556
417920451
417929578
418108210
418620910
418800433
418883810
419029593
419132591
419617028
420315926
420421821
420458830
420555682
420594458
420640645
420646287
420676453
420777321
420832754
420847366
421415121
421514632
421710847
421857351
421906520
422105850
422127231
422174666
422223018
422577842
422911723
422964796
422986133
423040429
423087531
423145376
423334685
423416615
423516230
423545250
423639396
423758791
423832645
423889524
423921189
424049253
424077549
424236126
424405166
424604735
424629160
424648359
424920563
425083999
425194180
425384018
425646948
425676183
425683598
425834989
426269664
426531760
426674110
426685013
426719713
426729139
426830574
427021118
427201495
427360960
427516433
427651180
427672185
427792796
427882555
428001252
428146921
428271923
428283299
428470862
428576330
428633647
428637444
428738455
428742043
428816776
429024913
429044461
429144425
429235545
429463077
429556942
429788430
429959611
429965541
430150146
430238757
430439336
430459863
430648397
430650843
430688386
430701384
430704110
430708099
430768955
430924516
430937027
431135190
431144958
431172468
431426300
431698014
431858728
432109354
432146635
432179496
432246832
432375987
432392043
432400259
432415154
432418341
432478051
432485394
432629055
433017271
433281443
433325670
433441824
433443778
433452230
433467526
433704972
433818268
433841903
433877539
433976029
434148861
434196835
434362869
434429927
434483483
434972729
435042777
435062066
435090009
435252156
435257103
435543864
435598156
435695230
435972203
436080766
436201384
436274586
436283141
436284382
436869032
437004709
437123931
437294890
437337249
437349669
437466549
437589652
437761351
438261817
438341296
438366486
438409399
438418085
438525565
438606400
438607228
438644067
438677218
438698048
438722040
438921333
439041986
439064429
439223535
439536768
439669553
439738835
439775106
439915565
439927709
440015819
440042810
440108816
440226901
440362384
440379846
440419911
440500074
440513009
440534885
440794196
440985794
441095097
441115493
441278425
441410554
441412736
441444757
441886628
442069503
442232505
442254360
442318195
442401470
442483063
442542044
442611253
442924920
442991248
443027351
443063198
443105579
443390572
443526953
443646610
443681999
443975842
444000325
444053214
444065970
444074978
444079814
444157037
444426049
444483549
444532029
444620754
444641053
444705332
444960608
444995356
445094786
445170580
445264144
445340896
445386114
445494938
445559251
445671897
445854343
446111754
446248717
446335915
446469624
446517157
446534582
446554323
446934652
447175907
447395546
447553339
447671220
447717707
447777600
447832600
448049928
448318979
448465461
448491686
448508146
448631921
448746988
448813375
449197797
449258527
449704765
449748906
449927568
449989802
450112744
450194399
450324428
450357041
450365300
450665309
450748434
450812496
451003123
451004016
451229803
451297348
451364077
451457676
451606188
451612458
451770577
451771048
451834338
451965474
451974627
452137270
452156541
452250185
452494530
452774800
452974711
453031072
453178603
453267438
453335868
453367713
453485302
453531960
453566684
453722317
453967654
453971116
454103758
454112949
454276067
454319353
454476705
454540221
454760300
454918427
455055856
455089612
455132267
455154576
455202459
455299719
455325573
455574342
455785782
455878210
456020667
456154390
456166008
456493276
456648217
457000603
457010620
457089623
457201364
457274120
457306164
457324654
457363245
457450978
457758203
457793123
458030706
458245016
458257778
458296357
458325619
458412814
458484301
458520842
458539427
458599718
458702499
458770518
458835553
458896458
459017536
459020680
459027854
459046919
459104007
459133882
459250329
459443678
459459071
459655221
459698644
459823486
459884686
459899632
459921006
460158485
460289355
460432371
460457090
460545036
460553905
460570657
460651966
460661292
460677298
460719987
460795827
460977735
461010568
461012956
461025602
461041575
461162196
461225299
461321807
461371284
461388074
461474659
461517223
461547068
461706017
461716434
461736603
461785549
461791258
461904891
462173484
462233278
462326609
462382758
462386625
462472507
463061943
463112255
463165639
463203167
463239908
463415992
463443183
463492433
463530400
463600199
463641611
463696064
463745536
463746286
463749517
463787369
464308304
464313563
464313986
464523814
464541329
464791999
464999269
465162597
465371555
465824694
466116978
466128498
466265734
466492733
466513721
466553248
466595110
466608459
466738023
466745657
466833372
467127502
467318053
467335458
467436234
467456040
467684516
467742720
467835482
467877622
467936671
468014443
468049507
468065498
468102752
468212911
468248903
468561183
468584481
468738738
468753126
468972937
468993428
469022845
469158279
469270925
469287381
469293037
469365098
469429763
469479590
469567071
469708003
469792564
469864468
469941504
469999795
470087778
470190836
470196037
470279219
470368060
470508295
470643744
470796101
470860581
470948127
470996443
471027862
471047398
471049402
471146642
471320262
471423204
471504885
471656209
471692190
471929052
472243993
472272160
472334455
472359891
472429209
472495689
472503189
472767672
472796494
472877388
472955131
472997991
473151665
473163465
473341018
473764795
473780201
473857770
473874714
473976967
474014151
474020239
474107998
474165487
474293846
474329624
474396761
474413459
474558101
474588297
474717421
474858216
475080684
475164207
475256037
475262983
475429015
475454387
475603356
475665624
475682024
475779838
475846211
475885047
475902169
476069332
476079777
476136746
476190792
476269548
476471742
476505062
476754140
476794389
476834454
476934162
477613987
477617872
477620639
477668418
477686877
477691355
478068585
478150509
478178655
478356834
478649086
478691033
478811937
478905148
479302647
479348405
479505450
479703399
479902390
480226010
480268685
480387227
480504925
480749418
480816755
480823551
480900693
480907863
480979569
481074566
481086949
481249754
481329830
481355954
481507832
481594738
481783640
481964449
482035745
482219069
482223280
482253803
482749493
482833357
482972568
483074075
483110196
483128640
483498714
483560641
483655150
483723786
484059662
484312883
484552109
484588379
484722904
484842864
484985285
485070727
485289556
485306700
485545310
485734579
485800644
485956545
486059002
486149221
486373574
486573552
486692111
486874869
486988245
487143825
487148425
487152932
487168744
487183909
487215360
487317235
487489555
487555796
487767125
487862167
488121902
488278253
488318916
488325553
488363794
488372774
488524574
488598893
488672627
488673079
488823587
488958102
488965770
489020949
489119507
489207721
489246965
489376369
489471710
489605051
489753372
489775780
489904507
490114911
490200005
490281730
490297618
490306924
490378486
490391176
490447539
490470248
490551419
490608973
490684251
490725302
490729325
490801962
490821091
490966516
491107425
491277028
491347596
491399384
491421724
491554787
491556525
491599756
491801472
491960145
491995146
492073434
492253115
492388107
492413127
492450852
492592224
492665920
492824052
492888352
492892080
492978213
493088835
493119477
493176579
493361247
493499102
493541101
493700834
493792263
493828534
493996680
494367842
494374270
494545910
494550675
494554182
494565078
494641172
494907917
495129685
495160380
495228445
495258092
495329754
495393313
495434095
495438620
495590486
495606696
495640680
495716772
495737959
495846579
495890426
496029948
496035962
496251068
496354280
496398269
496412050
496583581
496611235
496752674
496841561
496900063
496993553
497019016
497166049
497294342
497367942
497421265
497593046
497820955
497839365
497951580
497975324
498305213
498316369
498340035
498455967
498509564
498554837
498713401
498826377
498946196
499091369
499375546
499378291
499858702
499970357
499993601
500311374
500357033
500387096
500679845
500701282
500752663
500796299
500837820
501075911
501158972
501196836
501295385
501463200
501590853
501723597
501905772
502153983
502283750
502719256
502775637
502937270
503137639
503180475
503371952
503458096
503829349
504056476
504114590
504558402
504642825
504657009
504803992
504870914
504901053
504949402
505041768
505265935
505396161
505438868
505582370
505632740
505962374
506174140
506194718
506242335
506249727
506315590
506423749
506645456
506755497
506848094
506860126
506882577
506946715
506974960
507033117
507332817
507457024
507502242
507746322
508255548
508289676
508424279
508441940
508491562
508639573
509008891
509042893
509095045
509122717
509170545
509222891
509239086
509243982
509264238
509336068
509357071
509377256
509464513
509479413
509572020
509612302
509619580
509623354
509627421
509711289
509742264
509745021
509752832
509884721
509970948
510319401
510336387
510659972
510717991
510776995
511098211
511128906
511307768
511338645
511359477
511569236
511805040
511817969
511920484
511974625
512097848
512100452
512129820
512133171
512157131
512204324
512238238
512404323
512810263
512871862
512925870
513018762
513136966
513163092
513274544
513394323
513478839
513524926
513656776
513702815
513742612
513761222
513874252
513881396
513903466
513907835
513918688
513961658
514129985
514145316
514155767
514198374
514230689
514266271
514303478
514324791
514500839
514502630
514668007
514684959
514719146
514741818
514746908
514903778
514939625
515060461
515099276
515182419
515413806
515438863
515520350
515544890
515595139
515616261
515664499
515685070
515775275
515851646
515906355
515947275
516038236
516287670
516426315
516592892
516637152
516652660
516687023
516736161
516888981
517048881
517060347
517068382
517203503
517263144
517316025
517637818
517641983
517749429
517859326
518079389
518143148
518186232
518292917
518456611
518566263
518603379
518694286
518862431
518883938
519211727
519271129
519440604
519790688
519998634
520092751
520320244
520504342
520545536
520608757
520846238
521022147
521133321
521284857
521285946
521410827
521429095
521635909
521658635
521668711
521785023
521904925
521988319
522264345
522367503
522598026
522814998
522832088
522914905
523000763
523004711
523084991
523163921
523203789
523400074
523473016
523565253
523686732
523746760
523887597
523996088
524005453
524028726
524042444
524050914
524233028
524331460
524473582
524783281
524827604
524834569
524849925
524855341
524934651
524963369
524999069
525049826
525103927
525295087
525535229
525637624
525637822
525643701
525650802
525683951
525694191
525700869
525736171
525887489
526049869
526155467
526242297
526311743
526436264
526513511
526574371
526614629
526813567
526880311
526936399
527139018
527242654
527259582
527276403
527370011
527445756
527517470
527552329
527586903
527592888
527704321
527820945
528006364
528017610
528399927
528432500
528491230
528558718
528595807
528612020
528671813
528813832
528815619
528949288
529110253
529154684
529157003
529264186
529491267
529528114
529568908
529618967
529646570
529694184
529839079
529963379
529987322
530019610
530261505
530265573
530607443
530625158
530720081
530822764
530966570
531117066
531242399
531348849
531391184
531487903
531518635
531521412
531681060
531702210
531777545
531959890
532001381
532209671
532585255
532856870
532909065
532956935
533011600
533093417
533194271
533277173
533406563
534229143
534286066
534337125
534580876
534604333
534896362
534938707
535093850
535166698
535258242
535304144
535542319
535581839
535671753
535821688
535913568
536006905
536071691
536223143
536322353
536517495
536565319
536668396
536681183
536735369
536769608
536934922
536956913
536974841
537131948
537137455
537144803
537190313
537325611
537334021
537591596
537896036
537933845
538038819
538046136
538146791
538171494
538200310
538248994
538279352
538283118
538380181
538451430
538481715
538496699
538510943
538551822
538563064
538645547
538657240
538688959
539168484
539306999
539486170
539563022
539571759
539866455
539894232
539938597
540025775
540234769
540291606
540375757
540824775
541071101
541083778
541125308
541140735
541213470
541241131
541424003
541471981
541625674
541828503
542356348
542371900
542462369
542568295
542591297
542591608
542645579
542660862
542723614
542737696
542800525
542896350
542956982
542964904
543010283
543195999
543462861
543511761
543673091
543697726
543793481
543851036
543851682
543857552
543878227
543884686
543940895
543965928
544098000
544103369
544109513
544112304
544156111
544432494
544437191
544456172
544551330
544606286
544827089
544946949
545106679
545200346
545278108
545542160
545576873
545642157
545707392
545813343
545878408
545944657
546066178
546071382
546099346
546118271
546233893
546280077
546581095
546986262
547048767
547191979
547228663
547239894
547239998
547712931
547720857
547883388
548175380
548425963
548455432
548480979
548555327
548832918
548848222
549131994
549133289
549188227
549211479
549395367
549432037
549578897
549734966
549742030
549801349
550029199
550151959
550198833
550279515
550326885
550491570
550495800
550682218
550722419
550871195
550953992
551172547
551515299
551564488
551595725
551659689
551707211
551739314
551931589
552069599
552235534
552255588
552470081
552497450
552581562
552625401
552627202
552654155
552658511
552706790
552835610
552928196
552970394
552994750
553150821
553153656
553158455
553204791
553289490
553335977
553452264
553452345
553478847
553498914
553510548
553603501
553681733
553699369
553766004
553788194
553859739
553953398
553999101
554067429
554127143
554313448
554424097
554501199
554538123
554579667
554740794
554816298
554890123
554980591
555100179
555135949
555278633
555324886
555405808
555420147
555450396
555565017
555657042
555703741
555745399
555773610
555930639
556327517
556500561
556570869
556576009
556599865
556599954
556643037
556737518
556791860
556810579
556905139
556982212
557017135
557094169
557144929
557154782
557189796
557252459
557308368
557321876
557454419
557605248
557878768
557909316
557910582
557964055
557971824
558240369
558304454
558348223
558402789
558433313
558512920
558546063
558547816
558594261
558691514
558760694
558867383
559021022
559028131
559146765
559396744
559579540
559643593
559651042
559812098
559838978
560083425
560192997
560193120
560458615
560517464
560580691
560621595
560697827
560774383
560982059
560995408
561139037
561188189
561199628
561255539
561342266
561386339
561699097
561730245
561769449
561842007
561887415
562048075
562151873
562348355
562367451
562452012
562750375
562801031
562883773
562901408
562974082
562997706
563690265
564080830
564089905
564162060
564181650
564377693
564527266
564799235
564905761
565098403
565538580
565659115
565754103
565808197
565936362
565980806
566127706
566183336
566290144
566515328
566589578
566615650
566656822
566668752
566691091
566732145
566778616
566782015
566992138
567459839
567762278
567781884
568120397
568499438
568580333
568696876
569043738
569121678
569318156
569367938
569508694
569641318
569879732
569941058
569944030
570012407
570365706
570500108
570748165
570752051
570815667
570859258
570863502
571023736
571516844
571539452
571594520
571718327
571882845
571895448
572052654
572090711
572154749
572370232
572569998
572583531
572659544
572728807
572742746
572744087
572767868
572849243
572870588
572948374
572970488
572986495
573001345
573074300
573079140
573117293
573157374
573296426
573475002
573531846
573681186
573789395
573791046
573889917
574089469
574215258
574218125
574395230
574552905
574677181
574721816
574787165
574858863
574866243
575192944
575606787
575687160
575746366
575871252
575881910
575890687
575957289
576004566
576078887
576163819
576325426
576424571
576428004
576432994
576495718
576553100
576578857
576821065
577089898
577096428
577125326
577169800
577171859
577430526
577471515
577609304
577798676
577811253
577812463
577828909
578126193
578200490
578216082
578333496
578487036
578537623
578674773
578930514
578934040
578954848
579072571
579127798
579145545
579365355
579424040
579733477
579782522
579791870
579858257
580238640
580303588
580418810
580555812
580564235
580609622
580653140
580698415
580775488
580804057
580834300
580913334
581002010
581045156
581131823
581215295
581260757
581524141
581667768
581695526
581731216
581785437
582151243
582230803
582279680
582338587
582455479
582563253
582601164
582619625
582751554
582758260
583330242
583358778
583368889
583375152
583543647
583619812
583650477
583692710
583845223
584132184
584147569
584369780
584496141
584507846
584508121
584609016
584612109
584631041
584639147
584658250
584661100
584673973
584707358
584821376
584936306
584966536
585322464
585383360
585387076
585537696
585548720
585701115
585701378
585702737
585873204
586132831
586250896
586625652
586729231
586766337
586913299
587063265
587113373
587457500
587528658
587650916
587796726
587803260
588017624
588245072
588293548
588324737
588502126
588525605
588922641
589120049
589245789
589373472
589394281
589411275
589521061
589898126
589993793
590147119
590183188
590193727
590239095
590482998
590539531
590574421
590777973
591141446
591303138
591325121
591348487
591650159
591671964
591697028
591713657
591841335
591933943
591996232
592000451
592086687
592137890
592329643
592335836
592475949
592612506
592633469
592827991
592883725
593097820
593193593
593359886
593368061
593385222
593392131
593394979
593407583
593454010
593475136
593571706
593734181
593847530
593990124
594049731
594148541
594245269
594256743
594319044
594326407
594342412
594395636
594512824
594607591
594865434
594893094
594962197
594988811
595013667
595026406
595076338
595132923
595494664
595656637
595676712
595683104
595719980
595770856
595933850
596072635
596085194
596242473
596324774
596415060
596421462
596432315
596641891
596674895
596730496
596740015
596812312
596949643
597003217
597046306
597102195
597161792
597178091
597314967
597383332
597430804
597867083
597984708
598075322
598098590
598334141
598424436
598535259
598547627
598587507
598605693
598611374
598630063
598986899
598992005
599024449
599232132
599270600
599289217
599362828
599615120
599814131
599834801
599836464
599943752
599956954
600087850
600132499
600221820
600307855
600457415
600741485
600845438
600917410
600952928
601003989
601388208
601393882
601469826
601477899
601705470
601756681
601758331
601847038
601961926
602042068
602070384
602142904
602237808
602288573
602294481
602422646
602547293
602602632
602756306
603097734
603436502
603514271
603624485
603629787
603875305
603925340
604188760
604339428
604364657
604413295
604454095
604505145
604675590
604753048
604898642
604899545
604976188
605293061
605381678
605397841
605684836
605689399
605702989
605796006
605799283
605897517
605933107
605934469
606215599
606221094
606237310
606261107
606277910
606620426
606670070
606696995
606715742
606802516
606803882
607150310
607499700
607557757
607720243
607733428
607736457
607793844
607827902
607938917
607958514
608044057
608052676
608116685
608197645
608252062
608267122
608286704
608368067
608534809
608597281
608635234
608656021
608819545
609065260
609066873
609092800
609223007
609286660
609306311
609327822
609383967
609472726
609702845
609811839
609834838
609893314
610066337
610101684
610210989
610224724
610366535
610529670
610758305
610772210
610772694
610818605
610820324
611026288
611126149
611452228
611583739
611644246
611758004
611780622
611802221
611910869
611925704
611932755
612029619
612051759
612080604
612243190
612432660
612466143
612486713
612605684
612647313
612818609
612827977
612870000
612923401
613065792
613189120
613354431
613373960
613476701
613542249
613558731
613687690
613859416
613975580
613986084
614077414
614325936
614534271
614649501
614724502
614786598
614869893
614928716
615044208
615133284
615211000
615791713
615945906
616219735
616438323
616448199
616469235
616504109
616505851
616598059
616716245
616827436
616850121
616923177
616952015
616978601
617011849
617024780
617036224
617109926
617549453
617551104
618090716
618141392
618320214
618357475
618621334
618653592
618743622
618976259
619102268
619124750
619152427
619199112
619272476
619389805
619482115
619494633
619569225
619710704
619939401
619964825
619991740
620012258
620013185
620119597
620251615
620360766
620438524
620477388
620507837
620540400
620560504
620861128
621019965
621022200
621023150
621269536
621421144
621444703
621718861
621728535
621796789
621885135
622015461
622223027
622331952
622416891
622427815
622504309
622580399
622646625
622795068
622821097
623181240
623224172
623503981
623520854
623662787
623726859
624002395
624202366
624229815
624360394
624469151
624631804
624798173
624886537
624900791
624917763
625047458
625093247
625230742
625297817
625443963
625504585
625517276
625538134
625562640
625583476
625752674
625760416
625815157
625893770
626084714
626522204
626544732
626950756
626969710
627010152
627045810
627055088
627188706
627201425
627311786
627767707
627896122
627932055
628055710
628103267
628117584
628320286
628367141
628487588
628510701
628520514
628540434
628571985
628583525
628632098
628694406
628718274
628998508
629107147
629315227
629326166
629424045
629463479
629703260
629830806
629988193
630191101
630234382
630527456
630890044
630967434
631063825
631086045
631312349
631404096
631514935
631559059
631764992
631807406
631977417
632076699
632095807
632097142
632321456
632354920
632565622
632645089
632801267
632828209
632928445
632936361
633127311
633133565
633290694
633671728
633788201
633790760
633811960
633836808
633843869
633852149
633876215
633977284
634010356
634017305
634047554
634077501
634310086
634396031
634535232
634766571
634783343
634785170
634804123
634815385
634928709
634956494
635007369
635136679
635287094
635456313
635525430
635589110
635654984
636016142
636220025
636335325
636391935
636561974
636573430
636637288
636831564
637083178
637138550
637177556
637197356
637294284
637297539
637382536
637435444
637451740
637480281
637502657
637641722
637644341
637756297
637764212
637855850
637934275
638079039
638164972
638706168
638802621
638822225
638824985
638897515
638939317
639112826
639188236
639217107
639235818
639250563
639262484
639444797
639495807
639612195
639614163
639741819
639848451
639876014
640127923
640201506
640211012
640285115
640298576
640355992
640441763
640748809
640792979
640845340
640926943
640953950
641054847
641148170
641202223
641330209
641362499
641393280
641460418
641491078
641552036
641635283
641721165
641767659
641860934
642013530
642094338
642096024
642149111
642180074
642229445
642241057
642283511
642340567
642482135
642494578
642628162
642666529
642723498
642769735
642787555
642805184
642961383
643044293
643072462
643102220
643126610
643145688
643173051
643688565
643846412
643907286
643999053
644101070
644356594
644637495
644644085
644656441
644675379
644772235
644938802
645248392
645272197
645402466
645539679
645820832
645892264
645918712
645969505
646026237
646211402
646377709
646478861
646560965
646600747
646744508
646751537
646847971
647011011
647534428
647561572
647570618
647610543
647757608
647791797
648094874
648146829
648337556
648542233
648547616
648586723
648643001
648717221
648988785
649011235
649054145
649085903
649113523
649128122
649159195
649326844
649343893
649353751
649422090
649447515
649447647
649893827
649940805
650202934
650379410
650418101
650423361
650468525
650534721
650554845
650597226
650738349
650784115
650790961
650885096
650897551
650905078
651178723
651254301
651434529
651509017
651799730
651837438
651880922
651912867
652267212
652345698
652371530
652374607
652567843
653099648
653116019
653352603
653574315
653615990
653618206
653696510
653800264
653821162
653888814
653955530
654018158
654059435
654382402
654443403
654484482
654579399
654914644
655028129
655062259
655162721
655192709
655381638
655469825
655613052
655621401
655714351
655837842
656030225
656102976
656284148
656482366
656486602
656491912
656524445
656540470
656759476
656865580
656901251
656903866
656932982
656991937
657016996
657165808
657257222
657380089
657506819
657585142
657610386
657688748
657703055
657860260
658121981
658223128
658542067
658624168
658717735
658924566
658944182
659715926
659758932
659776909
659790001
659922804
660189997
660267139
660544931
660739955
660769534
661049296
661407478
661720377
661860765
662193205
662229221
662247293
662263133
662272823
662327361
662344433
662516583
662764624
662870053
662938123
662944820
663012412
663085167
663135935
663169402
663831434
663839647
664460400
664751171
664888298
664961157
665073091
665076979
665078166
665102063
665167343
665237483
665266450
665375882
665513106
665554535
665592694
665600811
665605836
665637094
665680911
665740308
665836172
665869130
665995783
666043682
666105726
666240203
666260881
666358801
666496486
666498882
666527270
666696613
666711793
666724538
666974487
667011205
667104113
667204124
667256993
667354467
667381569
667484931
667694006
667699093
667737306
667811011
667840241
667845123
667892970
667938806
668002150
668190635
668383816
668478697
668510562
668552171
668599927
668752255
668831614
668856107
668969883
668975039
668981162
669071910
669108568
669262822
669350896
669371840
669372089
669577632
669629100
669641453
669800867
669833386
669885426
670164839
670221213
670308598
670410145
670424415
670892409
670977375
671025583
671086093
671112910
671115027
671124263
671172842
671197315
671295396
671302111
671322642
671344128
671548802
671671901
671721228
671799452
671838901
671881564
671953836
672028657
672063308
672257804
672301313
672436792
672556524
672574505
672654921
672658340
672717188
673060727
673143424
673270206
673278745
673355828
673555996
673685206
673733812
673941452
674221735
674914385
675092740
675266401
675334863
675404021
675434107
675549655
675593231
675601301
675630345
675717686
675724821
675761157
675783289
676277608
676482451
676581272
676755878
676759708
676820486
677095383
677095426
677166576
677212118
677220695
677398531
677404532
677586081
677742259
678124672
678401395
678505838
678614255
678667398
678771914
678814656
678942049
678961037
679144029
679299001
679363700
679392509
679680479
679830768
679861248
680165437
680240884
680410801
680466658
680583571
680598422
680603077
680756947
680759885
680962102
681038342
681183675
681598276
681629206
681695551
681772613
681907353
682000274
682387165
682446244
682743905
682793584
683015938
683073543
683195743
683313442
683337467
683377116
683425343
683472563
683613730
683790251
683856889
683861832
683974192
684019331
684182206
684214278
684487719
684630497
684779018
684783888
685021555
685188756
685233477
685295396
685375726
685528682
685633619
685677685
685729742
685922238
685994020
686077826
686101077
686144594
686183833
686218436
686369456
686405987
686420276
686449242
686781070
686905375
687042699
687087795
687113906
687146174
687422552
687507918
687666518
687704676
687739641
687857865
687910133
687927858
688139824
688287628
688323526
688386793
688455389
688855896
688893907
688965668
688993039
689165869
689196128
689267199
689269217
689313868
689331923
689395497
689442691
689476203
689527818
689530919
689567601
689580302
689611401
689691722
689809521
689983127
690156866
690414097
690483973
690553121
690668727
690734881
690822203
690861848
691100905
691150478
691265888
691292840
691295228
691313226
691405216
691602570
691673674
691711514
691749723
691810400
691924821
692181869
692202519
692237440
692359140
692409107
692537606
692564134
692641080
692836659
692850670
692911804
693011483
693170928
693280971
693412753
693471003
693764956
693949173
694028752
694318545
694319129
694365195
694450693
694750968
694795536
694840947
695019154
695078336
695098527
695220089
695307437
695501031
695609252
695626121
695640325
695699653
695745564
695814661
695820623
695885317
696039098
696187834
696378277
696441507
696446314
696449139
696821641
697035699
697041895
697128985
697375527
697606265
697608666
697774816
697781219
697827822
697840932
697914390
697989440
698081610
698144303
698170064
698261953
698280283
698359402
698394281
698474237
698593752
698660424
698696660
698709119
698788580
698878502
699089619
699258146
699360889
699397943
699612910
699727063
699760609
700122916
700263915
700284882
700307223
700453083
700460316
700466518
700514658
700534359
700713342
700791860
700847684
700870370
700899377
700941438
701048345
701086646
701172363
701206707
701261761
701278767
701477986
701480259
701709220
701787448
701947437
701974331
702254632
702379328
702530413
702584686
702589215
702739848
703140007
703197134
703239014
703370811
703563457
703783499
703862963
703905715
704234899
704285975
704424580
704437926
704452911
704548905
704608148
704657821
704684553
704937483
704973217
705089510
705188919
705248423
705286480
705457012
705488484
705676483
705946724
706216086
706223737
706540809
706613303
706632795
706637491
706691696
707125785
707177350
707294530
707398313
707640434
707671705
707677183
707784291
707855331
707861518
707877023
707888571
708026142
708101949
708182914
708204571
708244944
708402347
708572052
708615047
708927602
709116469
709361606
709438366
709448287
709487032
709497314
709798199
709877618
710030610
710052241
710102539
710185556
710225936
710237344
710253654
710325383
710436655
710480561
710835820
710847177
710888324
711110128
711134635
711140864
711254799
711295826
711356008
711471776
711488640
711535500
711873922
712078807
712244695
712321485
712369728
712378106
712406829
712496671
712554193
712721238
712836934
713276661
713292399
713355592
713385872
713475676
713491546
713676112
713729411
713813165
713858640
713883262
713891818
713892918
714359871
714640646
714694419
714840326
715029935
715072039
715073433
715088396
715121590
715122647
715145182
715345120
715348919
715393111
715499088
715615023
715713165
715717082
715736877
715741782
715824868
715896319
715912304
716154699
716276300
716465605
716547303
716613299
716637735
716671732
716717313
716725059
716730561
716970300
717336843
717414308
717437648
717539641
717587376
717683649
717709891
717748131
717762928
717769072
717799817
717900884
718113856
718186321
718200410
718410354
718496073
718545275
718584913
718948555
719097763
719176475
719324547
719533316
719728489
719880728
720058498
720150720
720190321
720315106
720372764
720384536
720637174
720731034
720940161
721033753
721304818
721679667
721976737
722080619
722117118
722220488
722346765
722810021
722819852
722926125
722934669
723147677
723352273
723366794
723420986
723469750
723611479
723661245
723734926
723768326
723857730
723871211
723880462
723943252
723986929
724182390
724198395
724330517
724491432
724569916
724692193
724728147
724817529
724898046
724951899
725092976
725120068
725168516
725235274
725255681
725290216
725329403
725334059
725385712
725487790
725653166
725780654
726167398
726233189
726246600
726348713
726355262
726673162
726736454
726906253
727034430
727089757
727203528
727266710
727400214
727420066
727455482
727472843
727598145
727649093
727973947
728152810
728163505
728179470
728263632
728316574
728397708
728444976
728449070
728618946
728722141
728833892
728872086
728888383
728890832
729150816
729401873
729489132
729493548
729619145
729674776
729691656
729696915
729698143
730038969
730055399
730642575
731055503
731097056
731125823
731137156
731333849
731340638
731392402
731437933
731500841
731508777
731508917
731592077
731660983
731743835
731992032
732051920
732076890
732106851
732193611
732201675
732282494
732448523
732621367
732718860
732738615
732903856
732974635
733072161
733166516
733224926
733793723
733895581
734326504
734419744
734463628
734499016
734653361
734820124
734835613
734887788
734998805
735019277
735024607
735046868
735451536
735732797
735857398
735974751
736070493
736219188
736233327
736314250
736319381
736324547
736448481
736455684
736608584
736614326
736715279
736813374
736852666
736944992
737003416
737069670
737117698
737337456
737369747
737627219
737853809
737892481
737900600
737918832
738023353
738042059
738126169
738184267
738205996
738404446
738422279
738438131
738450613
738540575
738601012
738987036
739189722
739286310
739364724
739420885
739522477
739797778
739829756
739944168
739960812
740086797
740176957
740203017
740240279
740300674
740305704
740566809
740574165
740772539
740892995
741034685
741039838
741161716
741234269
741353823
741364549
741441345
741468555
741571387
741581023
741643299
741817561
741977195
742008006
742034855
742193821
742247757
742343985
742410888
742444529
742459638
742499932
742936392
742952225
743078667
743418035
743590465
743688075
743960868
744006213
744101879
744432960
744435799
744515442
744539850
744672521
744720602
744818519
744835744
745244778
745329922
745334580
745405505
745427868
745555840
745816950
745942095
745964742
746162557
746347976
746394913
746413870
746424975
746431940
746615032
746713553
746720315
746947557
746964047
747215795
747244267
747301300
747333388
747362292
747380851
747598362
747652467
747702637
747733244
748015309
748067178
748314340
748482861
748553004
748752631
748947426
749141143
749168445
749170319
749233170
749248525
749730376
749738803
749748414
749749049
749763134
749919598
750015558
750173320
750216395
750462565
750479594
750595075
750600852
751065399
751240791
751276499
751537683
751558869
751680051
751705561
751709153
752338642
752445824
752463145
752516300
752736497
752777889
752822164
752835210
752957994
753267700
753318434
753507998
753568498
753806159
753846984
753939938
754084559
754132038
754160262
754167046
754185547
754245198
754268146
754474693
754997047
755005210
755044746
755060213
755101241
755187394
755270605
755582724
755730036
755756718
755811774
755853391
755962435
755995127
756037269
756417470
756444818
756517611
756650844
756912875
756966727
757142644
757241038
757391679
757454947
757470415
758047226
758106302
758183279
758399163
758460651
758568239
758696868
758806303
758947183
759020619
759065966
759130654
759149915
759409834
759456581
759656051
759705869
759729654
759731471
759750062
759775200
759785518
759832528
759990431
760006030
760007968
760071724
760285394
760358373
760373639
760518537
760753623
760991924
761134255
761227688
761763434
761796809
761933147
762042010
762192345
762272347
762306212
762566455
762579372
762639345
762662245
762721048
762847441
762886225
763022411
763090723
763179259
763188698
763334760
763371587
763387940
763410037
763825217
763965493
763969470
764003487
764044993
764057517
764194059
764321715
764352121
764589884
764622615
764623085
764636265
764665835
764936871
764975027
765084243
765114799
765325515
765349399
765385612
765397473
765478613
765634735
765671565
765686461
765733649
766004165
766007166
766016645
766029408
766029721
766118179
766177950
766193803
766306778
766476687
766550191
766625607
766888884
767000176
767007822
767008570
767123373
767229582
767254378
767483062
767504821
767748269
768030214
768172319
768472131
768633738
768711644
768749442
769180432
769281997
769411155
769454376
769519079
769576341
769720162
769777403
769970516
770038743
770196505
770311495
770324216
770373916
770466558
770519857
770658382
770719976
770751874
770951601
771011510
771308847
771450386
771604566
771648818
771905503
771911610
772121018
772147898
772264197
772298033
772298550
772349610
772381128
772440067
772547704
772845704
773006612
773074098
773249947
773278246
773405468
773433029
773482214
773609816
773617178
773621120
773711857
773880433
773946520
774007458
774054516
774061893
774271427
774278649
774289539
774480420
774481985
774671153
774763443
774809951
775010047
775114995
775203353
775379256
775403855
775412492
775424891
775579209
775652133
775843365
775970650
776317864
776388326
776402958
776421887
776573692
776601450
776767333
776790987
776791822
777014274
777345229
777353758
777355887
777480982
777728739
777965227
778099049
778100946
778134160
778140717
778171649
778242165
778439558
778616006
778705506
778778848
778790463
778824710
778839553
778878244
778960283
779114738
779302907
779548871
779644432
779688122
779837452
779962428
779996594
780043022
780090674
780110643
780299158
780716202
780890262
780926557
780929319
781060863
781141438
781367059
781498763
781543631
781745443
781845496
781887963
781897864
781965236
781976249
782172407
782267457
782392370
782436799
782446765
782453126
782597836
782753501
782949085
782958955
783012968
783054132
783098640
783448667
783476802
783569469
783607049
783762473
783860395
783930467
784024252
784165117
784295920
784365403
784412157
784434581
784496763
784508254
784513757
784535496
784537907
784565685
784656700
784913561
784917840
784942920
784961701
785303962
785411018
785502580
785518356
785613737
785623195
785965870
786042423
786049522
786065250
786196569
786233528
786336228
786568374
786875878
786887048
786998563
787085614
787133838
787413435
787470196
787580398
787654038
787727145
787822053
787897893
787923120
788034371
788193404
788418721
788616289
788974851
789218135
789244938
789456836
789555965
789668242
789738544
789812447
789924243
789970694
790139630
790363806
790410905
790431171
790446175
790785768
790996129
791028593
791138656
791143512
791204671
791273848
791295721
791828652
791900418
792109983
792492636
792669954
792702412
792886399
792961032
793003174
793111372
793173126
793369173
793419931
793434023
793453782
793473120
793636294
793654382
793711820
793755728
793817889
793828350
793846402
793928844
794116900
794463334
794476401
794633138
794635444
794754861
794889456
794921116
794990083
795041079
795205694
795211723
795280581
795295202
795307509
795333032
795540278
795621597
795709251
795764525
795815052
795822109
795969980
796040603
796083972
796144198
796317159
796335309
796405159
796425838
796503329
796508876
796545297
796567595
796662710
796718275
796812111
796878812
796909942
796992643
797007014
797155874
797218210
797229644
797250191
797337259
797541295
797545547
797626015
797638577
797706727
797734814
797845324
798011607
798058772
798252504
798310273
798364028
798455956
798815992
798952297
798983137
799310665
799387989
799466234
799903924
799946225
799991411
800016158
800141601
800171082
800303735
800344553
800582164
800860507
800988624
801060986
801084559
801149867
801290338
801444436
801528055
801652068
802043440
802137237
802279571
802318938
802346187
802414291
802556178
802602061
802820731
802864294
803061465
803286274
803465270
803957990
803996903
804030409
804185585
804213157
804399167
804489333
804761146
804823030
804906157
805157554
805224296
805329805
805369824
805398351
805531260
805584562
805730138
805759311
805815814
805843528
805848556
805896006
806236344
806250710
806405646
806563783
806646115
806809566
806854083
806872528
806988158
807020528
807067565
807570776
807741321
807824705
807831233
807932460
808010060
808539233
808570042
808645466
808817860
808941288
809008342
809125224
809180927
809206105
809414170
809466653
809479396
809611733
809626208
809667716
809760017
809799370
809827501
809912319
809919610
810028639
810031982
810130615
810181167
810347095
810489509
810722479
810991965
811003908
811101282
811228726
811277599
811609867
811763386
811937285
812114221
812152538
812489079
812565935
812680238
813072288
813167241
813344592
813448162
813479086
813547944
813749278
813983356
814037986
814474359
814617957
814801500
814816175
814887835
814927487
814967760
815031773
815045151
815168880
815249774
815278401
815391319
815504792
815506714
815511437
815949932
816062543
816149955
816173157
816280978
816373455
816455423
816460133
816496266
816612648
816776928
816800210
816922475
816977878
817033253
817047954
817056874
817180786
817316544
817399247
817508405
817553282
817676875
817936418
818031284
818205456
818226542
818232592
818780692
818786307
818791473
818932940
818997281
819017524
819030823
819077589
819101613
819116240
819420375
819544998
819594938
819853029
820005087
820149735
820472469
820514943
820622435
820702325
820774983
820900232
820956843
820966956
821085613
821172411
821445923
821742287
821841005
821928301
821999590
822082081
822094409
822190182
822237370
822258001
822351593
822581920
822583654
822840512
822952444
823040676
823098368
823098492
823115831
823155069
823162370
823964477
824260080
824364717
824706847
824777241
824780553
825007531
825023495
825075624
825183915
825274425
825310819
825340322
825391822
825709496
825851477
826235304
826246399
826293150
826296439
826464763
826581948
826582742
826616055
826686577
826925363
826932497
827154199
827290024
827413208
827518199
827568650
827606571
827628213
827685733
827919827
828067836
828161306
828367645
828460237
828607568
828822707
828847058
828991829
829071815
829107460
829242101
829263868
829294531
829318734
829460184
829511924
830016729
830028602
830091073
830134055
830441914
830467011
830467616
830492757
830627676
830744977
830934254
830947015
831043822
831048902
831050407
831553084
831696970
831700515
831751468
831839945
831870836
831916013
831939494
831993262
832067972
832235580
832240353
832304261
832313939
832439713
832664809
832715140
832719240
832891347
832931680
832990891
833051199
833244009
833279316
833383071
833419545
833571163
833637654
833740107
834000567
834284062
834308189
834430158
834448838
834463875
834610400
834661186
834665187
834675155
834701959
834864593
835037758
835076678
835250387
835428110
835490282
835501495
835546502
835585472
835679596
835708422
835763381
835858668
836002092
836005530
836207980
836308997
836358653
836608873
836629854
836651909
836660228
837012713
837082942
837160237
837215358
837403550
837425181
837605400
837728980
837731053
837785957
837905534
837911490
837959612
838084792
838320915
838536943
838555563
838655903
838660833
838685863
838723820
838866712
838925509
839038438
839609121
839648475
839721981
839790952
839988087
840001637
840262799
840285662
840417596
840428574
840594891
841029816
841244890
841489232
841502096
841510588
841545754
841581101
841589485
841590884
841929795
842054281
842074362
842287078
842369377
842423323
842509643
842613420
842613845
842614977
843034396
843256777
843391484
843428542
843479438
843760682
843876671
843941800
843975674
844296152
844419981
844546147
844593917
844723951
844796902
844805599
844810238
844895429
844989930
845015945
845181708
845242409
845299188
845603332
846036950
846054755
846092566
846114554
846228544
846293725
846328903
846346105
846452089
846479466
846597846
846614258
846868641
846978316
847092178
847146521
847220641
847250597
847297620
847491205
847543029
847747551
847931856
848055695
848062025
848063542
848273397
848508899
848579405
848606708
848620436
848720397
848804296
848820942
848838437
848892763
848910296
848995618
849010193
849038200
849173183
849880765
850053909
850133946
850378774
850389913
850425138
850582733
850796576
850812840
850876896
851102170
851327213
851463788
851530703
851763403
851825346
851833756
851923222
851948293
851981621
852039607
852093219
852180181
852264465
852315070
852318495
852378029
852645098
852650691
852839275
852846613
852945041
853383716
853417179
853536410
853539168
853634602
853679014
853688161
853743278
854002523
854062678
854173279
854193965
854245269
854475292
854856980
855047830
855575749
855633800
855710311
855769280
855876285
855876537
855930272
855970617
856180523
856342707
856400181
856492021
856515672
856566602
856566879
856603348
856619512
856756990
856821901
856907029
857071855
857087345
857266532
857361653
857364815
857380696
857727655
857793081
858474872
858601635
858646099
858691181
858803904
858875413
858990342
859041381
859055628
859099247
859125126
859162375
859249592
859277936
859331302
859394061
859399280
859638782
859865709
859892063
859932501
859945887
860013552
860323437
860360596
860391827
860454558
860608741
860672100
860937426
860958689
861002342
861171604
861269185
861475121
861480052
861580413
861586285
861588463
861709185
861780372
861837485
861944147
862132904
862251132
862361492
862393031
862578559
862647367
862648523
862650066
862746859
863186561
863277246
863391722
863652647
863699676
863886005
864006370
864098005
864126864
864217015
864277983
864282663
864394944
864455418
864612088
864633464
864679907
864745636
864753204
864790011
865027932
865039389
865353914
865415713
865440204
865582366
865769286
866252657
866416333
866491336
866608244
866681058
866707108
866727467
866792207
866819518
866998330
867248913
867303831
867355351
867600453
867701404
867734541
867743779
867789910
867791737
867792145
867877152
867909843
868457854
868540988
868800309
868837629
868856161
868919453
868944133
869110032
869179318
869298734
869420924
869429706
869435165
869452882
869467242
869604637
869736616
869771574
869815058
870098273
870168568
870276334
870345935
870363313
870617288
870656767
870842335
870854344
870878182
870904647
870905839
871049180
871147934
871245077
871247165
871427064
871434053
871638553
871717728
871848749
871851854
872037809
872060468
872069625
872099103
872136305
872157915
872245809
872324006
872350830
872535103
872578906
872688536
872806351
872811598
872857300
872902322
872904522
872962768
873112897
873222862
873254008
873326338
873394225
873553077
873980267
874031461
874174484
874175663
874210669
874377196
874386972
874426724
874522527
874565777
874726115
874753529
874889514
874895672
874963812
875305754
875588581
875611165
875616683
875854659
875884637
876024569
876260730
876266263
876272291
876283525
876610924
876685962
876704253
877302549
877345070
877350523
877395149
877477386
877591598
877640840
877807382
877810793
877903267
877927699
877945246
878105099
878134345
878158844
878181750
878326046
878350577
878411305
878482280
878608758
878626163
878902710
878945418
878966997
879320249
879450249
879606440
879634467
879910904
879960552
880053880
880230394
880320471
880379436
880400440
880549753
880721301
881021365
881069604
881423015
881476848
881719802
881728686
881897243
882002586
882147069
882216463
882305553
882485943
882529677
882530415
882577982
882662316
882662755
882706839
882709334
882790067
882803279
882828390
882944747
882987574
883027397
883171770
883221885
883493511
883550156
883644664
883949012
884184548
884412674
884650226
884720944
884779300
884847422
884979127
884990572
885019434
885078550
885182782
885377655
885509585
885526002
885557543
885602767
885602868
885818473
885826392
885849269
885933534
886002353
886226096
886439994
886451169
886822382
886877760
886884575
887005717
887024325
887039835
887183464
887194623
887272252
887272521
887428292
887931288
888100062
888181030
888245743
888338749
888372884
888394859
888407462
888468795
888545759
888870125
889041442
889216820
889245045
889245188
889253727
889341652
889383046
889385760
889505077
889551801
889934927
890063794
890126213
890245046
890697693
890717209
890961504
891137674
891255568
891617014
891654320
891707057
891752212
892100782
892104537
892256420
892346326
892388083
892399805
892402837
892451770
892914481
892944436
893048789
893231651
893248063
893374269
893441943
893481770
893595362
893669682
893763292
893926445
894061112
894081674
894091708
894179245
894272505
894464474
894480640
894489526
894502352
894814638
894840790
894849186
894875948
894912932
895299025
895386418
895424304
895517100
895527843
895529590
895561011
895644695
895747427
895949726
896170440
896487671
896527138
896531015
896535117
896582664
896595714
896707916
896925996
896967856
897017205
897028388
897169065
897279406
897449658
897496551
897600425
897717258
897749140
897801008
897853534
897856949
898004549
898182588
898208403
898276596
898467849
898625083
898756606
898948238
899005067
899287290
899352353
899562133
899631294
899854445
899878550
899899738
900005678
900088434
900154653
900192001
900295014
900303526
900396956
900592603
900686620
900809153
900869130
901012117
901292392
901488835
901546730
901578095
901641828
901642733
901730005
901911525
901945884
902379607
902474378
902618621
902757094
902872390
902904658
902956531
903001520
903030593
903075706
903161553
903235161
903391386
903438587
903442212
903556298
903633610
903991397
904025289
904140162
904187159
904437931
904511022
904525461
904711130
904767981
904962211
905271727
905351734
905439484
905459111
905700072
905851600
905897124
905977771
905981387
906005335
906020590
906148198
906150785
906212723
906392674
906428494
906500515
906509559
906617810
906630775
906733457
906789641
907054194
907066418
907105726
907119204
907166725
907229808
907433188
907538535
907550065
907839590
907908947
907936856
908028174
908115714
908178901
908475738
908550031
908557975
908625552
908635782
908707573
908921975
909268870
909275857
909285334
909296637
909336469
909368917
909481797
909498866
909662321
909923595
910125800
910128704
910132068
910345738
910472344
910514612
910716463
910741158
910856792
910869645
910935480
910956409
911058867
911183251
911190990
911395280
911406975
911602063
911606122
911726400
911977200
912174179
912175882
912273996
912478042
912499903
912726716
912766277
912772079
913065746
913180631
913359166
913360470
913496906
913570964
913726701
913789044
913888872
913957263
913963345
913986099
914224596
914235665
914503134
914523230
914539602
914574579
914584449
914755031
914777202
914832110
915095426
915238317
915399057
915516010
915582855
915674569
915871871
915957775
916009759
916083144
916131033
916189821
916196806
916234172
916341803
916510689
916595062
916714771
916727449
916764945
916887517
916908055
917110332
917112003
917132376
917168381
917484672
917486207
917502205
917522083
917577487
917665747
917670839
917743008
917779347
918068296
918083273
918129295
918160136
918270002
918280389
918969743
919105483
919328607
919388902
919563115
919630607
919889164
919944846
920113645
920198832
920398137
920646145
920871683
920950626
920968889
921244209
921295031
921430015
921431593
921451108
921512425
921523627
921546556
921640494
921650256
921707292
921985335
922376425
922513155
922530602
922593346
922628028
922808301
922918345
922956619
923124642
923163630
923241825
923284403
923340733
923380806
923482389
923490197
923663910
923679542
923761739
923796810
923942278
924019199
924062666
924137022
924276305
924536005
924597215
924687941
924721899
924814316
924937979
925094277
925106690
925136504
925166618
925389602
925460328
925742758
925800171
925885337
925897726
926041053
926093098
926179548
926253519
926345108
926401807
926455168
926517981
926715787
926739222
926809000
927041372
927098197
927116003
927227732
927347904
927370377
927410184
927507280
927534732
927565252
927746605
927835534
927871861
928027833
928240436
928307364
928492951
928571164
928760529
928774110
928781767
928794585
928892969
928939289
928940783
929008385
929220881
929422111
929463257
929705270
929727101
929854983
929952218
930140675
930337010
930547157
930627603
930629146
930683688
930741762
930766151
930869957
930972933
931092145
931108353
931206857
931339075
931489021
931555969
931972355
932322728
932405916
932481567
932541993
932609473
932614520
932626761
933111022
933118614
933180274
933220593
933258524
933298653
933337517
933352406
933732802
933962134
934015802
934019072
934033616
934267748
934270351
934277093
934293736
934311102
934377079
934454675
934498855
934663866
934684309
934724362
934920481
934964724
935436014
935699635
935750494
935803043
935889291
935959931
936006468
936259431
936360841
936577129
936612230
936741837
936771581
936825845
936917057
936988297
937188972
937351237
937365715
937493360
937514831
937517048
937647006
937655226
937721097
937801779
937822890
937926728
937945285
937947679
938122099
938127066
938154852
938560615
938698160
938754930
938849382
938929639
938980378
938993060
939011425
939490927
939534900
939642129
939673254
939888889
940131279
940224094
940348827
940367176
940445594
940468132
940515469
940735960
940825500
940840262
940851998
940883991
941229876
941293757
941481016
941598060
941610413
941663957
941694941
941864183
941932252
942002877
942079914
942080421
942125790
942279917
942382026
942520419
942593231
942779555
942958379
943021854
943114262
943134732
943173648
943333122
943443519
943816625
943818548
943850945
943862149
943947212
944561877
944566290
944596121
944640300
944669935
944710724
945042780
945065669
945171166
945373526
945447602
945640207
945894718
945930905
945939118
946336316
946513371
946548072
946673642
946717776
946733810
946874533
946955142
946975716
947001498
947046178
947073784
947198301
947265955
947321178
947436443
947563820
947600772
947807848
947930074
948256074
948335002
948362455
948460504
948543825
948711308
948894856
949125247
949170814
949176936
949299019
949469767
949502385
949575199
949661411
949748166
949909325
950003310
950052150
950179155
950180524
950388398
950542475
950644460
950756744
950943259
950974417
951007751
951337168
951401845
951406339
951483282
951621203
951764065
951785875
951943611
952000205
952122405
952285974
952747276
952832032
952847179
952877411
953001890
953212124
953406492
953443044
953455225
953473163
953597514
953762832
953820136
953822527
953845073
953863601
953953707
954004933
954065096
954318265
954467268
954474110
954503068
954630002
954661757
954745949
954775328
955085558
955207153
955244157
955693059
955739109
956001715
956113661
956182963
956217978
956306192
956321224
956418606
956566163
956707120
956961295
957082191
957155041
957357021
957566308
957613605
957714849
957715190
957792494
957854666
957864081
957902043
958108910
958190453
958202463
958284181
958600100
958671853
958679922
958856680
958916201
958997882
959071274
959230000
959232925
959347390
959355630
959575178
959676683
959943107
960029035
960170518
960253195
960304333
960352733
960583279
960698204
960701203
960705194
960741363
960752348
960881663
961022497
961126845
961235028
961255043
961334631
961351487
961439220
961618101
961754359
961812476
961852206
961864627
961956204
962362088
962378625
962435119
962470029
962654641
962692658
962842638
963007474
963090524
963112253
963116191
963128241
963173806
963245868
963279199
963384976
963408160
963495498
963523080
963826582
963969799
964122711
964386836
964424869
964605531
964915885
965017974
965196583
965327588
965396508
965520361
965589687
965629535
965649034
965703131
965730991
966032027
966042905
966123661
966136891
966310061
966320745
966473888
966565574
966581116
966621476
966708443
966995492
967059408
967167093
967275277
967537091
967541633
967580847
967787214
967817232
968380304
968425485
968622866
968652482
968655681
968748254
968943893
968976143
969010710
969070199
969146632
969234795
969627975
969799032
970054996
970111615
970543898
970557787
970718818
970784420
971189709
971194064
971348165
971575564
971767396
971824461
971938589
972028135
972093167
972162596
972230826
972299590
972299702
972320160
972344718
972408557
972421617
972422883
972506567
972688296
972811954
972817502
972916743
972920617
973034841
973180326
973322131
973335914
973377633
973406274
973419618
973548816
973678112
973699651
973743693
973810956
973932052
973973203
973975624
974057579
974062934
974266064
974388869
974419907
974433615
975133595
975140108
975149114
975158309
975231494
975532793
975563840
975601630
975621121
975671676
975857594
975934783
975955750
976004452
976081432
976248565
976296911
976378198
976521195
976590537
976635066
976665982
976868804
976896446
977133503
977236436
977264604
977273799
977381270
977417979
977550276
977652604
977658368
977660820
977681867
977800259
977910071
978102093
978263689
978389265
978436731
978501992
978506702
978558204
978580764
978608856
978738620
978815183
978828939
978970843
979167867
979216996
979395464
979469142
979512732
979642327
979711186
979744727
979754951
979763665
979791387
979796812
979941620
980038773
980171416
980330627
980390783
980490212
980716259
980839234
980889107
980998023
981004241
981014589
981017272
981215050
981330616
981786612
981937312
981976219
982011496
982062452
982196541
982253243
982262273
982264734
982410698
982525898
982783988
982826288
982838583
982953459
983091638
983169471
983214933
983327275
983343070
983345495
983363985
983397579
983401660
983411677
983506608
983668829
983687546
983709700
983764694
983774951
983853580
984119636
984134835
984235401
984276330
984304781
984375313
984598062
984631350
984738049
984828451
984886267
984908032
984966157
984977730
985174340
985234597
985265708
985319676
985388919
985440557
985488850
985493880
985683368
985691557
985751307
985800740
985918029
985973071
985997375
986104775
986115358
986231777
986305532
986364313
986424537
986666881
986709863
986729318
986837032
986845135
987048338
987143005
987281100
987297722
987337609
987368475
987386714
987594953
987641274
987838098
987990906
988045265
988199178
988253815
988254367
988477527
988568518
988628379
988647862
988661033
988704127
988729541
988850045
988944511
989139108
989247422
989253045
989323304
989326770
989675225
989703741
989840537
989958900
990111620
990121131
990257849
990574443
990575112
990631192
990699170
990791852
990870395
990965816
991111123
991115428
991194652
991221510
991250452
991432078
991542713
991567914
991700076
991707554
991733566
991798635
991888500
991968048
992107950
992482546
992628022
992840524
992878296
992933101
993098167
993117526
993191775
993392289
993404173
993482807
993491626
993712467
993734435
993799968
993923906
994355874
994488139
994562717
994729485
994937239
995142801
995283107
995420528
995731736
995948479
996121445
996312452
996325877
996416789
996444430
996567100
996589213
996624948
996660500
996721746
996997390
997043672
997079910
997379748
997616375
997714505
997889178
997915297
998314684
998434505
998475222
998497944
998560075
998585905
998660874
998712700
998749423
999069789
999099883
999115816
999179124
999358820
999517994
999606808
999722694
999887989
