6180
18814
76192
167252
553225
699038
791229
798614
854252
1025152
1282852
1300483
1314831
1370018
1429081
1485912
1677821
1721474
1735616
1851485
1900490
1919321
2073201
2163507
2238625
2243932
2246765
2440469
2447337
2588015
2632293
2765810
2873593
3073749
3112871
3165554
3273199
3431335
3449334
3581790
3654288
3728464
3861001
4151459
4180307
4189462
4361461
4468612
4551713
4558638
4691029
4701680
4761485
4854617
4856565
4886302
4945966
4954685
5004787
5298830
5347270
5365788
5408494
5429811
5444763
5665078
5672218
5808745
5813485
5901273
5951598
6089364
6123916
6200990
6291366
6329650
6379433
6661779
6835441
6977239
7117652
7219872
7249352
7562443
7569075
7693976
7787061
7830316
7853305
7939555
7967227
7996747
8031233
8266411
8297440
8299200
8313327
8335246
8566613
8588562
8621297
8681183
8771456
8805744
8887499
8918152
9005416
9138600
9171293
9278035
9352669
9516890
9545179
9604628
9812324
9829874
9837025
9849188
9884687
9946787
9982123
9997038
9999737
10158007
10165229
10180865
10428218
10485360
10673211
10774575
11048347
11059782
11099796
11107153
11181284
11266152
11416518
11420744
11459574
11481156
11510593
11532008
11660325
11805855
11829790
11831241
11847696
11853997
12001452
12015705
12017808
12035886
12120656
12300913
12342818
12399996
12423150
12557966
12597609
12715034
12813650
12852239
12957577
12961682
13056084
13066217
13165100
13263950
13268593
13419318
13545657
13992363
14000321
14091434
14173931
14558065
14926118
14963206
14987656
15063644
15101704
15118358
15274810
15445806
15493116
15734181
15785507
15821747
15948308
15952284
15987257
16022516
16281076
16291672
16383367
16383517
16443428
16473508
16625320
16865634
16927137
16976043
17121082
17163805
17165804
17172492
17718025
17733802
17734524
17956601
18003869
18215523
18241572
18268806
18385633
18400161
18512395
18761497
18793671
18884295
18890109
19157070
19515626
19556380
19728534
19965218
19984197
20002146
20010984
20241987
20244039
20622494
20691420
20734311
20909937
21153869
21168887
21267075
21406499
21509183
21657723
21688537
21821223
21831852
21949505
22109501
22255412
22433685
22638557
22667921
23103870
23209683
23291608
23485038
23485055
23610595
23611949
23709161
23804678
23828989
23834230
23875993
23933947
23957154
23995774
24071639
24148658
24274291
24318269
24535343
24674146
24691171
24814885
24826692
24960107
24963314
24999513
25031831
25220212
25453323
25498150
25511410
25737830
25778370
26069259
26212294
26264619
26550907
26622710
26909323
27044985
27088476
27109961
27205261
27212347
27296870
27361386
27390148
27403764
27852360
27859581
27915857
27936382
27950050
28046250
28294354
28357136
28381810
28384035
28435062
28493098
28505194
28697424
28918741
28941253
28959693
29144369
29147897
29166851
29180622
29474045
29661812
29692046
29722774
29791008
29848731
29947792
30284253
30325342
30474252
30601310
30789045
30960719
31544811
31633880
32022582
32128431
32222495
32443010
32486157
32652265
32721063
32799523
32813551
32874691
32917904
32961630
33113823
33168637
33225819
33271914
33319368
33367335
33512454
33618991
33705833
33813531
33880656
34052730
34204230
34546729
34706544
34870361
34940229
35095811
35120002
35194115
35238306
35333654
35590102
35610321
35644387
35744005
35788963
35805058
35810452
35853472
35905217
36052202
36161835
36207182
36315761
36340478
36351862
36498069
36715677
36853101
36902855
36965371
36973974
37164860
37208969
37279675
37303923
37333191
37360663
37429333
37436556
37480366
37706590
37842874
37844733
38084170
38417928
38506180
38537998
38548056
38759684
38878653
38908310
38919910
38923384
38996555
39014668
39021183
39064282
39105963
39221696
39230889
39577357
39817193
39953399
40015434
40273865
40295534
40316498
40360444
40427564
40523313
40631338
40720509
40763683
41050067
41218458
41359028
41475141
41633066
41773332
41900060
42056062
42059116
42103221
42197783
42308124
42385218
42500600
42633861
42683997
42812684
42913841
42928658
42970741
43103068
43109779
43263105
43272271
43403546
43415118
43555450
43655110
43818057
43916438
43934068
43996183
44063483
44272678
44305556
44462903
44694006
44791340
44799582
44829692
44961618
45017394
45074973
45091900
45113213
45143076
45375470
45441093
45933704
46152781
46422284
46634927
46669556
46698559
46753544
46777660
46959504
46972919
47003673
47087722
47111121
47185145
47307218
47310067
47326630
47398267
47462502
47508436
47526026
47587742
47618803
47632257
47643905
47679008
47685310
47720026
47750581
48093729
48154179
48178329
48293737
48304121
48390264
48549151
48586077
48763732
48935833
49002813
49098080
49175216
49243358
49493482
49837875
49841144
49855290
49884728
49955563
50162943
50190894
50261323
50465565
50782954
50905723
50970171
51306460
51364908
51450769
51459893
51592702
51629412
51657652
51800396
51970170
52078374
52080064
52175385
52190048
52326821
52347014
52377858
52405373
52545763
52740945
52896453
52897357
52904116
52936701
52957209
53032424
53275862
53347824
53461006
53543155
53597942
53619276
53726074
53937337
53939767
53946297
54042663
54287936
54343647
54430439
54517283
54653157
54956330
55142585
55176897
55298065
55333997
55390259
55488392
55502407
55647097
55654016
55950024
55982145
56025073
56112817
56155547
56160476
56217629
56370228
56493237
56741955
56816742
57000802
57012242
57142450
57316285
57355536
57451701
57665740
57744224
58045541
58141707
58493109
58514955
58590504
58649656
58815919
58838718
58884117
58927074
58977351
59077942
59078833
59205149
59409053
59494368
59538197
59586692
59948892
59969031
60021280
60143464
60290662
60349780
60411831
60441968
60456004
60461575
60484629
60500365
60629638
60631542
61049589
61129231
61355600
61420532
61471683
61493737
61504745
61540677
61712627
61716354
61772361
62077459
62115782
62168154
62192410
62254942
62258355
62276415
62308937
62339941
62414903
62548491
62653428
62701588
62758983
62759638
62781466
62897052
62986874
63043233
63167847
63204032
63290772
63381801
63426891
63491902
63520598
63715399
63775680
63819111
63859272
63889495
64112949
64150624
64153029
64383640
64437655
64447579
64547128
64818852
64925955
65005198
65432179
65438563
65569219
65591128
65690501
65743235
65834239
66079285
66168761
66263241
66274776
66368689
66417311
66469744
66472769
66555279
66633757
66728517
66734040
66977995
66997774
67451424
67643542
67699266
67834207
67916530
67984869
67993700
68038589
68296867
68347998
68432880
68518983
68554310
68592474
68989742
69124249
69247170
69343402
69514924
69528745
69567983
69842643
69875555
69913286
70168602
70180833
70317754
70411454
70454382
70538701
70546194
70607342
70702497
70797495
70849032
70945510
71259572
71324551
71438610
71440861
71462262
71475707
71605864
71979854
72200397
72261169
72290449
72671554
72679816
72769387
72873150
73157000
73173147
73175507
73497372
73672796
73742639
73841968
73927599
73986865
74082593
74139308
74226445
74319091
74468232
74510545
74571319
74663173
74697789
74701316
74707973
74752602
74756006
74841518
74886514
74914444
75070358
75153800
75571410
75578866
75604590
75608764
75761770
76085417
76087447
76242128
76297237
76321289
76404626
76549832
76587968
76617716
76681440
76713632
76715608
76736175
76744047
76828227
76983323
77029379
77297247
77460522
77645943
77904771
77918750
78058902
78072407
78192748
78592746
78657406
78969816
79010730
79077637
79116987
79160117
79403960
79438836
79990504
80139412
80375265
80553589
80573821
80620423
80757071
80916781
81048149
81093546
81224919
81225180
81297156
81422635
81490103
81511838
81598136
81622100
81623549
81887458
81911900
81965064
81967618
81982583
81984570
82169727
82250116
82326635
82465096
82477765
82507538
82596372
82676349
82752700
82831143
82874154
83014936
83071716
83272712
83426578
83429759
83592301
83655025
83795392
83870698
84003124
84016226
84076308
84085347
84151351
84156662
84158451
84161198
84190245
84245118
84285519
84385063
84490292
84697076
85023065
85033528
85338814
85347914
85369515
85411870
85659643
85826421
85919025
86043376
86092980
86131268
86318181
86453655
87053602
87054764
87103396
87235940
87593838
87680920
87760741
87948887
88168971
88195863
88209603
88233984
88398548
88444411
88677864
88775988
88803322
88984106
89107505
89202068
89214509
89386210
89476463
89645511
89651749
89797461
90034554
90204347
90245804
90303017
90348347
90397905
90501930
90590679
90632806
90672181
90797309
90836715
90893488
90911761
90939317
91069162
91109662
91128486
91250030
91265999
91395722
91418757
91653126
91879093
92076943
92133467
92138213
92278359
92360667
92363333
92606543
92710691
92714891
92752028
92984642
93013335
93224985
93341793
93418107
93617050
93752365
93759889
93788706
93811081
93878484
93886303
93930580
94037000
94339811
94382627
94771092
94785656
94811547
95007130
95021127
95194819
95197582
95292061
95301011
95419585
95431517
95476225
95507796
95632553
95633079
95704687
95738023
95795492
95834880
96107904
96243857
96283425
96341092
96397893
96506845
96606551
96745758
96814610
96945958
96956789
97241251
97245272
97381444
97433739
97493721
97552193
97590962
97598471
97643481
97698195
97726254
97753923
97755155
97883219
98172916
98302403
98466341
98655721
98690457
98758703
98847065
98957482
99080099
99111842
99190445
99232298
99298279
99435431
99498926
100019142
100093934
100145368
100175473
100214495
100278187
100356848
100457754
100520358
100680378
100983210
101234599
101241257
101369671
101561287
101616361
101691432
101886528
101900976
102282205
102346035
102359133
102447552
102552922
102735881
102762970
102907366
102968006
103026839
103157516
103207483
103270725
103357944
103528540
103770726
103919280
103969182
103977471
104003962
104020661
104048997
104199117
104200482
104214878
104372419
104379315
104475639
104712227
104740723
104755403
104894108
104910242
104917553
104928403
105028806
105047297
105062735
105148405
105198656
105306429
105345564
105366169
105376762
105452744
105570646
105756888
105781651
105798404
105823488
106055357
106336346
106362422
106803801
106947546
106962928
107089099
107160930
107360151
107505816
107538335
107647237
107745611
107862037
107968518
108033259
108053331
108210056
108210738
108329318
108390852
108431981
108683823
108792796
108865066
108973209
109005460
109230258
109257461
109440278
109441390
109487711
109585833
109604476
109824979
109855973
109867841
109899419
109909476
109945012
110166124
110187237
110226667
110312253
110610630
110651966
110672972
110742481
110832839
110884540
110952759
111033242
111081142
111303818
111337561
111473751
111656516
111666788
111864529
111872371
112180248
112354902
112529803
112594553
112697149
112834810
113064079
113105796
113148025
113635926
113641576
113672490
113712666
113716777
113762710
113812200
113915777
114069495
114223240
114404911
114642392
114659113
114684262
114777596
115012707
115083004
115089430
115192024
115201680
115213666
115243100
115405938
115406789
115645399
115896102
115958741
116119666
116278862
116444129
116666714
116703413
116835672
116925250
116925372
117086764
117285599
117303177
117403927
117443681
117605232
117607839
117878317
117948642
117974600
118308447
118490574
118525747
118528878
118604263
118686659
118731097
118763506
118777161
118792587
118824438
118915550
118973096
119244272
119283206
119289565
119318796
119329611
119353385
119417396
119428555
119827686
119983412
120035456
120308611
120338992
120401784
120475864
120673780
120804791
120825492
120853860
120963442
121046012
121134610
121140883
121194328
121297826
121423172
121554950
121599258
121840260
121845258
122044829
122277237
122656889
122854051
122950866
122971804
123018904
123027993
123033456
123085425
123132167
123189271
123212568
123366309
123429767
123510715
123537867
123554479
123755304
123805022
123993276
124056304
124151350
124194600
124227596
124233069
124254811
124278369
124396952
124433625
124438708
124587263
124612346
124613326
124646165
124932568
125041387
125194677
125207914
125239984
125429267
125553173
125578781
125692177
125887265
126052610
126057157
126058350
126180113
126238360
126279625
126283792
126470210
126490238
126543502
126554847
126560903
126765031
126910126
127061293
127078555
127147698
127214093
127417282
127465694
127557691
127749623
127957748
127980627
128127174
128321936
128389353
128422677
128447996
128463279
128552597
128638875
128693675
128715188
128729256
128804846
128871225
128940331
128959999
129302946
129585016
129610514
129710211
129806302
129906868
129937032
129955011
129964166
130023242
130191830
130192572
130253494
130289868
130297304
130378689
130415103
130471085
130474980
130496600
130642927
130832983
130899379
130917888
130965671
131066126
131132242
131150992
131179097
131188062
131344829
131394188
131445899
131450854
131475365
131599486
131696455
131768131
132164650
132196730
132204502
132207573
132297365
132451324
132539807
132861387
132891012
132992236
133283314
133401181
133529999
133631198
133644646
133656239
133718761
133807866
133855148
133908170
133975695
133988728
134082556
134089309
134162246
134371779
134501208
134769864
135004118
135063126
135068122
135124878
135180470
135448316
135489498
135506966
135605581
135711318
135876126
135985461
136040293
136064735
136242100
136258254
136325703
136349401
136697685
136707980
136795979
136826301
136832287
136835899
137119413
137542003
137549753
137561682
137571018
137809744
137834589
137960392
137992821
138059004
138218856
138237249
138300077
138461634
138625971
138660856
138722692
138846628
138992666
139078008
139207627
139442469
139455594
139493033
139546984
139547258
139706525
139748746
139944656
140010751
140335349
140545546
140554342
140799698
141024086
141114632
141291128
141417181
141456919
141472142
141784116
141835877
141952050
142230397
142647465
142737981
142742777
142837241
142880847
143069543
143211517
143234232
143246177
143578188
143642673
143687798
143690900
143894146
144051116
144148739
144257850
144296014
144445013
144502452
144652701
145126928
145140383
145286046
145646951
145894469
145895572
145939685
145961669
146142052
146202748
146282730
146461479
146572302
146583483
146753224
146903356
146967016
147012365
147136161
147360558
147505907
147522848
147679495
147760512
147795835
147912430
148361418
148551104
148775862
148812848
148960116
149006414
149080334
149093185
149204077
149294475
149528699
149735644
149737447
149805093
149906556
149925826
150055107
150354167
150398989
150494260
150512253
150585844
150693037
150854814
151001626
151079089
151119877
151179301
151265435
151348927
151361891
151420587
151638013
151852378
151992736
152033921
152039698
152122784
152258242
152335378
152375420
152605439
152608316
152614370
152817777
152928152
152931367
152940276
153036548
153195847
153397894
153426695
153777179
153812903
154048305
154401661
154449151
154485935
154674092
154715400
154752903
154756672
154823051
155012156
155055712
155116922
155128602
155158124
155326108
155411673
155521386
155718790
155892207
155971491
156116209
156315819
156623354
156801908
156948497
157060251
157084576
157152224
157242043
157382569
157519189
157677025
157872078
157970815
158052785
158108588
158291034
158486290
158756268
158911598
158948250
158964688
158998880
159047793
159073601
159198872
159241660
159242949
159273612
159345965
159377140
159451481
159490562
159572754
159576959
159590488
159642754
159762116
159787088
159800062
159833085
160032535
160228303
160354185
160376177
160431254
160599301
160615218
160753329
160807466
160869784
160892535
160998336
161227907
161283070
161305028
161424939
161539810
161583164
161611470
161691515
161768435
161782832
161848177
161862794
161891865
161994949
162122371
162309870
162345190
162395203
162471670
162891862
162903476
163096488
163144756
163175934
163233850
163310139
163344136
163402151
163417940
163557377
163976325
164067098
164114410
164121330
164161192
164349658
164577924
164697931
164771268
164836851
164878863
164905559
164916659
165224439
165290412
165350213
165447815
165515417
165630705
165649479
165679453
165753641
165781916
165890865
165960168
165965830
166052891
166074056
166152546
166172437
166234730
166385650
166490073
166737000
166872636
167061974
167250772
167298621
167423230
167541124
167562745
167706293
167740286
167825216
167859196
167981402
168035366
168116289
168122195
168274909
168356818
168685692
168782140
169015359
169078553
169133718
169152367
169197314
169256395
169721346
169785301
169876504
169908683
169928704
170084402
170208065
170340778
170473996
170585827
170727393
170730405
170735281
170775200
170852773
171075585
171101250
171247528
171490879
171514286
171514863
171663509
171794916
171796058
171827031
172056052
172128932
172191081
172229334
172355201
172469543
172573535
172578835
172734250
172745231
172754922
172844912
172912449
172918018
172937631
173216927
173357092
173440320
173575501
173720656
173984416
174033270
174214929
174400698
174501909
174502928
174552580
174582649
174646392
174699975
174709337
174814365
174836453
174968776
175054357
175140937
175270484
175404010
175591650
175615362
175638926
175756471
175862544
176029012
176031672
176154197
176158121
176279550
176498278
176687897
176935338
176953080
177066152
177125995
177150737
177186460
177193743
177284026
177451774
177491740
177528984
177660136
177771450
177918340
177925759
178000599
178074369
178194532
178227129
178390563
178450829
178918576
179284051
179357491
179487346
179755192
179807627
179854659
179869051
179899991
179941847
179979645
180366638
180403822
180524569
180595111
180623684
180831135
180854311
180898548
181198261
181212443
181250139
181383259
181429477
181517016
181609931
181627979
181687929
181763592
181778966
181855724
181920448
182045984
182086102
182313334
182846163
182952292
182990959
183052673
183155609
183163670
183250935
183261295
183364261
183463894
183479610
183501472
183522487
183552287
183793375
183831434
184303603
184434217
184499019
184563785
184811239
184815942
184875413
184895640
185094046
185142538
185326262
185405256
185503527
185534838
185676649
185681277
185848853
185918125
186114157
186191060
186331878
186394286
186451781
186494924
186516351
186527017
186850150
187034650
187214863
187232663
187253487
187289732
187477531
187522883
187551847
187732113
187779014
187998388
188791293
188823442
188926645
188939454
189048901
189100469
189240671
189318948
189397701
189659221
189713911
189903525
190066563
190094001
190278249
190306435
190398180
190656570
190833990
190929935
190997737
191098439
191099703
191138211
191170780
191238206
191481341
191539300
191925569
191975125
192207468
192539567
192860896
192909298
192949403
192958236
192983358
193011119
193090071
193158341
193405050
193429828
193492936
193709382
193786659
193838076
193960665
194094102
194118499
194236953
194265247
194332956
194537136
194540510
194546750
194556154
194596057
194794241
194819348
194833957
194972209
195052974
195070897
195113133
195122387
195303949
195395259
195415656
195522768
195523839
195644903
195689295
195943506
196064644
196244697
196457932
196466680
196490920
196522027
196752312
196813290
196891865
196907678
197151734
197173565
197552027
197556319
197565618
197585512
197983179
197998259
198111086
198172714
198175330
198211966
198305818
198347949
198382271
198487187
198600900
198743211
198994974
199014315
199044847
199050173
199242290
199252123
199286061
199296338
199349744
199395120
199566672
199667541
199668094
199714108
199775787
199787305
200013874
200087136
200134970
200179278
200183800
200379074
200435569
200565523
200597876
200709429
200709553
200756558
200901198
201152996
201305527
201470325
201791479
201800735
201802120
201835511
202003434
202497920
202669470
202776666
203051214
203396538
203437744
203484390
203559131
203568318
203868432
204062447
204226399
204512780
204588525
204828031
204976926
204998864
205066657
205125450
205294659
205383359
205406964
205515810
205927208
206246866
206261344
206329309
206709936
206768970
206849581
206931655
207258812
207485194
207698311
207706129
207753211
207797231
207885480
208057826
208151189
208157544
208243443
208258552
208267372
208408218
209005407
209031831
209085420
209149677
209350059
209580418
209589226
209696241
209705946
209749036
209883245
210112442
210178367
210245682
210318201
210621850
210682617
210704501
210770589
210934973
211002600
211154456
211191627
211384917
211686716
211694078
211741942
211760912
211822163
211844399
211866305
211933718
212068023
212156361
212274296
212307292
212331810
212438185
212519304
212583469
212600048
212804928
212853552
212854588
212953147
212990320
213009235
213131526
213189578
213307845
213377430
213423540
213561690
213622340
213623432
213659830
213690334
213739734
213978807
214324729
214335197
214402018
214565446
214569338
214659492
214691248
214876963
214975750
215078315
215150291
215203688
215220089
215298882
215311694
215364563
215603847
215646655
215790291
216097597
216217679
216236482
216251075
216490798
216518401
216611097
216643043
216695475
216714524
216777925
216800431
216827646
216860891
217014650
217069537
217155270
217169821
217196656
217253796
217321127
217354221
217459128
217466676
217527565
217575227
217699736
217872328
218117990
218314323
218404448
218852802
218896886
219000408
219008396
219150348
219288570
219438997
219596178
219699564
219724288
220047500
220294830
220960802
221012770
221135014
221163137
221303409
221368868
221481740
221561120
221682448
222089799
222145826
222330863
222357737
222384157
222652178
222758398
222916112
222971419
223065625
223066186
223069622
223341597
223391391
223876147
223904613
224035253
224185404
224241844
224300615
224374962
224423182
224480459
224562176
224615605
224645650
224675303
224786348
225181796
225244656
225364482
225404896
225496212
225553774
225568433
225570706
225651348
225723765
225731713
225774254
225783321
225789779
225810026
226026327
226058477
226106677
226237414
226476901
226641983
226860617
226890176
227005178
227309857
227339310
227371067
227387524
227549631
227553143
227595839
228071770
228108711
228115316
228319146
228354335
228355961
228410639
228687452
228743459
228801235
228880789
228962440
228963524
229085715
229087885
229153123
229217519
229317740
229438915
229582564
229664189
229865500
229892728
229951225
230060487
230090031
230091306
230131529
230209848
230272754
230285794
230490498
230516378
230731701
230731884
230979249
231093796
231299436
231357421
231381174
231423657
231486177
231572771
231639051
231752130
231838757
231898118
231906061
232022271
232093446
232292363
232358587
232467496
232607381
232641495
232661249
232743230
232770951
232790655
232804469
232823198
232856690
233165025
233183033
233211328
233219320
233313301
233376016
233424923
233464769
233532733
233714586
233865673
233976427
233994177
234049836
234110276
234119430
234188863
234215243
234457750
234571804
234575914
234742234
234772542
234859921
234911901
234976337
235389984
235493363
235511147
235578891
235749721
235838697
235863718
235873206
235918677
235990712
236106201
236320759
236393912
236445888
236478963
236507767
236513970
236528651
236591260
236591647
236625268
237077297
237114749
237245120
237312270
237354838
237370396
237439246
237654772
237705454
237749520
237750631
237896700
237999916
238211404
238213314
238217301
238335308
238443232
238507267
238597369
238805720
238994676
239036834
239041869
239095590
239135497
239162568
239171463
239287981
239509096
239533657
239639468
239738735
239765477
240441554
240444857
240576566
240577154
240720515
240734926
240779653
240814727
240834834
240997147
241302330
241333218
241474745
241530723
241678095
241721867
241965042
242096138
242207051
242283180
242297785
242526625
242530117
242736523
242910102
242911523
242982845
243031394
243041163
243081027
243217988
243475386
243550171
243568790
243591379
243630441
243824893
243854615
243963547
244003119
244217572
244269764
244300152
244362709
244463953
244480314
244877750
244892495
244914433
244952736
245177148
245258741
245394445
245442340
245915003
245962231
246036120
246123026
246202379
246316185
246459888
246485396
246487961
246491547
246522486
246581979
246756392
246778442
246878197
246920438
246992064
246997547
247088470
247138241
247187768
247201271
247210290
247283952
247469117
247607714
247653846
247759019
247804203
247979434
247992604
248083266
248094124
248126440
248178166
248182069
248185263
248190208
248327126
248382251
248503040
248570430
248718147
248731550
249033687
249052531
249174946
249297621
249484251
249677821
249686641
250208729
250284168
250302903
250319762
250676253
250881506
250957622
250973250
250989551
251030823
251033927
251311862
251323543
251406037
251467993
251612480
251659293
251669010
251697814
251733962
251774221
251776236
251824268
251954709
252012619
252132102
252289860
252373530
252698054
252895165
252911099
252922472
252986594
253027840
253076371
253317571
253320305
253389497
253690785
253976039
254024184
254026836
254200219
254247554
254367812
254464920
254505260
254534266
254645706
254681729
254684466
254935133
255309563
255606742
255666050
255675529
255903816
255917761
256055142
256184923
256205960
256210341
256269503
256404881
256472317
256535034
256550099
256671188
256816559
256825595
256964712
257313067
257691952
257862267
257919190
258020129
258163052
258337301
258681127
258754429
259007712
259175844
259194066
259201139
259389200
259632695
259649979
259680180
259705836
259784032
259978283
260010419
260181204
260350253
260641511
260687053
260715251
260761968
260849836
260887088
260969263
261118468
261390415
261496288
261600055
261682142
261827561
261950863
262198233
262257736
262381495
262610251
262728018
262780603
262806443
262831710
262986618
263014352
263140832
263258860
263258876
263346828
263397728
263416486
263798109
264010501
264012964
264126276
264157622
264241913
264255251
264294369
264549720
264566400
264660638
264692600
264714825
264936791
264955069
265054131
265146062
265219550
265268087
265288965
265341176
265398757
265433813
265479582
265561383
265891040
266086347
266609737
266628924
266726581
266781864
266825843
266942891
267125266
267212571
267362152
267445581
267451730
267469826
267510708
267511414
267590311
267690946
267906511
267918976
268021864
268058665
268099994
268118148
268541569
268581582
268652650
268693475
268776830
268836341
268900701
269180720
269208603
269233360
269259950
269262239
269478824
269527177
269604290
269626670
269735211
269994578
270047114
270441018
270449758
270624791
270642267
270675347
271114199
271361472
271522071
271919352
271936944
272128967
272183640
272296981
272345731
272355087
272394369
272485598
272611006
272612317
272614689
272898550
273217547
273409747
273677544
273731156
273959209
274024744
274027097
274064552
274155592
274263457
274293995
274443021
274865341
274994338
275025299
275273846
275567314
275596253
275614241
275621294
275699981
275822906
275936426
275964243
276716076
276774863
276916339
277003102
277219457
277423164
277431864
277446759
277597995
277601349
277643197
277687624
277784964
277826830
278002686
278017065
278054395
278060148
278179590
278323054
278326563
278466634
278626566
278995963
279032948
279525343
279589066
279672674
279736629
279843917
279931536
280004233
280111339
280175502
280256483
280337953
280580145
280593658
280614337
280708307
280770688
280849287
280897209
281022872
281062861
281067334
281104187
281119342
281164820
281210839
281339051
281449322
281535857
281699911
282018454
282023499
282033315
282579440
282652505
282716412
282762633
282820810
283071282
283090901
283143305
283238102
283274673
283403908
283574209
283580167
283770463
283791065
283849894
283885179
283892081
283945850
283964621
284046958
284202687
284293710
284549982
284702935
284715300
284793367
284972054
284985533
285064017
285392781
285410015
285467437
285492665
285559618
285646243
285654147
285701522
285701601
285834225
285985897
286281118
286307386
286535221
286592437
286734953
286785843
286792113
286867441
286924245
286924925
286960214
287195372
287265737
287402187
287429948
287488471
287648555
288058743
288163409
288306763
288316277
288417308
288492010
288795328
288798529
289127098
289179792
289304709
289551323
289552357
289558003
289606029
289646454
289788509
290040168
290191492
290220371
290288753
290303437
290486999
290813586
291201912
291279439
291290594
291813635
292036380
292092376
292143419
292163919
292272051
292356977
292536160
292841691
293018915
293195736
293292016
293397071
293431737
293468523
293470186
293652324
293751903
293768640
293789668
293959800
293977597
293989369
294284911
294396596
294404530
294507440
294593421
295084215
295109127
295457737
295564512
295682581
295699033
295904150
296141951
296365623
296420983
296483935
296771001
296851014
296867584
296998394
297058905
297151193
297183797
297222180
297229651
297288925
297337885
297361099
297399840
297414336
297424189
297498769
297543187
297696723
298011090
298147450
298226273
298299792
298458163
298551639
298873365
299349395
299475727
299592902
299621064
299623036
299783221
300004841
300184597
300407802
300421717
300456935
300461626
300522614
300526483
300575295
300824236
300838035
300847188
300929799
300995312
301044773
301059513
301175890
301376431
301494322
301514951
301695507
301695818
301706248
301726192
301754325
301940495
302066868
302121784
302154295
302243141
302354855
302371710
302444689
302631075
302659919
302757739
302901636
302903323
302974382
303049123
303254075
303285293
303461421
303594790
303600702
303636615
303655788
303692140
303800157
303804628
303960921
304039524
304058398
304470709
304525695
304571973
304614247
304616492
304707841
304895046
305058298
305166698
305183376
305212378
305245920
305342799
305561834
305583643
305613894
305684391
305733829
305895165
306000403
306127683
306131016
306137875
306152829
306324486
306450648
306628294
306642428
306651428
306682866
306699478
306714599
306723976
306726966
306810872
307024661
307150237
307261000
307387668
307439951
307469426
307520785
307608968
307740311
307856870
308158289
308291174
308304888
308355093
308389446
308554958
308759976
308781815
308813068
308939167
309116681
309347426
309483699
309542830
309551995
309558983
309577714
309679569
309891488
309998203
310086948
310349034
310366623
310463404
310489030
310643950
310651843
310774614
310843054
310850838
311016746
311166809
311242114
311440785
311445930
311509490
311587519
311604238
311621349
311791024
311817257
311929648
311963156
311988525
312110778
312201674
312225828
312319155
312436797
312476044
312508430
312521524
312586955
312610773
312619427
312621469
312655964
312685990
312723237
312757779
312801462
312935375
312944924
312968168
313038517
313074851
313391842
313413625
313493751
313524362
313547655
313568619
313669156
313707653
313807847
314160950
314340955
314402942
314490747
314606551
314658694
314717984
314750788
314760607
314779496
314813861
314822668
315117700
315132101
315326264
315385447
315586326
315632157
315722044
315726767
315798558
315850896
316088335
316108269
316127967
316278229
316444632
316492303
316570233
316674301
316687773
316704861
316727790
316766713
316883065
316944209
317071009
317108571
317205928
317608309
318288880
318380414
318393744
318659618
318725440
318744656
318785718
318882195
319193019
319436647
319560742
319718008
319735667
320240818
320422844
320436173
320479683
320528317
320566760
320566843
320569663
320598358
320684051
320691030
320836920
321174909
321239352
321247218
321314946
321350824
321456883
321596616
321646977
321841678
321850883
321877117
321909813
322145002
322400114
322458035
322530715
322532769
322568889
322844476
322880480
323220434
323433021
323529615
323778047
323981509
324075644
324083407
324113203
324360234
324440994
324536897
324674216
324693746
324882182
324934195
325026913
325096645
325161674
325381695
325391445
325392664
325421612
325493524
325534762
325550120
325576874
325639448
325768619
326001746
326014072
326023370
326113050
326204345
326267600
326383361
326475936
326514810
326890599
326905733
327077456
327103006
327177125
327190246
327684100
327903527
327932942
327950126
328043836
328044294
328196817
328223352
328281964
328390125
328407856
328424013
328445056
328452419
328497071
328537715
328697843
328750343
328798983
328890200
328899387
328906736
329514828
329556146
329561385
329749281
329950404
330001114
330001856
330037448
330157812
330182993
330206229
330207480
330294098
330555900
330624608
330754142
330862706
331052243
331069320
331208964
331334323
331418488
331561313
331634536
331648887
331651241
331707165
331717767
331822425
331970770
332063714
332368665
332373272
332677590
332738162
332745729
332795817
332935676
333037186
333069069
333246340
333364138
333400838
333578740
333598122
333781660
333802722
333840894
333878098
334056181
334140300
334239001
334299143
334433539
334509352
334602369
334610623
334640534
334799001
334868687
334972454
335009563
335049425
335172557
335338669
335490728
335570510
335578214
335628850
335672001
335672088
335711281
335787721
335925693
336026339
336028763
336052892
336102866
336236702
336568418
336615626
336805951
336815447
336861961
336998111
337050809
337125246
337196197
337349535
337366152
337408949
337437647
337459745
337653448
337793634
337928671
337941272
338001907
338245328
338556871
338811215
338975401
339015171
339133855
339517384
339578964
339695563
339761467
339772064
339804529
339867216
339870203
339884806
340118380
340144453
340214366
340264969
340330211
340578291
340657252
340894906
341030348
341264902
341354411
341409961
341662482
341750244
341937324
342184462
342221344
342222768
342266212
342417470
342501609
342636957
342640130
342953068
342985675
343070525
343074675
343097441
343121523
343130391
343181266
343203356
343238588
343277789
343278227
343374692
343839101
343918158
343926501
344028214
344044892
344054961
344089341
344220431
344337598
344462661
344509222
344589990
344785776
344893798
345037567
345165022
345204941
345235360
345305870
345379898
345387625
345473228
345613646
345823125
345827113
346050278
346089919
346192184
346223255
346353960
346383878
346434378
346450946
346661018
346671820
346766954
346813015
346856799
346862319
346979859
347106957
347121328
347134673
347163381
347626616
347630124
347683354
347773474
347844240
347951274
347962947
347996618
348096427
348116523
348149107
348271979
348341992
348600944
348636726
348746193
349026831
349242712
349269495
349315642
349318700
349523523
349549734
349556263
349757454
349843581
349923401
350155775
350274158
350711826
351106736
351160370
351214905
351223809
351261352
351444240
351480274
351507980
351583041
351587644
351788455
351844242
351916435
351956268
352047415
352129229
352292772
352415849
352670794
352684710
352917946
353018552
353212566
353260873
353791236
353920557
353944585
353945831
353946079
354063943
354101020
354282698
354366004
354398960
354404321
354414001
354522285
354567931
354854739
354922434
355015620
355079572
355472939
355515657
355569007
355707044
355742130
355748464
355764469
355764751
355817844
355937002
356046426
356191879
356203343
356228708
356399946
356416964
356472302
356800126
356837142
356934893
357617396
357630034
357639721
357726779
357982097
358050121
358103577
358158101
358400324
358456035
358663411
358684289
358738094
358894154
359155665
359179461
359412495
359581684
359717096
359909805
359986329
360178070
360213063
360377951
360382184
360496482
360637484
360660211
360666120
360731192
360833115
361101365
361335469
361356443
361481908
361596571
361621507
361678609
362247054
362251648
362381256
362592595
362624413
362642465
362709729
362794219
362805475
363004646
363171506
363184628
363277923
363464363
363521517
363862315
363875857
363907915
364010027
364018928
364177379
364184894
364358398
364441402
364581395
364595385
364810961
364854470
364871329
364908753
364946978
365000444
365000447
365039612
365058161
365083627
365480607
365513309
365622731
365775179
365870231
365959527
366017632
366137817
366267920
366606674
366776650
366815647
366874177
367150097
367236674
367245135
367269822
367691162
367706168
367981103
368030752
368124209
368271618
368475303
368480849
368507974
368649020
368713338
368722734
368756792
368762515
368795551
368843277
368918664
369155910
369178509
369191449
369299345
369378658
369704470
369770725
369798457
369802787
369823062
370030775
370072725
370349528
370369006
370405213
370489448
370556782
370590047
370660471
370693354
370922201
370988357
371075406
371406501
371791519
371868112
371897439
371929448
372082857
372181012
372224423
372541923
372703370
372880593
372925244
373123919
373173297
373249136
373536713
373585537
373706805
374000887
374105213
374195788
374257226
374265502
374306694
374337258
374362309
374417672
374535991
374552077
374600984
374720070
374732281
374743255
374860630
375118288
375256659
375442412
375520558
375543394
375587849
375744945
375773889
375846938
375862394
376032026
376392085
376471808
376525538
376618146
376890530
377071580
377113824
377214618
377536446
377768495
377877468
377959572
378003059
378042629
378066951
378157264
378305794
378309847
378352174
378367655
378374670
378515528
378823520
378832803
378835908
379043651
379474870
379567026
379583444
379635751
379692703
379799779
379978167
380112779
380137617
380220781
380319317
380534971
380639779
380667872
380668962
380799348
380993607
381093586
381156538
381363564
381487538
381795661
381805934
381865056
382022675
382036808
382360114
382464350
382474401
382486838
382587731
382644674
382776096
383147113
383316387
383558924
383579269
383682316
383854493
383941134
383978534
384239430
384285323
384439190
384943607
385216405
385341250
385386727
385481696
385491402
385541782
385682007
385971823
386294381
386319834
386359655
386424681
386433726
386498967
386638737
386691217
387093103
387297744
387342848
387365421
387376748
387681816
387740410
387842066
388008362
388063909
388296528
388423207
388507876
388723701
388771922
389004979
389133092
389170283
389313977
389504873
389604749
389622899
389638847
389651049
389653766
389884617
390031461
390038801
390173260
390183892
390474172
390559499
390711094
390770921
390943731
390946535
390948200
390991057
391053188
391098723
391148433
391252579
391406251
391424486
391465980
391790772
391796864
391812653
392033178
392136475
392199580
392279483
392335319
392392684
392506831
392931937
392932562
392949226
392962997
392988946
393041912
393153727
393254885
393329088
393489491
393514413
393629680
393719480
393957207
393993255
394108146
394480888
394538532
394940665
394946040
395321148
395349910
395404532
395619696
395876680
396370300
396411911
396509930
396541453
396605012
396662999
396802058
396965086
396983130
397191521
397367812
397541845
397992835
398053670
398094573
398129010
398172578
398262575
398348685
398497324
398754447
398809621
398809829
398944826
398946186
399081561
399118169
399278581
399421088
399484955
399538337
399585984
400042019
400110103
400213527
400228828
400366239
400465129
400485102
400527873
400717209
400732492
400744233
400762572
400791275
400901745
400955647
401047798
401049040
401135022
401307466
401536946
401559726
401621029
401648474
401755822
401764061
401769404
401808022
402038564
402066329
402090453
402168110
402393308
402549471
402557142
402629053
402873005
402946771
402961452
403014714
403147051
403147577
403152299
403280946
403335450
403341771
403465982
403833805
403869793
403948097
404143619
404165559
404241119
404334136
404361622
404379160
404381883
404554264
404925345
405117393
405158289
405401672
405850470
405871446
405889647
406010064
406202915
406219903
406334130
406336286
406461446
406694951
407010310
407107830
407112444
407400417
407483876
407524992
407691139
407701514
407821591
408014195
408465675
408468276
408479487
408538585
408549455
408671287
408953888
409310808
409332312
409352200
409407128
409459820
409475466
409571085
409637368
409778123
409919586
409940861
409943591
409974379
410138114
410160369
410236773
410310889
410333451
410394384
410474771
410692765
410767535
410892690
411062960
411095435
411220462
411427693
411451880
411562206
411568444
411702679
411766231
411900767
411964449
412119914
412132749
412183271
412186824
412237207
412286708
412368093
412400466
412454631
412632034
412753802
412827665
412860005
413278882
413425764
413681611
413729793
413955238
414046224
414200943
414285118
414335294
414438229
414497338
414577815
414962137
415062920
415136971
415175062
415225054
415518017
415534339
415534423
415664894
415679911
415723805
415786863
415799142
415875151
415898421
416025718
416138097
416303298
416440528
416464280
416493793
416534948
416587169
416593374
416712636
416957030
416974660
417077525
417153031
417214918
417286473
417327392
417401325
417497417
417505900
417542012
417772471
417861423
417873670
418172524
418318451
418322645
418332373
418406596
418490514
418562235
418574702
418639534
419003187
419020116
419318610
419327966
419505693
419592060
419747856
419793460
419817172
419885935
419983538
420139468
420208596
420564084
420586648
420669126
420745232
420812888
421187805
421489195
421504211
421552243
421645378
421800740
421810413
421985907
422177164
422306950
422345936
422499049
422570913
422600833
422643468
422651381
422660877
422821814
422882643
422893381
423035970
423060159
423088513
423089405
423154281
423228050
423236531
423273789
423468357
423722678
423755662
423921656
423955483
423999147
424135197
424231226
424240193
424245229
424489296
424574341
424821723
425006063
425265333
425299571
425330443
425647479
425682507
425894822
426148117
426343475
426416466
426434569
426639653
426677376
426744161
426765726
426798633
426804863
426873159
426983571
427035630
427062201
427092315
427131148
427272078
427368392
427447752
427532484
427657205
427768355
427814246
427855699
427878764
428044320
428115686
428196160
428405145
428550307
428584801
428618879
428674319
428743977
428760738
428835613
428842560
428917839
429073682
429114197
429150243
429316200
429480781
429530952
429551207
429555893
429591959
429735020
430082083
430276917
430378004
430444375
430502469
430683728
430712621
430796522
430822656
430873793
431052969
431073833
431080100
431092650
431136360
431175381
431249369
431323312
431505996
431616764
431692428
431766573
431947321
431957146
432053875
432103709
432180198
432255891
432258100
432532883
432596959
432702579
432942152
433066726
433109780
433135086
433168469
433169960
433318221
433438770
433611665
433828995
434092712
434280403
434325251
434394824
434474334
434509008
434756474
434765738
434816607
435049215
435081406
435143772
435309968
435407786
435491555
435493845
435521400
435523555
435560996
435642077
435718079
435722082
435787187
435883684
436125159
436148838
436159484
436293107
436553044
436625982
437257004
437262458
437330942
437358864
437485876
437540091
437707800
437789730
437796302
437824500
437852525
437861537
437909526
438575468
438655534
438782190
439051109
439352723
439437953
439460307
439572713
439651431
439764695
439769202
439844725
439975934
440030730
440047650
440241052
440334649
440535535
440616165
440792861
440871377
441018631
441060041
441237647
441260880
441439278
441690300
441761369
441951915
441993176
442097345
442117453
442170575
442180944
442264808
442334714
442527673
442603986
442638942
442661221
442809536
443034943
443109350
443302872
443502012
443523866
443568715
443666260
444009024
444195276
444269188
444283204
444510442
444529678
444728125
444816822
444818960
444988550
445289951
445301000
445311781
445711346
445738077
445820700
445984652
446024804
446204950
446343013
446346401
446606135
446638071
447019187
447119273
447467423
447643354
447799119
447852356
448039852
448240330
448709443
448830304
448849019
448917208
448925660
449122399
449254035
449387733
449411041
449436786
449447392
449458103
449469523
449479256
449576911
449652312
449696672
449711376
449752231
449797369
449817560
449903225
449952231
450133960
450512338
450525479
450779023
450906156
450918898
450931670
450975921
451059815
451073805
451321996
451347388
451410310
451454000
451461859
451496363
451567368
451695179
451881491
452058934
452178412
452353141
452508813
452522844
452635973
452638717
452899886
452958681
453149673
453155579
453184860
453208826
453287726
453337090
453535749
453635690
453674994
453784277
453824334
453900034
453940618
453963700
453994702
454136020
454343247
454377170
454386237
454482747
454549615
454652435
454673735
454997124
455024090
455254029
455290204
455292869
455368860
455916275
456121878
456258333
456345898
456550056
456566892
456600318
456842694
456849570
456852311
456869243
456892350
456917068
456985357
457027450
457133416
457384028
457411702
457476139
457646983
457723203
457725799
457948215
458150356
458237973
458333626
458380119
458499920
458610942
458614202
458615348
458625120
458738425
458796394
458927566
458972155
459007334
459262751
459375331
459421393
459430323
459456083
459459447
459632486
459665146
459764250
459792179
459798108
459817080
459857621
459905948
459925907
460104118
460141995
460192477
460193673
460251781
460723236
460804713
460987717
461003151
461031028
461391505
461566534
461641299
461727860
461769287
462045798
462257247
462259231
462387106
462400653
462587184
462672079
462675987
462761933
462792608
462966060
463011484
463145405
463183699
463342252
463360142
463457456
463576546
463619316
463646732
463720850
463772415
464090555
464104741
464172747
464355923
464522801
464591573
464676210
464833840
464892011
464937694
464999221
465051076
465131304
465157176
465170236
465287875
465435927
465538974
465554778
465602445
465816038
465936457
465960722
466078646
466116764
466336110
466442090
466826869
466944226
467013301
467041176
467279668
467360748
467399659
467680019
467685426
467696585
467811224
467891854
467910499
468002399
468083522
468266986
468670041
468708269
468712991
468727279
468880177
469167838
469204657
469374776
469396776
469425523
469649843
469847581
470073597
470078140
470152101
470180854
470198930
470208242
470472665
470532564
470748676
470926223
471077002
471125004
471158905
471163095
471377578
471427949
471567782
471609230
471609562
471627743
471863928
472326651
472337982
472448158
472623726
472762010
472773019
473061892
473098260
473428042
473470094
473716760
473878166
473985821
474073575
474127540
474220060
474300809
474677434
474941766
474989185
475100169
475156575
475164377
475247015
475532248
475613100
475638090
475923592
475980950
476090014
476157651
476362715
476410427
476523373
476541004
476567607
476612644
476635487
476664604
476884758
476894670
476950004
477087685
477547938
477665443
477840215
477873469
477904944
478057592
478169650
478219030
478657538
478912854
478915616
479118115
479401892
479484188
479514152
479619609
479728538
479773826
479825760
479952921
479968682
479985187
480008525
480099113
480139442
480459745
480653069
480877741
481326059
481352365
481453856
481725829
481778228
481783343
481783609
481799978
481842594
481848735
481868903
482147672
482183168
482243781
482350953
482389331
482649833
482805452
483067779
483105298
483139716
483258715
483268404
483323450
483551758
483667738
483741865
483896018
484107825
484182675
484229094
484230896
484309996
484362576
484399578
484404589
484545669
484697104
484903770
484954751
485002027
485115160
485169874
485397186
485766313
485893040
486051854
486097865
486100931
486382825
486627474
486644958
486801741
486966442
487074427
487137663
487416906
487473275
487813070
487919667
488277352
488411300
488579560
488584163
488586643
488598491
488655595
488663495
488740355
488753982
488784516
488789327
488959137
488983779
489120487
489134773
489139294
489140533
489184008
489545502
489637476
489702346
489812351
489852247
489928732
490113320
490138904
490139398
490159039
490160628
490167834
490238420
490296356
490316448
490511798
490592645
490662571
490763694
490943869
491211339
491236171
491352566
491446536
491474046
491739921
491740414
491763974
491828404
491866733
491950878
492044536
492070745
492092172
492279737
492302769
492528378
492694455
492719767
492872075
493284894
493289817
493353616
493558397
493743392
493750152
493996268
494128315
494129067
494373953
494643698
494800599
494820671
494830644
494970332
495287781
495625638
495637985
495707971
495839796
495848220
496094452
496110246
496256898
496344872
496468079
496534279
496616331
496691730
496846968
497117604
497124856
497127122
497380745
497433612
497498306
497691049
497692985
497726065
497768153
497803004
497910587
497915550
497992353
498062948
498176378
498227182
498277034
498376137
498656853
498768785
498818148
498861044
498899825
498920439
498931102
499088558
499394037
499444357
499497421
499516608
499558746
499622874
499982431
500064689
500086798
500292840
500448282
500755936
500783346
500861494
500863066
500864922
501039212
501050054
501176414
501213426
501274116
501401948
501471002
501491189
501511472
501864610
501957736
501970774
502108685
502215495
502255099
502278512
502296834
502506454
502587781
502762992
502809850
502867189
502923626
502992064
503285063
503308411
503375891
503659679
503670569
503719894
503745163
503755882
503823715
503910625
504042410
504071384
504077687
504537714
504605352
504743937
504868267
504983183
505033848
505039043
505184589
505186770
505224803
505226862
505268517
505342579
505405692
505482166
505685507
505764621
505770402
505776133
505893002
506076135
506102853
506125355
506183128
506292114
506299481
506615535
506649325
506732767
506745433
506750971
506789446
506846269
506972137
507058011
507372449
507513530
507602414
507637882
507699689
507926693
507947232
507951217
507965907
507996460
508010221
508223501
508402945
508471619
508487098
508582053
508776319
508798430
508934251
508984569
509084234
509106676
509325852
509415041
509451288
509509779
509923679
510056132
510076643
510289363
510314618
510510942
510513774
510686597
510758787
510866335
510926188
511063811
511129907
511208904
511247507
511252077
511279399
511393476
511499969
511592613
511721267
511820520
511910241
512034081
512273686
512344679
512363854
512506595
512714047
512762856
512765698
512820948
512822699
512859669
512983399
512986016
513204980
513253925
513293818
513426042
513918464
514152636
514263558
514272400
514336850
514458228
514546033
514645722
514713276
514806803
514807593
514864821
514867471
514925849
515130569
515295562
515384576
515451593
515486321
515778443
515974820
516134846
516147129
516278394
516321573
516400606
516527960
516568563
516599953
516698677
516769938
516839937
516913962
516939291
517202550
517210447
517276073
517306063
517640021
517645899
517923078
518093732
518166080
518272264
518306641
518323558
518341479
518362343
518404750
518446660
518605575
518708397
519137344
519306961
519310502
519378937
519391286
519437105
519558506
519562475
519572931
519979892
520090888
520144685
520163726
520286732
520332669
520348934
520354664
520461219
520581622
520677544
520851675
521047297
521425985
521475399
521489021
521499471
521599105
521678847
521817266
521835842
522051144
522093620
522095248
522165313
522179422
522307488
522468708
522506257
522608078
522737693
523083305
523139818
523238711
523329656
523395604
523397085
523397545
523494749
523580682
523833035
523937456
523991766
524155652
524198815
524397644
524403172
524708841
524729495
524838323
524847554
525195614
525307681
525409353
525541705
525555446
525659242
525694686
525741258
525815512
525851968
525907087
526079495
526285993
526358571
526393084
526400338
526519682
526670447
526759061
526891829
527089720
527123479
527310084
527332873
527349414
527394263
527440926
527452296
527498316
527563852
527567493
527714537
527768835
527934845
528013932
528375711
528406029
528536332
528602383
528693009
528693997
528762333
528771144
528773214
528945907
529007521
529246719
529291663
529309619
529492319
529763352
530038125
530093950
530106587
530196427
530224651
530315043
530685983
530730084
530756113
530803496
530930351
530963459
530995414
531106977
531341813
531427027
531858457
531879775
531946173
532049285
532268487
532389523
532539484
532710246
532790086
532797435
532908471
533180509
533347737
533351230
533432149
533432973
533574193
533608539
533679305
533800314
533863520
533961473
534280298
534347387
534479861
534995784
535012033
535205479
535229101
535344022
535475765
535493486
535571032
535684529
535694821
535706149
535927218
535943483
535992290
536084117
536130961
536532195
536564899
536567944
536870364
536875796
536885911
537104308
537291646
537536128
537843222
537989211
537993278
538034030
538119645
538145925
538180298
538196183
538209272
538246974
538302546
538433663
538511363
538612616
538622578
538689376
538875852
538936766
538987473
539037240
539081288
539214608
539311864
539411136
539482795
539511570
539656513
539709501
539756097
539813895
540014635
540071408
540092788
540127660
540411308
540492137
540495139
540565206
540633306
540694698
540919984
541074462
541290549
541379840
541413300
541612586
541698613
541996497
542111278
542123005
542291596
542342845
542354270
542559356
542560286
542653635
542894774
543009823
543085622
543113287
543261912
543312245
543343565
543429385
543520313
543557414
543571465
543639292
543669855
543757040
543777269
543920137
543930908
544018998
544099983
544224953
544346482
544485387
544688357
544734869
544823503
544871650
544916022
545218522
545284056
545401939
545530772
545552325
545576109
545782886
545926799
546003959
546427240
546533166
546659885
546702660
546731909
547068083
547103514
547192442
547367849
547383151
547443145
547734913
547744648
547773840
548004122
548077080
548307883
548347792
548386317
548464263
548508363
548817002
548879611
548960008
549073941
549127623
549290551
549293382
549365950
549438106
549750140
549923782
549957255
550094595
550160589
550316464
550623755
550643443
550654693
550807623
550890671
551029403
551060541
551085196
551245299
551317475
551570702
551632510
551654290
551769754
551798666
551912269
551954958
552104839
552116745
552134449
552203824
552244242
552254160
552294572
552343248
552509544
552530450
552584362
552628318
552832450
552903094
552923774
552995078
552995147
553019832
553105486
553127171
553389400
553422453
553925657
553993337
554122161
554247385
554444011
554529140
554613885
554660115
554679425
554805529
554837735
554883551
554908030
555117934
555161930
555547936
555740480
555785683
555796486
555987104
556034674
556127211
556295147
556329195
556384667
556395822
556483649
556497346
556501653
556507562
556521186
556557675
556558521
556642042
556674613
556751190
556815817
556867413
556933350
556965625
556974147
557022310
557096775
557097132
557169746
557267166
557401418
557533984
557647078
557811850
557855937
557861880
558018058
558216833
558260416
558266660
558312098
558326354
558418188
558501191
558698290
558709461
558873044
558921749
558982511
558998410
559059338
559118300
559273234
559361854
559444296
559487013
559637438
559668616
559670114
559755857
559965310
559976933
559991408
559997717
560013841
560398559
560444076
560467442
560481874
560567584
560793474
560831004
560842219
561021770
561305045
561414195
561501093
561502318
561626929
561740974
562012582
562075538
562124232
562195709
562309033
562343750
562421585
562427534
562436590
562494741
562550979
562691621
562733061
562783907
562824533
562859290
562872968
562911498
562997902
563178259
563292219
563300179
563421185
563538486
563661573
563884259
563893633
564114553
564206322
564240981
564297735
564417739
564476434
564478562
564479971
564714733
564771873
564775867
564948140
565060749
565164759
565407413
565435463
565458334
565558966
565566015
565629996
565699761
565721378
565846721
565851240
566080760
566184181
566330813
566392765
566511097
566608594
566660181
566762289
566827370
566852468
567067088
567091968
567138172
567298440
567411407
567463982
567508506
567539194
567581666
567598669
567709379
567744383
567819674
567825108
567906545
568073024
568201354
568214255
568268884
568273508
568337057
568350309
568401666
568599883
568629600
568740316
568855817
568907911
569148719
569189518
569251269
569256891
569618600
569834263
569836991
570077831
570118084
570125741
570311147
570355540
570476434
570529264
570537671
570625867
570693775
570738620
570750806
570754167
570804192
570901838
571047298
571460564
571561212
571733651
571860624
571877202
572010318
572022879
572033037
572157711
572252804
572273916
572307181
572409615
572493243
572613451
572781978
572817220
572919240
573169030
573264680
573354547
573408948
573467216
573544205
573568260
573663143
573687698
573704756
573767792
573850804
574069334
574112313
574122291
574179934
574223599
574408709
574686558
574837943
574851099
574979480
574988296
575284226
575312182
575471214
575477754
575491340
575713238
575773346
575965473
576074869
576152381
576257740
576320216
576369484
576449182
576512432
576618959
576632030
576857356
576957007
576970872
577073893
577116496
577346728
577349124
577591475
577610499
577645291
577688763
577782921
578067709
578379735
578424389
578558124
578822638
578869655
578889367
578922129
579073323
579239845
579430224
579469054
579503863
579717989
579779971
580002533
580004536
580049350
580049367
580119653
580384150
580493282
580557064
580811659
580814814
580820835
580882550
580986093
581062140
581063927
581127493
581132868
581271354
581290735
581472769
581538767
581566447
581643811
581664693
581674943
581699254
581738332
581932201
581956333
582286882
582325553
582327187
582476819
582582898
582615044
582743313
582834346
582880120
582895345
582937974
582957140
583049804
583169157
583251809
583293352
583484494
583535322
583726772
583931747
584039863
584060160
584202972
584305732
584368711
584478127
584513524
584780015
584797733
584844115
584969392
585021459
585040497
585123296
585148195
585170721
585193176
585342668
585383302
585560852
585573720
585675136
585757850
585783177
585864475
585924358
585995491
586075804
586188023
586459328
586508971
586634844
586781958
586806286
586821722
586993962
587037962
587178832
587182508
587305376
587347481
587434933
587580996
587628610
587794605
587867417
587879335
587890344
587990923
588386874
588391313
588442967
588455220
588465629
588599432
588686592
588794730
588864892
588886044
589281255
589292418
589752331
589851807
589866664
589997171
590001278
590233337
590290325
590336406
590481849
590572452
590615672
590708489
590736448
590955341
590980055
591033737
591535522
591746802
591799422
591865623
592025567
592170702
592196987
592285851
592354522
592488528
592577212
592865853
592879400
593293953
593326750
593446056
593474724
593546640
593551901
593620255
594043368
594156757
594276680
594391368
594674568
594764908
594856802
594863954
594876169
595043265
595149020
595306684
595404490
595550244
595580335
595692631
595767114
595933205
596119844
596130590
596412526
596439314
596493868
596531406
596607262
596704899
596745301
596773594
596979187
597098678
597105401
597117307
597209454
597307917
597310491
597519429
597599076
597700071
597757338
597819425
597882971
597936674
597962229
597982106
597982123
598034541
598038504
598055329
598112035
598121915
598280555
598289122
598478794
598524397
598681984
598698627
598733023
599212069
599274368
599369832
599534141
599536254
599613822
599676448
599795768
599825133
599844123
599844287
599919586
600026058
600078174
600178664
600216567
600250078
600347423
600428369
600497514
600731924
600829376
600907984
601324698
601579889
601667839
601692433
601743893
601773299
601915315
601992662
602063041
602136220
602137262
602340459
602409341
602409760
602700760
602727063
602885374
602923395
602985378
603108223
603418465
603431123
603521530
603602041
603631358
603728668
603748689
603824367
603831844
604117288
604358676
604534175
604652061
604761884
604964880
605026345
605072322
605266593
605288249
605330711
605387150
605502609
605869698
606009896
606086729
606105491
606827819
607017673
607120692
607332940
607333382
607341140
607384680
607478550
607532456
607682125
607793937
607919490
607946715
607947520
608128543
608393791
608573182
608593772
608613326
608626426
608654642
608669359
608712445
608840673
609069839
609361068
609381595
609403899
609513828
609550678
609576470
609669045
609719132
609763466
609784703
609870152
610021579
610043557
610219628
610668239
610889990
610925098
611076774
611195800
611361858
611416596
611496776
611559412
611592015
611776748
611833564
611858077
611861398
611935937
611965490
612007945
612036165
612183926
612261325
612832156
612880699
612991907
613066356
613120723
613172115
613357377
613669743
613697172
613996016
613997553
614256075
614315321
614400585
614418217
614444902
614530222
614605269
614687152
614783980
614888021
614984668
614999910
615000675
615055429
615084537
615193184
615233168
615269918
615512694
615529791
615543993
615735995
615817379
615828266
615929216
615943618
616103176
616175361
616397646
616484342
616568808
616579277
616592070
616905938
616999925
617013742
617035850
617084033
617207481
617253450
617283927
617465561
617850543
617961623
618378525
618494302
618569376
618741457
618807445
619098620
619193399
619260643
619438293
619520918
619525200
619553881
619592980
619652971
619697418
620162057
620230112
620497089
620765878
620811059
620853686
620894835
621004849
621042750
621043622
621142025
621161635
621292151
621435480
621497263
621520497
621646146
621658729
621752183
621790774
621828306
621837988
621858484
622053055
622136178
622263625
622297091
622409389
622426263
622620523
622771453
622826740
622847532
622874319
622913434
622979569
623046036
623249535
623288785
623375125
623404082
623589369
623622740
623742312
623793938
623806867
623881732
624177344
624215475
624588087
624922572
624981864
624983471
625058623
625168020
625446023
625538985
625661475
625808693
625845998
625871535
625926230
626123902
626174898
626276982
626641279
626734859
626928774
627165076
627202485
627289592
627327519
627419452
627503182
627530645
627615469
627629769
627643500
627723960
627739557
627926612
628070519
628330529
628469114
628479416
628598841
628950306
628952285
629213074
629286385
629369050
629616730
629648257
629659254
629766548
629833345
629869704
629940224
630199587
630424833
630450728
630674423
630683347
630855696
630949344
631033889
631069465
631251552
631373611
631549909
631809856
631916671
631956505
632001241
632111359
632145184
632229662
632252833
632268109
632391812
632640484
632662621
632666722
632699570
632792355
632882283
632899287
632919710
633310088
633397942
633470167
633565308
633663029
633707842
633787931
633819119
633846918
633863537
634091700
634096527
634233365
634254777
634545283
634594634
634643609
634653427
634784719
634922887
634932710
635075462
635081636
635118964
635213797
635325851
635359274
635396233
635402030
635473913
635542793
635557858
635624544
635784828
636182456
636342844
636456554
636469457
636870731
636973474
637068617
637207836
637392980
637613485
637765448
637828846
637974768
637983498
638187122
638218745
638353714
638372444
638381670
638391729
638404030
638495169
638659815
638739031
638849469
638904502
639040326
639064030
639105425
639165120
639310663
639350247
639750394
639804604
639868010
639908117
639928311
639944935
640065559
640129382
640251934
640270300
640329611
640357906
640362590
640374966
640466370
640510467
640683489
640768965
640879908
640885833
641072777
641117116
641122978
641178427
641195066
641268563
641383164
641396148
641399180
641477355
641510424
641587051
641600576
641615109
641633560
641681356
641711467
641938780
642102524
642650789
643181821
643206498
643271010
643287802
643369502
643560754
643943495
644017107
644025254
644055951
644251154
644392008
644433616
644507187
644664312
644743176
644769508
644782749
644912558
645092247
645096365
645236780
645313107
645452437
645496497
645521480
645585990
645637683
645679886
645783963
645950530
646659633
646663858
646720535
646844185
647169614
647247756
647382979
647529471
647548196
647551963
647672978
647685097
647688857
647781082
647838289
647879788
647896401
647980271
648013618
648038529
648062114
648147880
648372288
648383308
648420199
648431904
648489357
648578599
648593718
648721375
648802201
648860034
649018994
649043179
649632892
649663070
649693938
649725859
649744476
649851084
650075899
650186210
650320222
650322146
650323981
650464966
650575752
650618106
651294798
651306730
651318144
651382321
651519409
651745910
651867696
652036993
652154651
652333039
652378856
652415887
652523734
652682750
652734231
652823684
652982338
652984906
653154127
653243283
653410849
653558209
653621462
653680698
653751894
653952182
654039236
654118372
654464700
654748316
654857639
654937292
655054511
655080270
655168061
655325641
655369468
655508422
655611225
655630015
655952907
655961151
655968672
656020882
656045013
656109468
656204144
656226937
656273802
656326856
656463648
656567532
656583430
656630911
656998698
657031661
657322144
657472375
657703188
657793118
657944250
658015356
658166464
658176609
658200478
658204271
658247677
658398467
658499755
658671067
658741243
658841003
658889801
658939030
659340115
659544769
659661702
659686534
659773755
659894393
660004236
660020862
660027295
660146996
660412112
660488474
660518580
660540875
660637709
660737829
660746751
660773314
660777671
660912432
661059702
661063644
661440473
661453137
661466735
661812039
662055945
662641837
662664978
662673138
662805122
662837419
662860388
662897499
662961659
662972104
663248388
663270460
663310345
663440414
663513824
663849690
663898863
663951645
664193835
664285409
664427041
664641113
664667696
664678553
664903859
664991758
665159961
665444396
665552259
665558516
665668356
665707151
665790568
665820018
665857896
665860264
665888210
665949204
665964001
666224882
666354263
666517224
666595880
666621162
666650823
666746496
666951678
667030880
667147122
667229093
667283207
667329418
667365895
667629881
667724624
667731176
667833172
667854785
668083133
668187878
668325688
668353979
668398371
668501358
668547159
668578008
668664334
668674935
668782772
668797961
668850903
668950082
669000505
669060918
669115337
669127482
669241386
669256412
669437692
669446170
669504094
669523833
669823010
669824469
669842383
669870700
670368534
670468906
670559983
670692786
670696303
670719000
671148602
671161504
671246451
671272073
671306972
671333023
671353208
671454263
671588152
671588752
671607595
671805929
671904748
671995996
672028696
672153721
672175165
672432317
672456369
672554104
672595278
672637801
672641891
672662246
672814192
673040250
673180692
673188180
673485526
673492364
673547053
673628080
673680304
673688148
673765953
673812692
673831211
674002589
674177870
674211663
674213491
674449662
674463213
674568841
674633556
674675855
674699943
674783961
674899650
674914119
674972992
675042959
675240878
675258226
675303593
675337164
675456166
675721276
675737327
676045303
676360131
676490204
676519985
676764896
676799397
676976214
677297230
677391740
677700096
677821849
678136759
678333309
678343036
678558707
678721238
678825400
679198166
679262937
679355779
679389527
679464142
679467860
679632308
679651487
679678683
679757073
679810517
679859762
679860357
680058689
680300875
680333076
680353028
680702338
680920776
680949843
680973845
680983444
681074086
681355179
681363077
681544985
681649821
681653536
681657155
681686994
681728497
681797751
681880951
681933614
681972917
682019904
682111523
682161925
682227881
682280093
682386885
682464623
682521857
682700002
682749206
682774981
682780941
682800733
682950693
683130194
683433900
683599180
683647536
683684838
683712709
683735762
683781558
683808873
683847284
683864927
683982784
684017940
684093233
684180109
684385972
684400639
684990122
685161858
685196854
685823789
685865367
685951047
686054744
686058253
686254645
686386254
686400141
686459813
686537786
686934112
686951464
686960520
687005751
687150499
687199816
687357073
687542556
687598826
687901137
687975220
688161657
688397250
688417074
688550188
689020098
689139985
689210584
689358402
689362957
689377028
689464198
689489077
689515945
689851632
689872509
690022773
690069529
690092425
690136846
690235106
690369894
690439608
690695719
690757862
690864229
690873846
690991414
691140249
691144772
691157369
691203901
691456410
691493233
691529734
691555336
691626089
691694922
692079423
692131907
692541663
692674490
692988218
693325931
693370142
693393496
693460545
693679729
693726676
693796767
693824442
694060209
694079495
694159585
694171578
694204807
694696569
694705226
694753640
694917101
695069958
695203288
695372343
695448822
695506435
695801009
695827318
695969960
696170825
696213573
696263790
696292996
696451227
696469014
696589078
696783446
696856871
697096345
697154378
697192580
697331007
697414797
697533652
697568762
697629702
697970522
698096038
698097458
698133252
698151650
698223019
698338213
698470359
698541977
698658905
698707459
698708761
698749912
698990965
699138816
699161504
699241391
699275923
699381247
699456252
699530730
699580610
699587603
699798444
699997254
700025412
700047064
700291431
700527011
700606684
700813974
700994896
701068947
701080092
701129205
701268348
701284797
701443251
701498501
701545358
701581004
701610499
701654467
701873537
702072827
702194079
702225857
702323779
702483922
702626000
702643381
702832407
702838182
703077579
703304290
703347444
703399453
703415001
703462280
703640911
703793289
703851554
703961102
704064242
704119968
704195928
704231842
704303202
704367658
704515981
704799954
704933673
704970622
705204999
705427135
705432423
705572269
705707291
705825376
705958302
705998772
706073857
706127615
706240168
706302197
706371160
706482139
706682859
706894355
706962100
706966991
707199840
707236782
707316189
707344801
707405104
707411912
707430452
707533706
707553765
707607008
707676137
707685715
707799276
707881071
708136796
708323387
708449861
708650917
708744800
708847612
708982001
709034010
709052544
709071245
709153331
709158802
709277066
709417869
709543774
709613917
709858749
710194309
710383263
710677228
711017091
711046344
711066600
711177364
711239628
711296596
711322196
711455256
711831821
711982605
712199774
712210246
712401992
712480856
712593731
712757288
712844445
712883457
712998329
713493816
713624453
713736052
713772262
713911445
713930791
713994240
714385709
714447664
714827773
714861857
715038758
715380925
715387252
715399016
715450415
715469744
715551811
715646009
715675139
715737518
715872789
715973750
716009294
716242964
716462251
716492466
716580652
716750302
716755649
716871601
716934424
716975867
717013825
717053934
717065449
717140909
717231365
717361060
717429330
717467677
717586679
717748845
717790515
717801911
717886427
718081101
718149525
718186661
718259732
718343362
718423410
718453911
718494758
718590468
718733592
719080343
719248008
719314314
719350087
719387888
719406612
719808535
719878590
720051150
720223341
720557471
720772269
720775858
720864215
721053771
721111512
721116324
721129141
721200826
721281982
721369115
721561056
721628590
721660849
721958345
721961748
721978763
722151209
722158944
722263046
722263151
722286112
722494045
722499915
722552430
722786313
722849579
722858530
722896744
722947921
723189779
723241269
723608374
723967276
724228649
724249241
724368560
724372029
724376033
724389049
724397669
724474631
724554522
724666050
724668799
724766314
724840329
724894204
724906651
725149260
725417161
725530154
725706430
725712795
725742354
725910703
725942846
726078239
726105082
726155130
726155499
726160144
726170352
726325154
726366947
726481905
726509994
726513313
726610645
726611886
726662187
726796310
726830418
726914354
727100778
727120934
727189135
727199678
727241963
727324535
727442176
727547092
727582973
727596811
727607591
727698388
727711554
727729895
727892847
728046167
728095576
728326665
728467403
728536913
728576945
728589962
728779216
728789036
728918211
729274592
729325652
729350993
729473270
729504191
729517501
729549286
729621445
729933186
730026761
730061888
730098518
730661840
730912341
731049665
731231609
731594432
731599094
731641033
731699721
731708506
731747520
731795162
731941405
731944755
731955433
732133318
732143264
732227751
732298400
732299343
732436379
732717868
732741235
732877220
732879053
732940023
732940089
732993164
733007420
733111413
733117387
733203060
733327171
733394270
733582918
733590250
733648746
733721212
733748638
733867132
733870596
734041893
734197897
734293703
734458397
734604418
734625103
734638204
734645527
734933545
735023154
735274492
735360119
735447417
735690132
735743210
735785667
735825374
736042257
736184197
736255647
736301058
736368310
736415461
736491311
736559100
736570666
736627927
736721891
736819432
737378909
737417867
737512732
737604775
737687984
737757128
737794034
737892805
737972963
738043473
738188931
738205864
738233709
738310933
738390647
738426654
738523492
738539548
738577370
738657015
738689597
738832655
738992419
739024922
739085775
739189780
739218607
739350556
739419200
739438021
739508435
739525620
739582461
739775129
739783599
739882345
739906277
739919582
740017616
740079066
740332106
740619070
740644252
740845803
740892792
740913997
740934947
741158561
741414366
741500277
741608432
741614804
741689571
741812862
741988690
742010842
742305016
742369793
742376217
742614930
742627884
742670756
742701193
742920387
742978025
743127752
743148857
743193708
743288517
743344888
743638178
743672037
743735622
743755483
743933626
743982944
744046867
744182205
744312323
744412794
744469446
744486501
744686313
744743588
744762755
744915152
744931905
745026992
745046590
745167093
745321338
745421586
745558019
745792131
745935812
745938033
745959668
745979031
745994791
746000969
746018324
746075930
746175251
746262404
746289408
746293416
746432057
746470410
746637920
746974265
747265312
747299902
747312827
747316477
747449290
747449309
747546522
747575687
747614239
747859887
747878129
747923278
747990353
748437706
748455981
748470184
748593558
748618032
748681874
748748045
748933848
748953112
749018302
749101885
749110702
749132483
749450267
749609457
749786626
749882823
749942305
749970380
750148882
750211597
750562495
750740883
750744341
750887208
750905781
751049843
751099348
751153887
751227737
751382403
751473493
751522324
751524789
751598488
751654075
751833486
751928909
751952749
752126512
752523781
752632242
752767278
752843667
752951161
753298807
753549386
753551184
753613953
753619298
753657587
753790006
753840717
753959080
754088096
754230967
754245611
754294205
754495062
754584150
754680491
754755064
754787187
754884445
755035048
755430571
755436292
755503111
755603725
755698080
755929129
755941165
755977964
756068410
756132683
756159944
756208968
756211047
756430702
756574716
756777750
756798664
756824096
756844630
756912320
757115617
757168610
757187946
757292034
757334399
757415058
757812343
757916527
757928874
757933160
757946678
758087888
758389144
758401455
758447095
758755883
758785983
758795092
759039843
759224130
759254341
759271187
759578966
759832710
759865462
759890103
759924917
759998971
760027111
760039562
760191771
760237768
760258606
760572355
760747266
760835410
760874836
760960594
761000250
761077718
761165288
761211413
761216741
761285222
761316130
761351115
761409175
761548622
761562780
761759572
762161209
762361665
762373406
762387467
762493230
762737817
762738967
762774743
762789495
762927425
762950974
763174117
763337970
763543437
763607758
763674375
763704006
763717984
764146554
764246690
764252911
764433291
764581808
764651622
764678228
764736258
764780702
764789409
764790794
764794262
765023448
765107067
765121205
765178497
765308027
765328896
765379799
765622236
765632471
765773545
765787428
765871551
765931770
765934714
766150431
766317725
766443172
766601727
766768061
766867759
766955661
767046871
767139382
767151770
767200295
767289114
767311850
767503088
767595916
767642226
767722908
767835684
768145560
768513086
768573250
768593402
768603958
768776980
768899185
769050866
769067359
769088550
769168397
769210119
769374111
769419335
769491683
769732409
769776418
769782262
769833664
769978039
769979807
770121454
770182540
770245936
770258265
770544477
770574357
770662532
770666820
770743781
770753081
770849600
770895608
770914858
770952966
771116922
771160920
771449428
771489164
771609634
771833173
771918060
771923550
771993931
772035648
772099019
772251543
772302591
772302867
772315930
772341192
772382330
772566320
772566545
772614562
772634226
772724293
772742152
772778352
772956046
773277556
773332302
773410302
773486249
773523498
773757979
773891915
773985967
774044106
774122099
774186175
774384703
774466235
774490012
774533464
774595499
774784638
775004455
775129887
775215834
775394368
775497723
775550026
775587751
775592864
775690659
775795884
775797704
775868691
776107663
776138667
776236202
776492551
776545058
776630490
776720533
776828070
776967792
777132743
777133131
777164935
777458221
777595616
778041411
778045728
778133201
778243475
778442780
778462736
778504039
778585376
778613874
778628699
778645023
778710470
778735184
778766831
778818948
778862654
779326534
779487762
779673938
779790886
779986194
780333613
780461535
780739183
780781062
780993360
781092839
781121623
781258684
781269223
781312179
781555899
781847956
782092910
782268191
782341249
782356072
782397819
782423746
782487342
782688741
782710947
782715887
782922732
783013497
783099134
783101739
783217453
783317006
783342734
783435309
783487872
783617466
783685669
783825681
783869324
783877243
783889745
783924669
783971067
784078057
784234550
784304835
784387372
784469045
784678185
785033322
785068351
785069456
785079334
785100714
785268952
785432551
785461294
785480330
785674320
785686326
785945523
785956574
786049611
786108710
786136667
786264902
786279679
786677010
786763404
786773361
786948767
786997258
787145921
787554557
787702403
787731135
788103148
788245485
788246828
788477105
788506945
788539536
788593983
788904255
788984836
789098346
789575657
789593124
789709264
789772195
789777286
789945153
790047970
790268748
790297750
790354865
790466080
790468491
790767169
790824913
790972049
791150582
791180790
791346113
791409288
791484284
791562358
791661139
791842628
791881283
791970594
792038759
792099685
792171644
792205984
792236044
792393701
792583273
792648235
792746099
792754282
792863037
792907249
792941638
793009156
793064696
793219875
793287191
793319531
793418416
793423604
793490166
793844996
793886112
793912302
794039557
794042808
794054472
794252545
794418712
794659680
794703341
794740964
794845661
794848961
794888771
794920626
795093698
795109191
795133055
795134383
795143485
795166172
795215222
795273780
795316701
795316906
795323320
795522084
795644329
795744748
795915224
796005861
796009735
796056464
796138097
796189623
796212493
796226465
796462936
796571532
796726708
796971139
797001304
797033589
797048204
797399920
797463396
797646581
797665865
797668379
797839679
797898345
798057190
798067715
798287994
798532681
798724250
798785210
798815026
798818397
798858260
799114596
799261458
799321119
799429202
799689710
799983442
800011905
800269872
800305024
800363905
800520992
800607143
800795844
800935072
801130605
801277070
801316547
801437044
801678651
801735763
801955493
802004013
802005206
802093352
802321191
802468510
802497200
802615844
802650751
802676232
802695715
802805579
802915401
802947715
802995634
803167579
803295813
803474423
803522692
803608764
803612523
803711559
803882483
803922312
803988675
804030864
804069332
804105751
804129587
804265951
804468748
804471781
804479823
804483969
804489852
804589644
804662554
804672317
804797095
804802097
804962683
804974611
805096766
805222533
805249340
805434700
805484560
805597308
805781442
805994946
806012680
806250810
806460143
806492864
806721893
806727493
807117497
807193328
807204324
807257221
807289992
807311579
807388924
807401271
807577941
807676588
807791250
807834796
807853839
807873860
807883303
807999057
808015767
808055623
808153822
808196418
808312776
808361247
808532187
808606690
808668220
808721822
808777535
808813637
809111781
809408076
809487692
809603022
809615059
809672131
809678453
809709897
809728166
809743074
809860894
810140086
810299806
810539482
810754921
810920473
811025747
811025778
811158821
811178851
811240499
811270414
811432879
811577876
811587091
811634849
811697938
811897589
811943443
812068206
812144033
812176015
812363925
812418039
812522203
812550675
812578252
812718574
812774310
812831966
812868126
812877379
812911813
812944353
813148057
813299771
813313629
813319083
813370078
813465929
813572732
813630431
813691732
813758241
813864924
813965528
813993297
814043387
814312501
814322142
814326081
814414412
814719768
815272477
815629394
815698155
815716067
815912121
815935613
816029474
816137771
816142665
816276503
816377453
816413937
816672959
816731701
816794741
816817168
816973208
816976119
817058581
817060368
817290637
817500822
817503038
817540173
817563940
817570818
817678163
817726360
817751187
817850225
817937444
817988931
818028281
818077514
818123853
818228953
818380876
818429352
818526876
818566656
818891229
819081469
819101074
819104832
819133940
819488709
819611783
819635032
819811116
819813839
819901723
819936427
820117644
820268313
820297894
820333618
820454139
820506046
820684109
820991074
821055829
821130364
821140498
821191043
821203278
821282150
821455407
821559676
821596503
821653657
821693691
821747809
821819747
821835235
822060291
822098066
822222927
822337042
822745279
822767194
822928224
822946404
822988647
823122430
823255798
823636712
823727394
823765819
824125603
824170133
824238250
824292531
824349649
824451827
824470659
824763697
824850295
824954854
824979270
825065121
825085257
825133609
825267927
825280457
825296264
825410922
825411162
825437133
825486577
825503377
825513936
825571649
825580056
825632840
825689080
825728188
825743754
825900107
826063060
826192021
826340333
826358175
826368591
826596488
826673253
826826437
826851209
826974566
827009080
827204854
827464586
827816860
827955510
828014456
828227165
828448228
828945111
829127473
829243939
829298863
829429421
829458144
829494565
829633453
829758840
829851390
829862042
829919379
829954874
830017708
830118104
830548373
830549131
830642996
830669441
830709771
830719430
830831300
830922887
831095180
831208146
831262268
831412207
831433406
831642542
831830889
831889712
831955692
832180114
832200776
832213845
832636161
832934119
833074537
833120254
833134498
833247801
833266397
833320054
833411868
833413361
833566899
833612105
833635193
833864831
833944422
834093671
834201487
834233689
834335773
834347559
834697183
834736432
834766030
835079661
835095984
835143489
835155168
835258892
835378125
835529937
835618970
836135505
836145367
836238295
836247859
836314445
836504006
836739338
836740222
836993572
837020411
837026905
837077445
837092875
837160729
837453824
837591047
837635961
837652778
837883031
837915486
838131584
838347882
838641941
838684099
838851717
838861892
838948905
839143812
839193602
839386002
839468495
839619914
839631059
839937940
839977324
840176455
840273888
840286508
840541246
840562196
840607585
840860642
840984012
841306344
841402343
841422930
841472845
841553456
841606812
841624680
841628526
841637065
841904873
841976053
842016699
842061213
842463031
842649235
842659170
842753450
842885949
843050205
843057672
843083217
843183695
843203700
843246008
843308427
843453956
843475090
843640980
843674968
843947434
843957657
844156922
844195104
844287435
844427532
844457370
844547882
844575969
844632481
844648076
844815023
844983345
845087130
845109105
845117177
845186063
845200608
845204247
845227580
845329980
845362774
845518664
845525922
845653216
845675706
845721294
845745877
845864526
845881569
845958068
846010960
846077000
846549004
846577927
846579287
846802369
846881627
846919098
847016858
847074990
847195100
847250027
847278798
847283060
847519422
847681423
847762559
847770686
847783630
847794913
847839934
847873342
847909391
847953019
848045658
848118472
848323294
848449813
848616805
848654359
848669217
848803100
849122274
849465670
849565457
849668646
849782914
849798082
849816853
849969152
850030396
850127728
850277635
850504867
851002362
851150562
851255192
851339364
851341306
851497110
851844256
851917703
852003094
852005754
852027644
852161714
852345142
852356067
852383960
852480386
852691284
852708308
853223736
853293229
853454942
853480945
853755954
853840919
854150213
854307257
854568668
854785084
854803578
854833893
854918596
855192997
855209015
855250936
855415571
855635918
855666676
855687047
856016638
856860737
856997278
857012832
857108158
857350077
857373931
857476896
857517214
857671933
857824952
857950213
858072346
858107389
858107518
858259163
858516798
858590205
858648447
858678447
858728133
858871042
858876176
859047422
859071852
859553289
859571205
859589300
859786183
859801729
859893828
859899608
859947068
859950256
860024804
860069041
860168464
860173901
860269223
860435990
860451397
860458538
860516892
860620171
860643256
860649237
860803408
860819980
860850147
860855165
860856371
861036523
861243027
861249428
861294007
861297223
861517794
861521856
861591527
861871295
862417031
862477111
862513503
862632844
862805538
862856064
863021043
863080913
863170775
863210024
863417016
863452590
863516184
863592101
863726183
863856407
863996376
864082242
864198247
864230040
864257796
864377575
864611656
864653129
864733080
864992349
865013918
865133865
865207914
865329563
865514032
865718221
865753404
865808613
865820999
865929632
865973505
866232680
866267139
866296055
866705909
866797369
867035432
867100362
867217007
867250396
867312442
867438685
867543406
867560540
867689414
867867336
867973685
867988042
868054013
868168433
868195405
868384449
868567717
868571455
868597002
868665767
868732304
868947035
868998789
869130631
869133467
869257355
869522029
869678553
869772820
869780294
869791343
870116756
870229626
870271062
870293317
870403622
870481299
870548829
870697296
870980736
871004876
871031058
871038257
871383045
871925876
871945700
871955061
871983274
872018869
872026191
872090321
872100458
872140209
872143791
872307106
872371179
872375007
872712381
872808660
872825886
873198697
873249083
873778958
873802098
873955386
874054748
874066406
874078050
874125417
874352274
874353347
874359408
874503680
874595031
874646559
874822779
874852302
875256335
875262329
875262443
875771241
875774822
876073506
876193550
876196331
876234734
876307250
876316513
876411492
876638804
876791747
876800672
876805788
876976544
877112202
877195281
877283822
877601703
877745660
877779467
877812443
877816080
877896859
877926194
878102081
878105935
878110634
878131101
878154870
878253344
878253955
878299763
878474377
878513537
878523886
878721428
878820570
879015562
879056455
879146603
879239012
879319699
879359570
879415467
879440561
879785393
879796715
879869291
879905655
880223427
880281138
880432031
880433944
880484631
880557471
880632773
880645397
880661100
880828831
880845918
881002750
881054643
881173557
881326224
881376153
881398212
881507653
881630350
881727572
881904981
881943859
882195925
882199165
882568011
882626702
882721571
882760817
882849002
882866274
882887101
883013157
883018089
883035300
883266428
883274607
883317253
883384370
883539016
883547877
883611861
884043058
884151908
884478792
884735106
884767950
885394205
885460052
885500001
885566699
885793221
885865300
885916104
885937849
886134663
886160181
886174447
886453167
886529582
886562538
886607837
886852565
886911463
887184028
887190793
887489548
887510521
887663631
887730956
887868966
887880605
887991290
888074647
888223135
888563467
888586236
888781336
888853933
888906394
888948168
889071175
889091402
889158756
889179025
889206073
889487127
889622093
889669276
890042012
890115208
890547828
890742886
890753469
890787419
890858576
890912327
891187271
891211643
891336272
891364848
891429568
891460199
891636872
891818060
891880004
891888281
891922593
892018362
892126445
892202103
892440599
892444125
892565660
892568610
892591491
892748261
892979176
893067645
893095251
893243389
893421366
893632892
893659568
893785307
894088444
894099727
894146574
894194651
894325950
894422483
894432265
894436790
894559231
894629919
894762232
895090538
895195920
895310063
895358617
895395149
895476560
895634075
895853347
896111821
896146293
896186296
896225448
896419116
896425674
896494921
896510211
896524857
896848907
896880250
896883375
896896162
896968398
896986142
897013891
897156458
897170269
897315854
897391115
897414321
897502392
897976715
898204321
898232595
898349843
898411002
898589724
898796003
898969114
899009930
899365638
899524808
899552296
899639778
899673600
899749498
899776729
899817596
899867771
899931624
900102087
900172554
900371791
900591926
900652027
900721989
900771514
900937249
900942673
901185383
901345387
901463120
901676979
901716844
901775199
901854955
901921321
901941974
902143265
902242365
902463753
902488492
902610176
902745632
902834794
902845324
902921725
902986758
903004090
903065157
903179131
903240097
903348076
903366605
903379024
903398934
903483334
903496390
903524837
903537449
903642060
903832155
903882888
903911195
903917066
904023635
904023960
904214343
904238951
904265641
904360008
904527211
904562082
904583576
904950276
905022168
905045193
905106657
905236349
905298941
905323513
905472805
905755404
905815719
905851127
905852840
905907277
905933976
905984114
906020299
906176523
906246471
906283610
906326153
906339073
906399314
906509162
906541753
906762293
906777088
907275675
907560395
907620309
907774628
907785144
907922807
907978907
908150964
908159101
908233972
908325240
908379011
908417660
908508266
908667058
908706830
908709183
908808201
909134976
909150268
909484121
909496059
909526906
909527942
909538446
909602680
909609597
909711715
909742615
909815075
909963932
910018351
910148425
910236853
910249073
910513770
910516919
910540428
910581599
910777453
910882420
911100939
911110302
911148045
911272831
911549897
911645072
911653617
911685322
911767151
911818730
911994375
912171941
912265568
912359241
912470766
912532749
912599344
912777083
913037523
913112362
913415574
913490916
913507837
913655948
913840480
913867146
913942112
914008283
914142302
914186106
914337386
914620531
914670175
914675679
914753040
914814746
915136885
915153650
915281482
915378453
915589866
915620337
915742294
915851978
915952961
915957310
916070387
916157163
916186909
916232984
916285056
916408827
916468550
916478600
916488018
916649881
916667195
916726819
916773030
916806483
916901664
916907963
916948422
916950271
916983366
917013642
917032688
917124782
917161603
917182387
917442836
917592614
917709437
917883794
917912235
917920130
918099165
918243337
918282917
918462039
918466986
918913182
919125618
919243860
919684645
919774732
920060858
920171259
920270732
920287442
920358563
920361375
920528715
920597648
920637288
920668565
920702765
920827542
920947652
920969552
921034595
921050373
921065499
921069003
921214849
921250887
921697686
921762894
921786101
921841467
922102184
922111316
922122538
922160885
922320986
922472858
922599468
922681223
923042097
923250343
923258680
923315334
923327506
923369605
923447929
923484054
923555557
923610922
923775750
923781569
923850829
923901796
923933562
923934555
923976986
924392752
924448847
924479450
924490976
924694586
924742962
924888228
924954114
924984253
925077109
925249728
925428143
925437480
925518463
925806292
925946773
926051816
926137537
926282887
926284113
926430352
926530518
926535209
926590718
926606580
926635693
926707664
926808865
926812657
926913080
927131348
927142659
927216319
927441996
927602020
927714858
927750062
927772485
927776443
927787625
927844941
928035727
928237984
928250933
928281758
928431765
928573599
928678832
928801604
928807108
929197151
929305302
929327427
929495746
929572344
929620205
929814287
929840759
929883481
929902094
929917005
929923061
930227280
930389306
930519875
930586669
930618555
930691148
930772550
930888782
930977698
930991875
931218959
931346998
931363236
931474369
931520983
931550238
931833640
931837146
931862961
931979384
932183066
932296098
932334587
932341726
932554254
932753704
932880437
933095410
933104310
933151581
933167681
933170292
933178604
933254527
933294772
933336244
933351436
933360610
933361782
933446859
933527432
933530255
933714349
934041692
934061879
934097178
934189869
934203762
934680723
934936768
935035351
935056784
935092292
935172782
935214235
935393988
935397703
935663323
935768211
935789065
936433894
936655104
936661255
936749811
936751532
937017828
937040734
937392016
937407190
937728336
937844810
937908820
937918155
938001044
938063047
938110671
938338514
938479931
938482593
938537696
938556386
938643333
938736620
938741920
938954459
938976136
938993026
939379269
939400184
939880577
940022638
940229607
940260747
940330361
940356464
940356985
940731456
940851755
940925156
940972440
941097041
941117450
941257406
941382563
941499482
941549179
941677915
941881102
941932547
941996776
942264513
942381832
942474663
942556678
942568297
942647461
942943503
943036859
943282923
943349040
943414746
943545047
943704005
943765522
943790391
943878527
943890244
943964595
944121425
944263257
944326222
944389130
944403434
944409303
944509433
944597735
944756159
944761897
944826730
944881723
944923093
945235179
945429508
945629574
945634921
945767780
945788259
945913601
946164345
946211624
946249947
946486328
946568846
946586785
946633740
946819889
946838032
947020761
947034087
947107784
947138112
947188885
947875851
947944599
947956968
948022407
948044049
948060106
948097620
948166517
948203052
948263501
948404888
948461629
948529082
948533413
948640275
948653893
948687118
948690042
948696350
949105919
949341695
949424092
949560865
949626967
949707976
949807833
949863015
949940858
950043475
950059894
950198726
950381713
950397512
950428826
950597248
950602645
950615466
950675124
950702748
950756339
950858223
950956185
951080133
951136457
951248904
951267651
951557334
951643980
951782810
951846340
951861613
951991435
952023557
952042171
952117547
952275998
952326361
952345957
952445887
952476364
952578869
952728328
952730544
953004406
953050623
953152384
953372125
953390420
953395323
953442729
953476905
953510804
953564468
953641103
953649447
953675950
953680738
953743618
953782209
953882660
953983812
954191331
954398861
954491186
954512805
954553317
954662379
954686786
954729307
954734181
954740799
954911721
954918145
955100361
955107309
955107373
955259948
955311116
955311671
955327753
955399370
955405073
955419087
955701556
955797947
955834838
955853913
955890154
956108921
956243129
956433447
956585203
956730288
956803682
957041325
957176062
957201093
957411645
957449886
957499868
957511708
957657753
957703273
957741548
957922309
957987814
958193747
958706351
958706714
958759384
958771529
958939357
958953131
959044250
959184150
959411345
959635892
959680556
959703316
959736830
959779368
959800430
959999393
960045642
960233375
960245393
960327062
960334564
960363796
960365923
960432618
960465073
960512724
960548520
960568916
960629567
960643030
960815496
960879503
960930500
960936595
960994005
961067339
961228928
961345630
961382070
961419588
961474336
961669707
961762371
961863914
961919476
962323849
962346481
962757330
962760500
962785752
962846262
962868446
962897283
962913500
963048560
963148622
963231302
963248832
963304551
963454412
963665417
963912147
963964633
963987849
964183000
964189030
964341112
964417057
964432594
964438359
964446312
964836127
964928343
964958201
965139204
965159448
965166936
965229140
965309018
965494072
965535598
965621265
965727862
965768172
965841744
965921521
966010768
966103251
966388694
966634854
966635204
966657471
966657762
966943358
967080473
967366657
967465793
967492367
967507702
967566152
967580990
967583241
967630200
967631303
967756391
967789727
968145181
968218922
968248323
968260864
968315266
968318493
968450014
968754904
968803484
968804770
968972459
969008316
969289071
969417536
969433541
969531643
969624928
969735382
969862972
969890348
970013596
970039372
970136619
970191620
970193826
970328250
970336873
970360062
970453425
970618278
970836010
970856817
970875390
971032155
971036845
971068029
971164967
971245286
971459859
971479379
971519137
971553642
971676695
971864622
972008752
972056391
972147161
972325024
972468494
972905582
973243138
973246558
973415426
973420547
973443325
973457304
973481423
973484757
973624749
973635886
973826902
973908263
974027863
974244230
974420706
974492690
974516582
974591602
974851775
974893280
974898188
975000943
975039438
975088764
975549106
975566403
975598498
975865434
975928698
975936694
975964539
976004278
976030987
976053910
976128475
976171851
976302421
976307905
976308572
976448479
976592656
976726270
976910481
976944592
976956608
976963561
977019412
977133771
977167988
977366064
977374057
977504001
977565809
977847586
977927337
978045714
978057248
978447876
978524960
978605691
978614935
978641815
978830757
978852200
979028043
979312984
979404851
979455252
979666966
979815040
979858618
979902779
979909927
979987702
980080698
980094738
980196079
980210014
980236145
980239919
980261655
980291238
980364045
980443966
980465340
980525186
980619004
980790630
980797354
981019153
981161246
981227822
981237286
981359398
981359422
981410741
981422746
981703248
981855691
981890280
981939516
982027885
982172272
982300511
982339501
982345385
982516431
982553862
982637576
982640221
982659107
982749255
982769582
982778215
982945927
983002746
983019138
983213796
983236755
983254878
983315216
983316026
983430084
983485440
983579216
983590059
983641499
983770291
983925065
983935505
983953398
984052214
984127920
984313840
984515265
984706224
984749363
984787190
984912560
985104672
985107405
985145911
985147844
985150895
985513807
985817567
985845352
985995344
986035780
986220625
986257581
986302547
986302635
986501515
986591799
986644815
986656579
987059691
987075127
987080288
987123762
987150434
987242594
987300173
987418152
987489143
987596288
987725887
988091975
988156754
988184724
988297118
988351218
988360209
988395089
988441868
988551790
988604697
988610859
988834641
988872332
988916200
989061442
989097947
989240101
989425462
989590607
989682285
989717781
989941143
990126418
990128307
990135891
990153985
990191184
990221322
990233486
990273165
990280665
990330799
990494877
990534924
990546741
990913975
990931658
991070092
991149229
991312208
991386215
991390233
991408454
991438933
991511499
991645544
991682855
991709776
991934698
992013069
992018042
992059359
992101754
992342441
992458916
992596289
992611765
992729769
992784060
992898386
992944577
993052055
993087184
993195147
993264991
993335536
993400138
993496166
993563640
993594525
993660922
993786735
993794076
994031910
994072080
994177989
994455957
994594777
994693428
994879431
994916003
994923469
994991454
995028454
995052425
995065218
995104145
995107055
995131157
995158442
995185908
995207648
995213100
995322442
995331799
995597597
995620520
995642385
995665887
995684695
995692375
995774729
995892913
996133833
996175547
996250563
996481170
996648761
996670441
996725299
996770369
996851914
996975038
997207262
997438572
997538003
997538480
997647426
997689672
997985433
998020734
998139124
998224771
998648606
998675893
998735650
998804661
998837377
998927442
999033783
999127720
999289573
999700650
999779040
