43969
92926
120258
121254
403181
582059
714055
769578
822660
880451
919311
957866
1001359
1679368
1753347
1801118
1927037
1931687
2202409
2354844
2405062
2953279
3028226
3121457
3215572
3290104
3317206
3382073
3400590
3510938
3555070
3803352
3837307
3963078
3979942
4100371
4183338
4195449
4243621
4341860
4432249
4582886
4662273
4762632
4908388
5058682
5142551
5275452
5700130
6027911
6073716
6139796
6260340
6288146
6330309
6409256
6420680
6491190
6505473
6587669
6621167
6628671
6631789
6764724
6846878
7049105
7052285
7084014
7191576
7294651
7413865
7424113
7473321
7633920
7672297
7687161
7835959
7845911
7934573
7937428
7992122
8232876
8321226
8350158
8393878
8453354
8556930
8563691
8589159
8666713
8788390
8813411
8930112
9021574
9336728
9366666
9375998
9468186
9583273
9615352
9665054
9677394
9741892
9778373
10100693
10146269
10234553
10447348
10533126
10600481
10650514
10752282
10888610
10939427
11094199
11112543
11239624
11337280
11551009
11724552
11867564
11902155
12047246
12073132
12084654
12441843
12782885
13166258
13199822
13235245
13374699
13388407
13481661
13557796
13678143
13705847
14092034
14129609
14301906
14378234
14440696
14665211
14694007
14839396
14868283
15012040
15253778
15286599
15449294
15619738
15687987
15697396
15761403
15806828
15811288
15881576
15918140
15939389
15983059
16025477
16091547
16104564
16261405
16348204
16367042
16414931
16446889
16452054
16523659
16818816
16846588
16866242
17207693
17312492
17343483
17358808
17363018
17366806
17432124
17526082
17543432
17545339
17612356
17629806
17717800
17947366
18018791
18027078
18101911
18157034
18206096
18258655
18391940
18497446
18536874
18760474
18865669
18875057
18942677
18946867
19016785
19096166
19144416
19342057
19567757
19577828
19745548
19791666
19910528
19926570
20014930
20044469
20100396
20164394
20280657
20294060
20452727
20488719
20652123
20690450
20713716
20819425
20965863
21157334
21310000
21360300
21370954
21392218
21445887
21465336
21501865
21529929
21744944
21848586
22059479
22166757
22215718
22238425
22244177
22324791
22332209
22479580
22561104
22879980
22912906
23128088
23361595
23380260
23412487
23442302
23479424
23497645
23593293
23596228
23810648
23823297
24138052
24146383
24188662
24287396
24411055
24624563
24651821
24656646
24668010
24963925
24975228
25216161
25352265
25372154
25376744
25607152
25660383
25665633
25782644
25844555
25905354
26054443
26244681
26273054
26296128
26310173
26311079
26336637
26356008
26416042
26459596
26574779
26883856
26937275
26968071
27088600
27120732
27145572
27155443
27262690
27502809
27549078
27592118
27596961
27798024
27974870
28214526
28577200
28707075
28737203
28749064
28780201
28844401
28915963
28929440
29133018
29193096
29712123
29732729
29805745
29806871
29823161
30138017
30278315
30342166
30517758
30595924
30708080
30815317
30910285
30975671
30977412
31053757
31297478
31515509
31658349
31659530
31830947
31927692
32003935
32227945
32270722
32288798
32306750
32351799
32413310
32449658
32457928
32501290
32538592
32702978
32851550
32865804
32881725
33034525
33035460
33214435
33216531
33227891
33326116
33343794
33344452
33376287
33385960
33423651
33612689
33669499
33752423
33909946
34041376
34267134
34296668
34454893
34527179
34548039
34580603
34797982
35023604
35230084
35362131
35391358
35414995
35507837
35533999
35600191
35639797
35647419
35683810
35806076
35921627
35959962
35973143
36019265
36110721
36172582
36241755
36293232
36449517
36473432
36606947
36638143
36920821
36971413
37112713
37114215
37158707
37200142
37237541
37258312
37298616
37372035
37423636
37434671
37479439
37561109
37632591
37639694
37667280
37696526
37936481
38000059
38017927
38047883
38068929
38126636
38157548
38183714
38335287
38341379
38476320
38531597
38713029
38764719
38909002
39115540
39117899
39269437
39463936
39644624
39760345
39798850
39804313
39835227
40031931
40121081
40206027
40275129
40397317
40434002
40588275
40665008
40861649
41115050
41164119
41188159
41305698
41394426
41458915
41503132
41533300
41682396
41837217
41993051
42195771
42278754
42384868
42467389
42528588
42690973
42937938
42950989
43008258
43064277
43093342
43108884
43290327
43510760
43830883
43899927
44108293
44210700
44210872
44223904
44237317
44288727
44301514
44363462
44628763
44857891
44906916
45086677
45093166
45111272
45315827
45422687
45456055
45573783
45761151
45770503
45951049
46027787
46048783
46230125
46361605
46391699
46514522
46664139
46776705
46928490
46984171
46993053
47020620
47109535
47297934
47706150
47859543
48052116
48063550
48118728
48234998
48314467
48458848
48858807
49004522
49020033
49061506
49503236
49556957
49581706
49628112
49685995
49732013
49762852
49806887
49992035
50190401
50314064
50426077
50445177
50610223
50645865
50646906
50694646
50762735
51000635
51210532
51247581
51260519
51495985
51678022
51844617
51960092
51987433
52120357
52224025
52333278
52361443
52518624
52561510
52768640
52971752
53046723
53227405
53237932
53323630
53464051
53661239
53745950
53834175
54071812
54136412
54197666
54246753
54267550
54512382
54554303
54559835
54668461
54692688
54797765
55078384
55081009
55156945
55237567
55336916
55480637
55489752
55549198
55677515
55709321
55805793
56051284
56086062
56189588
56250083
56328948
56373446
56385351
56487034
56672143
56702935
56719937
56725124
56783924
56818187
56843211
56997439
57156051
57214413
57443799
57495885
57703587
57704324
57783060
57938390
57974368
57978518
57982155
58062792
58198530
58339027
58727598
58801719
58903769
58985928
59006180
59118487
59170901
59220232
59267853
59498856
59551968
59647368
59680338
59751427
59776141
59840435
59908264
60038435
60161342
60165579
60360223
60365551
60385490
60460740
60823357
60874659
60876925
60901665
61219870
61249486
61264500
61456951
61534060
61562916
61791084
61809017
62116920
62137297
62402196
62495798
62561105
62592211
62598020
62611740
62613378
62664245
62731917
62935636
63149781
63377919
63573516
63748026
63833914
63938673
63944670
64016927
64057315
64067671
64199607
64239024
64418289
64632529
64632972
64791662
64869415
64901051
64996364
64996607
65081292
65181356
65220926
65223243
65251022
65577765
65707179
65896865
65902726
66133422
66231027
66282393
66308978
66493070
66513342
66525759
66599720
66672560
66674969
66724839
66816906
66851547
66905835
66997138
67156326
67162530
67162649
67170442
67198975
67228261
67384292
67412526
67417462
67418125
67430903
67479797
67512265
67834948
67862031
67884299
68011075
68115016
68246824
68341745
68354504
68448808
68520328
68531971
68557012
68643455
68661348
68738157
68801338
68887113
68925205
68941039
69267121
69357285
69435031
69575900
69591119
69739407
69816656
69858261
70243562
70328014
70346949
70417683
70534652
70685316
70797395
70848104
70954101
71302224
71310607
71425303
71441795
71761156
71848751
71909256
71950773
72109514
72159591
72492748
72520038
72569119
72569157
72674475
72676693
72950095
72961578
72986122
73059999
73106858
73244567
73604158
73607871
73737472
74024433
74074883
74172677
74213375
74276468
74426490
74449917
74475137
74607632
74859366
75021586
75121079
75230369
75250634
75367579
75389053
75568084
75785980
76086765
76151588
76229793
76279334
76282676
76295487
76335175
76547902
76666586
76875990
77209941
77280674
77306578
77544086
77651729
77708210
77743848
77945394
77968054
78062337
78152381
78222773
78240074
78244263
78427084
78438144
78487616
78492634
78655891
78725187
78789761
78873683
78984305
79257281
79564350
79593583
79613162
79812576
79931038
80001777
80236996
80286697
80375657
80407923
80489156
80498551
80702823
80797062
80846960
80900344
81072502
81199526
81303951
81333126
81483001
81654052
81688047
81866589
81883217
81957781
81973519
82221884
82298717
82313221
82332628
82406967
82443917
82494754
82532865
82607258
82634065
82786285
82788922
82826425
82857809
82983884
83145815
83181598
83223998
83232984
83271853
83399846
83603514
83818068
83902145
84136861
84142910
84147755
84167603
84314946
84372683
84456732
84537418
84721226
84748127
84860170
84904599
84973814
85041230
85088925
85128939
85190519
85282469
85353090
85397277
85558854
85743327
85759653
85899831
85973110
86028733
86237551
86496928
86529549
86551306
86831832
86882798
86936515
86961582
87090009
87163644
87164047
87170739
87340220
87433992
87616868
87713496
87754152
87828783
87843762
87978594
87994642
88187754
88322738
88364920
88458876
88537335
88665421
88667001
88734454
88790887
88801398
88873459
89060953
89209506
89247013
89341372
89394851
89560495
89592832
89815667
89820534
89982971
89994385
90051460
90089504
90279556
90316073
90321820
90364578
90380176
90438676
90539790
90553335
90589582
90728033
90851099
90947783
91011947
91322189
91395037
91437317
91478098
91495486
91708440
91758152
91784276
91907737
91933617
91941004
92272975
92314863
92384136
92455456
92543813
92567093
92594955
92612266
92887093
92956475
93054259
93063610
93099503
93101743
93136699
93280648
93391723
93455945
93464977
93498173
93640391
93658845
93764496
93765401
93769513
93896822
94176931
94186266
94204849
94432001
94546021
94677499
94763593
94853945
95134208
95138663
95156040
95200300
95227797
95256369
95304554
95383205
95397170
95568284
95615079
95649409
95914443
95965513
96099094
96204505
96231558
96366899
96392094
96668492
96686663
96832447
96876540
96879970
96982514
97071895
97132560
97284945
97351734
97436294
97478844
97481525
97834789
97904041
98371618
98630921
98688043
98882657
98886533
98922235
99055959
99134882
99331876
99459875
99659264
99805116
99830599
100073087
100157887
100344917
100553610
100804427
100932565
101095754
101304895
101396068
101423588
101570480
101678986
101886392
102086841
102156392
102259209
102313572
102442624
102624946
102690778
102707137
102743573
102780799
102813253
102991496
103180061
103221030
103380653
103625159
103688176
103836737
103909057
103925667
104009539
104022853
104146271
104427634
104485204
104612847
104727771
104852558
104910756
104935976
104989960
105027592
105046545
105099113
105126793
105162627
105233120
105269325
105272757
105400835
105430105
105461874
105465802
105474744
105549966
105737868
105772409
106079686
106223823
106539955
106566143
106664825
106949097
107059551
107072829
107234662
107248792
107348101
107443675
107567822
107606939
107660025
107816112
107873664
107930479
108101961
108538641
108618325
108632632
108683692
108766708
108957945
109389339
109555848
109749811
109812305
109872815
109880843
110039357
110122587
110227444
110388879
110691472
110842006
110958602
111081390
111138106
111172600
111247064
111704666
111906552
112059819
112102464
112561902
112565774
112759426
112864777
112898413
112977163
113614481
113849471
113995878
114029307
114056598
114060774
114131074
114204996
114400423
114415778
114477373
114509230
114559878
114694223
114714063
114728392
114836858
114918743
114966221
115006399
115154093
115187341
115219800
115222393
115248046
115428117
115451833
115577979
115725577
115769754
116108143
116112944
116564490
116706463
116765858
116803309
116920158
117024020
117207901
117269091
117308698
117360849
117494188
117495459
117714884
117783044
117934292
117983499
118046359
118099004
118270375
118374730
118526591
118712738
118937737
119271651
119436527
119528228
119544035
119683721
119762794
119850522
120012832
120229084
120334731
120352018
120413984
120478130
120554815
120673135
120891110
120948883
121127792
121635127
121751471
121756464
121761890
121957361
122000155
122014549
122152185
122199138
122300254
122409112
122541101
123098330
123118722
123119083
123232382
123304316
123626096
123717590
123763624
123913819
123940021
123977333
124036289
124123277
124435088
124685050
124743108
124843566
124948545
125027777
125046701
125057523
125077198
125178780
125202082
125449944
125452791
125626358
125803068
125887470
125923307
125929066
126234911
126399105
126400153
126519475
126956615
127076179
127162915
127235797
127298332
127351895
127606164
127756562
127959070
128073749
128092160
128235580
128608750
128648346
128921317
128939696
128961115
128962823
128968499
128999811
129118412
129239920
129296727
129316244
129502126
129712600
129790802
129793595
129895221
130022501
130032275
130076230
130164371
130422307
130445790
130666091
130684499
130729355
130920539
131065586
131110052
131370272
131562648
131841540
132087724
132164980
132256935
132275452
132343021
132458885
132571971
132660276
132943840
133024233
133082918
133103261
133621686
133636296
133814922
134146080
134171652
134665076
134799826
134830668
134942840
135037825
135143625
135187152
135201142
135452030
135628323
135701516
135720619
135969501
135998070
136126398
136212582
136226528
136267144
136283377
136397015
136418893
136468333
136512873
136755218
136757375
136774044
137064356
137188494
137496940
137570113
137603222
137675925
137718629
137855834
137863619
137906757
138230309
138541686
138545244
138782106
138806078
138829605
138839381
138925320
139012421
139054350
139136929
139576055
139669175
139684163
139706947
139795389
139857500
140019166
140024151
140041789
140172224
140349837
140460490
140612373
140640477
140883300
140883504
140960152
140996417
141022069
141277030
141280091
141377347
141586496
141901099
142065935
142233646
142596861
142604396
142680941
142917270
143060629
143076367
143181939
143253931
143270783
143272072
143426090
143435151
143438791
143482623
143492849
143542885
143574181
143577547
143644252
143683599
143706052
143925333
144010392
144175022
144189617
144225817
144360178
144372267
144425856
144456862
144491962
144506353
144653497
144877998
145186902
145322778
145582994
145600912
145608059
145655188
145855929
145948794
145995112
146101674
146113900
146126939
146498666
146535916
146642652
146665573
146744276
146748754
146783820
146828464
146877758
146897368
146995274
147229831
147281310
147312928
147353243
147478918
147771374
147822163
147931951
148139543
148171863
148303681
148311195
148322002
148361823
148524984
148603983
148646623
148708023
149081003
149500129
149649466
149741564
149777636
149904775
150136763
150265908
150456852
150525377
150822369
151051832
151196333
151247792
151323628
151360954
151441686
151485817
151677726
151706381
151722090
151724160
151733132
151782952
151808296
151904914
151926163
152056275
152150357
152322028
152537020
152808998
152818793
152820883
152873141
152873304
153035373
153044788
153088545
153103249
153412718
153545105
153601692
153613387
153644477
153731382
153779779
153842189
153868602
154024221
154060717
154121031
154158023
154331698
154499742
154530907
154536796
154537396
154594506
154666723
154698143
154739756
154902902
154936904
155143159
155170281
155290959
155314682
155363867
155472410
155571815
155733535
155852334
156010978
156035368
156121952
156299895
156586460
156620658
156873598
156917169
157030535
157033990
157038651
157062781
157091104
157165742
157218357
157255430
157390883
157405229
157778044
157788356
158488923
158497376
158608815
158699670
158787538
158858640
159001482
159036911
159178345
159202524
159286022
159334774
159500011
159578343
159699145
159925319
159978739
159999445
160147791
160223912
160261010
160342672
160482276
160655810
160720799
160933557
161063590
161093887
161175642
161382064
161565684
161763878
162247188
162270148
162333000
162474236
162571412
162806687
162990913
163024412
163081223
163258072
163346523
163388114
163430289
163442582
163451153
163487386
163697382
163726076
163932212
164026114
164144937
164637450
164716095
165026884
165037812
165319169
165333092
165437543
165541365
165693506
165883571
165938630
166063963
166155806
166224284
166328321
166358923
166395755
166403443
166535173
166564051
166615749
166617664
166929246
167035570
167062325
167086050
167264477
167446524
167512377
167718139
167723691
167945000
168016079
168058294
168072212
168137409
168233570
168238984
168243894
168439705
168493075
168505278
168631262
168701298
168843757
168909760
168964227
169107356
169148190
169154355
169192816
169218299
169372729
169510465
169600894
169642433
169642915
169680829
169723797
169773977
170045384
170224381
170235904
170345979
170541412
170584994
170665275
170951842
171057065
171079829
171104135
171254120
171352104
171369218
171374000
171460634
171466990
171470380
171569431
171679837
171982519
172235338
172278143
172313917
172399587
172479029
172559873
172637316
172715991
172743365
172893592
172975654
173069857
173081806
173271330
173454288
173633664
173677714
173758398
173839783
173883121
173896293
174021460
174176169
174246971
174285722
174563482
174606708
174682193
174732938
174832819
174840216
174918437
174925774
175045745
175079653
175543789
175574199
175712075
175734316
175802640
175932767
175964081
176036835
176082572
176115111
176142512
176182557
176304398
176341759
176460463
176545019
176592758
176627871
176793120
176889764
176943412
177327359
177357179
177491278
177521695
177566370
177616929
177937197
178032070
178125720
178252364
178396012
178459679
178480683
178483251
178685403
178690193
178754525
178843723
179028231
179038713
179173891
179267896
179372255
179411782
179448207
179507231
179592826
179626467
179666678
179735331
179738652
179843092
179988584
180004136
180010981
180109631
180218109
180371409
180377959
180401239
180529843
180611337
180624529
180682362
180797026
181002040
181076472
181125389
181168257
181217238
181369234
181372032
181386113
181416529
181502462
181507066
181563356
181749494
181758274
181758682
181814186
181947971
182031738
182123711
182211658
182513196
182532053
182544397
182942614
182996846
183141206
183142024
183333139
183393516
183422386
183533306
183567651
183594491
183885766
184052806
184380097
184541230
184679619
184810279
184980525
185120527
185304971
185390237
185518410
185519372
185714013
185865370
185916500
185921448
186051285
186062686
186069797
186224945
186433087
186439070
186562016
186756195
186837764
186887925
186932304
186934143
186965775
186998913
187038562
187265166
187332421
187417537
187591277
187761200
187855341
187901668
187947205
188001199
188043811
188100084
188258242
188263063
188300560
188459636
188643550
188704588
188798334
188886753
188916272
189042659
189087291
189234088
189373766
189451360
189577571
189813907
189844953
190030873
190053168
190069181
190116819
190227174
190276571
190337653
190365117
190396464
190622840
190637283
190732387
190885729
190994151
191171687
191594956
191598046
191619725
191783561
191789225
191910554
192052705
192077914
192205797
192517916
192602675
192783040
192800125
192830677
192876826
192947666
193039583
193054521
193095078
193099208
193650143
193996072
194007568
194053084
194056325
194067221
194091901
194174677
194201995
194239034
194240713
194337472
194619108
194627325
194648380
194669671
194906664
194953468
195242173
195347318
195389420
195874555
196132148
196263245
196388849
196436803
196444016
196493202
196493436
196506373
196662623
196822600
196844450
196900112
196979064
197232638
197293115
197393288
197507140
197528351
197654126
197786153
197797018
197816968
197827691
197834714
197897328
197919888
198188573
198214086
198214287
198223013
198382865
198412516
198502797
198521955
198527661
198580474
198619177
198666062
198813872
198907312
199004582
199111828
199179377
199285532
199330128
199390484
199507791
199654949
199656133
199884746
199889531
200034399
200088862
200155767
200180659
200243117
200322281
200349057
200463002
200603279
200644199
200850914
200988207
201069004
201145722
201303628
201339866
201375393
201387405
201607626
201698160
201732213
201758276
201820277
201856431
201985738
202023802
202171817
202183643
202392967
202405587
202533679
202536730
202729895
202730404
203212636
203245202
203529511
203584156
203614032
203723558
203923900
204000214
204087261
204223589
204266079
204285522
204364055
204390098
204421054
204472748
204481016
204586706
204627315
204847289
204859245
204884624
204900594
205047394
205167035
205391954
205490010
205645354
205659707
205664404
205750520
205764534
205831318
205928657
206054796
206308099
206387981
206399253
206408408
206613802
206688827
206875696
206918474
206974969
207014090
207159658
207301915
207308830
207317413
207473452
207515393
207563959
207574690
207773559
207947925
207950852
208039761
208042263
208044707
208112925
208117194
208145710
208225499
208318026
208343921
208417217
208702248
208794670
208943205
208984411
209151254
209287488
209333669
209355626
209680566
209698494
209713426
209726750
209857266
209942681
210057890
210071562
210073730
210100424
210111513
210186724
210256880
210259067
210379207
210405909
210529251
210583627
210752464
211065985
211184850
211378207
211485764
211749960
211889043
211922509
211926384
212024599
212056374
212139315
212148422
212172087
212197621
212444366
212454857
212554811
212709289
213066538
213232454
213264255
213404466
213418779
213428350
213525269
213530649
213583450
213603363
213631328
213692372
213725950
213882408
213896561
213965461
214018153
214326697
214390445
214430993
214555719
214761024
214770816
214788385
214989197
215008212
215014329
215138694
215155239
215252007
215348533
215569373
215751337
215780264
215787712
215858535
215951230
216069303
216217986
216299665
216317745
216562565
216629690
216754993
216774913
216790922
217437984
217549428
217551534
217675724
217899888
217924584
217984389
218008810
218023710
218033415
218236695
218268663
218550614
218598467
218630201
218726689
218799473
218864210
218978192
219007108
219104581
219254574
219264483
219306393
219451904
219494306
219895099
219896807
219999446
220030326
220045167
220105907
220137767
220159202
220512108
220649644
220782602
221041215
221058381
221097018
221143359
221215729
221249256
221359972
221442733
221746443
221764856
221798108
221865212
221866311
221905486
222003886
222027671
222085883
222112034
222354669
222624255
222802874
222876131
222897530
222909374
222973418
223011462
223028661
223050634
223139457
223161268
223183092
223441326
223538630
223546235
223549100
223567052
223624770
223658957
223679845
223907542
224034266
224059399
224085036
224119903
224263830
224266891
224338398
224504464
224610925
224868385
224891416
224917011
224987136
225066446
225445136
225538572
225602751
225663493
225792399
225910416
226132313
226283544
226331907
226390394
226490705
226534947
226541152
226594254
226916879
226942494
226950803
226955618
227014985
227048069
227231949
227627796
227764388
228386181
228504022
228512339
228539508
228554557
228682523
228711974
228840556
228851549
228852910
228918410
228978821
229534118
229653698
229743730
229918461
229944219
230078583
230091767
230244618
230318337
230327430
230480828
230524267
230639479
230753517
230759594
230871548
231130043
231168341
231235547
231241186
231387936
231482146
231603164
231762373
231793785
231797878
231824661
231913334
231982050
232161708
232350385
232430712
232629314
232870178
232875673
232897018
232981639
233039363
233048674
233091748
233120986
233219897
233246541
233286918
233322748
233390008
233631885
233734775
233790550
233825505
234051475
234228383
234399908
234633484
234697916
234733440
234807652
234823166
234876521
235002257
235029333
235216908
235557101
235589049
235920033
236061003
236070099
236093639
236158998
236204572
236230686
236401851
236415999
236476641
236536574
236765850
237033208
237052082
237108391
237113786
237137735
237170301
237235493
237356680
237405990
237690658
237804828
237900989
238040268
238155089
238569959
238606959
238666197
238722232
238756554
238771387
238837577
238897162
239096968
239540252
239633393
239654303
239712858
239743826
239803201
239846949
239917042
239985016
240062189
240099071
240136881
240189974
240367223
240452295
240468980
240671828
240817954
240875604
240932899
240954524
241165978
241179643
241353137
241370631
241468496
241560536
241633274
241705312
241886276
242042112
242074687
242240655
242553236
242583069
242741880
242749462
242817689
242840568
242973019
243265116
243280332
243426987
243515142
243519278
243615079
243873628
244010106
244091752
244295135
244474177
244644629
244818052
245064160
245094653
245213716
245228667
245702411
245818690
246039802
246070997
246103563
246195586
246202172
246329591
246397380
246453663
246457011
246703267
246736535
246826890
246970123
247070209
247092175
247102110
247214166
247275956
247409857
247580403
247678621
247775248
248080862
248099159
248132438
248186112
248199745
248213137
248294089
248378985
248420917
248525315
248641668
248868128
249023818
249106994
249113030
249177195
249415491
249430384
249546050
249632811
250247980
250372376
250742762
250824781
250862911
251012102
251061764
251137102
251249629
251363124
251723950
251727039
252026385
252031478
252132523
252213841
252431761
252494607
252528593
252572055
252587709
252603693
252645938
252844457
252892986
252903109
252904072
253021097
253075044
253114968
253231888
253266419
253522774
253582496
253615337
253809161
253881455
253981742
254000253
254008195
254129943
254391424
254395610
254658207
254704464
254774079
254815606
254872808
254896345
254931287
254932451
255090004
255123411
255249104
255290307
255494708
255589610
255700392
255802601
255852321
255869429
255945077
256014183
256558428
256709864
256816040
256923598
257038724
257090181
257145508
257192754
257281727
257345436
257433270
257692142
257870850
258044822
258058139
258161504
258178941
258260117
258327529
258483681
258604241
258704824
258777552
258862048
259061222
259129567
259725194
259771914
260099581
260211182
260293811
260339853
260341566
260381194
260417311
260422008
260459068
260517115
260573974
260582951
260635720
260761720
260816130
260845180
260880238
261015971
261070598
261237431
261245255
261605046
261745034
261909076
262110173
262309382
262704516
262821371
262823185
262883535
262969274
263088431
263121770
263404454
263420384
263433999
263527797
263649393
263699408
263731181
263952505
263960964
263989825
264272224
264312323
264446245
264490858
264580537
264624982
264638468
264827548
265151628
265287412
265288064
265361306
265418260
265631268
265676596
265765687
265938586
265986344
265994545
266056997
266190858
266194373
266219629
266291576
266313760
266428656
266460736
266482900
266487531
266494670
266497385
266755865
266764493
266769141
266865257
266942988
267009182
267321639
267331147
267346324
267354359
267481430
267721772
267760988
267818758
267974920
268055636
268085798
268254998
268390715
268513717
268519870
268700197
268727780
268805761
268877253
268881391
268938004
268963468
268978821
269111073
269153048
269338298
269358286
269709752
269721783
269746245
269790191
269825763
269876764
269882969
269889174
269892512
269898700
270113800
270179944
270505905
270611383
270612509
270634518
270635158
270650814
270712305
271165014
271180322
271238687
271274339
271326241
271404427
271502178
271704179
271735566
271744008
271857886
271860985
271943993
271980526
272090998
272407011
272497590
272567938
272570540
272570768
272679528
272734786
272979561
273116496
273681277
273722491
273846955
273897453
273951957
273967750
274034307
274036517
274054606
274065548
274127384
274193421
274194020
274194344
274218982
274236160
274242038
274347358
274377800
274433639
274437943
274842897
274865215
274923568
274937859
275018226
275026451
275103806
275219498
275236787
275554417
275581719
275747132
275756308
275870185
275881132
276036480
276085320
276122968
276205240
276496078
276509439
276563058
276582706
276670938
276688699
276920983
276954626
277111903
277446242
277536221
277543641
277790604
277940129
277941488
278005573
278023594
278040638
278066514
278141373
278142295
278396096
278403944
278801767
278846369
278868085
278981659
278981815
279004020
279089142
279200378
279243133
279451534
279585079
279629884
280005154
280240581
280259689
280386967
280443262
280478012
280618529
280801755
280822213
281203668
281425417
281468895
281538720
281583331
281601870
281631724
281664231
281677156
281773694
281820266
282100103
282212320
282248487
282282875
282468985
282516118
282540720
282699505
282937237
283036691
283048377
283146217
283171204
283222179
283235311
283325248
283410382
283416253
283494837
283578658
283594752
283616157
283770192
283798257
283941057
284098891
284329659
284337527
284416274
284731250
284781439
284943114
284962027
284997075
285208804
285284075
285805972
286013051
286028469
286035707
286087320
286159513
286252011
286366986
286393365
286409428
286632956
286930002
286957548
287073248
287298953
287323489
287382408
287462133
287630056
287789534
287849292
287895046
287929521
287975600
288109348
288121194
288140293
288147744
288150572
288402740
288488947
288638467
288912045
289429930
289531307
289623771
289721429
289788993
289844431
289947064
290015642
290116037
290190045
290200712
290419341
290439094
290469088
290508529
290607693
290656050
290726993
290810155
290848808
290979866
291039946
291049294
291261251
291382232
291390244
291616252
291713751
291769224
291896614
291897433
291970528
292026317
292273225
292375318
292396497
292436723
292545992
292595027
292618827
292733791
292763456
292813497
292813774
292952683
292991827
293225807
293427775
293461213
293505929
293699142
293702163
293826202
293899372
294096389
294363728
294539462
294657312
294681559
294705358
294834729
295051306
295455837
295543671
295590233
295827076
295990415
296096753
296149892
296416381
296425162
296662448
296699361
296887007
296887096
296976475
297080410
297297824
297312232
297349544
297382623
297531945
297791227
297999622
298096980
298161852
298220842
298225400
298312698
298348105
298401196
298568151
298616765
298731486
299041297
299050973
299288407
299567588
299619532
299859012
299959680
300023975
300061708
300391425
300588620
300637482
300699023
300722180
300790039
300808645
300863944
301377146
301452531
301629828
301723062
301946474
301991038
302031878
302042383
302186335
302395676
302526844
302565118
302618811
302620247
302620867
302825998
302831046
302917258
302976061
303042742
303099277
303135207
303247799
303592592
303631834
304018450
304023283
304231273
304465574
304548229
304712507
304717469
304765887
304976361
305237536
305257564
305423619
305448402
305474924
305683076
305686908
305691340
305740243
305937015
305993939
306017002
306131717
306136916
306190032
306415672
306416526
306437455
306530099
306543584
306689115
306702933
306791548
306924610
307144575
307190455
307214960
307260160
307386588
307389838
307395882
307870969
308341293
308438758
308523594
308557128
308650382
308727751
308749266
308879809
309111225
309131898
309172740
309202010
309275940
309286482
309312432
309401360
309665941
309954988
310063095
310120543
310142707
310215926
310239469
310402260
310417962
310473490
310532292
310647034
310670237
310715502
310747614
310779449
310815241
310862292
311138294
311234984
311292032
311347978
311497333
311538540
311620373
311698543
311783400
311815097
311972710
312285305
312316351
312345439
312675587
312740370
312918004
313263419
313305358
313312455
313471242
313487307
313494738
313660369
313889560
313921663
313982249
314138677
314313302
314332722
314428643
314738153
314951875
314985427
315111183
315146266
315200165
315224904
315368228
315468230
315532309
315541009
315618298
315858604
315875142
316038795
316076270
316194151
316222067
316433575
316532537
316617323
316646466
316724008
316771208
316822839
316848935
316976669
317021624
317031061
317093740
317100645
317178814
317317628
317519795
317525410
317608368
317676652
317722360
317934591
317961789
317974020
317994394
318209403
318337508
318519783
318555588
318767448
318820863
318862452
318902849
318912720
319145206
319237585
319323065
319428932
319487155
319640246
319988437
320046766
320067330
320237207
320242007
320371967
320379439
320406179
320496715
320560050
320875192
320895756
320899473
321122753
321159013
321239361
321295200
321338236
321360967
321529974
321538746
321571275
321602094
321609510
321621946
321804235
322161117
322317339
322495993
322794346
322796067
322867092
322918689
322950813
322984598
323081512
323389714
323437763
323466597
323592829
323667586
323744308
323749323
323850999
323869678
324130340
324520226
324642787
324653046
324854143
324953569
325061758
325143231
325225986
325361355
325394099
325409415
325480859
325580009
326005175
326272516
326332923
326547171
326554310
326714388
326732330
326750589
326778139
326983491
327094384
327152264
327253263
327363284
327418640
327454449
327588890
327660475
327748659
327786145
327861432
327938497
327963358
328000553
328062483
328265404
328513141
328735673
328826281
328857199
328903869
328967028
329012672
329045860
329077748
329553711
329612089
329793752
329813858
330121228
330125805
330222326
330238284
330269499
330287137
330297634
330466304
330574686
330633557
330646937
330737574
330761027
330857277
330906728
331046916
331055124
331182937
331414943
331455526
331629735
331706797
331974414
331995034
332011187
332307560
332334750
332406268
332611054
332682320
332739676
332769932
332901071
333141592
333355774
333489547
333563489
333667266
333681589
333748427
333825595
334007572
334053242
334125692
334136519
334194361
334265936
334316314
334325403
334430093
334693268
334827386
334904069
335055419
335447196
335563755
335674747
335690915
335747037
335785405
335853996
335907518
336235699
336286047
336415229
336426438
336451307
336451887
336459447
336582393
336732220
337029470
337410762
337437944
337498948
338090242
338228561
338266359
338384475
338394363
338430489
338735338
338768043
338846584
338888859
339031659
339048679
339064246
339420273
339530678
339551014
339699832
339705239
339882795
339907428
340104249
340264838
340438576
340564913
340591919
340683843
341065643
341111923
341332432
341352310
341412038
341463867
341630244
341830109
341949215
342093380
342108976
342201308
342244114
342245564
342286281
342402373
342420486
342613035
342629096
342814804
342935657
343037941
343107602
343112695
343181849
343213850
343240150
343281225
343349257
343518561
343528373
343665538
343778766
343821154
344034927
344078277
344208668
344279276
344310281
344343254
344380121
344395959
344493529
344713651
344904301
344916869
344929612
345027450
345037939
345465988
345621374
345855143
346018029
346178405
346228798
346267703
346295754
346337208
346487418
346623054
346981773
347132144
347188501
347351911
347516632
347603502
347705354
347738441
347757305
347797258
347839766
348030260
348069394
348108024
348263325
348289101
348363964
348381882
348425357
348482780
348537082
348758077
348789746
348854809
348884773
349062819
349092004
349238121
349296532
349381309
349398145
349953291
350343512
350373009
350725238
350793048
350802263
350941782
351007458
351202237
351295114
351492474
351605505
351614983
351634402
351920382
351999169
352080151
352138779
352228436
352354831
352397545
352480970
352487583
352589489
352592396
352647315
352708305
352749790
352778460
353008767
353088919
353212191
353381022
353675413
353757277
353830794
353870527
353895044
353965721
353981357
354426546
354541950
354544428
354576854
354638617
354940676
355018388
355134511
355304379
355325859
355343770
355494162
355778796
355785637
355845602
355921794
356036549
356067289
356264158
356311120
356329457
356356517
356709394
356720793
356929538
357153988
357285683
357350909
357360085
357386283
357397383
357675517
357778542
357786588
357914982
357976016
357991943
358001767
358100601
358101020
358135524
358248559
358277924
358319571
358437054
358507766
358648029
358668793
358737712
358845742
358945392
359030118
359138133
359198020
359439760
359506133
359571300
359630621
359781876
359837353
359837886
359892322
359978283
360004826
360229078
360295857
360304522
360395979
360453356
360475421
360488140
360538501
360614375
360930956
360984402
360999507
361133340
361250432
361334432
361520532
361538269
361578186
361640522
361650032
361749059
361828634
361839482
361871121
361900027
362048781
362193416
362229782
362324374
362364664
362531211
362574812
362781264
362829909
362875476
363349926
363425935
363491755
363567924
363576661
363616644
363797258
364092271
364124214
364187647
364193751
364436343
364573883
364761967
364911171
364922096
364946651
365038786
365123318
365175222
365240340
365249608
365269691
365415993
365458799
365606422
365722761
365921448
365999792
366095156
366114075
366203724
366328941
366367339
366385163
366387047
366582497
366743198
366763916
366812135
366838924
366966422
367145848
367254528
367319885
367456547
367579089
367625800
367649318
367744242
367744532
367806521
367808203
367821384
367832542
367833393
367925901
368141074
368334686
368388439
368434195
368557185
368571851
368673062
369132717
369220238
369323677
369353498
369548434
369656945
369805046
369858091
369981141
369998423
370001421
370027656
370062546
370095707
370182082
370287540
370447476
370474661
370505315
370578338
370643984
370969846
371025288
371039624
371111025
371114807
371168914
371263278
371279953
371330816
371429806
371485519
371489662
371654856
371682337
372021145
372027544
372133195
372542217
372863014
372874805
372937979
372995221
373107952
373120675
373213910
373733702
373849619
373983915
374186950
374316810
374372335
374402498
374424705
374509546
374537378
374587777
374748194
374772387
374790098
374816593
374936607
375142886
375181221
375237422
375351488
375394523
375572195
375750774
375913058
375966580
376002214
376009706
376012437
376061283
376188728
376222796
376233170
376289355
376337852
376502318
376845545
376961000
377029569
377228842
377297542
377320866
377374451
377451317
377463196
377703224
377851193
377854823
377868373
377881937
378219061
378353188
378401703
378471279
378519466
378567016
378662608
378712368
378869959
378978158
379151846
379269556
379283176
379446560
379730426
379799225
379812865
379879371
380045881
380358024
380381651
380391538
380412819
380507395
380546814
380552584
380580217
380804259
380812757
380850413
380872313
380877886
380918021
381044252
381146100
381150136
381246702
381303909
381326762
381350545
381650476
381833491
381862104
382138888
382207479
382373165
382465514
382741972
382844145
382887708
382893415
382926004
383007721
383179142
383307915
383561220
383754756
383790914
383909579
383963093
384120240
384224423
384287062
384311876
384422999
384552180
384676208
384761410
384891816
385050551
385053195
385182067
385286056
385346965
385655719
385720974
385749078
385776289
385776445
385784959
385815345
385822681
386134450
386234665
386244334
386326763
386351057
386583110
386675349
386690023
387039428
387115785
387620522
387676682
387872230
388036128
388242170
388244933
388278527
388461272
388712201
388900192
389095287
389188340
389535791
389701491
389792629
389839898
389869393
389871065
389872651
389873570
389891123
389919907
390290817
390370001
390374232
390502299
390562179
390677850
390747045
390768625
390883040
390895051
390912081
391123923
391178819
391191035
391215839
391234528
391303191
391380431
391397138
391445206
391500579
391597748
391969915
392153081
392268664
392425431
392658881
392794562
392914560
393076281
393165222
393207529
393356084
393454714
393467739
393688909
393858071
393912472
394062604
394214770
394238846
394281654
394324292
394402573
394442086
394449763
394483356
394536531
394621245
394682004
394805364
394849481
394868424
394904706
394976958
395051839
395058400
395359995
395367407
395582315
395739892
395820328
395920122
395984411
396413985
396440189
396687864
396797805
396819775
396931581
396936253
396994296
397154402
397219417
397231116
397281367
397291542
397295531
397366050
397392299
397460457
397591245
397598157
397729281
397954796
398040294
398066592
398174716
398242419
398273078
398302277
398495710
398570762
398771887
398797753
399265341
399872824
399874455
400007487
400090149
400096741
400163789
400349490
400431334
400446849
400478648
400555897
400617531
400950291
401418072
401674422
401677017
401679322
401772838
401848464
402358349
402363337
402391919
402452512
402557608
402788055
402895477
402914223
403019654
403237647
403521611
403551819
403652498
403785670
403833623
403973227
404110554
404207981
404265662
404296861
404424048
404454414
404546340
404670513
404741444
404803806
404815155
404881823
404921966
405154656
405154970
405293029
405319424
405395687
405696935
405734768
405763783
405865681
406163425
406190350
406304892
406472019
406484622
406491761
406511479
406684372
406694739
406804616
406837978
406909823
406943901
407058051
407092063
407110957
407337695
407429345
407455102
407688581
408321656
408378145
408460020
408468893
408513873
408532075
408547397
408604880
408633222
408671275
408853188
408924044
408994384
409004640
409017801
409084394
409138275
409225392
409424456
409595472
409607323
409760147
409892968
410290199
410453839
410495888
410525031
410644342
410713054
410864639
410933528
410954977
411085813
411139759
411153753
411267042
411294339
411441349
411509896
411541810
411623608
411701497
411722537
411842328
411917209
411991083
412213644
412249971
412386789
412414565
412532785
412603588
412651643
412853749
412957725
412976240
413041748
413143776
413150837
413155063
413157285
413199602
413233926
413329146
413507771
413670829
413780684
414011576
414024357
414032446
414384818
414458228
414609276
414644621
414675559
414687907
415063747
415068313
415236154
415396179
415462987
415499381
415532624
415678163
415960484
416138803
416341163
416657057
416681962
416785143
416788817
416802277
416831761
416937097
417013114
417040760
417071726
417230359
417304298
417315804
417653437
417855771
417874420
417906844
418139886
418244908
418248453
418268704
418422334
418595679
418692455
418741781
418811856
418876824
418879144
419063739
419191939
419357745
419522597
419909380
419955837
420201066
420284735
420350293
420350876
420442574
420719174
420721448
420749525
421074996
421092185
421313184
421394261
421662616
421734731
421935245
422454960
422508947
422549163
422627444
422657779
422696363
422701828
422822545
423145961
423258236
423389837
423466794
423499499
423549898
423556524
423633459
423682214
423945279
424234960
424255887
424333362
424682278
424692149
424710185
424735050
424844693
424970995
425094973
425150493
425213166
425241847
425245097
425354387
425719385
425746424
425810731
425837010
425871158
426209688
426264208
426501485
426702751
426705906
426764335
426912548
427124878
427180680
427389565
427518333
427728827
427784082
427981592
428092724
428137280
428415140
428434473
428561391
428693979
428694371
429029788
429189555
429193535
429196522
429214879
429383611
429421725
429428359
429504242
429658992
429682442
429891196
429912842
430040265
430345328
430350756
430708146
431027984
431069353
431078322
431095326
431162867
431177437
431238889
431350106
431415763
431443997
431813233
432029523
432076090
432108148
432380742
432470481
432540215
432586875
432633465
432736518
432873168
433020586
433038587
433039014
433108769
433115707
433125237
433141336
433638566
433684087
433742746
433759678
433828125
433923078
433997194
434042858
434134554
434277952
434318542
434343294
434477124
434569691
434612343
434631101
434936582
434987073
434998620
435110482
435265847
435346171
435390259
435496160
435726151
435744295
435754815
435790224
435810204
435826817
435838215
435968713
436001645
436045242
436092037
436123931
436175204
436188033
436240788
436264095
436489904
436494074
436870781
437025443
437031557
437039871
437083930
437129124
437162265
437165162
437261056
437269099
437360929
437424913
437688912
438034902
438087473
438144137
438198381
438361208
438423311
438449174
438499789
438778630
438809753
438900725
438906690
438915050
439002723
439008826
439275877
439288341
439291256
439293972
439331920
439374350
439409707
439566405
439795625
439871205
440037561
440040498
440066293
440186032
440410397
440525188
440621229
440625588
440678454
440689047
440691860
440791606
440865622
441052778
441167716
441330711
441413063
441459171
441593976
441612395
441680664
441749633
441962364
442016638
442036279
442282936
442355924
442358262
442448416
442508629
442511893
442907054
442920029
442922162
442975714
443046093
443063372
443424257
443484922
443508640
443547494
443565652
443596117
443601842
443642225
443777802
443914598
443949546
443951886
444051624
444081206
444081493
444682497
444801791
444859073
444900139
445074475
445190063
445211054
445301113
445341592
445411628
445731976
445937592
445994422
446033392
446271732
446274711
446382174
446523425
446616158
446690521
446716592
446748335
446816460
446893906
447013554
447354626
447389981
447400168
447732224
447757396
447815851
447874467
448020948
448137784
448228305
448423884
448595869
448615654
448824476
448985976
449134314
449174182
449186433
449202551
449407844
449489175
449709900
449913245
450011480
450239772
450499350
450564427
450765441
450812328
450918861
451064026
451219773
451260196
451315276
451469183
451559369
451743959
451789933
451861712
451901024
452258799
452635503
452885632
452891040
452895477
452998082
453110178
453237692
453395283
453454541
453760836
453771395
453861622
453885907
453891283
453914199
453984746
454010963
454028903
454058163
454177833
454196145
454260287
454267865
454324937
454418251
454430530
454441870
454564427
454577268
454873811
454924561
454947205
455022768
455094738
455166424
455493857
455506036
455616584
455634505
455679723
455730015
455741942
455777901
455872574
455921674
455942189
456016218
456035389
456092363
456168024
456212668
456290226
456328495
456426838
456520931
456525352
456621039
457043603
457060081
457188016
457284014
457307149
457311504
457379381
457451016
457655944
457889486
457931837
457987001
458168190
458294353
458320761
458376433
458397356
458479736
458505739
458725550
458787149
458841986
458854252
459363568
459387595
459409001
459427161
459487648
459562316
459723073
459816103
459843422
459849766
460143145
460193424
460201037
460221148
460255119
460379640
460421243
460454859
460461206
460667417
461013951
461059287
461108976
461127571
461147207
461153591
461188902
461214759
461435077
461560925
461731852
461796299
462018923
462044780
462053934
462165966
462238984
462322355
462439040
462520196
462609741
462691498
462753551
462802034
462885518
462898901
463024007
463079815
463156172
463232797
463234939
463447206
463496350
463534985
463552005
464005847
464116566
464381204
464596154
464880347
465016516
465201727
465259771
465297202
465369474
465480340
465499805
465532225
465569696
465586044
465616157
465688127
465774470
465878462
465892497
465976372
466077067
466382484
466480440
466558702
466690928
466809375
467149779
467223409
467232922
467295463
467313045
467439841
467441850
467487210
467623770
467637327
467639171
467783549
467796251
467807283
467874405
467907793
468314191
468314332
468503782
468639181
468715494
468895521
468964126
469057151
469145324
469161328
469191773
469244457
469331920
469589121
469716562
469761152
469956221
470060730
470105901
470122503
470240973
470342569
470427516
470591890
470736973
470970276
471224626
471286604
471325947
471341177
471515264
471552325
471989549
472027643
472099641
472381060
472444368
472511526
472591711
472801724
472842288
472875092
472921295
472937170
473091406
473236512
473529269
473579990
473679591
473696555
473943833
474010846
474059313
474063756
474099594
474201625
474457455
474555407
474561900
474626540
474640304
474812794
474824831
474906397
474930238
475040553
475135535
475141268
475266993
475326806
475341944
475359222
475623616
475877783
475956838
476031400
476054353
476138782
476238411
476423910
476655404
476760389
476797216
477033364
477194957
477305046
477364521
477483244
477605014
477773043
477801574
477836098
477880877
477903382
478023219
478028956
478155546
478205558
478254855
478393488
478483389
478565112
478586638
478609899
478621990
478625414
478677397
478716306
478758597
478832991
478945024
479202334
479266319
479422299
479548948
479784243
479854689
479938288
480065795
480130302
480138468
480183093
480189778
480190095
480217940
480333830
480417820
480458598
480603441
480711899
480791518
480797152
480862345
480949264
480952231
481012419
481109647
481322474
481426588
481479541
481551686
481773050
481809521
481911795
481960029
482017131
482098617
482104856
482449999
482480965
482537457
482664742
482676133
482707080
482772258
482892251
482906645
482995972
483056846
483136104
483311665
483320213
483472880
483589185
483675210
483704065
483809030
483950096
484072361
484100830
484181922
484194705
484200861
484215020
484294071
484460609
484584437
484776138
484782930
485272640
485278336
485340894
485630243
485636267
485791027
485832376
485839557
485941074
486025144
486040600
486101188
486384620
486409515
486414551
486601085
486649550
486837302
486981490
487183358
487209216
487406626
487431477
487479500
488012965
488017696
488046970
488051730
488099994
488113249
488476129
488562490
488652042
488718027
488779160
488813027
488822692
488905009
488925869
488958371
488958579
489201320
489232750
489345892
489465280
489476915
489498278
489803935
489891320
489939508
490024712
490046406
490073375
490153420
490177587
490260526
490405233
490487031
490492297
490691478
490787274
491132896
491147391
491326765
491358680
491451623
491515243
491646630
491670035
491670673
491868200
491970689
491996052
492111941
492217075
492228643
492293696
492398237
492402527
492418356
492630249
492675568
492908735
492933037
492940768
493392739
493460587
493469159
493508274
493648300
493804966
493908380
493924828
493999632
494021442
494046763
494112794
494171396
494286230
494501198
494571946
494779731
494846815
494893596
494919233
494953223
494982224
494987751
495010605
495141781
495168069
495373253
495401392
495555093
495926256
495974263
496015511
496072892
496103261
496112875
496275815
496354687
496414539
496446818
496870357
496873270
497136759
497157659
497178066
497202235
497339228
497437935
497451678
497808729
497828401
497992211
498041316
498095698
498381621
498749885
499048694
499073585
499127855
499138561
499156763
499191216
499317160
499446791
499523815
499969352
500011029
500057398
500174930
500189920
500283032
500302174
500493456
500808531
500854026
500931647
500969389
501037137
501187725
501492059
501847666
501937528
502313205
502336089
502591100
502776655
502894139
503138598
503492295
503528113
503937851
503958075
504143656
504174121
504266584
504415278
504478350
504629573
504632658
504651811
504863850
504936055
504997422
505248603
505306924
505442218
505483441
505588714
505673152
505705185
505718261
505814031
505826036
505868697
505910801
505980835
505995957
506060439
506187880
506291402
506319252
506426798
506481706
506482308
506571210
506600444
506665692
506723921
506824800
506837736
506940324
506998344
507007207
507032542
507112184
507179021
507326942
507539678
507608481
507675034
508077637
508119296
508148006
508277795
508494305
508636003
508651013
508655816
508809667
508921141
508996771
509063733
509608104
509682636
509787282
509938937
510334320
510421521
510450346
510470192
510493623
510682179
510784488
510802960
510858567
511083747
511104900
511112986
511150274
511530237
511828620
512010116
512051413
512124520
512144334
512211266
512291113
512504651
512508692
512521450
512561967
512589872
512852105
512955704
513030968
513066033
513100480
513505580
513545443
513777098
513811489
514023980
514120320
514157797
514474988
514509030
514579490
514736200
514844273
514952880
514971452
514994333
515040154
515391273
515480823
515604934
515612090
515642070
515814249
515827075
515890602
516051163
516136249
516360540
516437882
516466897
516558096
516673577
516766290
516987431
517133856
517317098
517415943
517543191
517607907
517670837
517716783
517814525
517848577
517860653
517922308
517946003
518003480
518079550
518107234
518188999
518332297
518371509
518385131
518551065
518700891
518787645
518962149
519129912
519308813
519320467
519483432
519657890
519682692
519809849
519910770
519962558
520015647
520040347
520077133
520094560
520099185
520220855
520288558
520383961
520392838
520506501
520617919
520796423
520800334
520913918
520924567
521049854
521178459
521354787
521524341
521688619
521902192
521969150
522067255
522159275
522282758
522290941
522301683
522319826
522365824
522422050
522538723
522546482
522686127
522721852
522834528
522842840
523032348
523319601
523351554
523384791
523442496
523456366
523534419
523643634
523653286
523746004
523855679
523936511
523981988
524081866
524134366
524194870
524246852
524330673
524473402
524618043
524629952
524824537
525069046
525137838
525149345
525362447
525457968
525472919
525614679
525736007
525826666
525841195
525863771
525935569
526105006
526119724
526240264
526247370
526668591
526694219
526711174
526779943
526877766
527011099
527111355
527201648
527234639
527293071
527552883
527668506
527700931
527860555
528055765
528112646
528128535
528178781
528231550
528291897
528373006
528503754
528783225
529068909
529368032
529436186
529471987
529600694
529779954
530294327
530320012
530331386
530400819
530582975
530610923
530688784
530727648
531596814
531632957
531727060
531741100
531819903
532452825
532506021
532623852
532636152
532947191
532990417
532999091
533009035
533032015
533050768
533167575
533504261
533592758
533672999
533834669
533860707
533861178
534174069
534180542
534218194
534224835
534226225
534276047
534315886
534474683
534645284
535036770
535052477
535068402
535085552
535107650
535121581
535371561
535375440
535571939
535651837
535658470
535745656
535823492
536265131
536450963
536657662
536670612
537109509
537199699
537261881
537266494
537343768
537360394
537450315
537465271
537481936
537620603
537715195
537945743
537958820
538005133
538041767
538131653
538214587
538267619
538377299
538438501
538576162
538629859
538644947
538675392
538765777
538890148
538980045
539104557
539119772
539521087
539537148
539573137
539609576
539645229
539721408
540012012
540038259
540119183
540120837
540176392
540206791
540339337
540392485
540432209
540758070
540771927
540773007
540857894
541012511
541029711
541215658
541236180
541275883
541284499
541784705
541814096
541856209
541930807
541968071
542228152
542295893
542361045
542412361
542702799
542848753
542949216
542955754
543127687
543255323
543284882
543383470
543531037
543536172
543539275
543561550
543651326
543702444
543747436
543773865
543866406
543931512
544009730
544074369
544156232
544159171
544303373
544525916
544666179
544702302
544774201
545060920
545079631
545141452
545201492
545358426
545765099
545819218
545884232
546032759
546197569
546295149
546295680
546803535
546923007
547223509
547267568
547311591
547352903
547378706
547488080
547903871
547917580
548031363
548142799
548277427
548429441
548445572
548489336
548739040
548763971
548866460
548944635
549049073
549163536
549191679
549251637
549473619
549482478
549502736
549529996
549945827
549951100
549967519
549997181
550036124
550410500
550411655
550515436
550670257
550776926
550961683
551026410
551042608
551274271
551517628
551552621
551737484
551737582
551762004
551907721
551945940
552144173
552269298
552327077
552441590
552467188
552473121
552525664
552562261
552909149
553180153
553196008
553279030
553286814
553358485
553601353
553714219
554277111
554398227
554421832
554450374
554553938
554571755
554583961
554675670
554700517
554774383
554848405
555423233
555528187
555539297
555654254
555695025
555752051
555760312
555866731
555892974
556172441
556272702
556510090
556525863
556541908
556563330
556624986
556742138
556836086
556862478
557273633
557306771
557369863
557419026
557443939
557532027
557688409
557692094
557705060
557739564
557753735
557916125
557965775
558159438
558160327
558258869
558264882
558355034
558449307
558467575
558502852
558551905
558684520
558798904
558867381
558879761
558958268
558961680
559003159
559034118
559062212
559110179
559144166
559174469
559221403
559272506
559323682
559595764
559695918
559739255
559846665
559909703
559920555
559999785
560119500
560126505
560189961
560290582
560376649
560528958
560676581
560686229
560791438
560796489
560844218
560981533
561073838
561138218
561922486
561993081
562094011
562117055
562195048
562405169
562612922
562641572
562647102
562884537
563082559
563186982
563270816
563323896
563391475
563400387
563559456
563718773
563757282
563768011
563802638
563851945
563928331
564008429
564116026
564204603
564258038
564324462
564420273
564464757
564623943
564635223
564841551
564905375
564982170
565108598
565137272
565305199
565472833
565494439
565547474
565723887
565742487
565766414
565870125
566165574
566187079
566244180
566329472
566336301
566626195
566680782
566700280
566765457
566831163
566881370
566971397
567111241
567484230
567828512
567836613
567986279
568154848
568221775
568322207
568410461
568434234
568599953
568605148
568636555
568688985
568784383
569046436
569083190
569121493
569432959
569674938
569896485
570084274
570167218
570305989
570340547
570481958
570551032
570556066
570728921
570867416
571097886
571619315
571934530
572175127
572194789
572202845
572290235
572300480
572376017
572433568
572435436
572469532
572717125
572753453
572796260
572857793
572996019
573028510
573041261
573194022
573246790
573248608
573273550
573432558
573628993
573688935
573711395
573714838
573783726
573915562
573938783
574067599
574127491
574129593
574158234
574182887
574241316
574294425
574310908
574340270
574342450
574343677
574436111
574457102
574458129
574531613
574577977
574641027
574793611
574979430
574985630
575141137
575359746
575370772
575390130
575404788
575671588
575699813
575795176
575808287
575884058
576044729
576057681
576130563
576452313
576538453
576539321
576629401
576680932
576915199
577108342
577382867
577386516
577387220
577472418
577592622
577905708
578212421
578416129
578417726
578558896
578644109
578882288
578886832
578887385
578893191
579220451
579229121
579359524
579531981
579572142
579623367
579645497
579758034
579953171
580022391
580036760
580161801
580427686
580431591
580452423
580498299
580501179
580665010
580832322
581049547
581121491
581137064
581144996
581322338
581420502
581497772
581554350
581594540
581733737
581764340
581815699
581851915
582030713
582085355
582340794
582793020
582837286
582857957
582929566
582934535
582952567
582956922
583131709
583267974
583338274
583481374
583645239
583709054
583873055
583885277
584023503
584177160
584241974
584276309
584406413
584446167
585157700
585168264
585373644
585424869
585489680
585662479
585912390
585990299
586013276
586031619
586145405
586338056
586356746
586658503
586698247
586760393
586961042
587028912
587243414
587319594
587578201
587584435
587721143
587733517
587767766
587789463
587814124
588009314
588083142
588224085
588382046
588406705
588541917
588566942
588624522
588709736
588750120
589001831
589014920
589031069
589349765
589350783
589375041
589735430
590097221
590128494
590187839
590233904
590275322
590325310
590629001
591085503
591126682
591205319
591226776
591394767
591514908
591518459
591525464
591786079
592044297
592195175
592212881
592254106
592272040
592294673
592336896
592494585
592591432
592830034
593097315
593099952
593128023
593182576
593328566
593333097
593427404
593437988
593591533
593600023
593688001
593721954
593771805
593781902
594126624
594219218
594484376
594546309
594548135
594728004
594892603
594918889
594923332
594956515
594991730
594993813
595235411
595244995
595437593
595491152
595764372
595857647
595926039
596026454
596261537
596558304
596674248
596702606
596931624
597019646
597110820
597169254
597174900
597188363
597554211
597684973
597751753
597817071
597898522
598014468
598046118
598286388
598414270
598663259
598788558
598828610
598920707
599055008
599092210
599120547
599133401
599199035
599292893
599364601
599420620
599504714
599556525
599566926
599598276
599873148
599942370
600269433
600320732
600404542
600454541
601024196
601156218
601289398
601458124
601562800
601580657
601627767
601644319
601870743
601903684
602026328
602083380
602223708
602273214
602390431
602719208
602745878
602954179
603110933
603297401
603377337
603423316
603454711
603468611
603483458
603750310
603941744
604217411
604436040
604449509
604453178
604813935
604856171
604999088
605173268
605225906
605289356
605403010
605467840
605664719
605751077
605791029
605799008
605823201
605829603
605853368
606160079
606529921
606641023
606669154
606857391
606940542
607104102
607132977
607458319
607501891
607571573
607592441
607629978
607788483
607849944
607923925
607933725
607976373
608002263
608010640
608323090
608382783
608400630
608701813
608702578
608823193
608846050
609137018
609198794
609387324
609469892
609555538
609602272
609646576
609842758
609846799
609875759
610069571
610131604
610163257
610231472
610367686
610369429
610473143
610491621
610695094
610697833
610711561
610712289
610734510
610815115
610917034
611410181
611502546
611568843
611577540
611635028
611667157
611722323
611733073
611747623
611778238
611797154
612088773
612376211
612674794
612794048
612998244
613234949
613373475
613397975
613581620
613595704
613617677
613712795
613732119
613823174
613853643
613854070
613887739
613956975
614001133
614022852
614217065
614242655
614273823
614379490
614559349
614721116
614948167
614967973
615059758
615076803
615100138
615456273
615697605
615920777
615931364
616233742
616868409
616873938
616976862
616989994
617075526
617144767
617336077
617528027
617567311
617604214
617675002
617753549
618050696
618071756
618325002
618400354
618435716
618450499
618601528
618669429
618775792
618803050
618877142
618940540
618946496
618988212
619422684
619429321
619591181
619799104
619902682
619977500
620065175
620142020
620142103
620273697
620276705
620318642
620392856
620541443
620655525
620808805
620993901
621040982
621074207
621106256
621128024
621150315
621248172
621407958
621498004
621500478
621789334
621789459
621998299
622004545
622244105
622341655
622380690
622485321
622634908
622654658
622790389
622906291
622991381
623022862
623255624
623287697
623497960
623646527
623831447
623977473
624024009
624025481
624117732
624178558
624216186
624225595
624231943
624350351
624382925
624544301
624627073
624685420
624752144
624815251
624837002
624898628
624913155
624979361
625155147
625294045
625550700
625884725
626069090
626115699
626302152
626322087
626336695
626435497
626499241
626522121
626586449
626640939
626704430
626758871
626988649
626993930
627013153
627030176
627234667
627273005
627314538
627377430
627448915
627460891
627468111
627970233
627985889
628259854
628267376
628268529
628340404
628376167
628403941
628468814
628512452
628551636
628582003
628691382
628741271
628820706
629020384
629156671
629283900
629334708
629394221
629413181
629444369
629686446
629860352
630203705
630227002
630302267
630378531
630400689
630644801
630653203
630703436
630747510
630949264
631001632
631042107
631063676
631067106
631099907
631243108
631278838
631427731
631497708
631552011
631554695
631710309
631801592
631807607
631951452
631968428
632184671
632500185
632553000
632682864
632827191
632861293
632880000
632892575
633076390
633099622
633245928
633359437
633449823
633458464
633532823
633744936
633885777
634026283
634046642
634074523
634199934
634407238
634531243
634697446
634834781
634851084
634900901
634991711
634996552
635039279
635142738
635149255
635172019
635258725
635272417
635756905
635854734
635911634
635941561
635967898
636047173
636084689
636139148
636440089
636502479
636502848
636611063
636971540
637006173
637183284
637320583
637329732
637409410
637411289
637604664
637675976
637851572
637897219
638097979
638110852
638129093
638161905
638463019
638482809
638505659
638676139
638799741
638800747
639398391
639540542
639548135
639685129
639756205
639847635
639978218
640066337
640088199
640202256
640260889
640315612
640432672
640452396
640499673
640548694
640557564
640583406
640624001
640713526
640744379
641348748
641350166
641352854
641369636
641437930
641473711
641721505
641752494
641795079
641846284
641882157
642064298
642584010
642606194
642676853
642702039
642827493
642838142
642841583
642869110
643015304
643124680
643517949
643558630
643648539
643659248
644145315
644265974
644347134
644628107
644835147
644978630
645155715
645187182
645197110
645294363
645768096
645802102
645844705
645982198
646288814
646493111
646564231
646581096
646603234
646608714
646626861
646642630
646782486
646801190
647058312
647107362
647120800
647125858
647210985
647216872
647404831
647648934
647950864
647990149
648097147
648281293
648346838
648422930
648624062
648697596
648820971
648838212
648869712
648898223
648924850
648983016
649183250
649380031
649487993
649541271
649619513
649854775
649994477
650084223
650090912
650150873
650228460
650252012
650262056
650387363
650468802
650593507
650595623
650652047
650871359
650998213
651017034
651077002
651137040
651162982
651202484
651274175
651438358
651459767
651493225
651753696
651879273
651907558
652169591
652171548
652347987
652452988
652508834
652533713
652638005
652700674
652766565
652981356
653087308
653331642
653332666
653371141
653382257
653485434
653677875
653809623
653888301
653996566
654062622
654072868
654194072
654215562
654248471
654250322
654391946
654565660
654751236
655335541
655352105
655361464
655428891
655564766
655645050
655710177
655739719
655846541
656100268
656129651
656141216
656421495
656522786
656637901
656658914
656708910
656719259
656887800
656931823
657095334
657132222
657154770
657161723
657279706
657702329
657833744
657835650
657951687
658305171
658326458
658720988
658759950
659076644
659198010
659382807
659477828
659664110
659736710
659878943
660021146
660028907
660369656
660426422
660468560
660648866
660673254
660680868
660773796
660898933
661034440
661049399
661081277
661396642
661600146
661853968
662126443
662270270
662284464
662330278
662373290
662377723
662602780
662605913
662768588
662801408
662863348
662918713
662966981
663236067
663268423
663271205
663350048
663457853
663512904
663570567
663811033
664024229
664265351
664344064
664357350
664427963
664557764
664645160
664660779
664705305
664810593
664860799
664870318
664895203
664978252
665114950
665137125
665198353
665221383
665259348
665335254
665466654
665503867
665667288
665707217
665795321
665936602
665943737
666046236
666154410
666208105
666250205
666324342
666392349
666439411
666591485
666740577
666809903
667108480
667127643
667202535
667287426
667296979
667299218
667416634
667519356
667739334
667805798
668070018
668107884
668296041
668357745
668363297
668432309
668599765
668664482
668731126
668797408
669038431
669079986
669224762
669269831
669397823
669524150
669888148
669924936
669953805
670211415
670267570
670316369
670397994
670414337
670487709
670508183
670524457
670563621
670653931
670670994
671080514
671083775
671099948
671230841
671273700
671292907
671360492
671389563
671408982
671413845
671475051
671498137
671803275
671813036
672048370
672141689
672296595
672433047
672641026
672691061
672742775
672816141
672867099
672978160
673075360
673195907
673322348
673446020
673494718
673963525
674040169
674197263
674206920
674208119
674428032
674661693
674710767
674764528
675065657
675097658
675133889
675204933
675256326
675299230
675384074
675845268
676020133
676033733
676149933
676419544
676455258
676489425
676548709
676567603
676579652
676664213
676707838
676893146
677062859
677196955
677247471
677447197
677486817
677569476
677650318
677663267
677769775
677778059
677822483
677859010
677920395
677981951
678019192
678030743
678034328
678243266
678350599
678639615
678667973
678740522
678812466
678827502
678986945
679093764
679197968
679229860
679260905
679364791
679445766
679486122
679496073
679511774
679525037
679616874
679776504
679926711
679975916
680063741
680080224
680334862
680473301
680531959
680581948
680879081
680882857
680936521
681101781
681244162
681305182
681305815
681561599
681977356
682267590
682538256
682848693
682905301
683182991
683229073
683436301
683605825
683621898
683644341
683677665
684216669
684242647
684378179
684431279
684640451
684687923
684838733
685107941
685221101
685238997
685329748
685527165
685531694
685614818
685647695
685732276
685810562
685952119
686015202
686123112
686242248
686292905
686389160
686489773
686641385
686904294
687266727
687348288
687410290
687447487
687454063
687465200
687503288
687518774
687711410
687841353
687857475
688032281
688072546
688362653
688595240
688790707
689032867
689112257
689119946
689182821
689233116
689325017
689358308
689383042
689518921
689568608
689780457
689847486
689905631
689951221
690132603
690196675
690305554
690342645
690353385
690396923
690488158
690578096
690978129
691104903
691128735
691204657
691253408
691285195
691525135
691701557
692416500
692502280
692556436
692645922
692717676
692745285
692808074
692816338
692909080
693011261
693203246
693217410
693229858
693410135
693644608
693657465
693817680
693899020
693974921
693985962
694004805
694045580
694103529
694275966
694301812
694304442
694510874
694754273
694808696
694867562
694919209
694970209
694984725
694989474
695044282
695313023
695609716
695652253
695799896
695805640
696293741
696405452
696460645
696525850
696536018
696634449
696648094
696680425
696886893
697464074
697517691
697628371
697721017
697745533
697876891
697968154
698040789
698124626
698161033
698192266
698358638
698389699
698644510
698762162
698829619
698839750
698870276
698882830
699194930
699224580
699231631
699340298
699426480
699439241
699453880
699504560
699692325
699809437
699903086
700069703
700307437
700551193
700613945
700646125
700682815
700809637
700921312
701382551
701537096
701561319
701734809
701873189
702049337
702090901
702218039
702401381
702424269
702485954
702615658
702656191
702708946
702748685
702808043
702979845
703110514
703206232
703440630
703499792
703832175
704025949
704057512
704131780
704152144
704213685
704527388
704575102
704604190
704655220
704672911
704751309
704783737
704856524
704947737
705086475
705166558
705430866
705452034
705513838
705528824
705681732
705850686
705927011
705933048
705951738
706087072
706143561
706190165
706196572
706281741
706298982
706425082
706542181
706554039
706731591
706818784
706861722
707235805
707358033
707419507
707635161
707651042
707663631
707684691
707886162
707921339
708014474
708018897
708122069
708294823
708489497
708789574
708832068
708981121
708988010
709008616
709079600
709103056
709284443
709334054
709409107
709527019
709552752
709596921
709625789
709653249
709743931
710063538
710068824
710074221
710174945
710321791
710325384
710592339
710661986
710723212
710755453
710847527
710867313
710918247
711162327
711180552
711195502
711208912
711470391
711555204
711612538
711717640
711801434
711858436
712035579
712095607
712176789
712234728
712329043
712429385
712476362
712522625
712690290
712774935
712808617
713242829
713388876
713425777
713534243
713535232
713537662
713582733
713649599
713758360
713874386
714155832
714245512
714328579
714425151
714528330
714582029
714677931
714702238
714892704
715094013
715288204
715296447
715304520
715362442
715480326
715606321
715649999
715782477
715859803
715970898
715981155
715994227
716051426
716487898
716517239
716535461
716572053
716743311
716761707
716766624
716971320
717009261
717074108
717091510
717216029
717272490
717407485
717469008
717565794
717578108
717835833
717893513
718219920
718453070
718469818
718532886
718589261
718741203
718748279
718865303
718890718
718934972
718983732
719057275
719091173
719172754
719245144
719325727
719384260
719419435
719500260
719517227
719526679
719572682
719579204
719608107
719800640
719866922
719972737
719991863
720508292
720539130
720595954
720657856
720667303
720827845
720898569
720955198
721083767
721108692
721403941
721498158
721726357
721820727
721837619
721936057
721989073
722024742
722371955
722380688
722399743
722539622
722791591
723267050
723451375
723494263
723913571
723966467
724208936
724241425
724265298
724268390
724291746
724580835
724585458
724586785
724587554
724659887
724675929
724965920
725114105
725455192
725527159
725614735
725764355
725803351
725857746
725896494
726017940
726051453
726191599
726324407
726356165
726487589
726512655
726556333
726710726
726722903
726727371
726749995
726861108
726992830
727025389
727043658
727122359
727267416
727296401
727350042
727485402
727496173
727806993
727816062
727848315
728030579
728033313
728069561
728269597
728319971
728455542
728637265
728673358
728854752
729247743
729409154
729421811
729425419
729559229
729696837
729780695
729784885
729864022
729914667
730121402
730482569
730574544
730673952
730797023
730932248
731217832
731329658
731422210
731470432
731590546
731624009
731632746
731953827
732078383
732126882
732162709
732163695
732267588
732287157
732337511
732381432
732842745
732874319
732939555
732941724
732954859
733067698
733071522
733138842
733274406
733337577
733414628
733566875
733586810
733710398
733818079
733880726
733930793
733934219
733938694
734026366
734150467
734431965
734466210
734500385
734766776
734833816
735011063
735066838
735085472
735262103
735312969
735407003
735457329
735528856
735552299
735770608
735808863
735830418
735954106
735959036
736118445
736124142
736294508
736416719
736763955
736876932
736963469
737593638
737623026
737704118
737727217
737796030
737797959
737803152
737991986
738006366
738300103
738314750
738434609
738578366
738628413
738666141
738806527
738824665
738975889
739125181
739168748
739205186
739274841
739277297
739383873
739510458
739825157
739855566
740026938
740055745
740103942
740178212
740391658
740635650
740723878
740734723
740753175
740810420
740868921
741018673
741203149
741262361
741301774
741441232
741685633
741718022
741753097
741827595
741971954
742261526
742270798
742281993
742342320
742531207
742803693
742924865
742939958
742960938
742971697
742986855
743056437
743196704
743570567
743631201
743680682
743683436
743886863
744023181
744067098
744096885
744500283
744572331
744707550
745047420
745271393
745382207
745671259
745912838
745956794
746017863
746018372
746032691
746036532
746169649
746266719
746270711
746277948
746354971
746403285
746755894
746795203
746884718
746926938
747137446
747183448
747398120
747499901
747589128
747681123
747919482
747998589
748088067
748366229
748442825
748641361
748744832
748757257
748770221
748781510
748833281
748878214
749022569
749147951
749255393
749345616
749913393
750030415
750045392
750088041
750120303
750217828
750232290
750235699
750407201
750518705
750546127
750604282
750628090
750703721
750772711
750789657
751029228
751099238
751119098
751145559
751157531
751498044
751516234
751834420
751843718
752064545
752073381
752099958
752142459
752179598
752357413
752431598
752601876
752848802
753018566
753030837
753217015
753439593
753640968
753666897
753672776
753803826
753823447
753824135
753826658
753836345
753890765
754054174
754083108
754177766
754181988
754209105
754294035
754319205
754430059
754462673
754506977
754724524
754743187
754803019
754845588
755048311
755112062
755435739
755512433
755875715
756016691
756037391
756092600
756114196
756139990
756281491
756339391
756402686
756460040
756789857
756825389
757116039
757190281
757284588
757368787
757424819
757467379
757634687
757684646
757711954
757755342
757918911
757990486
758036889
758390981
758714863
759028605
759058519
759119251
759279286
759371994
759554707
759752536
759816101
759929432
759942557
760227881
760246497
760278921
760306627
760390927
760497499
760812858
760853747
760867664
761188177
761664787
761693848
761745827
761801619
761910398
762035394
762266981
762458589
762603370
762612280
762719231
762781026
762851909
762908100
763014109
763075479
763131997
763251014
763321042
763391372
763433387
763532800
763659929
763691498
763840517
763865268
763981124
764006332
764012556
764031234
764149697
764172928
764180095
764241221
764306103
764435007
764536859
764621372
764666218
764692534
764728042
764962990
764976008
765100495
765300423
765347252
765553046
765733341
765954626
765956663
766187328
766262922
766265779
766572809
766732159
766773619
766782868
766902652
766916963
766993987
767143381
767201329
767227679
767228176
767323997
767661862
767719357
767829777
767918290
767924363
768019393
768124834
768338221
768378864
768385665
768608149
768709150
768755921
768783949
768907535
768937387
768958354
769050967
769255109
769262587
769372064
769437994
769507084
769545583
769716601
769912182
769985412
770006320
770107957
770124177
770175969
770352435
770389275
770429703
770497426
770592197
770609280
770609286
770872519
770977110
771267123
771369406
771435015
771703992
771707477
771733530
771806021
771810713
772146821
772282482
772384217
772392888
772444410
772573297
772701911
772728881
772750595
772760596
772852005
773112230
773114685
773188648
773213361
773226280
773245141
773357199
773390081
773760876
773767781
773798284
773815615
773882112
773984491
774012022
774019664
774029573
774063354
774074657
774306306
774625952
774679423
774740003
774876777
774877744
774896112
775224516
775356412
775359329
775492202
775623207
775658165
775741473
775784148
775831991
775844844
775877613
776052648
776086576
776236530
776338714
776517707
776940971
776983003
777198153
777305700
777599676
777626548
777628527
777839075
777934198
778056877
778101789
778116566
778388525
778553354
778632740
778767471
778896490
778898277
778914396
778971340
779072309
779086376
779413168
779459313
779740133
779761714
780028980
780085091
780167174
780171767
780208456
780255206
780622596
780680522
780789627
780794618
780910631
781067725
781229602
781298531
781363561
781440890
781459481
781496503
781547014
781626541
782068487
782294340
782569514
782826456
782948791
783002614
783005068
783243123
783388990
783491141
783618542
783622351
783831352
783908688
783999045
784042532
784059874
784136320
784193960
784218821
784230596
784257223
784270376
784400664
784405481
784422193
784570403
784650527
784697269
784749390
784793497
784903438
785125247
785126880
785284310
785533959
785539601
785564598
785712385
785727786
785767682
785813892
785893988
786071638
786150331
786190566
786243924
786317381
786391417
786508818
786559461
786634983
786691554
786702288
786861713
786871432
786990488
786995786
787069845
787195131
787236817
787489188
787784726
787940239
787943188
788113510
788373437
788453422
788595158
788898320
789346259
789415309
789707618
789750722
790061247
790159366
790255266
790282437
790285970
790474875
790793168
790831193
790868499
790998424
791097059
791234608
791365479
791548771
792160149
792211451
792225769
792239792
792318826
792521227
792596555
792931007
792980123
792980274
793046165
793070314
793231140
793312469
793619525
793781619
793961768
794045310
794073711
794110433
794154680
794157162
794175715
794263478
794335508
794340420
794379322
794558935
794590429
794610873
794696168
794724244
794734019
794755558
794770048
794803916
794836387
795110811
795219075
795292083
795299903
795319113
795423912
795437431
795480124
795696450
795702747
795796400
795876310
796089729
796106872
796290291
796319666
796373820
796399089
796965364
797332206
797829868
797879842
797962022
798293671
798305380
798360688
798378934
798463394
798502767
798506331
798732648
798784881
798877837
798879459
798968167
799047541
799081805
799096455
799837251
799892785
799913604
800154909
800287563
800299736
800430387
800452152
800498077
800502757
800542499
800586159
800643549
800670347
800730998
800917751
801025001
801234818
801342863
801362498
801501668
801513494
801774309
801789541
801832374
802240745
802269181
802544503
802645361
802792636
802891111
803311119
803334857
803436813
803451454
803569365
803630069
803638507
803830211
803836466
803887672
803945172
803953895
804118622
804254844
804259410
804416816
804455076
804509272
804627422
804643560
804656517
804789006
804960737
805078019
805439835
805697983
805711484
805864321
806052617
806500479
806562883
806622988
806746541
806784920
806858868
806962993
806984712
807001454
807036297
807044210
807079390
807081270
807148117
807216357
807238704
807278730
807429725
807668074
807751739
807758206
807922738
807939291
808049302
808134542
808157177
808347241
808489579
808543712
808602757
808705100
808738867
808746691
808746852
808865913
809115449
809417900
809453894
809504882
809634345
809740700
809861295
809917732
809981882
810182026
810218841
810221426
810278424
810426609
810514800
810684416
810694767
810723900
810839622
810856288
810963205
810963918
811012082
811022264
811051246
811056425
811168898
811230789
811396499
811483601
811626191
811699786
811922567
811991507
812063912
812145472
812161388
812365556
812374008
812502505
812522777
812809308
812826440
812864130
812889759
813140825
813191310
813391496
813730041
813964922
814188596
814311422
814616873
814672977
814709550
814996416
815019523
815040337
815068648
815124354
815133522
815223637
815372487
815448412
815527210
815804733
816040071
816201704
816263536
816312642
816339586
816458620
816574706
816597163
816671787
816741970
816826897
816828541
816979058
817032745
817042161
817094711
817122518
817184369
817205622
817274277
817284832
817452830
817507422
817645764
817746797
817776650
817913497
817992027
817993598
818100219
818330857
818479505
818492449
818529225
818565912
818615855
818720686
818888138
818917017
818920554
818968703
818999106
819081825
819118824
819163816
819246030
819312470
819404282
819409104
819428428
819472019
819482775
819577523
819616852
819669472
819698839
820110682
820125307
820171335
820275443
820275859
820376725
820444442
820445055
820754582
820884146
820898172
820916652
821153767
821216920
821334112
821453016
821545337
821761709
821833743
822003241
822016699
822147983
822255635
822298077
822341816
822383010
822451451
822470184
822532549
822555047
822665332
822694387
823179725
823203893
823294099
823337370
823423162
823613836
823621370
823775219
823895924
824018619
824046925
824069143
824118451
824210579
824299528
824361991
824750854
824829990
824974193
825403061
825459861
825564541
825574294
825976949
826022144
826031513
826170718
826231246
826244808
827424624
827466393
827607518
827780760
827830352
827856488
827904641
827963794
828053426
828109253
828114896
828208092
828263664
828513501
828526877
828549599
828589662
828612106
828678772
828898944
828900540
828988922
829039017
829148630
829231654
829383510
829413975
829435544
829464503
829551194
829813135
829828865
829875793
829885088
829944600
829977081
830075323
830188928
830368418
830387697
830527929
830558283
830563913
830570324
830596594
830730650
830812721
830831068
830963357
831262939
831398240
831416383
831523984
831546644
831552664
831597632
831675921
831698240
831770271
831787117
831921411
831984133
832029029
832103665
832159045
832349419
832453546
832467217
832499736
832537300
832556742
832586267
832718142
832882034
832895334
832926061
833088459
833188275
833236632
833331541
833658725
833758548
834045182
834363828
835099017
835103311
835170333
835224469
835371614
835408358
835581300
835596082
835717706
835753268
835902566
835980467
836058426
836133960
836213094
836396016
836500469
836514313
836599280
836668404
836776087
836850141
836898048
837114804
837219045
837278968
837452959
837541059
837548454
837560254
837567949
837593171
837631227
837751865
837794346
837812542
837974388
838106561
838119367
838133933
838451039
838525648
838608496
838723937
838788345
838829012
838919995
838930722
839044079
839102351
839489809
839493314
839573686
839589303
839593975
839651460
839954851
840112775
840201136
840418915
840456263
840490157
840542575
840783589
840822234
841294850
841502255
841534488
841582091
841647345
841648723
841777923
841824373
841897116
841966859
842052239
842072324
842289101
842401602
842481829
842543621
842647665
842905183
842958792
843076241
843237686
843627843
843697559
843721848
843740319
843799336
843884375
843956594
844003768
844019682
844083066
844097187
844342820
844911033
844929459
845160073
845162070
845287582
845594748
845655517
845660213
845670676
845946549
845973213
845997637
846026889
846055115
846313114
846487947
846502045
846703712
846752497
846803824
846823735
846962330
846980668
846994830
846997912
847052659
847273685
847275615
847314935
847319721
847337748
847400571
847400804
847428760
847490311
847672976
847899869
848045167
848157701
848170795
848176613
848228897
848328002
848329773
848342176
848350148
848386647
848777801
848784367
848893300
848971199
849007877
849135651
849159704
849196438
849237071
849338270
849522890
849638170
849642020
849656636
849689998
849846924
849856067
849891516
849911640
849954207
850068249
850126149
850210311
850386826
850434792
850494226
850566152
850661685
850759141
850776927
850788382
850805781
851238183
851723564
851773359
851796048
851815289
851883413
851901122
851908054
851933778
852037289
852360493
852384909
852422221
852525805
852550720
852586721
852605537
852823380
852846566
852851954
853133138
853133656
853229090
853261739
853391427
853398771
853506944
853845084
854060160
854209091
854461206
854522986
854739782
854855483
854920431
854977956
855148116
855185156
855186548
855194107
855315614
855316362
855558352
855621824
855701169
856009258
856065802
856163011
856186097
856194413
856327964
856354440
856410188
856880090
856906672
856991881
857110134
857128515
857221173
857324823
857490006
857491639
857516768
857518189
857560218
857608508
857620134
858182076
858254938
858365255
858501930
858573575
858623152
858668320
858808624
858922465
859087459
859262816
859438961
859509629
859527627
859585529
859633338
859698017
859710748
859944291
859994167
860276272
860379773
860571973
860638225
860658922
860737158
860741339
860860234
861169447
861356181
861428726
861478688
861506043
861538978
861561002
861583716
861666947
861692248
861717109
861764478
861773297
861859528
861888029
862048046
862128849
862186831
862255946
862421884
862500341
862558564
862621708
862837389
862909095
862965341
862970663
863128099
863206851
863339580
863413290
863638010
863884934
864306131
864369106
864382882
864405316
864541134
864600753
864637132
864825515
864833615
864838776
865036249
865145420
865238722
865352492
865428299
865432987
865467707
865562162
865669417
865739564
865789915
865816589
865926725
865954524
866022943
866064350
866076558
866162911
866283370
866567930
866579243
866668455
866693396
866998234
867176891
867186299
867212831
867261905
867764966
868066850
868110021
868127265
868183517
868448022
868523848
868538695
868572795
868640871
868679246
868718875
868918011
868963673
869005671
869010247
869083089
869120192
869267402
869304501
869429349
869455070
869481838
869763582
869786395
869921674
869930181
869933111
870119777
870125332
870441595
870467752
870536963
870573553
870609217
870679547
870750049
870771501
870781159
870800843
871016423
871029019
871034632
871035099
871047152
871152237
871476317
871584025
871616844
871747326
871943979
871985935
872087712
872088666
872382850
872673511
872884458
873070296
873188349
873210782
873280065
873476192
873481793
873497044
873658654
873796680
873867644
873946453
873996711
874242604
874332934
874362808
874502627
874633893
874731956
874786092
874806848
874868777
874869866
875011440
875019326
875227675
875345921
875358041
875413628
875506928
875922555
876189848
876216379
876242270
876288350
876382239
876590890
876595291
876610628
876655810
876658432
876800823
876945205
877017053
877033299
877203795
877212156
877242739
877481972
877766422
877771171
877857047
877926873
877947035
877978451
878198151
878268602
878509824
878538667
878569405
878664519
878664914
878719071
878750972
878776377
879285279
879470112
879785847
879868883
879968752
880056611
880169643
880234846
880589224
880602001
880720161
880749333
880780608
880866933
880922278
880933625
881033853
881053318
881184249
881270849
881339684
881398045
881485599
881490937
881638980
882071564
882105761
882154813
882188148
882461477
882586837
882631302
883012449
883026262
883057620
883094587
883267876
883290652
883391437
883440979
883461973
883553405
883665944
883714709
883879574
883882034
884461704
884549500
884649973
884691114
884723310
884736664
885261214
885296974
885418819
885534957
885919426
886180481
886341548
886348729
886550195
886564766
886590517
886607929
886817302
886872560
886977832
887036454
887113056
887200588
887213172
887279069
887347223
887500473
887874463
887881119
887965639
887996096
888052473
888155473
888188464
888215212
888250033
888325363
888675171
888718808
888841644
889044685
889078458
889362335
889487703
889601940
889645653
889840727
889939803
890021370
890098008
890211666
890263107
890274036
890403720
890467961
890646399
890653606
890957330
891066437
891148127
891223689
891287423
891302092
891329635
891331716
891394101
891402216
891471564
891480414
891539472
891643724
891655260
891720518
891724365
891772104
891820638
891836083
891866067
891900161
891963977
891964533
892176498
892181049
892319981
892351188
892522963
892540149
892637946
892759118
892843952
892908858
893028535
893031702
893101087
893120556
893181656
893194516
893281849
893318711
893389257
893423733
893776725
893798567
893808721
894018011
894146129
894146327
894211613
894224102
894270906
894494525
894661882
894729547
894770446
894793978
894877961
894957221
894969609
895020338
895199761
895238083
895423423
895541572
895559840
895570960
895749592
895895472
895913212
895960043
895991421
896412772
896426082
896475489
896515452
896633118
896745913
896857973
896864582
896878196
896889794
896946417
896963949
897309435
897447506
897536335
897572559
897584313
897618633
897627881
897691635
897737903
897828661
897876472
897903168
897906361
897923268
897931518
897978222
898135914
898323902
898412704
898742232
899048818
899091462
899104536
899155799
899213404
899242011
899329654
899338993
899507579
899596346
899601255
899976494
900068210
900185935
900325416
900460640
900736357
900918026
901013302
901157411
901258726
901273062
901332290
901340797
901500464
901557827
901689168
901850838
901859394
901866924
901876536
902566589
902682739
902741429
903164166
903308977
903411197
903430023
903472382
903503954
903716346
903764598
903935035
903989894
904001993
904030162
904195841
904198422
904253294
904534040
904545364
904583624
904625987
904749980
904751175
904817203
904944093
905053254
905079123
905370549
905463722
905681586
905702219
905901700
905946167
905951136
906081798
906122986
906133507
906152621
906188594
906191683
906199533
906305947
906397746
906530562
906552857
906630402
906653954
906753283
906757804
906864023
906879381
907066653
907194484
907206088
907678350
907719446
907746012
907747942
907780268
907783779
907850126
907877408
907922559
907987566
908105459
908125620
908227454
908652589
908693909
908697052
908730323
908882973
908894727
909020037
909067002
909166742
909212469
909216701
909239356
909373542
909629392
909631907
909749422
909758089
909791744
909793716
909926441
910139423
910185109
910216663
910391766
910532136
910551550
910989375
911137529
911167302
911172120
911290372
911333666
911471865
911690066
911822838
911833145
912009103
912074083
912205520
912334511
912350136
912538830
912575956
913000698
913159443
913174903
913233919
913404993
913623365
913713806
913820457
914090198
914155714
914220447
914272098
914285469
914445703
914470438
914580190
914666043
914995282
915190101
915243377
915442233
915456167
915512465
915828469
915830887
915910448
916055979
916077129
916629244
917111052
917211206
917355230
917469251
917638289
917794281
917870606
918042476
918173355
918292239
918388164
918393987
918452376
918485266
918572143
918711649
919011597
919054160
919078819
919128175
919458846
919497513
919531857
919535113
919550597
919558149
919589387
919635246
919786729
920038493
920280105
920360160
920551022
920562790
920635093
920635885
920778137
920845441
920855154
920879994
920932758
920943033
921131868
921255613
921364613
921411573
921529538
921545725
921747405
921809832
921832329
921947566
922118207
922142788
922172101
922177774
922267548
922428174
922612292
922695593
922782398
922960724
923101901
923199803
923232975
923272026
923321209
923374417
923514559
923598375
923831543
923869592
923875542
923890603
924097405
924151450
924151758
924256186
924280065
924344353
924354405
924720597
924735209
924767382
924827121
924863363
924921571
925023824
925168170
925192481
925292300
925330255
925422883
925426628
925474479
925484614
926524605
926531675
926554762
926651714
926662797
926764583
926783252
926989567
927098874
927393571
927529811
927566704
927682482
927760638
927805252
927946673
927951180
927951182
928099725
928137874
928497496
928513985
928548699
928596206
928621496
928706995
928735321
928809459
928846388
929089357
929255315
929699594
929754541
929828823
930244776
930373586
930524007
930606229
930780583
930833136
930901670
931070608
931106731
931122573
931210221
931697068
931718153
931788095
931808087
931950767
932037777
932067565
932099521
932112315
932227055
932267597
932340168
932577370
932599011
932743652
932755453
932859350
932875262
933049621
933249251
933387367
933571096
933585810
933624558
933777605
933807713
934023245
934195945
934196612
934266678
934275144
934452585
934764334
934932990
934994875
935062334
935094993
935181104
935199847
935200730
935242903
935252933
935285663
935288780
935326338
935362394
935578579
935989507
936172189
936311936
936346225
936373077
936411371
936443869
936676434
936781739
936783847
936930064
937038630
937109016
937163236
937178618
937297716
937867163
937938327
937943003
938020498
938102571
938144803
938150862
938293451
938345465
938349674
938358684
938460025
938555367
938614207
938716710
938887642
939011234
939032694
939140199
939207995
939291112
939379562
939592965
939722976
939735107
939835465
939837692
939843102
939874151
939883850
940125213
940195955
940250328
940301339
940335167
940402672
940503733
940593496
940598857
940620978
940731458
940903354
940994003
940999433
941030545
941064289
941157626
941233291
941381274
941484381
941499010
941499996
941702725
941796427
941820418
941890617
941930839
942083002
942095317
942167519
942190337
942406822
942823560
942840342
942961176
943187161
943198731
943257329
943382546
943617279
943670178
943671636
943806979
943858275
943979432
944134927
944156025
944185928
944206050
944383231
944429487
944516125
944826236
944865289
945090503
945216176
945229069
945294004
945302888
945303388
945324805
945434906
945465764
945477005
945501259
945521216
945812512
945884072
945891340
945949466
946018051
946055057
946149579
946262590
946633753
946661504
946713369
946988430
947331928
947373600
947421606
947555909
947612818
947843228
948014469
948029847
948200986
948216326
948527588
948541375
948550951
948703511
948857886
948978560
949097145
949169890
949347940
949377225
949422137
949440400
949608480
949656821
949771444
949790128
949952136
949964907
950282999
950589121
950647832
950716997
951051602
951127086
951181888
951240254
951460306
951562307
951573243
951604882
951666603
951739542
951814057
951904717
951940421
952090761
952449369
952490471
952539606
952611591
952652877
952888812
953105556
953109523
953139470
953139806
953175720
953177778
953353479
953483949
953785195
954024605
954034458
954047683
954152699
954197815
954279630
954360022
954370905
954545113
954587602
954624468
954717208
954768592
954779521
954805786
954829763
954891999
954894178
955047811
955051703
955075809
955147243
955247218
955318750
955322066
955345584
955388447
955442841
955609737
955669702
955750015
955839322
955866890
956036940
956122157
956199634
956537229
956572659
956581438
956717177
956723370
956878695
956908344
957042115
957184171
957595641
957622175
957627940
957638139
957703970
957711900
957739312
957876032
957969341
958271160
958468942
958478962
958636959
958699050
958714558
958718796
958757199
958971655
958996980
959195084
959424985
959746951
959876690
959904119
960070480
960330658
960380941
960512084
960793761
960866493
960979933
961027107
961136235
961157846
961480146
961654619
961720256
961743212
961806096
961979259
962229571
962364733
962756028
962814561
962832424
963043393
963053285
963099864
963115337
963161217
963171854
963517822
963548606
963725859
963891029
963906820
964085845
964162692
964244289
964281832
964402756
964410648
964659067
964666249
964760811
964810555
964824667
964988998
965181300
965210322
965323786
965341395
965351751
965558752
965713637
965729341
965908957
966191552
966293230
966391270
966816339
966994977
967078424
967109062
967257850
967288979
967346917
967373486
967382415
967399014
967403090
967426825
967497337
967505076
967568050
967575313
967666581
967741547
967752136
967771828
967852020
968020448
968168983
968255157
968371403
968427060
968601570
968737733
968811430
968969556
968992102
969196722
969426967
969647161
969669319
969758687
969991280
970045882
970052382
970060412
970083551
970203174
970245606
970506290
970623232
970662270
970827363
970980222
970995389
971055248
971089166
971145395
971242220
971247806
971265033
971376039
971413802
971477615
971650220
971685051
971934343
972175982
972391075
972412912
972516687
972629884
972670106
972707380
972883959
973422381
973445031
973474818
973680327
973929652
974023640
974132572
974414713
974514164
974657455
974693382
974735934
974753732
975253221
975349151
975382487
975401943
975556178
975669434
975782861
975964503
976018890
976088315
976157182
976160229
976231993
976348523
976450684
976468315
976502903
976570085
976739950
976847454
976979155
976999813
977035594
977191453
977359677
977456299
977604945
977897520
978038135
978040732
978107528
978158233
978281862
978439505
978928040
979093310
979338823
979350449
979517058
979655582
979661108
979789378
979805075
980070093
980477587
980611878
980783761
980858641
980915950
981192704
981202470
981258797
981503912
981597627
981604158
981630929
981713985
981714940
981832870
981914776
982164463
982165226
982172213
982200910
982373502
982485171
982816829
983008414
983399057
983518514
983541450
983688721
983920412
983961509
983986568
984017156
984090680
984193394
984345768
984552745
984705411
984709340
984913414
985048513
985164294
985387157
985558464
985559256
985613586
985760084
985797778
985804284
985850594
985863630
986035997
986048015
986101138
986112625
986193486
986255994
986587119
986606725
986656435
986974377
987062335
987179637
987216262
987243698
987268605
987347599
987819293
987983284
988081488
988228230
988245022
988398271
988454647
988536184
988538897
988596117
988755103
988755325
988808496
988849892
989042861
989200761
989238968
989360573
989502984
989695331
989813757
989823325
989870020
989874122
989939447
989958066
989993038
990047405
990135607
990340083
990436644
990529582
990621139
990631931
990633119
991000067
991016187
991339223
991418414
991527243
991532372
991556078
991749744
991976620
992028431
992463544
992500111
992643499
992814195
992815673
993084569
993154747
993325777
993743691
993948503
993950027
994032630
994055239
994058794
994110071
994113659
994125745
994333570
994440542
994454468
994958894
995153628
995262976
995272437
995624759
995694042
995825829
995848798
995989556
996046054
996154614
996192196
996226286
996366309
996724453
996893474
997099925
997111865
997115608
997197207
997199257
997230649
997267265
997455649
997485564
997486727
997513001
997643740
997735547
997935480
997938980
997941221
997985040
998037738
998184341
998277804
998419720
998495640
998628000
998707728
998785637
998826194
998833756
998902417
998903700
999000121
999047540
999098241
999172546
999305452
999378808
999584311
999653122
999680369
999712741
999754327
999815154
999955257
