21539
80918
97733
164052
285311
299527
381927
760827
827067
919380
921613
1025403
1064972
1155711
1182973
1325662
1435437
1563264
1672329
1688950
1844243
1911918
1953252
1955288
2022217
2052031
2160134
2549139
2707519
2707553
2947757
2981769
3060622
3233258
3796601
3956273
3982104
4046656
4179197
4255974
4429845
4687589
4840017
4890103
4918743
4998835
5013446
5117434
5169654
5188760
5277591
5329656
5355670
5462564
5638797
5812297
5830944
5851452
5932810
6390550
6524871
6624441
6704623
6775044
6876551
6890686
6943876
7020247
7119358
7375000
7376598
7651568
7892971
7930413
7962475
8007636
8073109
8284549
8286061
8486988
8498251
8503059
8633914
8664164
8989875
9071859
9130872
9234171
9250507
9288040
9459662
9493843
9617110
9688003
9712415
9895155
10107404
10115701
10311282
10460511
10496260
10587664
10622672
10841787
10933283
10988164
11056493
11073984
11113707
11212855
11236265
11238517
11254001
11269664
11344926
11385639
11433562
11442533
11465809
11471851
11571945
11702644
11883156
12087389
12136144
12172330
12187156
12313416
12362177
12372836
12416333
12493789
12686649
13051910
13123891
13205706
13212928
13218631
13247870
13388702
13504660
13597030
13674820
13801842
14037566
14523582
14617328
14702155
14771628
14850861
14852638
14870143
14968937
15045893
15170379
15268203
15555745
15566808
15567187
15635917
15748875
16054127
16086780
16151407
16177435
16179468
16325699
16394563
16509965
16577412
16582035
16710532
16815694
16862583
16983594
17004960
17048602
17078751
17128586
17161753
17327020
17415690
17482299
17884188
17898092
18259783
18281140
18330441
18381278
18392686
18395032
18457422
18505974
18699461
18732988
18812863
18911032
18996665
19165236
19213663
19343056
19400818
19473174
19495528
19727476
19805594
19903482
19983452
20015638
20265847
20266443
20282686
20676711
20677277
20717336
20761496
20771250
20812622
20854659
20934830
20968621
21021755
21031012
21086315
21285123
21308746
21470541
21493788
21526679
21656481
21783791
21802330
21877728
21907221
21958931
22085791
22156789
22177738
22268682
22285230
22301355
22435325
23006007
23136204
23348803
23523310
23944884
24011396
24123484
24272743
24287371
24326698
24363843
24426166
24509179
24540826
24749785
24761426
24763255
24780073
24788549
24847161
24921553
25014408
25252511
25349658
25526975
25758311
25842633
25880030
25897903
26048624
26218371
26255484
26392729
26475764
26817871
26901396
26959606
27164032
27325859
27327219
27684627
27690746
27695278
27775389
27837176
27935581
27938844
27969896
28025047
28128922
28265499
28506666
28666894
28682818
28723854
28754952
28807683
28816556
29139510
29182380
29223786
29306494
29455315
29480435
29506618
29636665
29717791
29733184
29776426
29923835
29939978
29950962
30082396
30477835
30615295
30675509
30852009
30953263
30970796
31055533
31056050
31072054
31074684
31118216
31133016
31146841
31217577
31229961
31264864
31277188
31346026
31419343
31441939
31459121
31555927
31684058
31713352
31731997
32033662
32157112
32252430
32263213
32272309
32418365
32599117
32693599
32755339
32771885
32787384
32837143
32871616
32912967
32930419
33112553
33248245
33354811
33365786
33383689
33627822
33667289
33693620
33776686
33803302
33943896
33952116
34142002
34240482
34395310
34488211
34531556
34623561
34642988
34701525
34988977
35152244
35242350
35274636
35694508
35735199
35788583
35958442
35966113
36103587
36719917
36823610
36872152
36983984
36992504
37061406
37066291
37312413
37373419
37553509
37568925
37571114
37626274
37636609
37644469
37920825
37947246
37966363
38229116
38370279
38409218
38489781
38510883
38540330
38550503
38582837
38627789
38675012
38734714
39075075
39127540
39232509
39332778
39390756
39412263
39484001
39762187
39855403
39882264
39921375
40119040
40251030
40496980
40562743
40625393
40745677
40998116
41000558
41018183
41041125
41177714
41211520
41266661
41356354
41453251
41641228
41655641
41856117
42068490
42125410
42131324
42137650
42394490
42426748
42658804
43083779
43386668
43393397
43435939
43517046
43609195
43610723
43629538
43844365
44091063
44350409
44506640
44538452
44548052
44627203
44784612
44868561
45117301
45134340
45320951
45703196
45735847
45805035
45931630
46093682
46095904
46113099
46302688
46305926
46494903
46507553
46607549
46867484
47090233
47180683
47229823
47361943
47419256
47774410
47780771
47913593
47919065
48050010
48548848
48646174
48746887
48781836
48784708
48827096
48902361
48924153
49247497
49320823
49490357
49529806
49545706
49549464
49671172
49832244
49877459
49894131
50103040
50198790
50259788
50344386
50355066
50375052
50401808
50622031
50715442
50740429
50812138
50829089
50934658
51029660
51103472
51445850
51511060
51569308
51605359
51618822
51622047
51777276
51823941
51960580
52012664
52025188
52153445
52325303
52427358
52543091
52794084
52805949
52887503
52891956
52959626
53076196
53107464
53129371
53142879
53343908
53379253
53642162
53663774
53696493
53697859
53730830
53779510
53938927
54062482
54073578
54132775
54135554
54145284
54158967
54164952
54353522
54535985
54549887
54684206
54830169
55114804
55163167
55328540
55466582
55784318
55859881
55909560
55966118
56312840
56344142
56403181
56411416
56431193
56559081
56560191
56703901
57021087
57182560
57194158
57261496
57310993
57387157
57443988
57491931
57649362
57652099
57711539
57806784
57807134
57881781
57910438
57932100
57950823
58049173
58084386
58105526
58185516
58450820
58575397
58752006
58847727
58858212
59174501
59198077
59332505
59447627
59499547
59508597
59635005
59636644
59732758
59758974
59838825
59878681
59961681
60286980
60312441
60333829
60338271
60410927
60436654
60483592
60550035
60839201
60865034
60916872
60917088
60945521
60975954
61063381
61115768
61173438
61211847
61268115
61328319
61345479
61610525
61679227
61801741
61894922
61922572
61993549
62055364
62059300
62062910
62098440
62179230
62211169
62215293
62216689
63060469
63113833
63184011
63270335
63588515
63676055
63904100
63983464
64013473
64088974
64162821
64279153
64378462
64481395
64519375
64537261
64945939
64974727
65055613
65131682
65225260
65364586
65392750
65429587
65452492
65453000
65622491
65667538
65759347
65828560
65869810
66407282
66533448
66567919
66568760
66588478
66663998
66708817
66757842
66770474
66822968
66854586
66880269
66886873
66904272
66920530
67015447
67075533
67075679
67241739
67315730
67360727
67402914
67437098
67855354
68188924
68336622
68346431
68408419
68541349
68551485
68620647
68655473
68677489
68791903
68911448
68980627
69093674
69250561
69408127
69479654
69498691
69508215
69589600
69664649
69778250
69870372
69903654
70002608
70228710
70240457
70352234
70436919
70492929
70502601
70541750
70739085
70793000
70885252
70911220
71147259
71236106
71240268
71385186
71455841
71527053
71558897
71662437
71911949
71939075
71994873
72035236
72052313
72159671
72241488
72304254
72439524
72677998
72723256
73001127
73017055
73024988
73173661
73329231
73330777
73410285
73441636
73468803
73639541
73701812
73740487
74200920
74454917
74603627
74647096
74703780
74711046
74885265
74887340
74897443
74926787
75013310
75072425
75155670
75160630
75179670
75256552
75573967
75576399
75737034
75768647
75828157
75923065
75947734
75955762
75999240
76123650
76199409
76339346
76389776
76520549
76741002
76808851
76829277
76868648
76925775
77308751
77444403
77450620
77494160
77689488
78089591
78348462
78428433
78523267
78554976
78582323
78851113
79009981
79123191
79519649
79548377
79722707
79764446
79768308
79811327
79892255
79918928
80015494
80083333
80101618
80142714
80247803
80255932
80350171
80489778
80638045
80705778
80711709
80721233
80762899
80930849
80990244
81000637
81287761
81414452
81501644
81529803
81662421
82197639
82235995
82271137
82312916
82434612
82492763
82570287
82593019
82752941
83033463
83333356
83439743
83454931
83640333
83764823
83866449
84136976
84140011
84162322
84258185
84283595
84357602
84454677
84539066
84595174
84670430
84684758
85130824
85177823
85254939
85337639
85520649
85544101
85598146
85778310
85797629
85849400
85887484
86038205
86256057
86302093
86443035
86501900
86508270
86548406
86552052
86577694
86587888
86668060
86674098
86755700
86986518
87319398
87333554
87501389
87508267
87548001
87564565
87672130
87735318
88056679
88075995
88089652
88139470
88168859
88189127
88191464
88234856
88276599
88458277
88562520
88724688
88789986
88863162
88993929
89046617
89172371
89212448
89388061
89392927
89454695
89762728
89770822
89890517
89959819
89961344
90054111
90068137
90199733
90230968
90439257
90482769
90485281
90802114
91141627
91263023
91341431
91411992
91415240
91415702
91517849
91753117
91905769
91937603
91986640
91990644
92085501
92142142
92172499
92240874
92333934
92407272
92492853
92498840
92657997
92701533
92729070
92995991
93191883
93228566
93344582
93468329
93534777
93559695
93585928
93724424
93838131
94034327
94065897
94091294
94099546
94112697
94224951
94283574
94325355
94357859
94540950
94780375
95152491
95367631
95400683
95445987
95512382
95548931
95556963
95665756
95777598
95914410
95960347
95977006
96006918
96042673
96111391
96310908
96343507
96367471
96561646
96601369
96622524
96738449
96827713
96977835
97060890
97099245
97118178
97300231
97343493
97356365
97424397
97445286
97554592
97563494
97957399
98093093
98171137
98272896
98359557
98363390
98391580
98406168
98410392
98510053
98555422
98667791
98866740
98911522
99342610
99362083
99468723
99733078
99905137
100179786
100274846
100336883
100366895
100427065
100537611
100973223
100973947
101094490
101165832
101186885
101204847
101398784
101403478
101701121
102030777
102075665
102097899
102120213
102243859
102376991
102393593
102448231
102519412
102586642
102603927
102687099
102713583
102751880
102777361
102860537
102900678
103146221
103173907
103177606
103522615
103609673
103843229
103998494
104017242
104077406
104101611
104213833
104351136
104720397
104892794
104909195
105051942
105328253
105682809
105936083
106064212
106079036
106290297
106661600
106726843
106740925
106790384
107137808
107151754
107160072
107274257
107450981
107458495
107563007
107594388
107605194
107669035
107695859
107733225
107767599
107802435
107814872
107966497
108244335
108282190
108536928
108580458
108596979
108778287
108827946
108923231
108977669
109101838
109545572
109563708
109599181
109653129
109736802
109741665
109931055
110033038
110090697
110140267
110187878
110442160
110460983
110464271
110572555
110638429
110656821
110961826
111188652
111208579
111227280
111290277
111460186
111554857
111563206
111598932
111636605
111649446
111670815
111772341
111866821
111982188
112222528
112233057
112327540
112331251
112343600
112355094
112527260
112727114
112828699
112950636
113039871
113241751
113319450
113369154
113580840
113608821
113610449
113746144
113925118
113971186
114051542
114077499
114125130
114197536
114359459
114580761
114595368
114679120
114719535
114796449
114950760
115057670
115108700
115422578
115564976
115609900
115639633
115643516
115710423
115914797
116012198
116189379
116431801
116491963
116577771
116647460
116653521
116741158
116934290
116975943
116995501
117073646
117079428
117461747
117549528
117684430
117741961
117748839
117762598
117780800
117790197
117848545
117931491
118032440
118312004
118487048
118503517
118975175
119158168
119196146
119347219
119551432
119715816
119760261
119913784
119947170
119982255
119982724
120003504
120243700
120269814
120490975
120500765
120506152
120637372
120745311
120802376
120809190
120900191
120950212
121076298
121122607
121144957
121292674
121314788
121460964
121476381
121541836
121798810
121842186
122181236
122260581
122272111
122294919
122348001
122473776
122786100
122832933
122843809
122846671
122897370
122907057
122925443
123066634
123076863
123521013
123710566
123823364
124033900
124112039
124207398
124211681
124256404
124286534
124297426
124330109
124376858
124397300
124447498
124608561
124856152
124907664
124989129
125033579
125205092
125224869
125229242
125243824
125256012
125271466
125274424
125310441
125347755
125405857
125421171
125492380
125627453
125685111
125791719
125799282
125892365
126128386
126206881
126289783
126298582
126418125
126530486
126757372
126931606
127029359
127033828
127040721
127183558
127431331
127888254
127926169
128000152
128003499
128317607
128325030
128329223
128410056
128455063
128524766
128595192
128661355
128678928
128706228
128707612
128860978
129069354
129089134
129112762
129189156
129438790
129992528
130078334
130138292
130181498
130210670
130218890
130251364
130308138
130374603
130464809
130679369
130682001
130805746
131005463
131143936
131155801
131156806
131205250
131349996
131477103
131561409
131646065
131775287
131974731
131989395
132090087
132153763
132245919
132378046
132562828
132609586
132700458
132705805
133038257
133190662
133467162
133534685
133602165
133723027
133746374
133919544
134020615
134023303
134106891
134252817
134494066
134548860
134599502
134621176
134688027
135063129
135102521
135402692
135484620
135629448
135773030
135825349
135865407
135897624
136100334
136274006
136312755
136429683
136467417
136510377
136512141
136525849
136860253
136917296
137005950
137040390
137253375
137279447
137362132
137385158
137444963
137845777
137977487
138018181
138195283
138265055
138280724
138314000
138503850
138550602
138608400
139019047
139019898
139314899
139458230
139512175
139675349
139843523
139886263
139887228
140083805
140279190
140403165
140529823
140772689
140809553
140864312
141036492
141080952
141220750
141288892
141549097
141601674
141614785
141672411
141848309
142018383
142130958
142438329
142505609
142554269
142687543
142713472
142789502
142819395
143138442
143143619
143289441
143294162
143330436
143367775
143372973
143454104
143505125
143711713
143882286
143922413
144247948
144517531
144527403
144584076
144617030
144707661
144782311
144832243
144840716
144971684
144980280
145218789
145229518
145377226
145452005
145456805
145534235
145568720
145765088
145835859
145850348
146118619
146320894
146352536
146371827
146447143
146452627
146773638
146876897
147145390
147207573
147250077
147259519
147261712
147332598
147645841
147699886
147893245
147925694
148120736
148335803
148376509
148385340
148401687
148497324
148732109
148740690
148954491
148965539
148991465
149051516
149146299
149299867
149340448
149474623
149494957
149603115
149681397
149774579
149877805
149930234
150020886
150056512
150118800
150221656
150268823
150305554
150458177
150462755
150463849
150509357
150708968
150910693
150983683
151133031
151260485
151608155
151626736
151638658
151639041
151724343
151744988
151795388
151963435
152015372
152143101
152602055
152822793
152950656
153020945
153150344
153160122
153183929
153214723
153318883
153320214
153366753
153377203
153439187
153629795
153764200
153773877
153805770
153815247
153835329
154038102
154194842
154472778
154499440
154551441
154758586
154981123
155065713
155247784
155265443
155335333
155541915
155577928
155645119
155719481
155732702
155788034
155884049
156073677
156194444
156277982
156431822
156461369
156487240
156571918
156692253
156824951
156834222
157127059
157177603
157386926
157415167
157422618
157480390
157586830
157818050
157825868
157849307
157850194
157947955
158077204
158326924
158418212
158461919
158521301
158562301
158650077
158732575
158792781
158802361
158857286
158900375
159348186
159469904
159473815
159514224
159677983
159749227
159771855
159775343
159781209
159819343
160101267
160298177
160480554
160508440
160542584
160821925
160880654
161058353
161192871
161383493
161620178
161776257
161825055
161876980
162171424
162255193
162529503
162724886
162742441
162753840
162805382
162854861
162869917
162978079
163074580
163202135
163255450
163308870
163664485
163697343
163752161
163849940
163883746
164219754
164336053
164349503
164368052
164403412
164523937
164566157
164774109
164790950
164888407
164933727
165346901
165482725
165634068
165766853
166023968
166051926
166053822
166166220
166207225
166221156
166271233
166305792
166338550
166372993
166413004
166447893
166464873
166479796
166486816
166498251
166528547
166557834
166694032
166751379
166788984
166807335
166889600
166917291
167354555
167524268
167567550
167640878
167755778
167758914
168147490
168215096
168484340
168512418
168572867
168841037
168942256
169121268
169164847
169186101
169264700
169309408
169338759
169380302
169429311
169635516
169726139
169737776
169817532
169870530
169895595
170253998
170299980
170450583
170452606
170598751
170856072
171185404
171196532
171252281
171269886
171313219
171333547
171458088
171485783
171494918
171549777
171568315
172016171
172088613
172153256
172189790
172684387
172779678
172815007
172867012
173075962
173132919
173196425
173359643
173527761
173539242
173606927
173741725
173757017
173766521
173872241
173913136
174045878
174129437
174172644
174176990
174459606
174584449
174609897
174643810
174929795
175020765
175201060
175282143
175459037
175506880
175589957
175599315
175731946
175879079
175973189
175990261
175998275
176041486
176072454
176217673
176412604
176523188
176857292
176996330
177139419
177149852
177288669
177382960
177542131
177550998
177616677
177623625
177730601
177770298
178003635
178124176
178554775
178618518
178677270
178917938
178925248
178948886
179117868
179153093
179157399
179187192
179340555
179463245
179471232
179473847
179727531
179887635
179951403
179964938
180148351
180215517
180277939
180797106
180985736
180998347
181089446
181636000
181723254
181790282
181843352
181871414
181879455
181945617
182301051
182358720
182396973
182434171
182465546
182510672
182601152
182642855
182708586
182789015
182791889
182946580
183238088
183337301
183422829
183470703
183570491
183686200
183780826
183971368
184284854
184333758
184391853
184693996
184726494
184756206
185028373
185052598
185213930
185359780
185529028
185801733
185825060
185887535
186129607
186228923
186235585
186413253
186524643
186543321
186820166
187053910
187372924
187383515
187533424
187627925
187704783
187860549
187954468
188035213
188068870
188212401
188297437
188751895
188847248
188852439
188858199
188941857
188956201
189232301
189241475
189467211
189579916
189605140
189782022
190008755
190070528
190074295
190095444
190097767
190102197
190216895
190305794
190396361
190434933
190572501
190765625
191058509
191069255
191520081
191522518
191541232
191607319
191623993
191754391
191760005
191929955
192023700
192070098
192357403
192530924
192548465
192574258
192643092
192663672
192879680
192990170
193060452
193261249
193279707
193334232
193382733
193390138
193541111
193738372
193865214
193871168
194079085
194116194
194360365
194458031
194471617
194512245
194565711
194763357
194833207
194960828
194983880
195018305
195095044
195107410
195123567
195135697
195210872
195211636
195219017
195327486
195454460
195590522
195647906
196104563
196206839
196334187
196336991
196422519
196674984
196812553
196874430
196898424
196939096
197021226
197238663
197457636
197616237
197688992
197811785
197858178
197992020
198039519
198094845
198146900
198307774
198313439
198452272
198452982
198553127
198601871
198633085
198633404
198661877
198684296
198712704
198946583
199147008
199158666
199379494
199609507
199834497
199853444
199871197
199908327
199916757
199995910
200006935
200069499
200253721
200300234
200379212
200477232
200698315
200953619
200990998
201005120
201019129
201162364
201332367
201494864
201556251
201589727
202079726
202232373
202387692
202474004
202594280
202627456
202691446
202895325
202928552
203083647
203103085
203382328
203646608
203689014
203747115
203759534
204173041
204212192
204279214
204372722
204435681
204585913
204704893
204720902
205175999
205307893
205396315
205479159
205604194
205618001
206013595
206036586
206085806
206243347
206246531
206358617
206570909
206577033
206585604
206667144
206673276
206799690
207063856
207121175
207140317
207234229
207537136
207546958
207596661
207646813
207854159
207961028
207989810
208081984
208148351
208187365
208243541
208254489
208478172
208478386
208498517
208770482
208946226
209015620
209059597
209112406
209112942
209171125
209260439
209267971
209281596
209357637
209457915
209473321
209521347
209570654
209838770
209840431
209902311
209964340
210174875
210289974
210533334
210673175
210815716
210835008
210929161
210939376
210995387
211111442
211156511
211212859
211611956
211621798
211851357
211935162
211937135
211991444
211996242
212048608
212098128
212118765
212241425
212385131
212459423
212465253
212581130
212785407
212863837
213106571
213126140
213219049
213264648
213298318
213379851
213441670
213567560
213712163
213809331
213956571
213962772
214095414
214201583
214252619
214379666
214432765
214468778
214506237
214533011
214586343
214639090
214643026
214715387
214823650
214870686
215041514
215051509
215107862
215125761
215191012
215363704
215522429
215718699
215739495
215755733
215858637
216097930
216187973
216404780
216466478
216548015
216734095
216751571
216785048
217000034
217239136
217399832
217408233
217481342
217489033
217592898
217619026
217653317
217679028
217681201
217944014
217950528
218030480
218162912
218215218
218274516
218408425
218476260
218547317
218681149
218865191
218895613
218903141
218965611
219228592
219288972
219336521
219426662
219431261
219590691
219667364
219802115
219822187
219836900
219861155
219951760
219959143
220118589
220253729
220266901
220310149
220350358
220389181
220429189
220670942
220671453
220781047
221010909
221034682
221067321
221251383
221270144
221302342
221868725
221921620
222150494
222248566
222324640
222327722
222334686
222350943
222434461
222720506
222788190
222886743
222912168
222953688
222987409
223036014
223151386
223172542
223277798
223297515
223320437
223464521
223569145
223681787
223889480
223932024
224463820
224491526
224630145
224792415
225310510
225813142
225814776
225958801
225962491
226113972
226152023
226160410
226278294
226412872
226443172
226540235
226549068
226591452
226619342
226855327
226950703
227027542
227245088
227418633
227536531
227585424
227616838
227689187
227788376
227903929
228028578
228144056
228219347
228451503
228956388
229084117
229144689
229180447
229374797
229421669
229470061
229528737
229550313
229592717
229604172
229767793
229786988
229811713
229813509
229890317
229923406
230000547
230161404
230173474
230344656
230397619
230485961
230536541
230616559
230815246
230830291
230899360
230903326
230943282
230990525
231019191
231039289
231113938
231153461
231466494
231631311
231712581
231777245
231833579
231882132
232017204
232327613
232363962
232567380
232581740
232644144
232674916
232818333
232835705
232867693
232926293
233012524
233106635
233172826
233183133
233334740
233374989
233390333
233413057
233492943
233503809
233519930
233562235
233609839
233620242
233729553
233907975
234072013
234163148
234467705
234492400
234803532
234885577
234983013
235190112
235472418
235512142
235638733
235848321
236049383
236212746
236242536
236311839
236520296
236839863
236850086
237208369
237219954
237230746
237361722
237391448
237431343
237509259
237516284
237697079
238006366
238081402
238150571
238282477
238297314
238497446
238506402
238711894
239028025
239083983
239185147
239238812
239449437
239492531
239501208
239643501
239653979
239782346
239824411
239900741
239969520
239971623
240063441
240064676
240137322
240141595
240142490
240279164
240292998
240472715
240613554
241112929
241128950
241158902
241285613
241372352
241426922
241554866
241664512
241725071
241725855
241757888
241792513
241993749
241995311
242031244
242160312
242275262
242352407
242523711
242549200
242585041
242623142
242624735
242668625
242734829
242753813
242934143
243247258
243314961
243331123
243478351
243603166
243813041
243943811
244006486
244049299
244314954
244404693
244498646
244631513
244634644
244688771
244703460
244815725
244854973
245017659
245019362
245116521
245342943
245420185
245476426
245509652
245814309
245823206
246195624
246290266
246731055
246846324
246971270
247018943
247104220
247148242
247347118
247384151
247408734
247804511
247830702
247901385
248228313
248291596
248389741
248398749
248508223
248522067
248551292
248616548
248693692
248781593
248783535
248820821
248887506
248910973
248919047
249043224
249163141
249272886
249312748
249603840
249618712
249725922
249805933
250125738
250271044
250538685
250678558
250732300
250874627
250986908
251276134
251374262
251430519
251538713
251553585
251860355
251970578
252047245
252117404
252266499
252272096
252332376
252540103
252747065
252807328
252881052
252954864
253013440
253281642
253293447
253357057
253373708
253484322
253668631
253736992
253768118
253768693
253892096
253929057
254092236
254096840
254107081
254154563
254229632
254256109
254266025
254277008
254515525
254548644
254624097
254647582
254689243
254806621
254847252
254853380
254904432
254907047
254998170
255105063
255258919
255290896
255448762
255478224
255482076
255504483
255540364
255725918
255886141
255905233
256015805
256305259
256327891
256343958
256660211
256808561
257024922
257034088
257049202
257102841
257309681
257416991
257532772
257898612
257978752
258056817
258064853
258144206
258252865
258287264
258358864
258453175
258785152
258934753
258952576
259383753
259514973
259574357
259609625
259613106
259646804
260205947
260254820
260307559
260342607
260409385
260435327
260701368
260710688
260885568
260908582
261097175
261211708
261235157
261395972
261486905
261680587
261882587
261906007
262197247
262311971
262481370
262568023
262574243
262584103
262607878
262618639
262654228
262747151
262856326
263124601
263154399
263220335
263308484
263514153
263621797
263662314
263708734
263723513
263739464
263789922
263793942
263920510
263941461
264302051
264393402
264450875
264478419
264491096
264656269
264679842
264737697
264831316
265065666
265157995
265221965
265702038
265784964
265842346
266001277
266034221
266045531
266110848
266395932
266396794
266440924
266570195
266711046
266716274
266731603
266734903
266740341
266795008
267175605
267200834
267270737
267322894
267381523
267973448
268007858
268042474
268072970
268150434
268188113
268258281
268312392
268395012
268752011
268766497
268853815
268911301
268998780
269043645
269049293
269104511
269252277
269336535
269582578
269617530
269792194
269881322
269923795
270027001
270310569
270411244
270480212
270551227
270739832
270811135
270842314
270935681
270986250
271013405
271031303
271037139
271074180
271136995
271177537
271254427
271274333
271378887
271541959
271874638
271909970
272029925
272268439
272397871
272469322
272615234
273006428
273028081
273076872
273188714
273245205
273487541
273521651
273533133
273577227
273622081
273725359
273881926
274160287
274248787
274332531
274335318
274402560
274617150
274939689
274998614
275006282
275188057
275252198
275294722
275440937
275480602
275483207
275542409
275566628
275600790
275645223
275665872
275764194
275773765
275861761
276068849
276168013
276234769
276272608
276280519
276312723
276445149
276648464
276693475
276851714
276890753
277039882
277048684
277107167
277236955
277242297
277312143
277462866
277646461
277835335
277899135
278067090
278138309
278146557
278163775
278289332
278367756
278774285
278819379
278887145
279045473
279424570
279485234
279489161
279581966
279776942
279894559
280030349
280086574
280172979
280216178
280391006
280442264
280614409
280695882
280713365
280753973
280792323
280841319
280841647
280924260
281008995
281077416
281163837
281238455
281352376
281428019
281491615
281545601
281668882
281691387
281787186
281906908
281965770
281976386
282032561
282085042
282116034
282136056
282207478
282391736
282413823
282520733
282655181
282818074
282902467
282903460
282927679
283068329
283251279
283267991
283360879
283380205
283513337
283517574
283567661
283807958
283836426
283851424
283864987
283950526
284083054
284087377
284161435
284177379
284183257
284219338
284239233
284279182
284465401
284683957
284814953
284827804
284879824
284895519
285412569
285540314
285636715
285694130
285712493
286051307
286294177
286361063
286458927
286504219
286783193
286792158
287099223
287216874
287450833
287570051
287616340
287692417
287865680
287890874
287919593
288063535
288181969
288293043
288329180
288422399
288444841
288548247
288556291
288593022
288597895
288636757
288639720
288702180
288830575
289036466
289208684
289260541
289312055
289368474
289635033
289659247
289694039
289712031
289740695
289806497
289877657
289882466
289933200
289949267
289966518
290003577
290155035
290225477
290324838
290412340
290429415
290541423
290576056
290683460
290689180
290751584
291083081
291101226
291244446
291425196
291447500
291502685
291936530
291942391
292049220
292059704
292178795
292267062
292352383
292392649
292399799
292537837
292715126
292835305
292860654
292892522
292904738
292947630
293107911
293148178
293190517
293263729
293432882
293435417
293445666
293485922
293503857
293875463
293922475
293935030
294137622
294159666
294214046
294262891
294284367
294316249
294400544
294638346
294698066
294970034
295001229
295014809
295075827
295154707
295253630
295256005
295319685
295476841
295573767
295600163
295763722
295863651
295973818
296209432
296211596
296518652
296555811
296909738
296925589
296982805
297207952
297299433
297357438
297449715
297502924
297531289
297714745
297741916
297746234
297810841
297965312
298126961
298181278
298451376
298535643
298725051
298815933
298901963
299015514
299058931
299088700
299120976
299248791
299256932
299925833
300187693
300210099
300288767
300452059
300474549
300780072
301056188
301177713
301332061
301429306
301463180
301593082
301633209
301660034
301808779
301820545
302039837
302294319
302402958
302518247
302624158
302654680
302695845
302704395
302785090
302793981
302855580
302919867
303090158
303149182
303263406
303344282
303419317
303444768
303473885
303902172
303959987
304051927
304094480
304378788
304433019
304645830
304688540
304700127
305084812
305254459
305287954
305341512
305439438
305489159
305670596
305897814
305999746
306034025
306053788
306080888
306164801
306311757
306628787
306771353
306806064
306965382
307127254
307372340
307376698
307429318
307611375
307612134
307698294
307989611
308198680
308246374
308434331
308559830
308626303
308640342
308692632
308743309
308768284
308782638
309060972
309075533
309143939
309197339
309275866
309311258
309375316
309447358
309580663
309713894
309746764
309933040
309973847
309995477
309998414
310020932
310133975
310430893
310668925
310718084
310970044
311177524
311195698
311345546
311393515
311441814
311658691
311721812
311823251
311871999
311883346
311955279
312165822
312360854
312654193
312664629
312690730
312706046
312860497
313498835
313533104
313578069
313639889
313695451
313728705
313891426
314000671
314028659
314073224
314089315
314164806
314180393
314200688
314457779
314585315
314612612
315145063
315203025
315499244
315690026
315715975
315718022
316158464
316167379
316176837
316248965
316274186
316335240
316424659
316458864
316474459
316476487
316548733
316609976
316742294
316810164
316933785
316934463
317068861
317324640
317355593
317435302
317458473
317620875
317654942
317685280
317843639
317847550
317858207
317928302
318029138
318094652
318188188
318361784
318402712
318444615
318640432
318787306
318820117
318885712
319019218
319132231
319230420
319251957
319362008
319458954
319523936
319546883
319763517
319838382
319915469
320019944
320036119
320171747
320175542
320200191
320210234
320419370
320501150
320658335
320735714
320824259
320931355
320950407
321001054
321228494
321279476
321439287
321442052
321612410
321638174
321888825
322294958
322454944
322607810
322625689
322667529
322712332
322774762
322833835
322845553
322997149
323138339
323233811
323253706
323256920
323272202
323341996
323348238
323386041
323569900
323674891
323712645
323817760
323852816
323995967
324113417
324217853
324277019
324295150
324322331
324424735
324700022
324733779
324862070
325004670
325152970
325174660
325176290
325219070
325251242
325349105
325447675
325542532
325848376
326333292
326422124
326536866
326541887
326583775
326617261
326668110
326736651
326936998
327021626
327146074
327437308
327482825
327571916
327588382
327622490
327723528
327823490
327856331
327910283
328225908
328398859
328506858
328584338
328586075
328866135
328882399
328891151
328945789
328996477
329141743
329415176
329454896
329467794
329526702
329639933
329777220
330102456
330180475
330197096
330206448
330611510
330708334
330757269
330760247
330882634
330906842
331117697
331229327
331281922
331337067
331395085
331502187
331685877
331718451
331738330
331879789
331918928
332208707
332414746
332484601
332533000
332679507
332687454
332720488
332813170
332907440
332952223
333124250
333126467
333136524
333247476
333250100
333278615
333379649
333385668
333461548
333488671
333620891
333781848
333819542
333894841
333997147
334023509
334031894
334120004
334252672
334370892
334734898
334812014
334845604
335416136
335429839
335526975
335633994
335773092
335790144
335983471
335992543
336157264
336289748
336363064
336758671
336763823
336798211
336943218
336944541
337387441
337390731
337410684
337537788
337638635
337943568
338126515
338151407
338279207
338298503
338311685
338386425
338421677
338475705
338606857
338664677
338891581
339195072
339249907
339293571
339441977
339669221
339669351
340111928
340125515
340203397
340273047
340284366
340372420
340487536
340613598
340668487
340692999
340791273
341220342
341278305
341312330
341325377
341422622
341483029
341523602
341848891
341870506
342072731
342093903
342135623
342158079
342241649
342248013
342315798
342429963
342431961
342495330
342613757
342619282
342676024
342780724
342836468
342911730
342968905
342986537
343007330
343020964
343029917
343198100
343329095
343369446
343487082
343599072
343623250
343793461
344030740
344036498
344104005
344324096
344339412
344443654
344574493
344623485
344648969
344660837
344845992
344928331
344933496
344935333
345271597
345310080
345409186
345462207
345543138
345660942
345686289
345848241
346103739
346159950
346325389
346531566
346573960
346582630
346679718
346821072
346834817
346948668
346977081
346983786
347003968
347025877
347099656
347180060
347244468
347253936
347444039
347765682
347768778
347868939
348109613
348161317
348198314
348232538
348256144
348269284
348269869
348443040
348447173
348477846
348696524
349190811
349456884
349585921
349636459
349752859
350049120
350181204
350626924
350647559
350700849
350737865
350846866
351022865
351026004
351044254
351050741
351242450
351581782
351593633
351645867
351648775
351791319
351928548
351957138
351988156
352224825
352275301
352299568
352336627
352360800
352444827
352684906
352695460
352733518
353064247
353431967
353440515
353759631
353917476
353971827
354109613
354122232
354167906
354473750
354515071
354523648
354679786
354699218
354896265
354935017
354948376
354958010
355097239
355148500
355267535
355382566
355533083
355792402
355822444
356004171
356139083
356142692
356406472
356454133
356498378
356807725
356823287
356958572
357004435
357007599
357189336
357384490
357588494
357595347
357651386
357684614
358052710
358107799
358176070
358247335
358287016
358422509
358505283
358536705
358808446
358902674
358957446
359002678
359010387
359210693
359260169
359270621
359337209
359353933
359356011
359595143
359740474
359841470
359918288
359973036
360098774
360103692
360466434
360524571
360603275
360664902
360769962
360771715
360783843
360859774
360883602
360887994
360933190
360957874
361039562
361039645
361138395
361918977
362134069
362200830
362473586
362477655
362718478
362922918
362984997
362992532
362998850
363044304
363055528
363143906
363151633
363248034
363294978
363333298
363356100
363403561
363415514
363441900
363503789
363560686
363562307
363694416
363860378
364047208
364097724
364154556
364166524
364327333
364340895
364577673
364830291
364883488
365516852
365546515
365789886
365835515
365958083
365973226
366049260
366077697
366143247
366164437
366305666
366411150
366486210
366508230
366518618
366585058
366596659
366732785
366753981
366824065
366914619
366926806
367101275
367143716
367162973
367238581
367285999
367390153
367428098
367455275
367465424
367496133
367592553
367634401
367760106
367825582
367846520
368003908
368145143
368382764
368515245
368584320
368640035
368700272
368867342
368976725
368990775
369007580
369022909
369114216
369160748
369344131
369389494
369516110
369716198
369751022
369796038
369811349
369814184
369825603
369918879
369980375
370046540
370060727
370250077
370498454
370552086
370575993
370588917
370624071
370848117
370866318
371094128
371219802
371401959
371501080
371601543
371668332
372074863
372095208
372167187
372276728
372435642
372860549
372917007
372949128
372994553
373077835
373093315
373316244
373386140
373468442
373534476
373571185
373589781
373660206
373793165
373864252
373891945
374057818
374077958
374097671
374324739
374332371
374337068
374499609
374751321
374894499
375052424
375209963
375314778
375378780
375686596
375836465
375952566
376052536
376090559
376110847
376121533
376183386
376317119
376343174
376641359
376754766
376800713
376921580
377043518
377240568
377512857
377681131
377771683
377861830
377917583
378151235
378167955
378315500
378410128
378426974
378487705
378601678
378805585
378922688
378943557
378948196
378959008
379118724
379490080
379509081
379547206
379629594
379699513
379810802
379843520
379868808
379922623
380032254
380078082
380224927
380239904
380395503
380484299
380489258
380556477
380711897
380815165
380826269
380841476
380979804
381050734
381096662
381098436
381187893
381289825
381301806
381383240
381556320
381625969
381733705
381924738
381930251
382194117
382296598
382372096
382381021
382536895
382568796
382654360
382819676
382831124
383314375
383340473
383376577
383449256
383476309
383554092
383560519
383591223
383702996
383955723
384012222
384291726
384306159
384508285
384531886
384648626
384767246
384795698
384814081
384879455
384983820
385072248
385276223
385330578
385480349
385482016
385694098
385809736
385827315
385870949
386007272
386057699
386087560
386139272
386178526
386384019
386493164
386694641
386867918
386912287
387297798
387495076
387632763
387980408
388096196
388572776
388737642
388829593
388874950
388876900
389151445
389384638
389499904
389593262
389621902
389622495
389644419
389657957
389683579
389696474
389735000
389826422
389904327
389916553
389942309
389947750
390251050
390350563
390378563
390497660
390537377
390649249
390664341
390706492
390722119
390731227
390964320
391030054
391046362
391208541
391267680
391329754
391341593
391344052
391420822
391459784
391565434
391610591
391687771
391776407
391782516
391884162
391895469
391948116
391972546
392286440
392423817
392534043
392534290
392951771
393033492
393184576
393386654
393470225
393492153
393644154
393713827
393783829
393843622
393870729
393925261
394065055
394071871
394182661
394227626
394737565
394783281
395166435
395213397
395244312
395360961
395459321
395535118
395653347
395862816
395875566
395918797
396116465
396239853
396376027
396563059
396593512
396636706
396639932
396889752
396921950
396966035
396972932
397005787
397061126
397292827
397388292
397762426
397788564
397965136
397996695
398071514
398211299
398272512
398457259
398466923
398748064
398872307
398976875
399246918
399303382
399313433
399331955
399460099
399491811
399617811
399714929
399731486
399818287
399965525
400106692
400188024
400618505
400688513
400967716
401211085
401221543
401359560
401383522
401446273
401477877
401490761
401626023
401732488
401879911
401909037
402021698
402249487
402464685
402509966
402681515
402704558
402764687
402919161
402968305
403019026
403167851
403291292
403328762
403363406
403476373
403516646
403605678
403622509
403708661
403802827
404133092
404186646
404205535
404221945
404258790
404323418
404483771
404511688
404599643
404629408
404688988
404742063
404787818
404899897
404961058
405273957
405741450
405795885
405802325
405885403
405939325
405988794
406070558
406133132
406234430
406262973
406473791
406502420
406619859
406771974
406820746
406861674
406976059
407042437
407079705
407083978
407140050
407166898
407277622
407383904
407416496
407596146
407713147
407768237
407827586
407830142
407901533
407929983
408022120
408075173
408137043
408251628
408351136
408390857
408470800
408569807
408744353
408790150
408888915
408968876
409082531
409591908
409686431
409774654
410051770
410192125
410346399
410550846
410845041
411223132
411301667
411309364
411328360
411358675
411588423
411650632
411731418
411774380
411820630
412023936
412058774
412112030
412156719
412271365
412280648
412442080
412442948
412556757
412616479
412822389
412839190
412869165
412898370
412928980
413020961
413080605
413132798
413184117
413356504
413452175
413590352
413753264
413825686
413947973
413979954
413996288
413997826
414049797
414536484
415096300
415184557
415202339
415247427
415294126
415301348
415378697
415526467
415649780
415723684
415739425
415947280
416095527
416097344
416110797
416312443
416586890
416637772
416650033
417136847
417231196
417287546
417393057
417400524
417431057
417492891
417600878
417647345
417705925
417913818
417975848
418016938
418118212
418131873
418275749
418412557
418415066
418594724
418693768
418712795
418869491
418882977
418977512
419012077
419016973
419386174
419392287
419451667
419700457
419720339
419817787
419861833
420007693
420247037
420330577
420454198
420568773
420887175
420893085
420994181
421048904
421157935
421192202
421225958
421267770
421295096
421455980
421595201
421597111
421635368
421678598
422079598
422177688
422236734
422268379
422353786
422547554
422704841
422741859
422789125
422825527
422952470
422989157
423027729
423082412
423117354
423141390
423231773
423324796
423365482
423432789
423470831
423534404
423553368
423556080
423575384
423684297
423743443
423890272
423925614
423938656
424093660
424249988
424555973
424642054
424726808
424847098
424903127
425030385
425118694
425138829
425221205
425359332
425855384
425880752
426025003
426026954
426098682
426124954
426126378
426202974
426231297
426305823
426419958
426922338
426939214
427189169
427359787
427450994
427662799
428074437
428142403
428336618
428442968
428459307
428605818
428636723
428710072
428735085
428791381
428910030
429108240
429256963
429284333
429341255
429461099
429749491
429752311
429756902
429823800
430009344
430043175
430047200
430203646
430207877
430245722
430283499
430345320
430473208
430567656
430664911
430703020
430804357
430838500
431102347
431108914
431168596
431172767
431179365
431357815
431419759
431509705
431523673
431547899
431800624
431837852
431881805
432009877
432254098
432261397
432279357
432436503
432484407
432487792
432850491
432908103
433036080
433071809
433174469
433179765
433437490
433456567
433528246
433601679
433619236
434020492
434029012
434131028
434317509
434366219
434687798
434726769
434773556
434818069
434924073
435158312
435174810
435303358
435697579
435773162
435851538
435925203
436159405
436387083
436416541
436466169
436592336
436775387
436886967
436912786
436934373
437041003
437065780
437114546
437119861
437186183
437216510
437241263
437544859
437624739
437667705
437818825
438149106
438244261
438446135
438656936
438765949
438867883
438957213
438992051
439038004
439100076
439106151
439186812
439354854
439525463
439602789
439713285
439851018
439901921
440000075
440073170
440332830
440415711
440543347
440556525
440570537
440592087
440637459
440769781
440897422
441024444
441051050
441121307
441138614
441141827
441145679
441375312
441508680
441626570
441729272
441862090
442003102
442208575
442277975
442456314
442556053
442736034
442777287
442993842
443068034
443094532
443166605
443169583
443297320
443431067
443545708
444048798
444246706
444250523
444444165
444655466
444966743
445012823
445040343
445196083
445208969
445405561
445444987
445514055
445552017
445580303
445907403
446008326
446052854
446057854
446145439
446198796
446217242
446381424
446387480
446601912
446679446
446800861
447101902
447714477
447833990
447846117
447904623
448224240
448405346
448422107
448469666
448483607
448549705
448655015
448740897
448931327
449090377
449361610
449500154
449565774
449566495
449707699
449762904
450280886
450336371
450362492
450468091
450474873
450546488
450630053
450720122
450747491
450778875
451473502
451578620
451622512
451681170
451681989
451767521
451774172
452180029
452229583
452434849
452507000
452566622
452631513
452901519
453055093
453320125
453351809
453372725
453566539
453607288
453757227
453855888
454216721
454560101
454681994
454752790
454794561
454836806
454906167
454974295
454993048
455194917
455246941
455524809
455564605
455621911
455637839
455663634
455688050
456069910
456100097
456147778
456251571
456325734
456359996
456566420
456602200
457275358
457278643
457700848
457796356
457912040
458208331
458299159
458431130
458467621
458607494
458766259
458773208
458915623
458956730
459073644
459190689
459291984
459322759
459351459
459361859
459445453
459661204
459793901
459847297
459864080
459984427
460065350
460078184
460162529
460261923
460304712
460644727
460684327
460800862
460939940
460991529
461016100
461165764
461400643
461432467
461439861
461574508
461638651
461666034
461807159
461818348
461941583
462074765
462107935
462220345
462390052
462480762
462559850
462730232
462802790
462805814
462832487
462919575
463010785
463019960
463023958
463112069
463117532
463146863
463230222
463322769
463353937
463404773
463441497
463453537
463503909
463632215
463777904
463826209
463871736
464159844
464193334
464248321
464315372
464367689
464414036
464469638
464577927
464769390
464795313
464801176
465246005
465421003
465534121
465588179
465861544
465923418
466013042
466089761
466093579
466164932
466179339
466193826
466301111
466442273
466747982
466799772
466925575
466937557
467065253
467098848
467219498
467273993
467293224
467672340
467694509
467731114
467731406
467743117
467767748
467877464
467882180
468069000
468217100
468527045
468716969
468729200
468917335
469008564
469085125
469190081
469249740
469319164
469470979
469508376
469526562
469563298
469855844
469935669
469946762
469951718
470002211
470086211
470095380
470113581
470136363
470212424
470245727
470255054
470298640
470375166
470420101
470571241
470621807
470636730
470698054
470812005
471021471
471118142
471173341
471293071
471304515
471401441
471444702
471774547
471951698
472178662
472260493
472279753
472384327
472488614
472653373
472734130
472815522
472859762
472878275
472885879
472992070
473015539
473039969
473046303
473129596
473170344
473430400
473486761
473612199
473626041
473801555
473810188
473884979
473942386
474260531
474319181
474348098
474408064
474448456
474495509
474618998
474675442
474712953
474729275
474825688
474826313
474888598
474973906
474997117
475054680
475099391
475212039
475371636
475518820
475625857
475771107
475830874
475833257
475870037
475871252
476028558
476037123
476073150
476171832
476201885
476236419
476279519
476317793
476358198
476456143
476531658
476567381
476736620
476753508
476780864
476853311
477019215
477111291
477173773
477178418
477322092
477388058
477407603
477861851
477918911
477933137
477936406
478125474
478130628
478131401
478352959
478505632
478806462
479030922
479050979
479084157
479099543
479139984
479148836
479152390
479245661
479367535
479452063
479590669
479603754
479640554
479799359
479803098
479913413
479942513
480042282
480098424
480144548
480277695
480328539
480361823
480500754
480602789
480610283
480612192
480708458
480810254
480855122
481097548
481252247
481279755
481411843
481480604
481520695
481598823
481759537
481824403
481927916
481992531
482086766
482330640
482369478
482454875
482820485
482845039
482943314
483164244
483196351
483213303
483223155
483258915
483316032
483346022
483348808
483531684
483605194
483876331
483945342
484051625
484158173
484237779
484242525
484304172
484320982
484322046
484453966
484485127
484708644
484750519
484847150
484872633
484890173
485090275
485094737
485244018
485366149
485477563
485578386
485690984
485749206
485864600
485923434
485990391
486167932
486201602
486407027
486463620
486828393
486840687
486889618
487130379
487299038
487417034
487434246
487648437
487672182
487717343
487727326
488034189
488059809
488127860
488224489
488334634
488358718
488636187
488642825
488712988
488786053
488829090
488873083
489064009
489238789
489338632
489417422
489761131
489842409
490381344
490431406
490521996
490522426
490574545
490955805
491005664
491060197
491198144
491500572
491522593
491669758
492002408
492096373
492204799
492349512
492376271
492499673
492512403
492525055
492722303
492751967
493048715
493114438
493216381
493242312
493285395
493337851
493352481
493424444
493481230
493495679
493830186
493850444
493899464
493928316
493979824
494069115
494140438
494150343
494219335
494524409
494587482
494601215
494763863
494861553
494862071
495015597
495145439
495232977
495291876
495404703
495423419
495563385
495585928
495889041
496052131
496077338
496095578
496117854
496289698
496295636
496509725
496588392
496604683
496658660
496662151
496681146
496728532
496993774
497020960
497259601
497708228
497711733
497779520
497844816
497890091
498218583
498278645
498300254
498655840
498703910
498720920
498784348
499180822
499181555
499458954
499670989
499870956
499937299
500285628
500389666
500467556
500515146
500542482
500680570
500827124
500879798
500901720
501070928
501115668
501282113
501301959
501314872
501633047
501804020
502125738
502170839
502239722
502290315
502377068
502695183
502706580
502731141
502920035
503052913
503107736
503272738
503321190
503488412
503537800
503709909
503733845
503937812
504021436
504091771
504160008
504260741
504262429
504366981
504449131
504902609
504996428
505004388
505052412
505087506
505104000
505108050
505446868
505564652
505608615
505808213
505838045
505859198
505902594
506160590
506307873
506417499
506484277
506501994
506530906
507375128
507593034
507747608
507759260
507794868
508029783
508224637
508235930
508241986
508459507
508491194
508605227
508621939
508716858
508727428
508822331
508848692
508849115
508849346
508914780
509145625
509236930
509375244
509553955
509577153
509598037
509598801
509755560
509778241
509929149
509938481
510128697
510134927
510296597
510521040
510549761
510588032
510663787
510890411
511141635
511179217
511193153
511213911
511227914
511251183
511254962
511410840
511422035
511733779
511807391
511903143
511952442
512045990
512064383
512276145
512723533
512804042
512814692
513028561
513189220
513506971
513532384
513606860
513762609
513841162
513852030
513853019
513983832
514015457
514399333
514722268
514725119
514776452
515010944
515067568
515108423
515217422
515233415
515333777
515423436
515649162
515708616
515744049
515905004
515958360
516064450
516071215
516085078
516157242
516244824
516265326
516541729
516546093
516631046
516859085
517040131
517047850
517078715
517174535
517499504
517517809
517635880
517727091
518030126
518223988
518227946
518270330
518628967
518956293
519007440
519178831
519342826
519355092
519452316
519559853
519627147
519776713
519791756
519916214
520010096
520088145
520127264
520221501
520308095
520327802
520328323
520593657
520730201
520955468
520976640
521001143
521229724
521247155
521286173
521310534
521330512
521386492
521470414
521619509
521650495
521713810
521871016
521970415
522030413
522063402
522260281
522378674
522451176
522497359
522611833
522742765
523027098
523212062
523267049
523277880
523314971
523532083
523613882
523733659
523798896
523846101
523865100
523952637
524068191
524215098
524268640
524287241
524357049
524464714
524484225
524623903
524682544
524945014
524962577
525115668
525172786
525192564
525296774
525313822
525437983
525446845
525985463
526034032
526128990
526134368
526301630
526700003
527045456
527084992
527111918
527236709
527288828
527511024
527513457
527606463
527869042
527895375
528032363
528121577
528172443
528197982
528359116
528565381
528859414
529076074
529635382
529649778
529718051
529814455
529843882
529877873
529975481
530031111
530062616
530063392
530089253
530154144
530209246
530424008
530529212
530577199
531018129
531100397
531152604
531230361
531286476
531369671
531417062
531439151
531467140
531592264
531641859
531711329
531712345
531927967
531995478
532056056
532105340
532276827
532526275
532593917
532610187
532692556
533124642
533166465
533225240
533311528
533317680
533475135
533495571
533518151
533544983
533622763
533863747
533961931
534215430
534254751
534265426
534304025
534350333
534351634
534352946
534431480
534558525
534589518
534685318
534739381
534757765
534773970
534788715
534822565
535419659
535431579
535511400
535551682
535782240
535942652
535958580
536130596
536206058
536315330
536315812
536350119
536391770
536639635
536645256
536992748
537051237
537152075
537155778
537274206
537743640
537761290
537791596
538024729
538063405
538129122
538186813
538216452
538221402
538240843
538303742
538308550
538472599
538510975
538594745
538647985
538718997
538778590
538947962
538988196
539071754
539147073
539342005
539342233
539501691
539519697
539648494
539792677
539986506
540030780
540236316
540247745
540284959
540328752
540427855
540454522
540574713
540720681
540752701
540780259
540831128
540851951
541190925
541232432
541363569
541492767
541528752
541544078
541598844
541637339
541790640
541800869
541843172
541893224
541916230
541942357
542035042
542269376
542335536
542409967
542489545
542710006
542786415
542895394
543007191
543049723
543112515
543195256
543224832
543359342
543437709
543622793
543667460
543849890
544028192
544182694
544185560
544515950
544606002
544612077
544664839
544735097
544864187
544894171
544979071
545170638
545388897
545631276
545642846
546089139
546212071
546440238
546558655
546696562
546837970
546860312
546875101
546895947
546972673
547082813
547101182
547302240
547319018
547498567
547521757
547622836
547725598
547769813
547824859
548198957
548231272
548323527
548399932
548473338
548546993
548603990
548627963
548705340
548801322
549059487
549060329
549143609
549225281
549275138
549290848
549319501
549479845
549570819
549591213
549630210
549843241
550006852
550064607
550123653
550127569
550152436
550166088
550378515
550633084
550881788
550948657
551000963
551012985
551241980
551572843
551881320
551912295
551967383
552008284
552048573
552134897
552229907
552299741
552323510
552440060
552472689
552533517
552555770
552589186
552715509
552766373
553037402
553046198
553274856
553303605
553357538
553473336
553522304
553732676
553871435
553954841
554008386
554044559
554098780
554165202
554251940
554254971
554483127
554500338
554829023
554937919
554983214
555069435
555240253
555271853
555487574
555546031
555594370
555602317
555820613
555924410
556010965
556186310
556225485
556250344
556459171
556484213
556532315
556578988
556627485
556633346
556705582
556721395
556836485
556909010
557073483
557098430
557124345
557160183
557176369
557218466
557263795
557290666
557313553
557328008
557367453
557405896
557520706
557593467
557653084
558458662
558767173
558771640
558822966
558944882
558950545
559026261
559215725
559578062
559624177
559647279
559659093
559717679
559768638
559769225
559804401
559912894
559936934
559953278
560043197
560055863
560130534
560534341
560686699
560786833
560870754
560925848
561073097
561123763
561143206
561340842
561348225
561413587
561437775
561493275
561637759
561672710
561993699
562013029
562439707
562442673
562550528
562605310
562616110
562652339
562661319
562675800
562895682
562910344
562931667
562938694
563053569
563065680
563204157
563212810
563280382
563299187
563401159
563564835
563934791
563955112
564012188
564093248
564259078
564299209
564318147
564420052
564800950
564925739
564976998
565046712
565102616
565227445
565297729
565411337
565521722
565625268
565842775
566024666
566302632
566314518
566640997
566671860
566698965
566744022
566890307
566923307
567217123
567441260
567654511
568003198
568133747
568803248
568866075
568866208
568867095
569010811
569044345
569151546
569264314
569268070
569441000
569713760
569721643
569724192
569945936
570129853
570328220
570381690
570481294
570521328
570531625
570687663
570705494
570932922
570940193
570964975
571122698
571189307
571317011
571531711
571533206
571726125
571823548
572001700
572046624
572049801
572061425
572079724
572132878
572150261
572157283
572427782
572577330
572577636
572603950
572934760
572993024
573284169
573398650
573733755
573737757
573848298
573870313
574188163
574236286
574387673
574495538
574506190
574525459
574662575
574749440
575059819
575396743
575410773
575549672
575679243
576049798
576224344
576238002
576323585
576323691
576357884
576386169
576416297
576499621
576610538
576689930
576727436
576795310
576816836
577017378
577070868
577095297
577128743
577154782
577190320
577276039
577359386
577571734
577623392
577651527
577822365
577836773
578203939
578301513
578439196
578518358
578542712
578556492
578605846
578724284
578977649
579177187
579196613
579314979
579398051
579426361
579516687
579621450
579687352
579787526
579853866
579992373
580022225
580030468
580197736
580222636
580323777
580901584
580943859
580949341
581039888
581210464
581299869
581332885
581409326
581586763
581626493
581626853
581744128
581842341
581848579
581978855
581980739
582241465
582284283
582322462
582383927
582906347
582922787
583021372
583041351
583227559
583255083
583313870
583337984
583397293
583485064
583494950
583507372
583821972
583837151
583895238
583957986
584083467
584189588
584341754
584492079
584529593
584813975
584933208
585012959
585068944
585084877
585180073
585208962
585221022
585223831
585243275
585306229
585436858
585450094
585458736
585553400
585572900
585867083
586097093
586165938
586217282
586384063
586385615
586436104
586498058
586518962
586585894
586622598
586973488
586992205
586997822
587108760
587129453
587141340
587161878
587296325
587298453
587318223
587671020
587762704
588196082
588258494
588366183
588403798
588408452
588586843
588719958
588739876
588813079
588909745
588973493
589066805
589176023
589178635
589348251
589357446
589377594
589384029
589408315
589505312
589537730
589621998
589712224
589714727
589776807
589928001
589982938
590014242
590067100
590316150
590553728
590564989
590646745
591168073
591412397
591470426
591520593
591623335
591641899
591660329
592063179
592310187
592320259
592396487
592455202
592554513
592654853
592747904
592880505
592902256
593180028
593332897
593385069
593410829
593417166
593467987
593548556
593574731
593705707
593930888
594021806
594030832
594042044
594047343
594298256
594761381
595043542
595055420
595103504
595205576
595354920
595713425
595744039
595777062
595861938
596044035
596320039
596417316
596447938
596491012
596519426
596592442
596592725
596613156
596795322
597042729
597132020
597331715
597471044
597560561
598129583
598149552
598354456
598368099
598593114
598784858
598923582
598979786
599065910
599209186
599229496
599304865
599314601
599335955
599362594
599383370
599483072
599556222
599586304
599865945
599911126
599989711
600110189
600176027
600203564
600295003
600311364
600459069
600467299
600520477
600622593
600752109
600874556
601022001
601067138
601069662
601111886
601199314
601282615
601370357
601484836
601563122
601734549
601914458
602129650
602238694
602286430
602297930
602457534
602556316
602586878
602664748
602762365
602810311
603403788
603525162
603559692
603747585
603753166
603842534
603937324
603973871
604100833
604152983
604243987
604338950
604484881
604663111
604685417
604705661
604819947
605173746
605347116
605566429
605580632
605778016
605863303
605890061
605915224
606012617
606267520
606587814
606835268
606958327
606967924
607071722
607103060
607316311
607600766
607794398
607813811
607983102
607999781
608041473
608046260
608085023
608183667
608349087
608535161
609037315
609111092
609143946
609219450
609411714
609571289
609621425
609759791
609766030
609886284
609911039
610314218
610369489
610552512
610596898
610759209
610875143
610909094
610942471
610965920
611027980
611153497
611154691
611216849
611481309
611664039
611928967
612063782
612086585
612269242
612272932
612294493
612316409
612392134
612422232
612522274
612780088
612830847
613089184
613139068
613165796
613341517
613400954
613411279
613664486
613687361
613859260
613868301
613887877
613906526
614016323
614041130
614155920
614357624
614457482
614502783
614546090
614703331
614766008
614870228
614877684
614891871
614892355
615339575
615349602
615521739
615652774
615832462
616024683
616058368
616100611
616123378
616146367
616217886
616274368
616294654
616450486
616617049
617012024
617079877
617113780
617325521
617666899
617771741
617832175
618179162
618219113
618287626
618365400
618365540
618531923
618565495
618919134
618967047
619028180
619218030
619239577
619258739
619361138
619427938
619431495
619572137
619592968
619610180
619624662
619632209
619694170
619984667
619987266
620034608
620092470
620218341
620245512
620275613
620306134
620368083
620405312
620462529
620527936
620528602
620588538
620595716
620749934
620766926
620827282
620837434
620839262
620910105
621039243
621293237
621388485
621490324
621645109
621774321
621795161
621960831
622391202
622452991
622662059
622665519
622935292
623012043
623147925
623202835
623286937
623354229
623619433
623632648
623687208
623803082
623984728
624064582
624170384
624304320
624355443
624594439
624639298
624679201
624766593
624798125
624833862
624918155
625160933
625517242
625572250
625951590
626044424
626332830
626400475
626437756
626531009
626588818
626629941
626638313
626719781
626745650
626761033
627157744
627294767
627378615
627485399
627699205
627735114
627769133
628135402
628138877
628412256
628601570
628614651
628816617
628997534
629048550
629068482
629103108
629214376
629616469
629671213
629743806
629792290
629821901
629887299
629910480
630096713
630290074
630384158
630388249
630418557
630420551
630572593
630680760
630707152
630720235
630825152
630899076
631024888
631253280
631405929
631439218
631487402
631562434
631585340
631759136
631853637
631989599
632116804
632481459
632548635
632806251
632996880
632997804
633050776
633436860
633756806
633758577
633807724
633864695
633980898
634122596
634176165
634250484
634352936
634835317
635017440
635057714
635064486
635082817
635198772
635446855
635554368
635573425
635874354
635930011
636027806
636277229
636315893
636357399
636621028
636795362
636895883
636943502
637061479
637171655
637186832
637391284
637416546
637529238
637631941
637969731
637982888
638002187
638055126
638156555
638246845
638264718
638281600
638363780
638399277
638447511
638513720
638520652
638566414
638656167
638702956
638871571
638959432
639243434
639250122
639285127
639307959
639458150
639459993
639599473
639759260
639873142
640124718
640150805
640187941
640242182
640287800
640310047
640326097
640434103
640437792
640551123
640557643
640617392
640961294
641129005
641160769
641261527
641425480
641497658
641604937
641715984
641747646
641808924
641963316
642640166
642710370
642844820
642858684
643239296
643301495
643703695
643709103
643907928
643986076
644040847
644043935
644137395
644352760
644376401
644420785
644536881
644661555
644689675
644844647
644900955
644982473
645071413
645081593
645152078
645210785
645344381
645411638
645562364
646052673
646055781
646298655
646488624
646542083
646589057
646679544
646778163
646907207
647037806
647107621
647420525
647562004
647573725
647585791
647631151
647691998
647715953
647732417
647804360
648175097
648260448
648295958
648363808
648491677
648981804
649091768
649107413
649208576
649397893
649455980
649658610
649717610
649722870
649773654
649842114
649890342
649912602
650243846
650357882
650400182
650438322
650756022
651148658
651226920
651250141
651297396
651407100
651486023
651756975
651776971
651952769
652034344
652187953
652206101
652261483
652618144
652630237
652645989
652781891
652904481
653017971
653055259
653074248
653307010
653330169
653333943
653435187
653455389
653579245
653765540
653898874
654076686
654234453
654236976
654271179
654521094
654532281
654541927
654629792
654726041
654755249
654888979
654929755
654937248
655025269
655064621
655077432
655087568
655154703
655308493
655324868
655378986
655686189
655819772
656175053
656399970
656409689
656494012
656518400
656525756
656607434
656626252
657082880
657107121
657490934
657545204
657605623
657773571
657802335
657984592
658056426
658098461
658323244
658467634
658499800
658629815
658785418
658790128
658966124
659109780
659192473
659212084
659248941
659487065
659740461
659779712
659781968
659847713
659915969
659952836
660082115
660486831
660541508
660595476
660851555
660896742
660962510
661106664
661134402
661265380
661511288
661541236
661544317
661566178
661577553
661603171
661604828
661690916
661779365
661984177
661987296
662020424
662043889
662269696
662411812
662471439
662472553
662488740
662625805
662861358
662862206
662917949
663013575
663123076
663210132
663219140
663492990
663605086
663616598
663880099
664170557
664196513
664263078
664404529
664405542
664410699
664422761
664591690
664732250
664768930
664787109
664789200
664925684
665036553
665036620
665239775
665274883
665312313
665357921
665610964
665722865
665792877
665836637
665918565
665964399
666231518
666250903
666269608
666447300
666663026
666768200
666945064
667138683
667425923
667485627
667550746
667552892
667586235
667683044
667704100
668032717
668135145
668170734
668226369
668314133
668344361
668567252
668573710
668597760
668726689
668920412
669002902
669079039
669116572
669135733
669245991
669518726
669581900
669672179
669759895
669958073
669981517
670080033
670100312
670241281
670491063
670492468
670521892
670559741
670615254
670690882
670954311
670988659
671106039
671214446
671396649
671463302
671854516
671982515
672147345
672234146
672520054
672676689
672683094
672686950
672808293
672848031
672912354
672985915
673005181
673094982
673102637
673157796
673313168
673353487
673807459
673942509
673972933
673998957
674032661
674207153
674345885
674382736
674417408
674431200
674457348
674503383
674564718
674624469
674628755
674749768
675046519
675075820
675097027
675185702
675220663
675496584
675599797
675772711
675835128
675973545
676177903
676330876
676340847
676350830
676381972
676856119
676866599
676881447
676885322
676908242
676953553
677079991
677398809
677480565
677556251
677652610
677661731
677699554
677733535
677763624
677768931
677812722
677858185
677998766
678027509
678157672
678179235
678260344
678272342
678332513
678474197
678814557
678856423
678862665
678898149
679095547
679232418
679409530
679479687
679722487
679821893
679836387
679996737
680004555
680170103
680204158
680258563
680326489
680336447
680414310
680519075
681024227
681089677
681116832
681341659
681342521
681590705
681630948
681834247
681909690
681923142
681940187
682029859
682169681
682551872
682588889
682698910
682735073
683013078
683054469
683103702
683147645
683281855
683487547
683553812
683560678
683694462
683835247
683876506
683893984
684211852
684290228
684326607
684367955
684434303
684516952
684518976
684519083
684655723
684672823
684790978
684796231
684941626
684981624
685130243
685289826
685354509
685553269
685678403
685728908
685831142
685932081
685981739
685983757
686357564
686407339
686530247
686772114
686810138
686838724
686868480
687244590
687297539
687453696
687651423
687769445
687838207
688135665
688289390
688325798
688393790
688397491
688562626
688598100
688814843
689180816
689208108
689227225
689258190
689477031
689491490
689693098
689841373
689964271
690119557
690234827
690322994
690464246
690492133
690501452
690524617
690587280
690680378
690751637
690759292
690824825
690870472
690886806
691091911
691215498
691300549
691301606
691360681
691391298
691443230
691733133
691765740
691813270
692009194
692155702
692200549
692217409
692329232
692343860
692593446
692901099
692990323
693021806
693026983
693054297
693087824
693151452
693226710
693273825
693277560
693513091
693531347
693545518
693843697
693869939
693901863
693988149
694086975
694159356
694348935
694426473
694472195
694480288
694611989
694640029
694655018
694676496
694742187
694743957
694745406
694747488
694805990
694881959
694954762
695261609
695392433
695563423
695627465
695627477
695766296
695914310
695959561
696079242
696276071
696721376
696759434
697057668
697068571
697097402
697139049
697191315
697211181
697213266
697256323
697420488
697476684
697534052
697544410
697565369
697771170
697816528
697822790
698081536
698511522
698514439
698559975
698651079
698701387
698704139
698745008
698831821
699367112
699454681
699490544
699545954
699599257
700088198
700176891
700251227
700282754
700397629
700462606
700481858
700555289
700644071
700710989
700716663
700821581
700859679
700868342
700873177
700997256
701264880
701516658
701757006
702098857
702119906
702133693
702135509
702262255
702641942
702655188
702756625
702792789
702954029
702957798
703022224
703401223
703460758
703536511
703560013
703694800
703704585
703771759
703802984
703912521
703917703
704057879
704145912
704224055
704307785
704312681
704528290
704573587
704839322
704865709
704986090
705008916
705009480
705165879
705219351
705332456
705470683
705714924
705715271
705824519
705913744
705935787
706024197
706198766
706254756
706329641
706493607
706498772
706512941
706551658
706569344
706618160
706763318
707128554
707669616
707709549
707747325
707775884
708474807
708627354
708673491
708680567
708850807
708997616
709249789
709316026
709330742
709352596
709411333
709448339
709472684
709508494
709650081
709761861
709856896
709872855
709894798
709990449
710055999
710078114
710196188
710594708
710909211
711015116
711023873
711163012
711468695
711620023
711637791
711901768
711910381
711918514
712064482
712077131
712261097
712336212
712350577
712390652
712577641
712688324
712691269
712782301
712796507
712831635
712942036
713006579
713195913
713691092
713768711
713772828
713958199
714122027
714228826
714467282
714525872
714623672
714802211
714910874
714923474
714952893
715271802
715379848
715388968
715528991
715547609
715605319
715683481
715715097
715870571
715886458
716049079
716073327
716076034
716256556
716525794
716581625
716592031
716709517
716826034
716837513
716876155
717208570
717248992
717538053
717667117
717949838
718060933
718485590
718567006
718672762
718714979
718732115
718872971
718922116
718925461
718927859
719008897
719047500
719101487
719161036
719475128
719507009
719573517
719582064
719662757
719859860
719868991
719871172
719979071
720320707
720327458
720354496
720442372
720545357
720618328
720678881
720773667
720822838
720896577
720927942
720986153
721049921
721093077
721173948
721176350
721216321
721241119
721351180
721459569
721969801
721991128
722028822
722064219
722146839
722198127
722309897
722422300
722613860
722720727
722998223
723069633
723072271
723100450
723163177
723237886
723315946
723535592
723570656
723719071
723893134
724093243
724205095
724338810
724358167
724397034
724511593
724538111
724651465
724683409
724882841
725011499
725016466
725146603
725155364
725196531
725303750
725363123
725544631
725585689
725834883
726198398
726219602
726265108
726310289
726377691
726452885
726479298
726547850
726585067
726743703
726853571
726970482
727076289
727481562
727583699
727597474
728006566
728016191
728041042
728055545
728070485
728100402
728434554
728473788
728488390
728646088
728862491
728896408
729013493
729039571
729075825
729125741
729173278
729338672
729413314
729525685
729727172
729771150
729825729
729935373
730053838
730134885
730246735
730341722
730410435
730438972
730546952
730572258
730643377
730658070
730658584
730751918
730815493
730872081
730956857
731046002
731057913
731099377
731198979
731391379
731479386
731642348
731720215
731833881
731884257
731904912
731936855
732061289
732319087
732441591
732493130
732510053
732669800
732745723
732792565
732931808
732936539
733049820
733208970
733412993
733439504
733516050
733588613
733756912
733997607
734063378
734171828
734193316
734268730
734306420
734338335
734383523
734609014
734659617
734793134
734860691
735020662
735033929
735063892
735149627
735281760
735331690
735485273
735534682
735543156
735590559
735797012
735939822
736008003
736056534
736228330
736334831
736355017
736499724
736619445
736641408
736663303
736670599
736670783
736707448
736911830
737071434
737112674
737301927
737475833
737557096
737623073
737704829
737725660
737915981
738091468
738111263
738114532
738212203
738477488
738506796
738626301
738658520
738686738
738741397
738775323
738872087
738929325
739124142
739248127
739272764
739275494
739297536
739301353
739421130
739576394
739639064
739766833
739794993
739888873
739892679
740056951
740071642
740112145
740177162
740210818
740225190
740238160
740472084
740493041
740572409
740631336
740935353
740967146
741043570
741232353
741516754
741568223
741710460
741882581
742262582
742310243
742320233
742340905
742388193
742449687
742492547
742513062
742533574
742605036
742656688
742697183
742747308
742912055
743382714
743505119
743639604
743695870
743765610
743791396
743864605
744089566
744104705
744376044
744393922
744560812
744707977
744738110
744745917
744797510
744922675
745070836
745114080
745135179
745213828
745308172
745372571
745392846
745553806
745680405
745724780
745726239
745869170
745869582
745970372
746026147
746064942
746239529
746443647
746567191
746865795
746895475
746990719
747077376
747106355
747218561
747312422
747320670
747339161
747361788
747364359
747371806
747585803
747597857
747644489
747693612
747724752
747796072
747808594
747996085
748076586
748393064
748786971
748849665
748921841
748954716
749097410
749154836
749194964
749213831
749222515
749361052
749488187
749489089
749810759
749847436
749927956
749951824
749995082
750084725
750136315
750273822
750304809
750427848
750476537
750530852
750584010
750659895
750857635
751016573
751060968
751203586
751311000
751321705
751389022
751410612
751434759
751551390
751564751
751585740
751648227
751763476
751830630
751847218
751938854
751956947
752008508
752083005
752313863
752424134
752702598
752707853
752724665
752868927
752914005
752944673
753002346
753017035
753073251
753250360
753256560
753275494
753313964
753354448
753440403
753596361
753612854
753618563
753712220
753745484
753872149
754004279
754056161
754284193
754312205
754464337
754596526
754692357
754905072
755174935
755188077
755211264
755282611
755330007
755369619
755490519
755523459
755549382
755619711
755723236
755922321
755927280
756005635
756011611
756230917
756315981
756488497
756534559
756641666
756691401
756719565
756721004
756739460
756765237
756766266
756853426
757207282
757509560
757647296
757681348
757861655
758100180
758117927
758212031
758228791
758230504
758280216
758407919
758409862
758446912
758526043
758591564
758708759
758780313
758949992
758950401
758958796
759048787
759096846
759359254
759474143
759690239
759693296
759879487
760042332
760228687
760316233
760453646
760683260
760783296
760905072
761007594
761025478
761038788
761100199
761101558
761132034
761220219
761274153
761368022
761589911
761703776
761780881
761790668
761882598
761976680
762036114
762195692
762549808
762569331
762624480
762660382
762896706
762982988
763056952
763280683
763361965
763461272
763542635
763600562
763663943
763777436
763811534
763876665
764018269
764267944
764417148
764477859
764541633
764565877
764636510
764649527
764708475
764729345
764735974
764854026
764874365
764886639
765074534
765085621
765375537
765416623
765417913
765452750
765516788
765641503
765814972
765815163
766048042
766048663
766163198
766216909
766280191
766439580
766454972
766478364
766551327
766570677
766662149
766778498
766802780
766835050
766859769
766912154
766921138
767057586
767070871
767108110
767160071
767369343
767376734
767406092
767500361
767588215
767886806
767890604
767914459
767982199
768188485
768216160
768240713
768366201
768431770
768670011
768746434
768938606
768948991
769037498
769256393
769257148
769306300
769352136
769426025
769467561
769532379
769571028
769647018
769648952
769692105
769731499
769733448
769774132
769784390
769824631
770041996
770117872
770385908
770403401
770428288
770453359
770562975
770596457
770786961
770904273
771263319
771345151
771512277
771626501
771658400
771685387
771706863
771936056
772113792
772145103
772252685
772396978
772759533
772788104
772793348
773025961
773382313
773510510
773521720
773559915
773641368
773715549
773824700
773947872
774271181
774470143
774623326
774662771
774694060
774713370
774798292
774847418
775042509
775071267
775094996
775146952
775180858
775237271
775304274
775404878
775411900
775485675
775507215
775640962
776052055
776173402
776273264
776346309
776418408
776545778
776649230
776731613
777052348
777071835
777105716
777360697
777420376
777756051
777825768
777845151
777857242
778036012
778071844
778117620
778206391
778632269
778799144
778816095
779117729
779239684
779243100
779519583
779523052
779661101
779782080
779940975
780080700
780110418
780540552
780565231
780773004
780794856
780967584
781103504
781180593
781227645
781251780
781326034
781461369
781521344
781528907
781546243
781690139
781704169
781967443
781978121
782022893
782050199
782232425
782424709
782633264
782688205
782821256
782941165
782960481
782975036
783042409
783165505
783199803
783217043
783295837
783373540
783373946
783582153
783589463
783597722
783736829
783968086
784089177
784115429
784158301
784177933
784312902
784404945
784487572
784499568
784560406
784658882
784669605
784777036
784801291
784858669
785017072
785029594
785220837
785242552
785278408
785316884
785331362
785404747
785506409
785666781
785898018
785959910
785998647
786115708
786137498
786368815
786602322
786952760
787188851
787221505
787240095
787321463
787334604
787432751
787651875
787997796
788194746
788422806
788432132
788702946
788797263
788843603
788899106
788942023
788995341
789024006
789438713
789505262
789646057
789690648
789818374
789823346
790272470
790288163
790488954
790567301
790575666
790670957
790919728
790953385
791029817
791665043
791740352
791812370
791886194
791911537
791929522
791969612
791995095
792122674
792125625
792151355
792202584
792276016
792316294
792339263
792345593
792423658
792571129
792625161
792804393
792839366
792988864
793065349
793068032
793170795
793184112
793203562
793259164
793288055
793378957
793557950
793584445
793693225
793710541
793974104
794007456
794110988
794179266
794451490
794609924
794668986
794734149
795114280
795355917
795368214
795377465
795380216
795553694
795641865
795699847
795910592
795913651
795976602
796018673
796232278
796247006
796286420
796330126
796346196
796450939
796519848
796624908
796704293
796771865
796915866
796921839
796973201
797048894
797056279
797332171
797689964
797831082
797850104
797854417
797893104
798096009
798190100
798253380
798629443
798661195
798760269
798800378
798842080
798977723
799183103
799213696
799254034
799291707
799419202
799667803
799779561
799875948
800080232
800182432
800196419
800276617
800498300
800608464
800676722
800737491
800963178
801044040
801106955
801299488
801328709
801419696
801579085
801681816
801710938
801923612
802136851
802354616
802362018
802431203
802800249
802918388
803246337
803395723
803477425
803489382
803605817
803678661
803700308
803823885
804039459
804313531
804365089
804848697
804901833
804941641
805014239
805081719
805102578
805248841
805373757
805517534
805539361
805560658
805624267
805697364
805709241
805726773
805844463
805868210
805964754
805994148
806136554
806225489
806391806
806442494
806539065
806652449
806766611
806788998
806813248
806850955
806890717
806937210
807039659
807045622
807191803
807283486
807488022
807638220
807650741
807977477
808005188
808485047
808642248
808655919
808890159
808900154
808976934
808991226
808996444
809077174
809113478
809183657
809273379
809313823
809454347
809554651
809587813
809610845
809619705
809710317
809740935
809763659
810286121
810614191
811102538
811128360
811151185
811257224
811305573
811334711
811430839
811507183
811563081
811627223
811716634
811755545
811828928
811829188
811842304
811889786
812023679
812112328
812137021
812173389
812175582
812191841
812333101
812433597
812716933
812775234
812860912
813100609
813127068
813273660
813324054
813388407
813408181
813668234
813766218
813780657
813959539
814020190
814065898
814425210
814594716
814755712
814802475
814825766
814857518
814870299
814870623
814961935
815033263
815058502
815162794
815183824
815241976
815416383
815495047
815696285
815714269
815766160
815950037
816183549
816235404
816293363
816354837
816428376
816508261
816637854
816740165
816795573
816904784
817076947
817204088
817231486
817340755
817527587
817666627
817668014
817749266
817762173
817784226
818044790
818088814
818159219
818252482
818528678
818541509
818593628
818784607
818841219
818845720
818875648
818955593
818962721
819114819
819268559
819343086
819509029
819510922
819554171
819712601
819751372
819959623
820018232
820037794
820146859
820192445
820309377
820353449
820545553
820580049
820650726
820826532
820836442
820900121
821046446
821104649
821126521
821198143
821389355
821399879
821414985
821437296
821602501
821610235
821677378
821835577
821912621
821947445
822046448
822118614
822124670
822156589
822395312
822414228
822430705
822675925
822688267
822714398
822849171
822902026
823128804
823153656
823198610
823614793
823704325
823723285
823864420
824165219
824184867
824213076
824296569
824309305
824310373
824480794
824620705
824747115
824798491
824917959
825071128
825100713
825190855
825242122
825283026
825359125
825371241
825405140
825450900
825520201
825578759
825617030
825629711
825647526
825683773
825695939
825707995
826153872
826278825
826306990
826358473
826490139
826536334
826548176
826772795
826885859
827009884
827067058
827084087
827220121
827480614
827490496
827855549
827872117
827929621
827969175
828044804
828065236
828139083
828150553
828159223
828211921
828416815
828419456
828551104
828587538
829163267
829494838
829507739
829709356
829737628
829811657
829888883
829922160
830011263
830033562
830142788
830332339
830346274
830356878
830490952
830524134
830564311
830614892
830620529
830797993
830844725
830845944
830884863
830957972
831184392
831208980
831251634
831384433
831557592
831838608
831972461
832062787
832117748
832168290
832206900
832217738
832298996
832528124
832792004
832865177
832990945
833097939
833192815
833302962
833343512
833346485
833540031
833638080
833713316
833834658
833995301
834045423
834176454
834196776
834361341
834444661
834482818
834742139
834761720
835062777
835113675
835152774
835320601
835551258
835638231
835747264
835926892
835985950
836012304
836117982
836151088
836191093
836329227
836338460
836475996
836680699
836746002
836766339
836784020
837084766
837092515
837117897
837250657
837323308
837362970
837370208
837462028
837479844
837493034
837520580
837562789
837685808
837782508
837827559
837887636
837889588
837941482
838105782
838255891
838694284
838707580
838722678
838725985
838860297
838895361
838970788
839150908
839177263
839187133
839342599
839363215
839516398
839572903
839595953
839896679
839991823
840004839
840167508
840258599
840304011
840325729
840354751
840404861
840511927
840728277
841086720
841318946
841325857
841624187
841697297
841774739
841804219
841914670
842053386
842175008
842365370
842372796
842453630
842455935
842546361
842579010
842676941
843192082
843254498
843335756
843663293
843683979
843793745
844209340
844304088
844505819
844628552
844642152
844723386
844791055
844862278
844948456
844997295
845001555
845048589
845064450
845184362
845215938
845288966
845348976
845433324
845436249
845460468
845952711
846179702
846245099
846307258
846334637
846482577
846521301
846541348
846632613
846650312
847003003
847156414
847225519
847599766
847606215
847770538
847804745
847817012
847994097
848199901
848293560
848324935
848370618
848937629
849128233
849182746
849183494
849190651
849282922
849380459
849577509
849730902
849786207
849922454
849931188
850156399
850249166
850430649
850520403
850566034
850989224
851080076
851185883
851331905
851354547
851373899
851502856
851687535
851766072
851899372
852043680
852050725
852158987
852175571
852309695
852541357
852585408
852674928
852942259
852955702
852967417
853046076
853054578
853181335
853251298
853301121
853408661
853446987
853480042
853582430
853797601
853911731
854205262
854323298
854375928
854384674
854577714
854682022
854691779
854693492
854731997
854827945
854878241
854889878
855087442
855283676
855321928
855808513
855872410
855916534
855940064
856012441
856260065
856350357
856358387
856407316
856438414
856485017
856765738
856824030
856826941
856854421
857069851
857182462
857547686
857628193
857659839
857794724
857816297
857877479
857914983
857939451
858025607
858064228
858076052
858083415
858107786
858192080
858277328
858437631
858559927
858595158
858602914
858604623
858614896
858680775
858738358
858773810
859519454
859668450
859693068
859716012
859988091
860006740
860198053
860372362
860429255
860492534
860603921
861009738
861248315
861700405
861745976
861791220
861884123
861919112
861968140
862050854
862073249
862128098
862132241
862303029
862502343
862516808
862602286
862654057
862760929
862768011
862856518
862979011
863021088
863055406
863120843
863299236
863430469
863585394
863859477
863899551
863923551
863937689
863997003
864303610
864436288
864515493
864609793
864676957
864772092
864830322
865071127
865114928
865127450
865149266
865181682
865308869
865335284
865353564
865682022
865779064
866290028
866349900
866350287
866364497
866457187
866527675
866529954
866533494
866715274
866745333
866882648
866980046
866989899
867022015
867312122
867420089
867721876
867787322
867963026
867998016
868153351
868189115
868297835
868338843
868514692
868646393
868789084
868849358
868963371
869100379
869174435
869222737
869359713
869456092
869492072
869551117
869614080
869664573
869697570
869710884
869711072
869947490
870165119
870186390
870205381
870328161
870376635
870382291
870478500
870565903
870622753
870627319
870767688
870882527
870987398
871041101
871074458
871101954
871210350
871327541
871343960
871486945
871707881
871781449
871894084
872015950
872018003
872029127
872049880
872137973
872220654
872341769
872421535
872657060
872683002
872708687
872709216
872849771
872870570
872903244
873141179
873319068
873492715
873574828
873593858
873598002
873606680
873767593
873854185
874022027
874038742
874114760
874235258
874249705
874309843
874352748
874382162
874481735
874686296
874870066
874870731
874885577
874909898
874952981
875282619
875317568
875353266
875492519
875523444
875540224
875710451
875750360
875819757
875847519
875982558
876095607
876161318
876286130
876305018
876357718
876573532
876670946
876757984
876773349
876808219
876831302
877076884
877178270
877265510
877352040
877489918
877524790
877535454
877578841
877611367
877694020
877708106
877893534
877933122
877963592
878388350
878568581
878609457
878622250
878690326
878887339
878916516
878986219
879080084
879167393
879199836
879311869
879398364
879538860
879639922
879727383
879937744
880230888
880529842
880562053
880615427
880691550
880763731
880809690
880824467
880826428
881172641
881575638
881585987
881692495
881723648
881730304
881803810
882082322
882084889
882543112
882564316
882566193
882669011
882714490
882729443
882796118
882984213
883216627
883244912
883476935
883718151
883910645
884097147
884108745
884119791
884241540
884374663
884396502
884440388
884713022
884836661
884933598
885212758
885246346
885300634
885314382
885356184
885376232
885376925
885774784
885786343
885805047
885906225
885958698
886333003
886368954
886624468
886624810
886740660
886957230
886975608
887047789
887108539
887352088
887438721
887473170
887691341
887729475
887880485
887957291
888022406
888049892
888086007
888286223
888303321
888849876
888880126
889058007
889216734
889346759
889380359
889399312
889404639
889485534
889539974
889585008
889850476
889899181
889926005
890052147
890259931
890275326
890300029
890356929
890556827
890700657
890713325
890729757
890747836
890757257
890760607
890849827
890876281
890960632
890992222
891055016
891103878
891145990
891162895
891203854
891210596
891278087
891332199
891381252
891401077
891437038
891498020
891573920
891613602
891710185
891715671
891860734
892005198
892068052
892114423
892117606
892118885
892299798
892527791
892671917
892764759
892804582
893033661
893081206
893091655
893100341
893118797
893443822
893880499
894046242
894111079
894115149
894196438
894210852
894327662
894331961
894536116
894767624
894828959
894861447
894904380
894926743
894927741
895052947
895274590
895397168
895617584
895810962
896056816
896079882
896130403
896243475
896283287
896795614
896844393
896870562
897126724
897321452
897355753
897463131
897574826
897614767
897911603
897981232
898300240
898324315
898444346
898509310
898649522
898720956
899028009
899451478
899655552
899668098
899761246
899778415
899801212
899880309
899997778
900013813
900235150
900240631
900433590
900444035
900448291
900578999
900713998
900734736
900918939
900926594
900948808
900972715
901035094
901078652
901357317
901585432
901672463
901809757
901825438
901852487
901897461
902021450
902082123
902143660
902363348
902368328
902538675
902558099
902823729
902846577
902866319
903033001
903062483
903141238
903145999
903601603
903697802
903877871
903919908
904110059
904536943
904554244
904660293
904743786
904898024
905012316
905289678
905309784
905404565
905638256
905657421
905689816
905694761
905697687
905861036
905955524
905983093
906100652
906192008
906260399
906282651
906289006
906528226
906538353
906564480
906602090
906804222
907046085
907304353
907530594
907735138
907741127
907761816
907840350
908146718
908202045
908574966
908652371
908654853
908704252
908707460
908730604
908743772
909396992
909615488
909660705
910001165
910023378
910046514
910110832
910127100
910200493
910319832
910442542
910759852
910927620
910966577
911137087
911322976
911366234
911369803
911513098
911548129
911569817
911695140
911707901
911819083
911860700
911873029
911994414
912114187
912162251
912179095
912226861
912250007
912436204
912627658
912679795
912827264
912879240
912959095
913035378
913133602
913147827
913208299
913233457
913364020
913407753
913422317
913519137
913539527
913685672
913848148
914031572
914072563
914345811
914385526
914576185
914808085
914961628
915058622
915091092
915111166
915120128
915128364
915165567
915195381
915454988
915585285
915759660
915776403
915787081
915959094
915965863
916070552
916075821
916109063
916413268
916505789
916616717
916672273
916707735
916715631
916795022
916796093
916806926
916817338
917101553
917120071
917149483
917158313
917213125
917320048
917349878
917430793
917553512
917637608
917748733
917818065
917883837
917889994
917960480
918240138
918596654
918640387
918706718
918724124
918740916
918800032
918870265
918873803
918935764
918956300
919193942
919302220
919612774
919852519
919882442
919970636
920149531
920281673
920377070
920399726
920476936
920570578
920750546
920907514
920914990
921143520
921145567
921189254
921193520
921250283
921296665
921360792
921400952
921490818
921679786
921680946
921770152
921929140
922053410
922062965
922297257
922445158
922599197
922688429
923251881
923666572
923920983
924039520
924144129
924189037
924232860
924238734
924425048
924596059
924623386
924708948
924852201
924906920
925064080
925215924
925264137
925366109
925366353
925491707
925612428
926186561
926301434
926419985
926463728
926741178
926842581
926921835
927165446
927425682
927514089
927552884
927564797
927846391
927889196
927992707
928228184
928258563
928316232
928443214
928509806
928709551
928787921
928809178
928956095
929090948
929161926
929338920
929379154
929568199
929570994
929589997
929665393
929728125
929731937
929799475
929974303
930001260
930127771
930179187
930252313
930306751
930318056
930372436
930482470
930491347
930562392
930647738
930775105
930926308
930933761
930995607
931031586
931131249
931275772
931425725
931498654
931558804
931610842
931662753
931730893
931789310
931802212
932285330
932450585
932541613
932620220
932723426
932767405
932903387
932950658
933086926
933236308
933407309
933432078
933548462
933552912
933647842
933797181
933871628
934021166
934161765
934470450
934553785
934603220
934652072
934997354
935047712
935127467
935189334
935301241
935333275
935340232
935365550
935400677
935437294
935526379
935581929
935729340
935822074
936244879
936352805
936395710
936413705
936499666
936574999
936795141
936815065
936828015
937004070
937100374
937124745
937422982
937489444
937495809
937680919
937724761
937770478
937800969
938091362
938118398
938128594
938257606
938289597
938369024
938438780
938541367
938689030
938771216
938788376
938791673
938845539
938999028
939316108
939376251
939493390
939504885
939588725
939588940
939611205
939632794
939646557
939648972
939713583
939759262
939765873
939811228
940080499
940299537
940521381
940679620
940709455
940797586
940871913
940883284
940949804
941213670
941231883
941379647
941448373
941473258
941552390
941596881
941640343
941736534
941767718
941772702
941833257
941873066
941907131
941931283
941935288
941979452
941992360
941993475
942025156
942257664
942776226
942824422
942902677
942976819
943058494
943186799
943302678
943319866
943415709
943430304
943455793
943467550
943536551
943549358
943733186
943855823
943996621
944287660
944336270
944454421
944465008
944524865
944553107
944642508
944652718
944808434
944880756
945159467
945375796
945818510
945899031
945903972
946062948
946262029
946394561
946420169
946441833
946463727
946567557
946585958
946688543
946848355
947038177
947215809
947227586
947233649
947308228
947316124
947317364
947377797
947431392
947460257
947612589
947701136
947886793
948055185
948249661
948263359
948468134
948584316
948700856
948863507
948898184
949021409
949148767
949299997
949381256
949422772
949457700
949514017
949604856
949639944
949736213
950235294
950263263
950350782
950410801
950574546
950582796
950626159
950628839
950699923
950756628
950819807
950993154
950996790
950998179
951040349
951072153
951233996
951250388
951324523
951447320
951532509
951644102
951666056
951728284
951756847
951825022
952079707
952106638
952241569
952290945
952574719
952577309
952626774
952696620
952710402
952726813
952990018
953040206
953045892
953274158
953299295
953508966
953608874
953611531
953817983
953899610
954068016
954078109
954091860
954139078
954183692
954298037
954553971
954562776
954572610
954800019
954829364
954883732
955285454
955353514
955450075
955504588
955594085
955660864
955680028
955815241
955826618
955841341
955947555
956219459
956276548
956286814
956385000
956431166
956454044
956530101
956580798
956591964
956594629
956613489
956680235
956752819
956787139
956806966
956883296
956988817
957015334
957104103
957105043
957106859
957420505
957563320
957655155
957706221
957778156
957867299
957894413
957937484
958043645
958139822
958365512
958379420
958442237
958461882
958600605
958738209
958868054
959017017
959114018
959268110
959398291
959561149
959561378
959627452
959716919
960051127
960197684
960263019
960266812
960270846
960328492
960492395
960505328
960577959
960945868
961344616
961612497
961890410
962026024
962037575
962040921
962058327
962059147
962152297
962281909
962432836
962605735
962614723
962878813
962880356
962963956
962968421
963197129
963225851
963251810
963279096
963300812
963312015
963351808
963488776
963526297
963547286
963607667
963678899
963801479
963850435
964170624
964213994
964472604
964569133
964824648
964898608
965031504
965152566
965194752
965241018
965474272
965590412
965724235
965738143
965826695
965833521
965871079
966290614
966698874
966818878
966841277
966936397
966999556
967274346
967436030
967590201
967937035
968192314
968233976
968282400
968345303
968447952
968460625
968530478
968667087
968916299
968920835
969007645
969222999
969239315
969330501
969640019
969793071
969816568
969958475
969962779
970019916
970026703
970063950
970137221
970243857
970354253
970433340
970591167
970603243
970661816
970708762
970722512
971149786
971190643
971248907
971552067
971623894
971804416
971869817
971888290
971955968
972102392
972210458
972257796
972285935
972289345
972398060
972561131
972578035
972724009
973062398
973184107
973194294
973217440
973224548
973404279
973426671
973532014
973597453
973758176
973779006
973840477
973870897
974025940
974320994
974345178
974358509
974392219
974512561
974517667
974898591
974956210
975024153
975142923
975193724
975276972
975293353
975294068
975603345
975643685
975699002
975719664
975775398
975809479
975822681
975892850
975997623
975999495
976010004
976011867
976148430
976569774
976634615
976680910
976761658
976803657
977075130
977158111
977289649
977493503
977677264
978136583
978154141
978212427
978546355
978598250
978602348
979015567
979147264
979190816
979250238
979274413
979441439
979541344
979571437
979716938
979747250
979771106
979779762
979820544
979874469
979883956
979955534
980002565
980173635
980310360
980373353
980421978
980445523
980681545
980802251
980856926
981193888
981336314
981399729
981400271
981402685
981490418
981808882
981921334
982120775
982236227
982437376
982568504
982631399
982679492
982757180
982760832
982890930
983039530
983266717
983303253
983333267
983393175
983408453
983523519
983756579
983883741
983930931
983937066
983995696
984000538
984057387
984062529
984420794
984708675
984763328
984799182
984823458
984915751
985066571
985079068
985161207
985217642
985670399
985890216
985897170
985900603
985901982
985988205
986105111
986116343
986402606
986441167
986540229
986598367
986683693
986945894
987193079
987323579
987442003
987486261
987499812
987625167
987626978
987640791
987718837
987751991
987848446
987925028
987968428
988104940
988194648
988245953
988468101
988513629
988527313
988564305
988787175
989064691
989166821
989408268
989415206
989507026
989605449
989651688
989937907
990047136
990068490
990073535
990307509
990338443
990430994
990563073
990599216
990656335
990683011
990889053
991006554
991015025
991077799
991166170
991192966
991382399
991717332
991909998
991924418
992108534
992111176
992306505
992313571
992364533
992435271
992686333
992722714
992754552
992787211
992792586
992861775
992986809
993018253
993152775
993246777
993648947
993731051
993862569
993905747
994208128
994210363
994654739
994707736
994787696
994853468
994856469
994956265
995026104
995203181
995446808
995608091
995666122
995880509
996108145
996203760
996244954
996305299
996401963
996424435
996571538
996576236
996663423
996667930
996730440
996773471
996784336
996793452
996844903
997026464
997081952
997458149
997584341
997666305
997711139
997793799
997897428
997908541
997910788
998114884
998212916
998395223
998408722
998576522
998626363
998650781
998665125
998784172
998809884
998939959
999010025
999040186
999082093
999169787
999211143
999258981
999290299
999339472
999542977
999599542
999603947
999908623
999915274
999952270
