58049
149674
178947
229750
1120886
1207422
1312019
1325446
1591576
1691001
1792663
1866540
1883039
2009713
2012931
2021342
2447309
2502446
2710650
2971024
3044503
3103514
3116617
3142810
3175231
3441570
3457406
3466806
3474424
3491754
3762421
3936170
3955290
3957548
4022096
4092043
4326077
4343185
4395594
5161881
5482789
5496346
5576918
5883515
5896123
5980760
6127500
6165407
6249524
6346813
6428868
6457032
6556301
6629760
6716515
6779036
6816534
6957526
7056347
7147536
7382263
7874003
7990954
8117741
8550457
8826426
8954936
9051070
9274934
9450085
9663361
9770240
9891461
9913626
9952709
9983571
10148426
10415589
10481277
10539992
10587378
10708201
10726110
10728593
10779059
10820901
11074906
11383672
11866102
11916522
12128594
12326403
12333003
12337158
12623413
12738476
13026887
13044185
13224878
13607930
13684132
13773675
13871882
14017903
14061021
14172584
14189164
14695050
15370326
15414292
15602333
15689608
15723001
15776490
15790477
16231819
16509671
16598688
16710706
16804234
16942341
17595713
17648085
17917053
18090812
18091726
18093763
18455856
18528004
18658750
18675333
18733957
18923282
18998496
19118320
19266945
19333169
19418534
19450804
19490105
19502138
19660098
19679078
19761973
19936794
20147448
20220108
20270751
20324502
20362831
20379891
20639367
20747291
20801617
20910681
20955572
21159961
21218004
21614400
21702329
21792359
21809597
22396309
22576988
22634823
22696859
22814759
23022971
23117040
23278851
23443244
23679200
24074661
24230552
24237144
24341748
24504154
24522812
24622712
24672559
24735466
24765597
24791792
24901018
25402437
25420416
25555616
25585657
25601306
25685418
25704936
25759785
25803974
25973766
26133029
26184253
26237620
26503674
26517145
26566904
26812788
26828204
26860231
27072424
27210564
27317355
27468952
27543357
27543435
27556416
27950452
27950521
28029474
28114023
28232730
28359920
28425618
28531493
28665243
28673862
28767000
28960402
29092571
29323165
29438398
29442654
29574892
29645597
29666831
29676980
29780108
29950032
29993959
30007349
30032215
30089592
30192298
30272934
30293213
30411835
30450988
30493777
30499527
30608627
30726094
30888264
30897261
31101963
31255446
31276620
31495259
31544836
31632151
31650459
31660461
31667096
31937399
32143834
32517500
32533914
32581645
32610770
32643252
32725848
33148025
33210001
33330251
33472579
33623947
33683558
33847643
33915769
33981737
33991817
34223133
34226170
34338221
34369003
34376553
34628085
34646742
34702831
34768083
34786478
34951388
34980142
35165835
35181457
35459353
35611262
35759065
35777358
36277044
36403879
36437528
36465219
36582909
37316799
37372325
37557656
37588360
37791477
38327046
38429942
38643208
38697762
38892920
38908882
38922516
38929839
38955374
38990099
39206245
39256092
39334974
39346063
39355268
39445312
39470391
39484251
39532783
39580216
39715804
39806485
39931261
39991847
40168538
40171353
40410775
40663446
40691323
40712586
40719520
40738937
40755436
40755633
40765988
41215487
41512578
41749434
41967001
41968107
41988886
42009130
42086337
42112142
42260566
42313153
42393307
42758901
42830576
42934928
42966339
42984411
43025473
43197088
43253086
43285938
43485433
43502241
43539940
43631967
43789945
44181013
44228771
44498267
44503388
44549750
44598738
44654888
44736683
44759774
44784767
44847109
45028494
45140211
45140721
45155030
45171517
45215134
45456738
46087248
46832092
46837605
46951528
47288719
47323930
47350370
47569957
47675085
47807038
47809172
48332802
48340254
48562018
48596700
49084743
49123488
49228397
49626879
49866177
50006249
50062135
50083038
50260557
50276706
50302014
50360780
50526221
50530019
50530911
50782870
50843895
50845454
50853939
50955100
50955368
50963498
50978170
51143169
51266342
51271710
51404374
51567448
51710962
51713823
51812275
51823365
51968812
52022030
52037536
52051710
52172351
52201629
52222442
52232649
52435338
52486028
52537817
52539175
52541785
52615698
52622891
52733309
52756063
52817467
52875924
52889997
52996026
53041330
53118496
53238435
53301224
53329945
53391506
53435866
53788501
53842268
53856825
53892113
53916550
53917731
53934822
53948578
54266777
54278759
54296503
54320478
54334033
54341964
54441754
54445248
54576415
54703465
54719612
54796422
54904245
54990685
55018407
55232966
55482694
55594469
56173761
56197255
56321457
56354669
56412965
56505445
56514203
56533904
56733799
56830356
56899523
56965463
57412934
57447015
57561919
57719929
57817142
57817940
57956622
57964494
58347002
58417622
58448776
58697517
58757387
59088796
59102771
59343168
59359364
59370155
59511933
59866622
60097793
60111389
60203748
60387085
60393656
60413383
61108113
61122430
61375139
61490041
61508760
61572796
61718939
61812428
61891728
62158629
62748070
63094812
63161983
63353887
63444619
63556922
63560628
63640039
63647951
63852290
63931988
64089602
64194394
64206299
64212496
64265527
64287592
64297054
64356160
64370296
64402985
64424146
64445516
64466176
64535945
64557059
64568143
64577597
64634516
64669319
64693536
64719435
64978842
65177468
65219221
65267282
65407615
65421247
65470599
65502357
65676262
65849742
65915097
66076703
66335366
66367649
66674739
66691074
66719863
66848325
66882203
67057518
67094203
67116570
67265410
67417392
67518120
67626070
67713571
67815581
68328790
68353541
68502717
68528264
68548926
68583364
68627095
68696713
68835145
69073172
69077009
69098258
69117199
69193044
69215829
69267489
69325632
69516637
69605125
69609977
69708215
69795407
69859366
69861309
70153126
70208281
70422878
70865825
70923359
70952079
70957348
70961539
71021247
71027569
71527701
71571119
71667557
71761691
72125273
72317903
72359282
72499694
72649703
72718151
72727337
72864164
72991496
72996062
73177487
73306366
73685677
73823695
73824705
73863836
74118786
74162724
74312452
74342096
74540580
74732271
74734781
74770862
74811554
74839446
74871797
74920202
75031390
75280522
75352169
75536270
75569835
75634498
75683912
75882891
76124802
76320658
76414445
76711390
76933147
76939672
76940957
76940968
77006906
77146817
77205731
77288835
77348727
77561295
77613404
77680870
77972736
77978759
78067611
78121225
78225355
78302597
78632087
78853591
79016756
79410801
79467098
79536197
79544996
79836066
79994973
80302966
80336852
80352452
80579164
80597123
80599422
80654284
80721610
80871368
80945042
81090139
81128886
81215745
81253638
81276410
81399358
81523020
81676467
81682130
81757870
81895566
81998649
82013155
82180337
82260669
82308339
82367684
82648139
82825242
83183352
83195324
83203340
83532395
83744109
83993028
84053871
84155657
84393612
84431588
84629346
84772257
84903270
84989866
85407764
85452836
85550291
85628322
85803824
85842759
85968638
86015675
86037570
86071135
86156838
86439236
86564166
86796269
86922973
86965047
87113824
87317532
87523607
87553578
87854145
87960068
87981253
88048923
88057269
88109948
88217335
88253120
88266265
88472645
88507799
88519954
88865397
88948032
89046444
89110003
89120953
89370620
89402417
89433374
89483185
89498977
89524381
89690472
89804804
89842989
89887351
90056035
90141132
90334063
90466435
90675034
90706674
90795981
90803254
91254546
91390725
91452190
91496243
91607416
91617549
91775345
91879481
91921495
91972642
92196929
92200083
92404685
92431898
92460855
92508911
92602943
92656521
92673129
92769861
92981480
93188661
93425548
93754262
93859693
93933855
93950189
94032287
94190770
94203303
94260879
94306339
94418892
94545786
94582123
94657238
94697809
94700517
94770292
94906551
94940133
95092330
95344695
95377903
95567088
95689617
95733450
95856726
95918450
95983684
95985472
96339339
96349869
96673873
96677359
96690205
96735723
96772705
96836207
97049542
97081199
97209643
97367947
97372221
97374535
97451992
97460560
97533494
97884000
98026179
98032726
98186519
98243531
98245795
98468366
98481180
98646917
98665804
98678957
98696798
98744504
98751487
99333126
99370487
99396027
99397980
99504239
99507988
99638949
99680364
99713312
99875274
99878935
99935017
100047655
100149430
100385786
100402514
100475525
100504958
100522149
100586910
100801026
101229332
101230326
101279719
101316653
101366222
101404073
101422013
101509007
101516696
101557412
101588944
101679016
101698955
102016912
102052980
102170403
102209362
102225460
102277943
102319887
102793856
102806164
102880392
102903987
102961706
102982016
103004458
103040581
103061769
103062342
103107983
103337024
103340093
103539342
103706939
103717068
103752587
103780471
103803530
104018204
104252029
104372351
104373678
104446177
104661379
104664787
104714405
104858773
104889991
104918420
104951570
104960769
105035465
105063920
105146909
105202045
105335942
105506429
105773213
105784350
105816734
105846623
105901477
105946261
106110787
106157742
106394460
107119260
107176510
107186029
107237821
107492512
107516158
107538903
107597996
107700539
107724208
107827362
107844944
107890386
107943674
107965038
107973273
108004546
108025454
108042251
108132334
108209254
108248108
108284382
108310001
108423419
108470686
108516921
108569195
108717132
108760316
108819281
108922242
108960667
109074790
109460045
109528161
109738292
109911849
110037718
110047728
110082310
110239410
110269661
110328007
110384403
110400631
110464319
110513352
110805893
110906114
110920412
111106588
111403738
111425648
111524484
111701601
111809796
111926806
111999272
112114074
112216102
112251386
112261896
112409396
112471012
112715885
112807479
112829048
113174849
113325748
113339751
113383869
113546947
113574299
113681467
113902033
114210135
114390001
114477628
114517374
114566741
114597959
114732400
114865632
114904513
114957498
115024327
115073163
115273792
115314192
115481822
115528637
115551892
116012521
116054301
116071835
116170452
116177123
116254603
116299499
116517405
116580161
116611484
116668640
117012337
117031769
117063208
117171757
117174919
117232632
117299274
117308584
117347975
117380857
117667639
117733265
117853037
117913907
118049513
118068345
118077169
118086492
118242826
118270708
118351168
118489599
118608097
118719159
118987903
119100505
119174259
119203221
119337074
119421616
119487033
119581777
119655300
119689835
119790442
119810166
119810782
119835743
119937895
120093764
120135173
120361310
120449586
120490079
120619964
120642739
120701812
120834875
121053696
121106793
121267109
121382820
121461252
121724121
121833579
121882600
122217876
122350803
122540483
122585015
122660626
122687605
122831360
122909206
122936625
123229099
123267753
123296459
123300640
123451741
123486471
123564018
123794327
123807204
123893146
123930269
124071291
124090794
124180170
124184576
124211751
124548494
124758882
124867963
125037592
125193017
125200826
125277358
125352835
125491147
125678222
125744438
125786548
126043334
126070495
126423986
126715915
126792814
126801375
126806976
126826245
126844503
126896394
126944119
127275096
127390500
127411747
127587785
127623768
127632280
127834540
127892395
127933711
128067945
128300711
128582405
128904563
129096823
129107295
129123223
129232875
129502134
129514046
129521035
129619111
129772360
129831894
129846464
129859123
129863325
129916615
129996816
130032171
130067214
130079478
130196923
130236500
130355118
130670056
130743203
130754997
130779083
131040419
131086895
131171312
131301584
131517206
131519077
131541799
131542149
131585914
131753788
131785845
131935711
131974689
132043620
132059176
132069624
132185060
132203754
132221448
132281715
132335062
132544225
132656743
132892396
133176018
133310133
133363971
133451574
133733496
133852607
133899885
133979716
134049654
134057962
134121681
134130092
134142967
134267558
134285109
134295493
134616702
134640347
134677699
134875791
134964556
134987381
135015418
135021235
135122731
135346425
135363400
135387667
135430545
135465099
135629035
135709532
135806118
135932324
135948219
136028174
136138085
136201458
136226080
136311984
136330092
136376831
136540363
136587787
136595471
136983545
137015268
137113397
137134507
137311993
137347306
137352632
137392693
137492257
137503067
137529759
137608557
137614596
137620448
137695495
137704511
137948624
137971334
138101838
138391980
138434457
138446533
138476015
138476896
138728940
138830959
138840002
138907995
138981823
138995190
139073410
139113379
139192791
139231299
139289061
139564910
139644071
139770844
139872924
140065844
140096225
140099576
140100215
140108894
140241763
140280336
140298283
140497507
140526454
140655594
140789606
141064690
141089288
141099127
141813332
141851025
141942967
142289536
142344307
142377016
142436332
142585462
142931219
142970639
142987849
143220385
143248537
143370440
143407108
143570531
143682568
143724454
143876215
143918930
143920378
143920492
143932121
143954863
144174383
144175424
144348822
144393292
144560306
144596143
144609790
144640782
144761205
144797989
144912909
144955351
144989606
145002930
145013917
145171675
145273329
145291806
145398462
145530425
145793513
146293084
146405192
146445540
146660871
146853643
146965508
147089956
147186788
147274370
147325794
147480165
147546806
147597512
147599359
147763045
148029937
148039910
148060169
148188180
148197131
148296636
148610684
148650887
148765261
148972433
149054315
149233205
149280269
149706808
149832671
150060922
150134821
150285916
150394838
150504980
150589081
150746218
150786247
150849906
150857807
150926618
150965457
150972476
150989945
151056718
151094097
151130292
151140913
151228743
151392186
151633589
151751305
151805304
151840612
151986542
152024804
152042985
152163877
152178971
152443696
152602972
152669029
152681158
152741551
152844545
152873680
153079347
153233715
153383415
153434318
153441960
153497773
153630432
154250756
154256113
154300689
154368247
154379702
154573699
154759146
154919427
154947656
154966131
155101336
155178201
155199937
155495086
155527059
155732862
155735708
155880915
155940805
156005397
156085453
156178317
156283579
156351416
156352676
156367827
156395616
156566180
156689741
156709407
156761674
156797882
157087326
157287064
157376622
157475188
157485698
157545880
157564802
157687179
157867441
157915138
157987634
158082644
158098817
158218695
158266988
158267461
158281542
158302985
158606556
158684011
158759858
158790717
158849912
158878205
158976729
159017512
159037121
159060106
159136903
159153012
159536170
159695765
159705382
159731875
159997061
159997196
160159407
160305326
160631203
160635432
160659944
160841540
160858164
160871353
161126880
161216876
161254614
161299760
161326558
161347745
161378809
161586654
161677220
161762431
162282320
162586317
162725405
162909129
163074817
163078350
163259607
163387794
163592792
163693914
163799238
163866019
163868311
163893092
163906442
163919939
163928601
163960781
164014302
164224408
164306489
164590765
164639582
164781825
164879397
165014629
165021753
165179102
165218971
165413363
165441747
165649842
165771632
165777105
165831978
165928923
165942327
165948198
165997929
166152874
166235677
166334095
166458750
166516145
166811570
166959969
167309722
167315490
167373409
167377691
167437141
167576841
167590336
167597420
167623994
167703524
167903614
168066902
168146952
168226036
168271322
168527901
168549294
168601265
168773680
168796447
169113435
169192156
169217076
169399383
169606285
169637583
169760886
169822346
169933200
169965623
169999852
170004948
170049102
170079205
170189424
170230450
170258010
170332138
170877655
170910346
171082892
171083668
171088797
171133129
171431944
171585183
171872527
171905462
171942658
172015254
172098915
172152377
172324174
172450445
172472992
172750691
172794140
172838207
172942649
173154466
173274131
173285818
173325554
173326637
173497891
173699110
173908619
174045787
174053430
174185072
174220835
174410924
174416166
174598306
174758561
174885887
175032112
175233512
175235847
175494414
175521206
175747287
175845101
175914515
176019885
176071130
176181995
176227146
176268791
176302737
176562385
176687555
176705587
176970719
176979855
177247856
177369718
177613837
177676058
177728312
177904504
177925421
178171120
178180038
178209313
178239403
178267205
178370842
178495870
178535115
178563329
178601854
178621455
178984050
179109965
179199469
179208698
179288144
179358030
179522356
179528252
179900765
179905649
180062726
180204727
180326950
180390423
180399081
180420730
180642646
181042862
181199601
181364030
181585195
181607244
181643091
181854761
182237174
182306478
182400395
182512292
182540450
182778908
182873357
183015810
183236695
183285139
183288795
183371096
183449454
183659369
183826227
183836507
183911182
183939547
183959151
183990374
184006890
184084933
184181486
184229767
184250481
184382242
184387880
184616326
184617560
184889114
184910278
185067116
185093310
185181363
185190983
185227728
185533661
185586510
185788425
185923214
185926275
186122379
186263790
186729445
186835532
186848193
187065602
187229409
187271545
187647465
187761786
187769835
187799887
187934103
188100609
188192080
188311452
188319447
188614310
188624005
188742971
188775955
188830372
188882486
189104870
189321662
189464498
189491686
189615974
189668130
189796578
189831957
190208078
190500415
190548667
190628131
190644544
190811131
190957785
191006530
191111818
191250240
191268208
191423104
191454377
191602564
191743814
191753131
191793132
191844398
191891973
191995403
192057238
192258824
192271743
192377872
192428965
192447970
192590563
192920116
193136496
193144880
193243359
193361158
193524239
193780117
193864368
193918414
194099902
194115175
194174410
194478828
194515347
194622706
194675281
194781133
194892408
194914536
194970713
195179652
195285904
195429601
195459344
195498934
195554782
195598673
195654600
195921081
195924491
195942411
196042848
196285148
196331333
196433593
196452136
196614396
196617998
196646945
196848008
196874102
196922325
197018249
197047990
197253426
197412812
197425650
197492724
197537035
197547312
197727094
197809959
197814160
197888170
198130630
198234321
198395859
198439201
198442874
198620567
198738064
198835904
198898555
198964464
198967277
198997315
199156965
199572558
199590686
199620432
199732021
199760943
199793123
199925062
199931664
200028148
200119421
200240785
200360886
200451043
200531321
200559247
200674202
200723745
201037404
201039062
201149357
201197026
201642123
201714293
201719419
201784173
201789063
201968052
202009655
202063273
202118452
202124608
202132168
202246477
202531903
202626653
202865931
202900434
202917158
202924535
202963505
203105896
203137005
203156223
203227564
203271429
203333319
203403703
203696496
203753055
203898137
203922874
203974015
204143600
204278600
204433910
204525753
204688859
204984010
205021057
205201411
205275499
205411646
205451364
205573776
205621526
205629823
205637324
205645332
205828615
205967014
206018057
206070586
206189935
206407969
206442602
206475536
206543812
206564338
206785341
206841240
206928547
206945903
206984942
206995019
207136765
207361594
207568412
207681408
207839966
207964097
207986099
208243308
208341509
208389779
208532425
208774341
208881069
208976931
209130666
209175503
209642765
210214887
210238377
210314332
210337342
210468031
210570465
210612214
210632905
210706202
210896903
210962498
211044641
211091430
211268956
211302498
211306610
211371362
211564615
211586865
211589896
211796608
212021275
212095720
212182979
212244810
212275226
212515316
212665965
212924717
213103966
213220952
213339775
213510020
213564946
213571851
213729541
213882330
213905256
214030852
214232513
214371104
214514565
214540384
214651889
214737790
214865186
214994560
215131117
215386497
215474693
215747116
215762856
215853240
215875766
215980373
216025253
216218995
216220512
216238850
216331642
216348753
216393917
216447785
216537335
216625882
216653562
216723532
216740293
216745795
216896533
216910285
217018563
217055964
217067911
217085766
217182468
217239871
217269070
217270876
217298948
217311791
217365436
217602991
217851483
218038302
218113445
218276049
218411879
218470282
218519049
219076874
219243368
219275209
219379001
219429633
219592246
219635442
219712662
219817280
219829402
219940840
219995151
220106315
220400705
220439940
220457580
220536264
220634204
220652991
220772269
220807384
220895415
220904901
221019271
221057254
221300160
221368321
221368985
221408535
221559359
221630617
221717227
221881811
222013049
222216640
222229711
222560475
222578690
222593241
222615724
222627022
222713936
222783026
222831562
222873407
222888198
223085772
223248233
223305163
223338857
223355318
223553437
223577311
223650218
223749168
223759902
223850647
223864825
223875291
223999650
224107960
224170627
224279526
224378925
224463925
224515499
224568883
224795694
224798820
224802152
224839077
225030011
225040908
225168230
225209484
225251115
225329193
225376433
225417530
225629555
225669324
225715901
225821424
225934873
225960073
225983090
225994495
226070954
226107296
226167312
226325131
226341010
226458489
226535794
226827162
226875789
226878350
226951430
227552719
227640249
227690733
227741876
228046623
228067721
228092362
228097851
228142652
228159996
228352653
228505920
228610754
228719208
228968883
229169612
229293474
229390061
229513200
229515313
229574614
229583462
229802705
229866957
229936708
230059826
230187660
230214807
230225469
230245067
230301257
230346985
230406965
230814820
230848889
230878773
230999291
231070063
231157302
231441404
231442708
231464581
231858540
231979403
232016865
232100828
232298058
232324602
232329069
232417409
232608557
232615192
232626621
232727989
232731129
232783059
232790443
232855340
232886675
232891272
232943776
233044747
233051184
233052826
233084011
233608869
233651272
233676712
233733613
234089424
234407141
234419606
234495832
234533396
234581891
234796028
234845305
235165623
235200521
235275472
235301738
235466704
235550670
235556705
235670890
235935436
235942009
235953451
236134962
236177560
236197771
236220755
236254098
236281147
236300441
236331424
236366475
236767331
236965488
237011380
237206135
237295181
237391689
237397994
237502199
237600429
237761334
238017474
238143480
238207367
238297298
238344577
238353410
238445219
238447484
238544386
238547209
238620582
238678496
238795536
238950796
239069759
239251607
239309037
239351608
239481590
239649237
239759542
239864544
240065219
240070976
240176223
240293402
240311226
240313934
240337418
240610268
240697682
240702312
240751547
240771763
240771864
240931120
240932463
240969506
241198556
241211034
241265438
241303700
241353478
241379029
241461783
241911999
241943884
241978932
242005872
242053906
242134894
242426256
242553048
242580783
242684370
242716637
243062964
243080367
243354040
243416315
243421380
243726039
243933137
243983577
244046986
244070731
244146478
244153874
244216269
244254861
244260547
244635293
244652887
245029888
245623477
245690051
245713035
245835691
245883794
246033855
246085254
246113377
246278086
246359892
246447578
246549036
246550406
246565432
246654247
246684809
246700540
246757295
246796319
246823042
246918739
247031690
247138974
247167666
247477572
247482454
247562980
247621392
247822593
247899142
247926500
247981447
248033563
248148457
248244752
248265711
248296380
248308199
248352257
248493014
248539197
248614853
248624563
248645930
248719147
248749116
248771151
249012451
249150959
249185269
249390811
249519264
249593378
249597979
249695319
249866613
249901522
249978372
249980065
250047304
250057395
250105192
250113431
250309366
250389093
250395290
250564086
250662222
250670849
250728542
250823551
250825516
250970864
251009182
251058124
251272159
251426158
251584804
251844566
252010506
252084850
252141151
252214776
252289679
252309655
252312941
252373623
252388147
252621927
252724884
252769855
252954454
253098589
253294379
253333631
253366552
253414448
253545999
253611082
253821576
253916894
253934294
254011811
254057947
254152896
254383084
254391677
254486371
254555779
254619121
254835480
254850396
254873670
254930543
255085157
255104607
255145192
255155371
255203320
255216186
255471174
255521930
255655300
255929684
256006080
256037628
256043623
256216657
256222968
256231856
256760036
256866764
256869313
257260762
257289551
257410564
257430765
257540262
257547307
257695519
257718832
257726999
257811278
257882722
258072841
258073431
258090657
258095905
258319484
258323153
258371411
258560025
258566363
258726150
258836810
258849319
258923306
259051610
259230996
259378149
259503457
259673733
259803055
259887704
259926354
260119833
260120318
260222523
260310831
260418506
260536899
260722546
261009675
261022202
261068928
261113694
261232122
261434751
261435259
261659583
261691580
261793599
261798068
261853512
261905509
261980693
261981770
262057877
262092882
262111484
262114596
262132674
262194038
262508203
262863936
262933379
263006087
263096510
263273160
263303182
263378175
263513808
263821105
263886469
263939361
263940285
263949185
263957310
264067979
264242937
264320687
264684793
264834367
264879397
264901585
265034249
265057723
265166644
265296235
265304242
265345956
265512075
265620214
265721590
265844778
265982130
266017687
266053493
266208485
266292891
266355793
266376647
266450083
266513996
266587369
266763667
266801732
266826667
266958400
267010568
267058275
267215723
267521109
267609102
267718122
267839566
267877033
267943394
267953388
268021937
268223083
268508684
268547027
268865758
268877416
269120886
269145621
269325966
269380715
269501750
269534192
269540708
269631347
269638305
269679178
269699183
269708109
269846597
270162223
270269325
270390250
270425045
270430826
270442593
270597748
270706652
270737710
270803957
270970979
270984165
271018206
271048928
271133726
271510190
271525866
271638750
271736246
271812893
271853057
271858003
272061865
272190634
272297296
272387283
272401122
272487635
272619259
272669971
272699661
272750607
273059681
273186326
273261504
273473718
273543025
273556186
273575427
273763441
273848828
273897620
273963325
273998842
274130949
274167211
274209211
274304717
274350071
274550211
274603479
274631285
274667818
274811322
274940687
274978796
275087888
275244036
275332213
275387592
275406182
275430270
275533251
275536449
275721941
275766906
275777227
275887415
276019054
276092736
276190807
276270831
276289584
276626797
276635474
276703557
276866613
276939878
276959812
277575572
277623061
277626194
278028048
278221063
278299793
278466360
278664860
278834080
279010804
279071936
279286766
279516533
279620922
279884409
279914398
280007152
280076831
280201506
280233201
280286856
280441757
280628838
280697637
280792001
280833900
280838810
280935052
281007458
281048130
281069488
281090294
281309034
281424677
281426127
281449795
281706031
281804697
281815442
281905007
282346175
282761808
282839122
282840549
282988821
283011021
283099388
283101956
283244851
283341858
283368719
283460008
283616151
283632308
283643647
283645319
283648316
283787481
284076873
284385275
284433525
284454250
284521194
284928492
284946040
284956508
285213783
285242609
285349977
285476572
285509318
285578170
285662016
285707858
285908516
285953377
286044287
286116054
286301966
286365513
286389251
286394788
286401182
286784188
286788677
286806933
286843432
287059265
287148388
287371238
287730784
287763184
287790387
287795461
287834666
287935428
288028184
288147491
288263524
288392201
288545023
288572039
288734455
288802528
288825610
288890442
288891473
289181371
289261368
289353794
289364848
289374464
289390974
289502083
289518187
289583720
289742171
289827709
290177555
290253393
290366954
290461838
290688905
290701150
290724882
290753699
290873680
290990795
291115311
291599293
291635815
291771167
291893605
291900081
292068744
292125268
292185730
292227825
292278181
292366484
292389427
292543389
292546121
292627392
292681905
292769116
292778463
293147166
293178063
293284409
293286396
293289534
293571831
293969986
294073479
294128851
294144376
294224512
294290079
294318575
294322500
295336604
295501145
295674064
295801031
295844559
295880326
295956197
296048039
296055753
296077941
296102082
296385403
296394664
296395446
296403141
296417672
296550745
296707938
296720891
296831204
296844706
296854699
297209326
297240133
297262906
297407772
297427573
298212052
298255896
298352055
298611089
298646292
298752482
298775184
298827251
298848912
298946938
298956510
298978410
299083401
299127768
299204264
299241770
299388752
299499263
299517754
299712770
299716864
299993637
300282277
300324819
300454649
300799010
300865943
300904220
300905248
301061102
301196013
301197226
301268769
301323987
301538334
301566870
301720109
301767328
301952452
302059533
302191369
302354070
302409138
302443839
302541899
302651553
302698633
303024423
303234551
303540914
303631508
303854324
303987501
304009953
304044298
304046720
304071949
304220653
304318134
304530061
304675579
305113698
305122615
305253177
305275981
305317453
305463731
305524059
305543609
305564811
305617409
305618267
305700860
305762113
305874688
305990439
306040601
306072762
306161446
306255126
306261052
306305669
306350939
306533463
306712350
307110157
307194460
307278779
307455417
307655136
307792652
307874122
308014380
308071818
308199106
308529477
308693827
308720228
308754800
308778565
308882567
308907962
308955518
308958699
309081170
309121276
309121849
309144346
309339274
309374530
309472758
309482577
309483365
309483598
309539725
309756932
309898413
309953456
310030614
310059567
310166422
310327341
310335927
310399722
310401439
310462651
310492260
310500954
310761958
310941968
310993613
311058530
311211075
311693983
311746185
311767228
311775175
311894781
311946649
311961433
311998839
312100883
312108463
312169795
312429522
312481673
312544941
312719774
312822201
312996168
313040551
313102391
313365817
313372820
313764844
313798016
313984713
314055877
314102046
314131111
314313701
314505428
315571535
315706163
315816626
315941507
315994856
316005982
316267330
316482282
316719553
316766023
316768621
316772915
316775402
316948491
317014153
317047911
317262671
317363454
317363849
317426679
317571865
317693285
317755153
317840266
317872693
317937945
318071000
318206248
318489415
318562183
318613885
318623403
318866895
319002033
319043235
319086335
319154427
319249524
319311305
319388318
319404024
319579156
319737221
319747274
319913380
320067481
320107306
320163848
320188002
320213963
320226478
320260548
320350082
320719055
320833834
321093329
321145992
321482488
321645666
322044937
322062820
322081889
322096630
322101264
322166243
322203038
322210072
322567385
322752256
322794336
323102148
323125913
323296694
323314397
323333224
323407433
323431960
323446149
323456783
323523505
323588068
323594735
323874312
323900737
323962704
323966569
323988378
324024544
324082683
324152714
324221516
324245420
324256120
324297259
324324012
324349154
324420070
324437500
324505211
324563552
324565420
324569746
324582461
324641550
324645475
324851575
324995492
325015718
325074149
325076202
325172279
325202022
325329893
325419253
325424066
325451662
325457246
325515898
325636062
325702641
326007837
326123738
326135880
326173687
326194810
326477943
326618442
326620398
326705716
326725149
326740656
326927828
326941851
327070111
327128028
327234410
327490797
327569931
327589953
327881027
327933311
327961438
327980869
327986298
328034304
328093631
328255341
328310680
328435052
328491927
328608816
328645054
328646252
328822751
328895710
328920487
328938730
328941221
328985484
329048545
329087979
329163016
329309376
329348447
329457100
329465659
329511358
329721722
329814334
329860304
329923630
330130055
330157816
330388611
330513411
330730089
330767037
330905516
330924215
331028964
331046485
331132455
331133124
331250104
331299578
331321608
331384995
331417974
331674193
331732593
331797497
331837445
332045473
332255229
332565415
332759385
332792939
332888717
333226092
333346727
333399685
333679180
333811960
333831033
333853288
333994644
334011686
334034946
334179549
334233179
334379557
334532839
334589222
334747122
334782118
334793053
334843609
335002695
335043234
335072808
335083469
335298140
335426073
335446018
335495077
335614491
335850013
335987474
336374531
336397460
336426250
336429301
336579889
336620250
336642728
336701115
336748694
336953120
337023939
337249172
337280567
337452250
337497729
337516577
337536677
337865250
337900905
337972082
338120827
338166756
338317405
338510486
338590509
338712554
338744565
338768681
338922373
338936174
339099619
339332847
339423448
339523467
339693304
339706024
339724757
339956661
340040408
340064834
340359459
340449262
340532137
340722855
340985051
341062985
341147857
341169981
341190340
341563344
341942546
341981856
342031170
342113225
342174780
342234324
342359236
342417043
342461998
342705030
343056500
343075392
343356515
343525793
343641137
344051415
344298745
344311487
344339687
344349542
344508067
344705643
344710738
344824421
344867598
344925975
344959702
344992006
345053357
345081725
345153628
345181822
345200401
345212976
345299159
345300993
345307940
345338867
345350288
345453522
345747654
345765274
345771501
345892714
345983828
346191430
346331231
346360820
346361818
346477489
346531295
346574564
346626069
346705091
346765882
346767317
346981925
347126072
347243594
347270126
347522310
347552079
347573471
347672784
347682085
347700107
347710270
347803960
347857422
348056303
348082178
348137422
348159396
348485517
348521617
348655323
348730284
348772970
348824258
348899204
349066320
349362710
349695107
349720786
349928703
349971676
350003716
350119593
350187973
350238800
350248267
350267348
350297854
350308489
350315396
350503005
350546576
350589118
350638953
350679071
350719073
350868910
350998516
351169810
351187600
351253827
351335414
351503573
351547296
351674544
351714506
351796768
351796953
351952443
352077012
352089853
352517866
352545753
352570935
352584161
352671450
352731642
352736895
352804473
353052333
353124018
353169815
353322452
353399306
353541199
353571452
353983218
353986266
354031257
354088962
354310146
354325463
354374076
354443424
354504033
354601793
355111761
355194214
355283064
355349913
355352517
355578202
355596180
355790561
355829026
355930411
356206121
356412187
356598354
356670710
356765000
356960535
356993393
357102371
357307860
357348183
357411668
357439482
357554282
357593603
357702627
357728188
357833009
357881334
357933619
357982837
357995085
358028662
358029595
358243288
358246754
358417119
358692995
358827889
358940406
358946588
358948851
359046081
359072409
359087794
359160395
359277788
359307563
359440863
359602422
359748270
359923276
360184463
360219810
360221874
360409233
360411012
360766829
360840828
360886533
360935976
360975041
360988518
361089853
361114024
361212487
361242896
361319196
361452105
361489471
361566829
361652465
361655684
361733663
361864037
362068876
362075521
362318316
362323595
362357364
362449509
362713325
362735108
362781835
363016401
363047841
363152831
363186496
363319183
363349130
363495812
363591110
363601087
363654705
363674299
363743458
363818332
363849216
364037084
364048125
364069313
364133404
364137547
364175456
364182901
364252185
364394406
364482013
364549376
364673727
364925445
365014735
365081880
365092148
365093120
365111068
365156287
365224180
365385372
365565764
365618894
365769600
365833256
365851972
366063961
366066371
366313091
366408194
366461397
366536539
366548676
366553593
366563470
366590460
366647395
366697683
366740358
366783310
366810372
366843723
366863634
366927225
366930283
366976109
367023214
367091422
367095098
367208289
367211241
367234067
367300407
367318391
367326996
367332200
367645986
367900629
368000790
368035233
368051609
368091625
368096411
368104419
368120728
368280658
368450605
368549957
368781880
369156278
369596934
369617866
369705750
370141814
370143516
370359338
370624973
370654127
370719387
370860849
370871827
371198471
371205629
371248353
371328722
371416674
371428597
371813337
371860870
371958687
371990543
372036700
372049291
372324737
372346548
372486942
372509616
372628826
372654305
372774481
372781095
372855699
372997332
373104362
373136826
373196214
373543844
373599186
373737713
373752693
373862965
373953309
374016482
374106192
374201747
374283240
374704669
374704928
374735916
374839417
374947130
374971499
374973171
375065732
375242331
375405851
375441730
375495180
375508977
375551337
375592408
375850645
375892315
376019747
376030884
376232223
376282585
376467433
376539415
376559824
376560198
376608147
376618504
376629546
376654926
376727735
376845718
377020145
377747694
377785086
377808691
377822012
378008094
378152949
378299470
378506490
378534286
378538037
378539486
378557310
378645202
378682861
378807353
378833264
378919820
379119374
379204754
379258545
379377425
379388052
379706764
379772483
380054117
380338937
380343518
380685577
380747814
380824571
380945429
381038145
381272880
381495267
381587466
381590461
381597072
381650006
381681312
381684309
381806800
382005960
382069566
382446736
382513849
382521359
382584029
382597425
382607396
382650791
382877471
382904069
382937458
382973984
383028675
383096331
383278505
383361726
383513447
383582651
383599051
383681265
383774380
383804019
383825050
383825925
383861732
383945846
384094907
384247817
384306886
384450065
384575767
384662132
384839803
384925487
384961369
384967566
384995343
385027647
385068786
385075753
385092232
385105008
385172675
385188689
385203936
385503366
385571783
385580848
385581595
385638326
385717370
385895781
385937544
386159203
386184156
386266399
386267202
386364127
386413790
386487683
386647854
386685873
386953370
387007960
387011098
387061172
387322918
387401206
387587937
387738229
387759866
387979357
388090531
388465590
388737525
388797249
388874862
389212871
389223815
389226818
389242011
389253415
389433110
389586786
389992741
390069619
390078486
390145528
390196393
390270473
390298282
390452638
390461146
390527363
390579442
390641197
390761538
390800364
390822246
390949362
390994230
391139819
391156169
391193842
391276451
391327926
391384264
391440254
391541900
391625042
391716657
391857889
392003544
392069896
392144835
392148175
392227225
392381334
392688877
392708753
392775963
392853007
392855474
392875511
392951190
392975025
393041038
393129237
393411389
393416386
393430862
393497472
393537374
393663212
393691502
393829090
394055185
394068076
394154049
394205889
394221402
394282610
394390712
394397531
394540972
394728979
394783658
394864261
394889849
394902665
395204041
395234331
395296831
395373012
395421774
395430002
395502787
395614955
395677627
395798209
395855285
395857635
396203923
396205324
396262819
396338695
396392977
396542961
396916251
397074030
397100591
397113520
397141256
397219855
397263920
397303659
397416485
397425520
397607913
397667751
397731855
397818385
397880345
397911840
397928886
398089042
398149901
398243974
398269788
398276164
398353153
398478988
398503194
398605234
398650935
398795459
398862803
398942750
399087458
399099537
399115825
399122089
399181625
399596112
399656055
399678477
399727112
399861064
400173002
400249345
400320366
400350423
400359196
400380409
400422486
400544575
400642652
400757728
400898952
400973705
400976428
401022834
401150518
401176619
401238640
401487717
401603944
401685404
401996464
402159171
402262140
402265288
402313933
402374205
402425724
402455596
402479279
402649137
402894954
402983346
403302696
403332011
403379725
403421809
403447110
403675514
403955719
404147589
404196648
404283432
404419429
404430686
404472588
404630535
404740232
404848538
404867657
404878997
405363972
405378589
405693569
405824949
405884141
406088335
406179782
406245777
406279571
406315847
406508992
406705742
406806394
406816042
407066750
407098202
407189131
407207776
407342025
407394318
407635003
407655115
407673274
407676791
408021694
408047380
408080248
408442601
408492654
408638242
408724261
408736340
408741743
408767279
409089178
409195785
409252872
409283347
409421484
409450553
409587078
409624520
409834964
409971439
410357984
410378926
410405443
410511764
410647670
410762003
410886306
410967468
411014126
411091175
411125374
411126227
411143314
411149532
411170488
411348756
411371361
411374757
411415078
411419585
411627626
411652261
411680239
411720574
411873115
412240141
412412202
412473384
412593683
412677798
412735468
412853320
412979952
412993234
413419123
413509032
413785781
413831482
413836936
413892363
414117315
414321007
414359396
414455098
414777565
414851539
414913834
414985717
414999423
415081822
415140514
415174777
415297243
415469122
415485714
415630253
415670877
415708772
415738596
415922027
416124241
416212077
416307103
416556328
416661798
416686571
416872319
416877003
417235881
417247284
417267481
417280624
417470557
417686793
417695024
417731979
417735249
417750908
418240374
418430578
418437932
418601605
419012161
419156812
419162404
419258683
419386834
419445417
419609014
419653689
420122373
420203658
420378356
420386005
420412922
420502397
420504449
420544856
420592255
420648229
420710712
420841792
420866620
420916930
420918723
421015978
421445718
421448159
421830641
422086112
422199287
422286863
422359335
422369765
422423980
422471000
422624567
422896407
423087279
423199929
423295150
423425703
423485868
423568717
423628766
423696551
423717605
423751718
423896281
424081135
424101902
424234942
424650168
424731437
424834068
425048621
425089036
425246767
425276781
425310475
425320727
425506642
425763741
426061833
426115957
426135435
426186503
426218170
426260700
426410356
426548471
426740623
427086051
427166715
427248680
427250536
427351039
427433433
427553875
427564991
427722244
427749219
427780221
427934400
427936946
428002044
428020735
428183351
428217310
428405965
428514506
428561947
428645925
428816386
429141533
429249277
429266570
429381931
429708877
429715103
429866925
429868731
430047611
430053117
430071181
430141675
430146113
430201018
430255900
430265480
430313012
430633375
430679413
430823554
430891238
431268661
431389866
431419009
431638461
431693186
431693751
431710096
431772574
431834836
432066583
432086569
432155203
432183661
432204051
432212210
432262928
432386230
432440249
432456098
432553031
432632199
432745711
432868938
433237526
433343893
433363075
433370396
433460030
433598415
433632183
433682193
433741023
433784909
433834481
433844613
433882042
433980942
434034655
434104661
434118995
434187008
434615587
434657852
434825748
435002929
435016866
435134304
435309126
435334438
435561488
435706297
435816785
435858595
436038857
436131957
436189635
436412113
436518616
436634392
437124005
437334859
437397259
437405201
437408763
437488076
437697842
437705493
437828422
437885224
437910781
437981220
438049500
438176809
438180502
438284390
438487532
438518059
439096247
439100679
439529266
439792855
439804760
439936104
440008270
440378306
440392015
440788920
440839413
440926361
440963375
440972206
441075555
441176009
441272944
441330937
441379509
441476020
441532991
441594691
441685737
441806134
441825589
441854720
441889121
442077673
442096367
442116629
442257279
442394826
442551468
442561845
442668816
442845798
442866933
442917986
443204762
443229802
443326044
443371974
443432785
443568566
443578818
443945167
443994685
444042668
444055850
444342244
444579770
444736679
444794787
444988011
445010834
445174965
445176856
445176959
445279814
445503885
445563360
445588401
445697562
445731878
445734449
445810804
445914889
445938689
446060043
446063862
446081289
446128810
446205601
446324298
446378155
446678131
446725661
446816422
446957913
446971922
447133099
447154638
447169661
447186331
447282011
447295728
447799724
447898850
448043792
448152210
448273160
448289243
448291067
448327042
448476740
448543395
448568891
448661743
448662890
448883582
448892135
449136904
449146877
449412705
449801096
449835440
449893373
450102116
450328526
450431950
450606357
450679134
450730415
450771710
450799778
451430254
451514926
451728311
451814057
451911352
451988260
452442806
452541794
452636866
452673274
452876029
452911175
452914567
452919579
452939016
452970729
453117194
453270836
453491996
453639283
453682807
453732211
453902330
454067061
454094745
454321602
454383767
454388718
454511476
454549235
454605402
454622039
454638513
454836407
454907272
454908195
454987595
455007033
455063067
455070125
455073611
455090630
455141215
455209897
455243864
455244844
455340603
455364223
455376054
455432656
455452916
455675700
455752108
455836767
456001133
456055764
456132708
456272416
456273043
456370130
456499574
456563187
456584551
456942512
456952993
456954132
457018100
457081638
457123159
457190519
457350297
457682501
457776632
457826642
457892671
457928445
458052796
458236932
458282251
458429799
458459106
458499442
458547027
458646934
458804155
458853098
458988710
459134095
459187009
459353799
459553239
459571984
459622821
459745190
459839902
459911876
459969602
460006127
460087318
460168224
460220898
460313595
460355083
460384877
460395399
460416651
460489632
460667515
460702012
460720467
460761785
460810553
460860365
460877011
460926548
461056475
461096722
461097268
461487649
461500014
461607657
461691664
461694551
461825642
461834518
461897794
462148807
462242599
462455760
462573181
463045309
463136243
463235039
463351172
463384366
463614306
463651260
463694801
463711712
463724046
463942027
464003819
464103377
464183385
464219117
464259844
464313361
464324447
464427446
464522152
464631235
464843030
464976685
465000758
465076364
465250961
465302733
465341444
465341460
465434987
465499526
465511135
465611307
465671605
465689919
465705587
465824632
465942188
465962393
466026122
466039547
466221678
466350540
466453856
466486200
466570229
466577087
466616343
466683586
466700827
466803549
466848901
466853808
467105580
467154460
467357934
467450755
467511840
467734786
467769494
467769906
467853000
467876350
468041470
468235144
468264996
468348974
468357274
468385593
468525257
468812561
468893386
468947125
468973855
469092441
469093359
469179005
469235912
469385592
469494657
469516223
469853496
469929711
470024099
470030543
470150838
470192869
470245004
470261933
470356979
470397926
470471450
470515597
470736066
470804344
470972760
471023734
471073282
471091313
471180426
471302167
471503718
471504538
471591128
471688188
471760006
471859221
472007015
472080309
472096662
472153704
472169702
472172839
472288523
472290737
472401704
472645607
472671208
472692491
472703581
472896259
472973276
473022335
473032973
473141984
473191964
473530370
473570417
473602332
473703878
473744746
473929532
474059298
474102692
474139743
474198217
474338889
474397675
474465006
474746790
474875657
475026709
475090190
475240844
475316045
475493738
475628358
475654779
475731674
475753861
476172230
476349503
476379012
476466639
476479059
476853889
476868206
476916713
476925688
476957035
477078421
477308545
477318802
477342393
477379844
477427230
477665843
477761392
477766183
477838413
477932397
477962430
477988775
478227182
478317973
478359686
478411579
478458923
478465922
478506409
478638005
478644000
478750292
478784852
479375519
479610139
479669690
479704475
479765885
479843425
479875825
479950114
480286380
480563814
480628842
480869223
480952357
480958117
481004176
481430583
481440890
481451148
481526386
481702142
481792160
481882103
481895276
481923842
481982591
482041686
482138589
482160985
482207103
482333931
482377193
482403561
482517833
482660768
482707484
483126048
483201878
483227663
483265003
483411338
483525316
484046901
484122261
484227260
484289808
484354008
484385472
484447642
484447838
484599881
484640996
484897369
485212224
485227599
485363142
485553410
486036957
486038190
486099017
486135793
486141811
486145334
486342078
486377421
486404653
486444184
486455054
486477916
486622455
487113884
487203551
487300575
487339494
487438129
487598813
487781174
488092778
488134551
488192484
488411394
488476442
488632420
488861211
488864173
489055561
489079366
489209138
489362894
489397850
489417413
489461251
489611357
489701410
490263527
490483557
490694866
490757078
490853301
490867730
490933767
491004279
491021707
491081052
491214330
491338678
491346655
491397436
491418764
491712370
491725343
491773857
491799111
491925710
492032489
492281752
492286606
492325657
492384977
492500482
492634122
492671760
492795325
492810412
492950946
492964830
493142227
493294563
493302331
493341621
493429612
493502235
493538100
493591386
493865665
493984597
494031805
494125371
494152888
494315363
494930459
494955793
495204895
495498164
495500278
495645913
495713562
495731025
495839179
495960262
495973348
496038972
496201566
496202702
496710627
496848792
496952156
497146653
497237456
497314656
497328718
497349939
497367742
497590687
497727130
497943364
498109354
498269031
498329659
498362484
498398503
498410809
498463107
498630160
498673710
498689850
498738238
498924494
499465931
499700151
499722933
499924273
499944847
500155846
500298142
500335121
500341187
500394065
500506658
500662757
500687203
500771151
500834449
501097998
501221579
501277099
501392955
501490027
501549549
501718546
501758454
501825425
501826389
501885310
501945936
501969037
502038686
502048766
502063461
502105610
502119180
502275197
502469281
502487058
502545724
502564315
502574870
503001001
503051691
503150561
503182254
503197950
503292692
503334269
503367200
503697321
503734925
503742058
503746248
503963969
504115556
504357626
504807125
504884600
504889708
504907848
504910819
505077845
505102818
505175513
505252866
505320001
505326860
505558851
505985485
506112373
506223196
506244920
506299947
506323304
506515624
506604355
506635983
506737368
506824470
506916193
506972559
507037660
507102989
507144813
507258639
507285767
507340744
507359774
507424381
507759283
507798022
507823110
507826367
507838079
507889686
508037188
508040036
508046094
508089211
508370523
508440148
508626656
508637749
508643370
508868542
508894442
509049284
509114481
509114528
509139979
509151253
509177729
509181526
509510812
509651949
509674974
509714024
510021379
510021773
510031794
510082293
510229391
510362326
510463761
510489653
510519892
510559408
510674935
510736936
510827844
510860243
510985577
510997229
511077206
511085693
511315321
511631473
511773356
511871184
511904055
511969353
512430978
512584791
512620090
512752602
513035271
513064721
513242399
513250653
513502932
513546786
513725821
513838468
513911083
514043153
514131481
514137569
514212487
514254339
514329543
514382547
514388154
514440724
514478253
514501438
514526704
514639257
514717464
514735974
514739844
514818657
515060934
515066832
515277707
515337292
515481752
515683450
515925668
515956414
515993819
515995483
516183876
516217210
516506848
516790886
516839726
516947138
517014132
517032485
517132536
517183549
517418474
517430253
517498786
517682055
517816705
517858920
517920506
517981556
518245038
518276261
518313130
518428755
518469627
518505316
518660755
518857208
518960271
518981354
518999569
519059752
519089674
519196532
519293263
519502578
519740902
519817104
519883929
520037773
520047188
520117177
520171464
520320909
520814409
520990136
520996165
521115330
521207757
521228915
521257656
521681423
521854303
521882626
521994779
522199447
522227066
522464459
522583552
522650107
522937646
523117471
523267316
523354581
523376517
523417484
523498720
523592443
523649546
523851241
523961785
523965905
524069056
524100036
524222929
524263935
524344205
524421504
524451378
524483893
524564755
524574174
524992676
525097035
525151554
525322282
525393699
525438710
525668097
525695050
525781231
525801332
526058218
526246648
526258518
526281461
526283274
526391505
526412201
526465787
526819169
526887885
526938904
527036362
527059915
527292982
527390743
527762104
527805473
527893999
527899551
527927065
528078805
528129323
528173922
528402196
528438608
528453362
528556893
528644600
528699104
528896504
529053473
529091083
529103539
529158820
529514116
529547722
529627569
529668925
529704524
529872558
529898180
530275762
530390818
530824945
530848431
530856485
530970175
531022933
531066484
531151946
531336873
531375388
531655019
531799121
531872289
531998322
532006846
532089542
532100713
532137516
532197688
532301589
532317481
532402174
532495533
532539185
532689383
532769467
532858094
532861138
532865007
533093218
533264566
533520894
533589849
533824822
534126648
534356015
534374552
534376143
534442720
534444205
534545707
534574296
534590375
534742088
534984114
535001316
535048019
535060614
535156054
535432028
535638610
535754525
535804910
535836237
536027403
536114564
536224203
536233207
536239178
536465858
536506729
536537178
536555606
536641501
536764527
536798805
536856330
536951945
536973597
536975063
536986468
537048102
537097201
537116878
537163583
537231118
537242583
537267928
537312110
537330627
537410886
537430761
537661049
537809054
537977293
538175156
538225530
538234409
538374470
538441788
538447729
538478948
538532109
538723707
538752073
538876426
538943624
538950731
539095228
539213423
539282327
539293454
539330393
539360053
539402970
539579588
539724493
539824389
539863330
539958599
540017218
540056023
540232758
540248932
540354356
540516269
540522839
540550725
540825920
540913902
541010511
541072984
541099240
541277545
541361587
541647606
541840136
541868899
541902069
541932302
541934441
542066394
542134818
542214299
542282273
542457027
542559862
542580616
542775193
542786737
542840295
542893957
542964734
543036358
543046211
543180029
543302025
543409112
543464350
543570726
543610973
543773361
543811435
543833014
543871273
543903574
543988600
544031741
544115362
544174876
544174953
544230148
544273001
544410952
544573063
544714883
544717045
545034911
545043822
545278758
545284866
545297176
545434017
545506363
545653915
545693673
545829022
545856584
545899437
545942211
545949540
546125088
546160326
546264102
546342741
546353388
546373497
546387580
546430501
546523775
546647876
546682594
546750967
546788494
546829892
546868346
546938703
546942699
546974235
546977673
547009359
547046522
547195557
547201418
547223910
547238997
547455077
547500261
547594332
547657633
547940390
547941330
547959832
548027274
548084798
548165451
548267462
548427819
548430857
548729315
548782755
548905030
548944046
548971683
549056439
549454412
549582946
549597380
549650637
549709405
549839610
549846322
550016449
550021528
550187838
550377772
550554907
550625552
550627233
550710324
550712431
550715715
550721946
550736626
550826606
550845267
550886221
550896723
550903610
550908881
550927781
551074646
551188967
551334812
551343161
551377041
551411811
551468825
551506822
551615266
551628249
551701731
551801266
551861142
552094055
552318763
552549338
552569910
552666898
552804498
552814455
552816671
552821297
552903137
552949043
552949468
553015752
553121474
553148623
553285855
553377639
553493948
553536196
553554982
553635060
553891741
553909645
553939270
554110622
554150973
554292518
554427496
554439749
554536032
554621229
554629138
554711728
554834902
555148490
555340876
555370771
555583167
555600490
555704260
555722188
555751371
555767884
555770351
555782883
555990988
555998393
556085544
556122714
556163458
556607165
556649528
556801424
556833297
556845801
556876967
557036575
557250703
557376983
557381030
557523718
557605463
557689627
557855478
558154803
558350845
558402081
558415637
558532348
558656719
558743888
558761562
558805405
558909919
558978145
559034337
559045854
559112883
559120568
559154012
559228935
559262203
559285115
559485597
559653227
559714876
559905236
560036919
560091075
560098975
560156556
560172220
560237736
560288495
560366055
560367243
560447115
560554513
560961785
560985295
561042630
561391913
561592984
561690137
561694451
561919836
561928958
562001038
562121653
562193589
562446870
562552415
562681063
562689928
562707114
562743618
562783750
562815308
563070820
563171881
563375504
563386819
563582339
563621082
563717845
563849120
563995168
564091254
564247331
564355943
564365056
564486547
564650630
564728407
564849743
564905214
564918665
564960511
565032751
565105318
565388751
565448670
565556308
565767026
565797430
566229235
566272008
566273627
566322814
566433055
566582330
566677321
566716774
566785846
566878736
566924502
567018334
567093771
567248495
567557632
567567651
567614703
567614978
567635412
567663795
567755948
568103991
568109235
568254483
568258098
568372183
568499776
568600340
568649850
568860006
569001471
569119935
569225770
569244652
569378711
569461676
569471360
569502701
569534133
569647950
569828806
569946852
570159842
570279300
570296946
570411815
570545385
570618452
570623003
570663734
570751729
570760880
570779571
571013163
571053329
571111481
571346964
571472549
571560053
571697515
571720511
571734288
571778678
571842730
571927200
572868118
572995728
573295263
573336635
573342185
573582781
573637658
574036629
574045832
574187328
574243376
574337505
574373566
574547242
574686049
574709827
574713368
575041559
575127159
575188060
575236580
575304231
575567089
575657072
575811630
575827804
575832275
576244833
576655045
576853109
576857934
577109197
577182410
577241391
577535295
577634450
577805183
578161921
578200711
578313725
578348236
578451973
578544390
578568652
578658928
578981718
579135523
579243199
579290922
579335859
579349576
579525590
579716890
579746249
579822574
579902741
579976406
580018236
580059554
580099273
580197663
580382462
580420359
580544284
580928456
581014720
581026103
581300782
581358381
581446173
581494526
581507776
581749972
581805775
581823730
581966806
582236261
582301889
582327196
582439972
582505475
582541220
582650779
582912370
582941458
583003425
583116597
583175566
583231957
583245334
583275928
583331369
583336174
583370971
583481497
583623999
583719371
584041265
584308974
584447712
584656940
584720842
584726970
584735188
584765752
584794115
584901813
585010627
585050754
585062236
585144349
585216413
585224825
585364455
585647726
585782174
585807753
585835862
586225314
586319485
586386768
586444199
586465498
586523959
586683043
586724373
586832605
586872308
586968920
587019524
587130702
587272379
587285302
587385715
587535210
587636362
587987422
588019588
588034429
588039143
588061496
588323116
588386922
588454912
588546607
588598506
588600384
588651850
589019140
589298800
589411309
589429783
589475364
589583821
589662111
589712625
589775681
589819704
589996491
590074365
590100985
590109385
590711492
590736074
590839975
590867896
591030067
591040520
591041588
591163385
591363386
591718191
592078939
592117302
592239295
592283097
592498021
592538443
592687883
592840670
592958235
592963747
593069596
593083815
593141528
593177632
593221722
593251027
593287617
593680253
594279857
594543947
594560048
594626881
594655485
594784907
594970024
595213670
595260761
595657701
595734525
595942145
595965313
596071287
596132856
596207690
596424664
596503762
596626108
597043511
597046745
597051741
597073825
597087239
597305674
597401648
597430487
597456208
597548845
597615477
597622023
597733618
597833316
597837701
597936070
597989713
598266130
598280639
598316732
598506650
598550278
598790315
599087121
599137825
599205994
599310329
599541792
599560849
599612898
599631115
599672601
599750375
600056786
600076742
600235626
600455645
600529366
600576915
600691483
601271174
601284730
601396779
601426571
601477803
601480063
601596008
601653825
601657721
601757826
601861105
602006663
602238157
602266643
602279406
602307434
602323256
602503172
602532869
602555059
602870112
602913052
602920011
603036184
603068085
603071197
603085574
603133147
603134719
603188739
603192317
603293227
603330964
603427762
603637506
603699145
604074041
604167086
604279601
604485544
604553176
604555927
604828020
605009703
605103419
605194926
605320175
605427564
605541118
605639041
605782348
606013541
606212953
606267198
606406921
606497755
607011402
607052034
607067403
607305929
607511880
607624805
607731837
607746676
607779374
607792093
607842174
607900470
607954403
607975766
607989267
608270021
608341096
608365006
608404280
608500580
608555393
608662862
608763462
608807929
608938987
609013782
609045958
609190885
609424271
609439487
609552743
609616174
609670755
609712150
609920650
609928544
610127751
610215738
610256827
610328579
610778009
611010146
611025090
611052061
611067732
611089315
611164252
611428233
611440443
611530000
611625319
611718291
611858639
611880809
611883412
612175350
612346343
612385224
612415713
612448341
612464208
612523057
612602342
612613270
612646378
612714164
612758793
612878466
612916624
613037541
613282144
613423061
613580348
613587141
613865181
614018011
614026014
614056755
614099875
614192151
614282963
614349947
614410481
614521546
614665030
614789893
614790286
615048230
615094673
615182340
615350221
615746330
615987754
616458946
616560701
616651241
616660023
616674216
616674945
616717442
616747532
616768263
616976132
617001014
617017957
617030932
617052823
617068223
617215221
617298995
617395347
617401077
617440023
617470547
617782356
617901306
617986197
618084229
618089340
618267006
618319129
618356214
618422649
618522618
619031162
619053726
619130705
619208853
619236498
619241459
619274820
619319712
619389817
619559799
619641147
619645647
619707101
619780859
620186283
620197750
620329010
620369195
620398955
620448239
620482633
620588921
620643988
620706153
620963836
621018489
621327901
621457530
621513898
621562677
621611365
621624936
621680064
621832321
621895160
622007188
622042898
622115065
622148776
622199118
622308701
622309599
622438335
622616136
622725352
622785144
622833249
623138597
623327975
623372174
623392863
623563867
623724439
623776158
624226252
624448962
624472476
624624493
624703735
624809461
624871131
624914508
624916143
624926049
624950122
625048591
625121828
625123657
625245820
625343948
625344995
625939832
625972006
625979488
626087389
626258120
626315155
626344635
626364411
626603538
626671802
626701356
626880160
626937259
627228384
627395777
627427734
627601906
627695497
627750678
627855149
627884594
627923861
628084444
628088551
628183446
628333764
628439872
628461849
628489679
628650039
628711593
629080080
629098419
629158899
629194782
629308628
629505533
629572821
629580131
629612200
629669219
629690511
629787194
629847403
630152794
630406428
630559722
630754802
630809009
630870844
630907034
630951327
631025141
631064643
631102031
631202616
631300870
631434079
631453124
631464466
631468120
631513167
631594037
631605167
631775941
631835218
632080324
632138003
632269363
632407038
632481782
632512425
632667385
632835004
632876336
633052591
633241419
633305229
633396489
633424366
633583021
633717424
634087739
634248704
634280383
634314036
634486827
634526771
634567367
634866563
634874546
634883441
634973164
635183185
635399526
635591931
636019508
636190606
636219587
636253868
636325808
636342853
636449335
636476059
636508132
636593353
636925938
637194068
637340921
637474031
637831998
637889361
637936764
638066608
638130186
638282740
638295123
638389582
638412387
638566790
638611051
638760724
638880299
638941910
639006739
639226130
639297947
639400849
639416510
639448386
639521778
639548220
639580281
639655602
639813975
639943153
639964188
640019909
640163071
640448654
640516538
640699368
640858324
641017408
641142005
641166300
641200114
641267793
641290100
641485106
641497192
641561112
641574202
641810191
641938034
641989531
642047794
642194191
642345839
642354465
642454367
642522032
642552797
642588332
642709856
642813154
642962806
643144375
643144775
643405364
643475372
643566030
643610897
643664423
643669020
643706930
643718681
643873818
643956697
643978723
643996753
644082122
644219447
644330824
644456018
644470939
644548531
644713605
644777955
644883692
644904906
645023060
645054079
645084924
645147531
645240559
645271028
645288938
645343792
645477801
645507695
645630879
645683680
645804751
646144150
646258130
646266673
646518417
646550094
646687917
646919137
646943596
646967230
646990554
647047569
647198248
647577480
647644328
647645228
647903523
647925539
648051057
648149037
648406930
648451222
648470018
648474927
648558525
648841699
648901827
649136047
649257428
649381032
649389717
649394162
649432569
649451656
649471636
649482380
649657771
649687279
649811816
649822500
650211938
650265764
650277058
650396736
650436565
650453471
650547715
650633680
650679256
650737302
650759886
650785007
650804750
650834335
651210110
651263247
651266925
651568758
651733048
651766388
651826956
651970319
652233239
652288348
652357813
652487745
652702544
652702986
652725694
652730930
652845659
652886762
652943255
653227894
653349063
653409729
653552537
653620644
653729701
654033500
654099559
654104901
654130776
654137472
654189981
654467297
654468642
654585309
654723987
654782326
654851608
654855986
654918561
654938841
654966416
655136264
655157820
655176912
655228832
655261266
655264018
655282783
655466931
655492618
655516813
655543649
655564032
655620112
655925123
655999142
656081129
656144416
656146060
656153346
656420351
656443881
656487054
656502699
656574587
656684499
656852857
656867809
656921359
656925733
656928151
656963989
656972636
657201170
657266377
657282786
657349320
657773568
657819933
658011013
658022301
658249783
658558037
658591780
658615804
658886549
658978462
658996906
659059764
659083617
659619270
659651086
659738896
659744110
659832202
660021636
660028714
660042129
660048341
660314345
660582136
660657583
660765835
660871491
660934002
661036889
661201488
661244112
661265639
661327579
661355056
661537529
661630513
661641968
661644268
661737980
661797485
662035750
662044789
662055618
662061542
662083913
662268722
662497505
662556422
662569593
662641262
662752810
662824287
662927292
662940380
663033096
663160730
663214214
663214315
663314622
663534763
663569120
663655970
663686038
663721588
663725457
663786943
664113854
664280689
664383259
664436728
664513581
664545388
664580922
664731456
664797549
664816875
664817466
664825920
664983253
665002465
665435625
665530325
665641421
665647602
665822323
665868855
666013893
666026742
666080432
666172254
666370030
666520525
667211572
667306884
667413784
667455647
667467996
667500580
667799652
667947754
668139871
668156300
668250518
668328512
668353595
668376331
668461103
669039218
669046300
669061727
669330754
669400857
669461630
669517076
669577717
669842461
669863167
669998952
670015893
670122305
670151057
670182636
670422028
670459569
670622603
670686774
670739765
670792502
670841226
671061348
671084326
671123978
671186767
671190123
671233499
671237560
671249673
671285524
671426446
671433764
671528724
671582118
671599941
671638263
671642624
671688547
671740036
671786018
671802737
671817371
671876889
671929747
672054495
672191148
672259761
672282228
672327288
672456651
672506726
672533184
672690570
672704293
673030969
673137728
673462157
673520542
673527923
673796592
673809461
673958368
674236672
674339382
674384231
674396055
674562213
674571326
674695668
674729620
675099126
675305266
675336265
675414242
675621842
675639399
675731926
675848108
675913530
676011982
676299893
676340196
676362330
676477223
676630006
676652263
676753250
676769824
676825650
676827788
676880757
676923718
677012728
677222721
677332138
677402382
677452507
677456143
677633473
677759339
677763577
677882338
677981486
678269529
678345972
678441595
678446823
678460443
678612010
678754499
678818199
679081462
679168780
679234224
679614772
679626150
679782129
680077222
680116975
680176040
680192244
680258614
680261485
680266171
680364877
680373574
680526601
680746482
680794684
680980482
681041567
681100643
681293318
681369314
681519180
681610071
681621389
681718133
681739695
681793647
681830976
681841435
681920790
682002196
682055207
682562800
682647290
682920948
682939723
683100695
683156976
683636077
683779240
683801350
684034403
684113464
684166084
684191353
684206894
684312479
684330186
684416358
684571765
684852196
684881065
684927898
684966610
685004311
685130286
685324646
685381980
685625610
685704856
685818426
685991567
686007911
686085670
686243628
686377214
686421191
686462405
686749288
686796419
686833059
686939472
686983928
687251430
687294402
687470344
687662010
687699231
687709936
687845914
687920805
687942762
688057705
688133840
688145008
688154486
688308727
688383679
688474008
688668700
688726745
688732818
688766294
688818652
688830092
688852515
688863087
689271119
689360447
689602682
689906794
690148963
690502691
690538197
690606028
690755160
690757576
690768702
690808504
690814892
690983703
691044863
691058225
691129055
691234625
691238983
691243527
691273637
691366787
691425508
691480588
691679359
691714049
691831316
691987660
691995449
692035436
692129873
692184227
692227835
692316890
692316977
692477819
692552539
692570190
692743670
692753542
692776296
692831268
692950921
693022607
693045596
693093317
693119855
693162097
693207340
693301949
693302534
693352224
693367712
693391301
693450657
693606926
693607529
693619941
693690954
693755349
693790125
693803774
693922482
694074121
694119934
694195995
694327517
694717890
695105442
695146146
695342164
695344448
695360631
695432638
695461617
695533670
695559191
695608987
695758538
695817615
695828533
696078944
696160420
696290566
696301183
696343748
696517904
696755282
696791242
696969509
696989143
697026375
697107335
697268167
697289952
697404385
697513515
697585263
697661636
697823203
697854579
697863301
698012780
698074253
698226801
698325407
698359339
698394846
698561199
699046861
699140969
699163914
699247355
699312491
699346547
699598600
699804840
699839742
699844623
699906355
699928831
700029460
700236817
700304673
700382727
700408522
700416676
700907674
700952491
701077704
701439079
701513626
701530349
701591621
701974084
702137322
702271391
702304917
702386981
702508594
702793480
702832922
702946139
703031755
703090642
703150640
703239670
703309844
703343594
703539126
703665428
703743682
703776141
703812602
703821646
703879484
703918098
704053664
704160965
704252338
704255447
704487241
704490610
704513754
704763334
704848519
704969952
705098144
705145396
705195302
705339245
705603650
705689121
705830437
706011903
706299361
706500443
706520407
706620860
706729006
706796335
706847500
706926335
707155793
707280118
707881352
707900380
707916662
707943807
707994600
708166333
708200695
708205675
708229172
708283233
708315843
708326131
708340254
708420333
708576907
708728228
708818775
708835862
708927456
708953085
709114846
709171307
709284780
709352598
709643126
709692728
709692735
709811099
709816624
709940792
709944109
710059298
710156465
710158075
710333350
710363451
710536868
710647893
710770132
710806960
710870085
711056061
711097741
711104485
711164759
711347061
711400259
711464882
711593847
711597995
711598752
711820730
712001220
712192713
712296237
712630860
712828296
713053009
713238506
713329691
713361105
713370107
713666830
713830919
714175248
714249659
714437124
714489217
714744434
714750838
714793098
714958895
715014713
715090781
715296574
715366088
715510208
715512943
715679910
716030785
716037158
716450477
716479112
716563786
716580875
716636551
716652349
716664717
716732286
716801296
716863131
717143878
717155041
717158378
717202676
717267154
717346365
717447740
717478577
717683915
717866818
717924838
717973939
717999154
718118660
718451040
718539513
718545445
718548963
718638769
718719303
718764336
718823327
718876841
718961924
719129252
719264031
719380526
719397891
719420595
719469757
719719393
719799992
719944936
719957800
720030620
720059373
720076733
720213979
720423076
720466285
720553688
720577968
720613850
720960430
721032166
721274713
721290640
721501348
721635460
721643066
721771166
721811371
722147717
722157177
722294030
722451221
722455502
722518283
722699471
722764022
722854301
723102103
723167535
723177963
723212652
723237949
723255493
723286608
723453929
723465900
723690555
723720196
723813727
724058401
724330416
724525431
724589834
724817857
724929873
725071809
725188899
725209989
725258962
725282272
725382409
725445373
725538351
725567383
725753567
725860605
726175804
726258645
726348078
726419932
726612950
726690661
726865168
727067660
727078733
727083564
727147950
727224242
727390364
727486620
727558646
727594647
727668768
727710311
727791454
727853023
727859091
727863397
727905596
727916536
728016996
728080147
728139356
728175600
728201945
728251543
728259122
728657919
728679872
728896882
728958465
729051911
729134620
729150862
729221572
729402546
729443677
729555982
729617094
729638401
729676904
729785206
729927128
730001428
730067199
730191099
730195176
730228091
730290726
730469871
730490778
730499881
730566835
730621898
730667155
730704129
730779780
730780671
730788711
730862517
731058670
731165494
731510538
731537554
731787092
731969247
731977323
731979244
732380499
732473005
732521397
732559253
732586345
732720228
732933609
732937958
732939625
733296167
733479919
733529014
733644304
733734925
733862419
733888316
733893298
734078532
734185441
734231856
734371293
734448856
734498022
734542347
734552214
734695335
734770350
734792423
734833797
734956856
735001159
735035997
735137112
735170428
735312768
735523099
735557224
735612850
735754298
735826252
735906927
735993039
736146983
736186366
736305256
736421071
736423778
736665938
737227349
737257011
737283396
737415256
737601529
737636638
737944186
738016510
738121140
738293893
738347974
738352008
738488023
738847936
739102855
739221949
739273561
739425163
739512256
739567819
739567887
739682522
740009382
740074838
740207476
740261327
740422061
740647099
741038147
741074590
741089034
741162372
741294384
741542060
741781345
741984478
742222206
742345114
742436914
742438727
742515007
742516083
742575782
742639232
742720240
742797403
742798248
742939738
742990865
743303527
743514857
743604880
743665461
743692349
743692611
743732180
743907246
744052617
744088752
744180834
744190748
744301834
744706036
744723952
744833721
744843959
744884812
744957857
745049250
745102324
745198881
745290454
745423059
745553924
745587208
745609692
745675226
745726033
745852561
745984037
746177857
746413017
746426117
746518296
746689422
746698081
746729731
746795470
747001733
747064268
747066336
747119738
747160376
747270279
747292958
747362259
747538354
747558826
747655980
747765167
747906756
748001930
748063290
748086436
748260613
748400543
748833932
748842202
749005556
749012983
749024733
749248750
749493063
749528593
749581467
749618322
749767389
749791543
749797074
749828437
749872191
749873002
749904895
749940049
750129548
750176185
750295228
750332104
750420988
750567746
750607182
750707528
750725419
750813018
750935221
751162737
751447534
751657901
751658385
751708771
752063150
752093963
752124586
752267069
752270605
752282566
752288312
752343233
752441674
752614273
752716987
752793274
752839010
753124133
753307987
753343595
753377968
753403505
753650795
753785569
754143529
754201078
754302117
754340294
754390880
754716407
754736514
754747320
754810731
754846736
754881017
754951285
755023915
755083765
755166484
755345567
755579943
755612322
755633177
755798767
755808738
755814569
756024610
756034619
756158444
756256051
756263477
756278801
756522121
756583247
756625142
756748798
756826215
756869852
756887124
757153575
757167007
757300185
757480420
757480607
757697681
757712456
757865209
758119483
758139689
758156291
758387392
758457030
758627903
758679980
758689176
758710641
758983727
759111399
759167123
759259869
759313025
759452546
759800790
759807563
759922091
759970458
760128072
760184251
760207913
760315550
760315719
760341516
760440016
760581922
760646641
760659576
760710877
760747659
760886783
761011656
761106470
761169609
761199518
761301780
761374997
761543450
761568633
762068307
762207564
762297875
762447141
762540657
762590757
762620332
762809394
762813777
762883048
763013826
763359616
763422626
763598000
763629543
763634504
764227452
764312165
764613247
764667193
764775245
764802024
764812091
764840618
764893541
765359162
765456161
765872500
765935039
765945189
766010753
766045883
766199453
766263443
766325658
766406074
766657921
767054786
767097414
767215100
767220327
767303163
767528476
767604679
767751042
767773365
767970275
768036267
768100339
768234246
768310100
768425267
768484390
768603472
768673296
768682571
768781805
768858976
768884647
768905190
769000666
769123684
769219603
769420698
769647076
769977024
769981953
770083089
770509739
770557320
770760387
770766763
770820093
770828807
771177334
771468325
771627836
771678757
771868377
772103902
772590524
772749778
772842807
772927434
773068677
773231495
773424719
773548769
773618052
773804368
774013452
774059410
774098074
774245348
774261998
774361760
774380484
774483011
774529555
774631323
774794337
774795748
774903641
774924307
774940293
775157325
775385805
775547660
775569863
775571669
775662141
775664607
775893532
776113222
776139873
776243449
776326840
776448272
776627823
776679986
776760681
776903741
776950235
776960733
776989701
777160788
777327332
777357954
777378028
777444459
777503526
777509093
777600775
777628033
777721411
777833299
777929472
778188549
778279193
778349127
778378389
778438127
778494402
778549486
778729831
778903476
778970999
779154602
779193044
779271228
779449783
779636251
779742301
779755427
779780448
779816172
779817914
780064181
780202125
780282103
780361391
780478832
780487640
780509718
780679773
780870919
781041603
781049657
781089665
781197320
781357291
781411542
781473940
781483714
781563386
781626836
781916172
781953777
782095820
782134224
782323211
782378495
782488967
782509379
782571607
782923724
783132752
783170593
783213154
783269685
783306317
783331567
783397566
783415792
783471753
783505866
783701563
783952530
784014769
784081810
784422072
784466887
784657908
784745781
784855135
784901104
784911288
784932514
785025323
785055431
785160329
785226823
785336122
785472314
785519209
785606314
785825839
785894499
785899358
785980347
786166352
786240327
786426713
786580083
786940580
787004817
787214865
787214974
787350268
787419706
787490744
787518781
787745676
787902581
787933292
788029799
788085064
788167294
788402331
788628064
788748299
788769659
788789921
788797578
789600612
789650938
789669904
789676990
789725046
789778723
789938937
790031311
790077560
790095281
790346070
790388780
790399983
790427961
790466888
790538185
790568297
790770000
790812089
790831282
791052743
791057443
791072334
791166552
791193064
791210376
791328388
791633976
791738619
791789880
791801112
791821309
791848361
791930987
791947938
792113533
792134754
792283581
792418050
792636512
792670282
792764943
792826789
792887605
792917486
792941932
793075458
793246873
793510452
793515036
793564326
793592299
793668074
793717448
794080158
794149066
794355609
794413119
794694530
794801644
794873841
795117295
795232333
795364894
795426171
795426940
795458596
795652079
795707758
795727299
795895663
795953875
796018635
796183981
796257099
796295747
796448766
796545274
796602394
796752504
796775665
796811193
796850790
797084099
797186432
797197002
797201939
797338342
797357699
797879137
797908712
798085794
798090727
798279341
798318945
798494658
798544960
798661936
798688584
798877751
799017481
799104113
799139679
799213992
799330497
799398163
799549427
799554728
799630629
799643398
799700064
799714346
799765871
799964938
800105517
800142796
800568048
800887409
801073335
801136030
801298561
801339202
801342078
801465486
801662192
801685333
801774676
801888019
801889727
801924096
801962734
801970658
802214143
802227465
802227804
802277200
802311808
802368609
802415076
802451202
802478687
802619601
802847270
802915338
802928077
803079057
803097780
803129846
803217843
803317452
803480496
803490358
803714894
803913550
803925304
803946015
803966320
804261617
804389622
804418049
804494162
804519569
804620802
804635135
804688690
804721076
804804006
804850021
804876406
804883708
804892036
805302340
805749522
805781964
805895007
806000481
806092176
806227707
806710050
806719604
806758903
806874163
806909854
806920552
806927296
807014004
807092081
807287874
807351277
807518919
807537615
807570174
807668958
807754378
807786189
807859180
807906693
808059533
808113142
808219280
808233398
808329743
808987811
809106552
809124980
809148351
809196562
809309286
809930760
809975993
809992166
810135194
810292624
810361047
810550584
810631709
810645551
810736706
810953705
810983606
811258628
811343473
811366629
811405722
811483129
811550786
811554241
811712437
811765864
811836220
811925958
811950187
812090048
812221602
812576424
812716603
812754252
812814857
812842413
812862298
812911445
812939484
813228506
813363240
813372096
813545059
813674101
813773938
813779544
813867772
813893127
813950805
814286600
814392921
814413817
814868166
814966988
815117908
815163917
815457198
815523872
815860220
815948899
816068728
816085958
816105499
816133295
816195848
816220397
816230213
816234986
816312369
816361467
816559821
816592254
816801335
817134253
817281894
817406739
817624581
817925563
818074106
818190697
818262846
818516447
818594492
819110825
819166912
819177213
819203512
819252745
819360424
819476480
819495785
819512804
819733740
819854713
819991233
820078561
820278106
820283686
820644344
820741477
820768631
820914704
821326561
821350908
821378225
821382360
821517591
821556181
821601338
821783084
821785165
821849627
821858864
821860633
821927745
822013116
822115465
822207288
822321741
822342612
822569937
822582779
822595698
822655302
822703925
822707674
822714930
822802885
822960966
823154434
823183544
823234668
823370821
823433124
823506797
823511069
823559059
823621635
823656980
823682921
823924388
823960308
824138341
824156197
824451531
824497576
824572313
824656428
824718857
824873966
824899765
824956138
825111534
825168439
825170154
825542953
825566469
825674884
825801217
825881338
825908657
825923203
825999989
826101226
826150579
826253929
826541511
826705138
826757612
826860684
827321471
827433894
827491173
827632750
827684045
827874150
827993852
828017606
828139198
828182151
828203578
828445985
828461194
828513152
828548531
828602271
828838484
829072857
829249061
829434003
829471721
829498264
829505387
829737086
829784755
829839101
830209030
830236357
830366087
830438759
830674584
830815831
830919235
831017030
831199120
831309842
831319357
831465411
831725358
831783877
831799740
831812189
832004867
832113050
832208471
832260862
832447765
832624393
832731558
832757599
832816995
832880090
833010675
833046596
833217877
833244145
833251753
833261256
833317010
833490036
833562128
833575530
833600619
833645435
833760338
833780790
834110770
834287604
834462704
834481694
834706069
834710490
834720519
834737220
834860806
835052510
835186003
835428259
835434679
835594545
835608268
835693538
835705232
835913491
836022227
836042395
836094191
836154959
836168913
836276516
836318839
836543802
836543955
836561078
836644419
836835609
836877933
837006954
837194871
837221194
837372996
837381688
837397455
837412553
837571623
837777154
837795070
837840180
837915308
837998608
838086797
838286824
838301187
838388657
838475221
838557216
838563518
838594321
838607334
838697604
838923501
838929494
838966717
839150172
839395446
839478981
839603176
839843997
839909206
839930219
839952319
839956153
840017693
840104593
840133391
840285571
840529732
840568497
840702338
840732485
840764575
840772956
840887279
840913523
840929622
840972256
841434865
841473841
841557638
841646746
841673375
841692525
841959618
842004637
842059258
842136779
842190860
842291892
842326509
842365762
842397099
842546932
842559773
842589652
842798395
842857250
842945275
843069475
843101874
843104843
843219227
843527344
843694147
844007402
844110005
844185401
844250499
844302632
844322227
844323287
844442843
844819113
844849793
844929214
845093294
845447946
845623979
845785583
845796252
846259726
846312006
846354352
846543504
846565966
846586185
846920058
846955284
847017638
847057151
847130072
847164678
847229847
847263252
847325732
847327034
847338307
847417218
847565980
847570236
847825599
848135712
848262362
848386653
848411226
848479780
848686276
848869865
848926304
848945612
849051668
849243356
849282530
849380108
849393649
849419129
849505317
849580287
849595868
849615559
849941535
850041608
850142401
850184896
850559830
850602130
850744828
850798662
850820462
850964133
850966723
850982067
851015924
851327881
851404078
851745174
851909182
852042381
852110886
852235821
852374621
852456264
852572848
852574700
852687357
852699947
852786062
852976088
852998475
853023013
853130195
853188551
853209032
853351056
853434910
853448632
853452964
853615577
853665378
853706123
853721252
853756762
853868739
854155255
854629720
854736883
854814679
854929516
854992052
855283373
855353228
855393043
855475107
855501549
855537305
855680886
855839668
855880654
855939263
856159568
856161554
856219584
856375346
856432096
856507108
856608427
856624899
856678503
856684249
856760815
856838913
856920267
856926284
856962768
857027982
857199420
857353999
857426697
857633577
857794949
858279628
858495096
858540867
858603370
858626794
858728389
858801877
858936628
859248977
859284818
859345423
859488389
859548789
859584811
859790719
859820575
859820974
859931529
860004495
860040906
860104154
860256806
860263074
860301264
860308278
860340707
860347925
860645002
860648051
860751385
860860262
861076761
861186460
861199960
861261341
861271872
861450145
861531729
861535707
861568456
861651370
861680261
861745782
861747052
861804845
861947423
861980051
862174368
862391005
862525204
862555051
862563432
862629529
862676553
863008197
863036051
863155928
863180471
863215346
863272023
863325043
863440264
863441425
863568683
863678778
863721462
863808176
863865976
864227817
864549985
864584410
864648168
865180590
865301424
865366465
865568876
865625939
865795196
865826348
865836133
865871485
865912948
866259247
866301093
866371893
866385928
866409639
866445563
866757683
866881494
866900253
867054690
867136753
867137994
867221465
867354954
867405509
867546721
867780210
867837305
868011161
868067258
868200607
868229728
868432482
868479805
868636653
868665757
868722007
868772277
868773713
868779801
868978493
869017105
869079025
869162101
869286120
869287809
869304244
869364900
869402534
869435044
869474363
869633473
869663851
869872626
869904551
869984330
870143835
870169636
870267186
870515127
870671441
871277571
871296253
871379939
871400300
871501176
871509042
871511298
871596974
871790747
871853976
871864186
871939630
871941281
872101533
872121406
872181194
872197563
872302768
872361761
872567867
872631342
872724249
872926657
873115044
873134915
873217906
873330390
873356479
873670483
873671093
873730944
873820840
873960770
874059396
874107521
874118009
874496717
874983507
874997378
875088987
875120026
875276962
875301887
875302890
875352638
875374880
875391881
875517088
875528589
875564043
876023616
876115275
876148304
876512767
876514368
876537766
876706127
876836488
876933708
876941855
876958633
877024708
877039373
877176446
877247416
877350408
877465413
877544274
877666852
877714730
877757132
877935098
878052585
878265528
878404685
878472157
878631007
878715219
878770875
878935224
878940115
879346140
879352150
879429645
879488833
879511922
879643318
879767083
879829934
879891450
879961761
879986962
880056722
880178209
880321576
880384849
880437222
880492894
880539512
880621866
880803562
881137372
881223541
881327053
881330167
881373949
881861422
881882940
881920972
881931930
882103398
882174414
882237452
882301150
882416951
882456785
882457657
882495887
882633952
882949570
882982940
883131062
883144682
883148403
883270421
883369658
883412501
883446985
883508994
883520903
883650977
883681148
883802172
883849373
884090959
884191214
884248555
884271309
884381696
884525516
884557512
884557599
884800362
884829273
884829957
884893464
885315880
885583672
885648487
885740608
885743997
885855871
886019262
886054883
886459650
886620247
886689361
886822050
887033937
887034282
887096100
887149507
887503040
887539021
887542502
887588031
887621918
887657603
887872849
887877029
887948787
888030382
888030937
888031531
888115785
888210252
888356606
888410252
888544461
888673822
888837809
888861160
888935277
888957546
888957845
889344114
889519824
889588792
889662901
889819622
890081751
890251483
890275725
890276161
890573262
890603620
890767113
890788969
891044559
891099425
891384559
891438787
891453816
891510998
891552662
891560897
891608702
891678754
891766022
891768993
891772730
891997830
892101846
892108062
892265793
892294848
892329996
892364791
892537397
892693888
892780733
892895965
892935340
892963788
893172756
893266662
893406136
893621064
893677344
894087341
894200686
894650899
894683032
894732299
894747507
895063087
895078920
895132630
895252210
895304130
895317560
895377228
895856816
895909569
895917669
895932709
895977069
895984019
895998927
896120911
896205821
896372603
896539847
896633646
896644364
896906847
897068711
897085137
897198139
897233461
897344258
897425004
897528558
897624521
897634919
897644427
897732340
897935310
897983630
898044846
898062345
898127200
898386191
898514010
898554118
898724972
899063902
899095863
899275090
899389348
899626718
899911718
899958607
900010795
900044231
900168935
900192035
900461068
900559057
900576264
900639031
900720802
900822519
901021392
901237349
901298277
901306052
901344941
901620066
901679287
901781619
901863412
901932333
901948253
902108336
902150102
902157642
902262916
902290792
902375408
902435075
902505427
902536098
902578400
902589218
902723957
902864567
902886011
902919239
902930971
903007624
903156750
903255111
903337231
903456482
903631203
903656471
903661805
903806780
903926824
903960308
904026533
904174897
904335782
904374211
904414720
904416211
904885547
904961116
905003040
905032588
905284976
905380637
905479575
905483767
905719646
905791154
905830196
905858828
905904207
905973815
905995067
906033864
906148646
906233250
906319263
906399236
906574752
906577273
906617482
906643178
906643992
906879959
907089252
907098513
907286562
907292246
907502238
907821322
907858873
907928387
907958743
908009951
908251258
908364755
908368652
908394806
908502902
908874118
908959614
908992737
909073014
909235332
909606748
909723076
910131902
910183918
910226857
910461790
910470745
910490460
910525883
910622668
910771395
910787995
910935208
911051078
911111950
911253412
911491882
911577073
911676448
911734782
911825892
911861740
911874145
911874373
911898400
911939387
912026210
912083759
912136034
912151607
912276297
912420383
912426541
912453105
912506982
912602328
912653460
912667861
912871917
913276044
913440345
913504069
913695917
913723053
913817262
913864291
913909595
913957080
914092636
914306005
914450380
914782651
914831476
915106340
915130944
915159944
915432764
915799481
916051346
916100700
916193292
916193371
916266758
916272016
916283889
916398731
916408109
916432608
916454245
916491140
916537912
916655967
916709022
916982326
916997822
917244296
917316566
917407901
917729351
917731782
917969173
917983101
918005262
918303647
918323024
918457201
918462407
918569033
918612154
918644020
918666256
918681167
918705764
918758006
918810579
919102311
919109954
919167010
919225235
919233480
919239382
919268930
919283597
919307509
919541312
919821453
919840584
919870820
919990554
920168131
920210473
920306015
920333897
920535983
920916464
921007173
921022492
921026394
921056813
921228625
921243559
921615124
921623551
921688038
921703169
921867815
922075178
922303746
922400832
922434848
922544400
922608399
922649409
922734511
922749988
922867521
923134691
923160015
923359322
923468201
923478017
923631323
923701853
923704531
923726648
923730851
923743565
923869785
923953236
924019383
924039019
924187827
924248002
924283341
924307196
924308257
924325880
924331563
924358650
924748006
924968090
924970913
925059839
925076854
925147673
925155356
925263460
925569410
925829080
925971475
926038042
926099468
926141488
926160424
926192515
926314061
926458849
926480691
926613564
926641722
926727845
926878775
926885071
926904371
926915553
926956561
927017993
927080514
927119682
927128949
927146697
927155979
927189080
927481742
927706936
927723869
927790589
927795040
927855271
928081547
928093820
928122301
928173605
928230025
928230573
928234503
928443280
928605864
928861833
929086045
929111374
929403662
929653328
929799943
929800427
929957442
929987401
930051242
930075804
930103043
930145337
930161452
930254044
930424733
930454475
930584550
930599160
930722350
930965749
930995026
931063654
931118483
931237502
931527249
931585526
931640741
931697248
931791717
931831287
931863895
931933179
931998836
932163060
932249341
932288043
932299340
932421499
932577780
932732356
933233576
933333321
933560495
933617627
933670211
933695726
933836863
934022653
934060791
934235663
934264763
934388533
934407785
934437069
934566783
934657701
934751193
934765826
935082630
935163953
935258908
935313313
935470975
935513557
935560098
935590305
935740361
935839122
935906034
936033075
936068876
936296848
936371774
936399722
936429960
936550851
937045085
937077440
937124685
937155451
937167855
937241275
937266699
937317653
937325203
937566177
937820494
937903627
938066106
938258941
938260461
938415245
938564503
938624315
938680982
938687570
938711609
938727155
939040403
939340640
939664205
939693216
939711892
939805291
939838979
939885709
940115168
940133393
940282006
940340972
940552421
940632625
940680515
940816707
940820503
940835808
940892786
940920187
940977805
941046727
941107397
941143286
941201053
941229404
941329568
941396165
941487467
941543397
941566969
941595486
941718510
942187486
942266964
942349446
942621113
942868703
942869085
942957012
943037726
943186673
943285327
943617852
943737052
943752119
943818802
943879742
943931464
943976655
944021322
944302589
944351071
944397985
944475505
944543455
944553775
944673691
944777356
944865879
944993396
945056943
945163587
945237315
945240082
945316975
945363250
945388001
945433143
945574131
945654953
945768555
945815004
945918995
945920699
946109248
946194051
946268164
946370109
946526626
946548807
946605305
946625287
946642211
947165953
947220460
947396240
947677086
947745354
947781332
947800166
947836034
948012397
948173847
948270662
948381341
948413138
948499914
948506767
948752787
948767912
948774093
948800523
948877859
948960861
949032128
949034153
949116869
949575934
949713905
949733306
949904394
949911100
949945007
949983102
949988875
950164066
950297552
950322122
950364501
950555599
950888563
951011638
951054264
951067476
951090932
951116945
951560178
951560180
951564754
951609426
951726032
951848031
951906196
952233267
952420364
952477776
952496827
952632792
952674986
952740727
953136446
953341966
953346417
953406208
953625407
953840668
953910260
953921636
954135762
954147522
954308146
954392278
954589495
954699275
954700215
954734308
954808889
954968085
955095354
955150039
955192227
955243259
955427828
955456430
955497629
955543162
955559796
955588904
955626406
955742178
955869358
955870744
955951168
956105877
956267727
956277930
956322113
956423658
956440297
956461555
956516146
956516898
956554873
956656463
957201570
957236888
957249663
957348314
957522025
957635306
957694166
957709480
957729928
957742904
957803614
957928853
958209428
958214552
958270609
958433365
958501614
958546253
958648180
958649456
958770437
958825662
958976217
959216935
959298797
959449203
959543661
959602039
959648865
959673088
959762354
959956934
959957906
960129404
960353377
960447646
960662741
960875146
961200707
961266077
961272010
961449229
961505211
961515658
961516506
961562254
961590093
961609722
961729042
961754106
961840067
961952853
961959300
962097029
962141696
962164281
962306060
962404103
962498602
962571213
962571230
962592723
962639964
962755194
962771164
962828969
963060587
963206983
963262044
963404923
963421964
963498732
963638662
963658084
963677720
963730532
963764949
963955100
964000523
964030922
964382478
964802526
964833854
964994536
965153732
965186631
965270226
965415643
965527129
965574986
965579275
965663450
965713931
965756216
965809877
965852454
966091305
966243102
966477105
966491417
966640377
966658518
966730731
966799945
966826139
966836333
966839914
966992883
967037304
967070154
967147214
967209051
967269400
967594276
967639538
967725863
967737321
967772201
968042483
968110735
968110872
968225860
968283884
968449455
968511379
968622406
968626607
968642327
968671473
968714634
968717876
968743943
968891129
968947734
969109440
969131261
969150033
969429891
969464450
969647101
969731123
969806104
969821991
970028700
970086831
970275797
970571150
970814707
970882274
970926410
971088928
971101141
971106524
971361133
971379157
971467477
971478850
971582949
971801587
971818118
971887686
971904519
971906453
972156313
972242032
972245678
972931720
973220005
973326237
973507493
973532525
973889775
973910400
973934052
973962068
974085758
974181217
974194611
974202613
974359706
974374285
974500470
974639754
974654960
974690015
974720618
974820969
974840157
974894841
974942042
975030682
975040216
975156697
975216721
975350379
975496355
975590178
975706300
975747314
975753930
975799053
975929051
975960629
975965213
975994199
976030072
976054860
976085188
976168431
976413470
976455647
976471278
976833996
976912842
977041536
977245555
977288591
977367378
977435668
977623863
977977920
978028050
978052588
978138486
978407131
978485642
978501907
978559561
978617904
978678292
978713089
978738977
978831165
979078009
979114684
979164823
979286034
979644849
979870210
980008590
980011050
980062734
980102027
980162328
980232321
980246913
980440670
980596587
980698840
980844817
980889747
981023019
981025446
981046424
981152229
981262431
981356946
981421352
981522945
981545460
981715525
981790492
982133155
982141531
982203587
982409664
982451995
982475158
982494638
982508839
982540641
982703829
982708601
982803057
983063452
983296224
983318839
983357378
983394379
983898099
983984854
984134525
984162072
984201162
984401500
984433298
984526842
984599959
984629158
984755364
984825398
985115015
985116655
985131926
985406466
985458308
985581007
985652750
985794767
985821317
985872600
986112851
986253777
986268867
986272961
986276518
986320071
986409732
986499049
986518375
986560380
986570696
986778040
986917921
986938634
986977759
987074728
987172591
987201095
987335878
987380386
987461154
987540022
987577878
987583472
987624468
987701724
987727442
987745159
987769713
987813475
988434575
988435214
988437827
988765092
988863450
988872612
988973143
989012989
989121964
989232007
989377082
989428634
989432147
989485138
989652596
989728251
989868967
990023699
990076489
990269975
990333675
990352199
990416646
990749677
990771735
990818478
990852343
990878743
991228837
991283237
991479280
991507969
991533141
991648234
991737932
991771915
991809865
991903874
991916272
991958149
992030977
992057551
992167838
992272132
992476697
992486792
992587270
992612327
992707981
992729628
992761754
992831563
992853603
992872171
992963211
993104957
993176963
993385258
993406599
993606921
993671072
993728160
993788857
993877612
993900545
993917355
994110623
994125614
994127119
994136245
994221398
994347734
994436621
994504572
994565849
995034176
995058310
995105230
995335050
995345070
995425057
995457090
995648121
995853022
995886043
995930127
995954926
996181012
996296107
996447228
996587732
996593077
996600695
996689951
996703485
996775161
996891233
996987885
997080591
997168689
997391625
997442426
997529140
997542329
997557583
997624587
997854788
997901560
997913943
997979500
998129649
998177547
998212052
998287486
998573317
998785785
998801693
998826360
998893211
998894735
998929507
999048402
999071891
999094448
999142219
999256723
999558529
999692635
999765093
999781608
999912151
