108453
138759
184423
239830
272352
350756
384193
557343
589861
620510
687646
704152
818202
907525
945337
1074330
1099437
1105763
1575382
1585069
1595218
1636338
1735446
1930312
1935312
1957986
2055633
2063864
2073825
2227968
2238064
2331465
2402787
2404796
2437354
2534616
2578717
2622277
2700016
2826024
3095513
3225307
3747926
4018663
4094461
4319137
4560913
4588928
4813741
5033574
5081136
5091211
5151214
5261504
5565412
5610273
5640561
5868869
6012072
6032330
6191829
6491216
6623897
6663473
6889444
7078599
7167638
7207441
7253746
7259755
7343112
7445865
7493898
7594060
7617152
7696461
7717148
7749173
7867404
7873506
8044355
8117024
8272801
8524900
8637138
8670141
8694995
8794903
8804910
8977071
9010242
9159141
9347610
9371054
9612886
9654053
9935877
9973714
10057724
10072207
10323451
10340479
10371511
10496520
10558031
10576639
10653898
10740599
10762274
10777935
10888184
10953686
11010053
11035826
11119523
11301530
11383702
11403373
11544536
11559851
11564082
11638969
11709458
11845555
11864950
11992122
12023252
12052688
12068591
12145419
12354184
12534639
12534851
12634611
12652265
13031822
13167810
13286939
13434076
13461137
13523352
13677032
13741674
13868248
13954679
13962212
14099259
14635304
14646561
15318821
15537480
15563386
15612144
15741754
15791358
16051803
16347537
16376002
16378166
16494685
16496582
16672046
16772097
16908859
16954404
16995924
17080684
17168716
17278180
17292805
17534290
17898197
17919617
17942311
17957361
17981694
18074686
18161365
18226298
18387541
18563444
18565995
18644398
18844238
18876017
18891913
18915903
19112379
19329115
19553545
19667140
19682349
19699572
19766753
19882218
19885212
19890505
19903732
19912641
19941629
20028346
20116568
20542472
20698914
20738667
20765661
20794853
20817194
21059489
21203001
21237337
21297270
21408906
21466840
21578467
21679812
21715781
21799127
21884170
21891965
22042794
22091451
22134422
22227683
22238693
22254892
22316479
22544057
22586899
22819517
22954731
23003508
23004046
23277464
23286398
23335673
23410877
23415995
23427782
23489098
23734650
24204696
24228581
24412496
24431019
24524545
24690201
24798620
24822017
25176148
25236893
25274343
25335048
25700094
25749467
25769396
25772682
26281003
26379386
26445489
26465096
26559386
26581535
26584758
26648539
26731939
26849484
27067679
27071713
27188029
27409683
27466935
27473874
27484375
27557096
27623048
27768101
27852206
28047460
28074319
28309554
28411217
28511961
28515956
29252739
29297394
29352996
29650878
29683821
29860559
29904090
29994292
30074595
30176971
30350109
30422578
30497116
30598764
30652567
30669901
30779781
30794264
30858363
31013510
31119765
31208680
31362552
31471937
31665653
31746406
32130261
32265457
32395122
32437026
32680439
32781625
33022976
33027293
33117368
33156401
33317040
33607345
33633524
33787391
33794691
33959538
33997560
34016768
34233362
34277645
34382256
34504524
34559962
34614003
34636585
34700377
34856849
34902088
34963026
35429773
35437616
35522058
35532038
35540885
35685480
35843950
35907383
35922598
36049896
36129640
36237715
36239170
36247563
36578061
36612339
36660575
37086942
37747105
37753887
37852588
37903081
37906102
37962074
37983336
38218606
38286359
38388434
38435603
38609949
38945658
38983036
38992492
38995002
39030136
39089982
39112840
39191236
39355332
39428689
39476882
39711276
39844655
40180836
40220178
40230911
40262572
40523347
40568465
40671976
40700384
40705044
40747353
40832249
40834958
41243972
41256079
41270868
41586739
41711568
41806011
41981912
42032517
42111179
42129879
42241480
42337043
42468285
42488736
42639070
42677938
42790531
43055096
43064942
43068295
43076696
43289805
43524699
43623320
43641303
43744664
43766034
43801544
44077253
44161777
44273620
44273917
44302726
44373053
44388706
44541774
44587568
44708486
44968328
45107412
45241354
45457004
45552962
45567232
45593586
45673392
45921168
46379816
46506756
46528308
46535240
46616493
46635029
46849614
47022098
47250880
47370663
47520899
47684062
47811167
48081324
48146070
48153910
48255365
48339958
48359976
48426503
48486345
48573239
48619956
48634686
48643026
48779070
48797177
48954313
49366478
49398511
49723047
49863996
49911255
49956566
50218556
50392667
50434580
50470496
50617709
50650108
50793346
50913685
50964072
51267773
51373498
51408615
51422860
51507156
51536263
51569889
51683740
51689028
51745973
51980893
52083094
52257815
52368443
52425235
52583472
52662490
52730109
52816495
52925424
52939926
53064667
53197619
53229869
53396487
53446478
53531149
53626578
54061318
54266749
54303710
54336527
54513733
54621963
54762790
54889260
55214153
55485206
55648452
55736626
55767875
55790555
56023857
56061055
56257635
56318924
56406687
56466350
56472658
56552408
56558553
56624306
56635233
56723173
56804483
56813574
56931721
57115914
57201012
57205412
57470901
57613802
57640557
57787806
57899664
57935609
57993434
58222545
58530775
58580468
58650989
59039822
59055317
59143467
59221888
59273576
59302349
59329970
59480016
59532303
59613110
59690923
59795348
59900617
59913453
59934599
59991026
60093350
60145726
60204568
60271242
60366828
60408204
60541508
60680845
60689019
60701440
60845159
61004538
61026357
61038588
61258073
61330339
61376104
61425426
61468051
61529309
61670522
61900630
61967682
62021159
62022544
62218104
62509014
62654506
62689678
62716698
62826107
62915784
63109527
63353913
63449056
63562453
63714866
63960766
63969954
64270887
64271341
64342734
64382164
64400512
64515303
64524161
64556936
64618560
64703980
64843679
65013011
65166859
65228563
65255847
65293830
65295104
65407550
65478199
65491451
65656107
65680618
65742020
65869953
65971550
66146034
66400006
66474248
66656502
66681718
67024738
67259659
67601536
67644238
67681464
67809969
67910769
67922974
67965077
68127134
68171572
68276864
68290227
68290886
68449240
68530225
68622566
68643198
68920735
68979461
68992764
69049699
69078420
69266416
69549285
69668625
69783233
69812221
69840395
69880699
69925523
69938547
69975951
70045547
70150000
70156886
70185374
70250031
70419648
70616783
70736750
70916325
70937170
70992129
71040336
71138203
71154111
71210908
71272483
71430116
71622710
71624108
71715927
71748604
71969511
72001178
72155495
72219094
72228965
72263989
72426912
72440269
72446568
72448995
72693844
72696581
72754998
73302473
73309406
73425115
73637042
73712683
73849910
73936423
74044285
74081875
74083017
74094517
74170920
74186494
74317469
74373141
74414001
74751094
74802867
74828956
74852768
75021424
75082801
75160898
75457168
75593572
75630911
76004583
76101895
76732834
76788229
76819485
76879075
76950141
76991264
77046248
77052508
77114728
77167968
77514603
77679825
77714746
77737537
77746391
77935194
77940690
78057004
78136827
78367741
78447539
78447929
78695198
78732660
78756894
78795601
78942196
79096451
79167906
79170095
79467586
79562663
79585086
79643474
79993320
80237754
80241619
80269773
80275025
80348028
80365812
80468399
80579793
80590270
80620075
80779192
80868864
80870471
80904689
81045087
81103789
81108707
81236954
81289249
81435496
81594167
81679763
81931690
81996044
82021676
82068972
82108742
82162817
82166213
82171919
82359721
82433104
82512193
82547396
82632070
82684646
82695007
82870889
83116245
83121430
83228547
83253386
83267639
83300795
83362538
83381597
83600261
83775075
83776878
83784422
83791096
83796929
83935633
84033259
84134770
84289375
84424927
84467020
84488076
84578329
84582073
84613587
84624661
84626204
84659264
84745682
84749670
84787884
85033912
85124496
85139551
85153094
85293095
85378204
85590851
85634015
85657368
85865996
85946357
86027815
86034424
86127791
86353390
86440020
86481806
86541479
86567247
86572389
86787201
86812375
86835001
86985703
87268313
87720610
87936324
88103910
88233389
88560478
88578158
88630592
88646892
88702831
88777086
88808078
88936997
89004860
89037298
89094601
89101766
89231863
89363491
89483381
89601453
89602580
89827874
90098868
90193696
90384206
90404347
90665372
90722358
90825293
91384618
91400341
91526560
91674425
91766246
91794017
91799262
91849641
91929889
91952359
91978213
91988577
91992539
92003217
92076608
92109431
92228131
92351501
92389641
92468503
92572479
92721828
92732443
92791865
92860608
92982050
93071493
93267464
93452126
93601152
93632467
93784288
93844364
93912260
94706171
94827537
95032725
95251832
95312435
95347391
95526560
95716643
95806398
95899970
96045819
96086305
96123657
96446427
96679883
96854978
97157533
97258877
97369090
97419940
97423144
97575700
97713117
98043411
98085316
98129501
98484713
98694058
98694513
98756736
99072159
99146269
99290386
99319281
99396282
99573880
100048384
100155439
100282515
100298836
100421090
100544545
100574590
100671055
100742063
101036272
101049474
101143541
101150858
101288618
101311974
101452490
101853076
101936827
101956788
101976752
102063357
102086240
102184250
102478550
102516617
102609799
102677488
102689404
102931811
102958796
103070493
103134273
103187286
103272710
103600260
103823087
103868517
103918555
104032429
104071359
104082947
104093871
104098621
104150549
104160340
104180261
104186404
104230142
104275518
104311193
104334695
104372444
104391855
104552867
104730911
105035786
105180269
105194831
105453600
105540845
105543623
105587579
105747612
105848467
105966316
106152110
106197700
106476796
106494150
106525032
106672066
106712326
106742731
106927519
106933276
106945250
106964682
107014698
107271380
107363942
107384486
107442012
107681650
107842821
108000259
108080119
108139748
108193034
108467510
108704763
108936074
108973316
108983109
108985155
108997767
109073635
109109793
109140617
109191994
109305103
109669275
109740596
110129681
110190842
110321765
110391537
110402080
110416339
110963474
111068808
111090784
111266775
111416997
111420581
111619504
111710879
111726335
111904171
111924316
111959736
112111468
112240985
112454472
112541622
112573798
112576420
112642615
112744189
112996797
113040721
113054340
113091152
113377028
113487700
113487823
113595085
113658710
113704534
113728474
113781109
113968638
113982723
114070114
114237204
114252205
114374560
114483901
114570271
114658948
114730573
114769898
114779982
114858740
114915116
114985455
115065390
115329512
115547175
115607021
115660219
115799354
115800080
115971532
116169549
116176797
116228420
116272963
116288605
116398150
116442040
116493158
116649751
116662223
116750365
116982861
117050735
117162477
117359018
117495177
117755605
117822095
117911098
117911588
118141385
118172405
118304309
118455342
118482878
118535350
118535803
118707789
118760118
118897701
118935069
119009396
119019554
119294524
119400544
119697355
119889936
119920880
119944674
119948571
120196268
120216166
120238150
120823136
120825053
120854291
120889032
120902898
120965319
121000808
121132701
121134555
121138305
121139924
121251969
121282142
121324521
121613090
122060546
122130334
122611850
122685885
122744092
122772628
123002615
123075389
123406579
123410198
123520099
123526679
123535071
123760962
123811234
123919121
123964356
124029922
124142384
124293222
124315521
124364931
124400704
124559730
124668798
124701482
124800634
125098131
125142675
125249998
125252242
125418549
125423536
125432644
125545522
125588508
125657277
125663057
125696000
125739261
125761854
126481218
126487964
126511789
126592070
126714595
126715597
126937671
126981773
127186789
127258270
127265847
127339706
127505596
127576276
127886864
127962642
127978423
127999698
128102945
128112288
128120214
128126820
128297614
128370578
128408392
128483013
128606623
128658604
128719788
128759111
128907549
128931311
128993828
129084332
129134243
129222884
129273368
129368053
129496889
129651010
130031859
130125774
130146120
130253639
130344172
130379690
130733027
130823952
130901025
130907663
131260741
131273200
131315119
131458666
131476799
131565366
131569118
131621069
131782796
131817093
131817496
131955996
131975528
132046207
132072592
132180198
132184940
132272020
132445053
132541296
132552192
132576316
133100802
133126198
133157152
133225276
133255909
133470014
133511993
133645953
133728023
133764082
133850994
134149748
134265082
134386679
134389862
134406262
134412678
134433290
134585879
134871187
134955493
135056739
135058613
135091010
135103658
135151975
135202966
135209891
135218832
135223553
135300894
135394164
135468441
135494237
135632102
135734888
135967410
135967673
136024037
136186760
136280330
136438771
136486117
136486205
136726564
136750114
136971875
137047286
137166225
137244199
137268074
137326582
137498815
137732122
137810732
137900371
137947387
138026605
138031463
138062468
138066216
138090995
138173970
138647100
138815951
138944758
138982869
139078335
139185435
139219062
139287354
139461635
139558476
139566488
139587739
139593894
139651533
139698866
139700234
139880308
139883001
139939974
140045030
140123694
140164735
140169315
140249088
140385566
140395699
140465366
140502174
140588395
140632419
140733990
140797734
140938863
141086493
141099339
141196338
141452724
141690769
141697864
141726193
141778722
141792159
141809485
141865977
141953947
142066143
142113100
142515615
142662434
143138973
143181115
143227138
143231345
143259115
143488066
143532023
143758313
143763467
143774794
143842790
143845954
143856075
143871827
143941475
143964897
144385578
144576154
144763247
144913913
144945060
145138156
145165597
145222172
145232936
145268954
145431028
145522218
145626797
145685099
145896503
145945942
145975112
146174501
146380663
146509244
146602933
146676757
146773548
146813454
146869151
146877703
146910597
146948030
146975395
147067907
147127790
147210229
147269098
147335273
147342462
147402967
147575885
147996036
148137495
148303308
148326606
148365787
148437900
148466315
148637446
148639611
148798153
148988565
149089875
149156885
149203518
149271713
149333491
149390761
149655452
149699822
149779272
150060202
150130819
150273736
150304938
150364627
150574833
150760478
150787608
150799054
150947352
150966192
150988892
151018403
151097450
151114369
151157623
151227546
151261782
151341082
151350254
151382487
151601056
151654345
151731974
151852409
152081294
152107293
152127916
152222861
152351579
152374539
152404402
152573629
152588829
152625810
152644768
152678202
152869784
153033076
153263227
153338613
153413480
153415607
153563093
153616908
153645681
153675920
153913010
154087539
154123604
154254229
154383234
154486763
154529775
154646619
154781887
155195160
155329163
155351898
155379258
155409740
155467093
155527019
155719177
155762817
155856151
156115547
156211605
156468389
156840342
156946035
156989744
157032156
157048587
157160382
157165815
157398784
157505024
157519831
157541555
157546316
157728580
157810258
157872556
158000745
158048293
158187183
158200202
158381320
158405290
158519159
158616623
158629756
158630427
158768770
159019769
159616813
159624611
159687133
159745468
159778108
159822947
159892690
159961422
160030675
160207203
160402783
160413618
160414137
160506573
160516685
160541323
160636854
160672320
160929300
160961605
161076741
161087264
161357527
161578054
161960168
162118252
162180709
162322533
162343626
162399197
162531236
162590169
162607203
162638753
162743946
162850461
163100832
163199726
163203010
163337123
163501373
163561758
163613175
163703696
163865903
163939955
163942866
164184783
164327361
164337353
164351806
164353295
164707339
164824109
165352131
165401934
165487244
165583939
165625727
165767078
165882160
165910697
165945509
166169809
166258547
166310399
166324434
166411429
166445138
166469717
166770537
166793393
166880619
166912004
167058968
167076523
167077560
167273736
167791914
167941891
167946152
168075091
168230371
168596033
168741972
168782030
168825464
168876876
168943042
168970870
169019786
169134228
169148591
169163759
169164774
169310324
169769583
169826763
170033568
170132548
170222363
170412169
170469033
170771838
170851566
170908645
171079236
171179594
171295898
171308652
171348962
171379145
171426712
171466694
171850881
171937149
172236026
172239581
172379146
172388193
172565393
172613850
172698694
172771340
172992771
172996482
173005330
173319534
173345078
173360949
173476831
173691155
173715709
173853907
173984951
174088773
174199625
174211424
174268286
174433898
174793696
174809680
174905225
174947415
175083216
175134419
175389439
175527324
175536788
175548768
175597061
175693683
175726459
175906600
175930086
175970366
176029706
176053391
176057566
176100272
176126760
176194416
176392627
176400571
176563063
176671736
176681638
176691914
176693790
177057409
177214541
177222585
177530648
177666040
177770319
177958525
178027940
178203417
178232861
178359227
178361375
178605305
178755247
178756444
178866166
178919040
178935457
179365100
179497857
179613767
179660077
179692755
179842530
179876062
179948775
180253629
180311032
180344664
180531821
180537506
180547029
181014781
181053446
181136723
181206160
181291093
181319667
181414399
181488864
181578362
181649031
181979331
182035132
182102264
182326680
182387286
182486419
182498607
182743574
182822141
182856889
183074214
183151060
183407849
183488223
183631403
183830001
183845987
183962584
184032531
184090283
184098289
184176129
184196434
184215074
184307432
184634883
184811549
184935568
185159844
185248625
185250343
185264687
185560333
185639186
185687426
185993022
186438520
186537742
186545846
186604240
186697974
186808093
186982670
187046043
187172141
187261745
187274391
187324826
187411067
187520229
187652417
187762313
187871905
187977090
188068314
188095666
188217124
188450646
188493558
188503884
188552087
188614552
188640855
188644755
188699433
188838694
188856827
189059145
189080935
189168127
189173649
189270863
189561949
189573172
189646933
189658691
189770952
189888811
189902453
190062822
190142747
190144133
190259422
190291922
190294199
190533787
190637103
190648657
190676723
190772625
190821050
190830078
190900312
190936251
190961306
190963365
191060142
191244817
191280205
191527773
191559312
191669359
191711619
191734760
192137049
192184253
192278616
192291401
192351277
192551934
192678225
192746463
192761209
192818588
192847998
192895749
193020361
193173804
193260639
193500087
193736769
193857265
193975631
194035529
194324794
194402110
194460849
194544517
194571174
194667986
194790738
194808655
194838655
194885358
194951679
195143694
195251135
195440832
195454510
195660541
195682587
195729899
195877961
195939092
196216681
196328406
196405359
196446908
196667355
196671917
196677705
196859677
197054618
197096370
197103663
197259956
197411753
197546831
197566884
197579231
197630739
197735318
197810243
197980322
198069420
198209002
198312687
198481069
198493432
198520067
198571549
198619592
198728753
198875927
198941273
199050335
199239650
199289817
199321462
199466763
199590868
199711197
199956809
199958689
200089831
200104116
200132019
200361419
200412943
200488297
200498396
200536181
200579784
200699417
200712958
200749998
200833204
200941619
200971601
201062273
202318921
202584921
202634455
202654747
202744339
202806879
202910093
202994861
203049525
203100268
203121052
203178872
203470551
204045009
204233608
204291173
204333001
204450537
204617356
204676745
204802090
204885247
205087410
205116668
205277949
205338205
205353535
205471200
205633445
205660190
205677655
205774646
205786046
205986452
206034944
206037950
206136672
206139497
206255770
206321519
206394230
206467985
206533564
206558201
207096808
207263442
207318736
207337933
207480456
207509750
207510941
207742718
207803393
207972669
208097757
208129717
208194044
208257824
208271290
208339569
208351538
208514239
208514596
208641704
208691915
208696758
208794020
208929980
209008720
209038258
209084653
209337513
209474678
209515359
209531379
209539295
209564498
209650050
209711258
209744230
209894803
209909111
209911292
209932778
210153323
210266277
210278004
210322172
210353767
210505176
210634732
210641185
210795449
210826649
210993027
211301438
211308034
211543122
211705407
211779249
212129652
212170887
212187461
212252855
212406759
212495706
212602793
212609561
212654979
212845777
212865627
212884522
213009678
213075392
213264942
213336669
213342233
213428470
213469283
213557017
213579482
213606420
213772882
213826180
213964578
213994385
214142230
214287067
214619962
214739923
214774921
214801053
214925843
214985349
215018153
215019590
215089614
215097939
215119624
215120844
215247642
215261338
215328535
215438796
215442436
215552257
215692639
215714464
215980047
216127157
216183396
216214925
216241484
216484944
216494419
216608736
217083722
217541977
217574314
217615420
217669093
217686847
217703161
217804345
217830614
217960544
217998820
218033402
218081711
218238952
218345044
218373529
218541156
218603118
218644574
218794929
218830825
219031828
219047888
219064444
219146334
219171823
219191950
219203841
219303770
219306852
219391757
219475690
219627178
219711087
219720413
219759132
219768960
219772641
219879084
219904542
219906565
220070659
220406868
220499982
220533505
220606030
220898214
220931132
220968011
221089847
221224751
221235792
221301943
221488235
221520225
221599842
221647372
221714261
221733916
221828743
221837207
221841007
222101653
222120432
222345652
222376886
222393795
222439937
222509465
222728250
222806783
223008537
223103360
223363725
223371274
223476975
223654988
223857975
224018458
224118244
224140217
224476807
224651762
224736938
224922533
225061509
225191047
225238778
225377208
225450384
225570931
225677496
225730045
225820652
225917866
226239061
226441158
226564950
226827254
226996247
227034822
227083914
227285698
227297231
227451779
227574930
227597050
227645735
227817476
227853098
227952519
227975550
228066317
228498086
228669305
228670608
228738192
228823817
228848002
229006836
229075416
229205251
229356053
229412519
229582025
229597354
229801231
229808717
229855868
229873377
229896070
229920769
230094632
230114266
230183409
230295411
230357058
230489658
230554551
230708128
230746603
230870300
230952021
230961873
231020002
231059108
231066918
231143343
231202281
231306575
231317304
231381882
231453593
231455539
231501884
231537600
231730344
231820414
231897861
231911376
231956751
232014852
232063686
232418493
232442777
232626072
232631630
232711295
232768641
232788152
232799625
232880611
232981712
233098086
233141182
233153377
233169546
233567059
233697203
233881942
234000397
234179966
234212913
234241526
234243450
234326415
234327872
234503600
234535226
234545440
234601747
234692944
234881497
235124209
235173091
235186709
235585414
235650375
235683432
235778641
235810529
235879522
235927675
236020359
236043463
236126091
236183102
236582868
236664916
236724690
236754022
236791897
236935355
237033077
237120052
237349218
237609176
237938035
237992946
238004456
238074805
238083092
238199833
238289193
238357342
238365189
238368289
238419039
238540367
238571425
238644866
238737943
238757338
238784046
238785133
238849771
238947565
239078136
239150705
239215433
239308290
239383516
239533654
239541599
239763090
239827923
239929539
239932210
239969492
240204743
240330248
240358376
240380455
240419033
240464055
240733654
240785334
240812197
241065086
241074940
241220571
241272754
241325640
241327827
241395229
241495360
241715630
241832579
242030937
242092624
242145551
242153079
242334621
242408259
242413283
242421970
242440516
242872137
242932862
243392583
243393240
243550839
243573383
243577289
243803999
243829450
243876490
243899700
243985070
244028034
244130717
244227421
244358606
244456111
244457564
244602157
244608032
244705367
244779751
244890331
244905077
244931005
244991653
245147036
245155492
245527132
245701942
245797519
245863030
245867104
246126193
246228851
246387648
246456513
246678668
246854921
246881818
246928167
247090982
247224165
247400801
247497431
247659717
247662269
247898825
248136332
248279304
248446650
248613946
248619845
248648636
248672838
248794554
248853637
248894599
249002732
249061168
249438629
249460741
249501693
249528993
249589906
249736064
249867315
249901043
249995552
250120109
250155672
250240327
250274931
250436282
250485389
250737400
250776329
250837197
250900736
250903936
251060993
251438068
251494105
251606393
251643025
251692504
251809631
252045925
252171568
252311749
252319406
252404259
252896578
252930668
252962436
252972087
252972388
253080121
253202723
253261990
253281494
253404189
253489658
253523629
253808728
253942875
254132519
254313960
254413380
254453421
254490433
254570947
254706516
254758451
254800643
254814207
254875435
254902542
255009344
255071700
255115803
255173326
255184706
255266668
255269841
255282728
255329618
255373213
255421639
255591647
255668507
255673407
255802685
255806509
255999903
256002110
256084332
256212354
256234837
256280511
256314671
256531912
256570207
256606123
256708577
256791508
256899567
256901100
257010463
257080062
257105059
257145780
257269776
257377418
257542285
257592492
257611049
257902825
258119975
258237285
258297736
258312579
258368362
258376140
258404569
258438564
258441801
258523333
258737320
258806779
258821025
258916693
258957582
258992458
259071304
259103370
259111603
259337960
259370657
259382923
259524737
259530096
260337622
260377228
260579626
260658291
260753981
260822657
260856114
261211233
261217417
261232724
261257991
261364226
261631550
261725340
261798285
261960135
262164555
262203194
262224425
262480705
262525265
262589917
262604177
262823093
262838654
262905629
262914086
263234459
263381789
263392030
263510202
263572942
263655756
263679828
263701314
263759801
263777893
263830465
263892914
264048937
264210859
264401980
264403013
264472491
264718711
264774617
264899152
264983309
265311289
265385089
265569214
265620547
265728690
265786137
265852006
266247409
266287365
266291230
266362283
266394856
266513228
266580090
266675430
266706127
266919117
266951451
267069006
267193158
267415696
267432908
267433401
267548689
267557703
267580899
267649626
267845415
267854878
267894379
267931380
268040883
268092741
268144019
268203084
268349880
268442874
268528804
268706963
268846595
268948950
269093580
269291265
269311389
269321826
269341219
269415359
269510614
269519215
269798943
269804507
269863768
269956267
270077245
270245887
270256734
270437773
270452866
270525522
270611088
270816911
270845903
270857644
270958225
270970483
271298005
271343544
271438929
271746980
271886137
271917642
272061161
272072624
272299470
272410230
272440865
272483486
272573125
272666802
272801505
272979642
273039766
273220424
273429515
273556595
274028783
274115088
274210889
274331585
274397059
274397843
274443408
274524572
274573349
274675196
274705432
274730852
274833091
274910073
275054763
275072519
275170104
275184601
275204605
275265971
275341973
275399990
275464552
275471843
275547786
275587953
275618972
275739002
275790500
275932284
276044788
276111391
276203474
276321660
276325572
276347886
276460507
276600439
276634587
276680533
277102223
277232486
277242204
277319423
277331859
277432246
277505830
277552838
277611519
277814847
278420838
278541625
278659642
278855497
279204838
279446522
279591034
279654849
279719169
279778194
279855992
280019579
280035834
280127297
280272850
280284565
280359006
280528360
280576667
280806082
280917654
280939045
280999646
280999975
281404475
281711587
281759791
281803651
282014792
282063544
282168383
282231170
282361066
282404426
282410120
282446492
282467242
282580891
282582170
282759658
282815212
282823932
282894866
282916463
282964886
283080129
283326234
283420094
283429466
283595983
283655890
283684788
283799624
283840854
283972805
284274484
284283824
284547166
284685183
284726411
284736136
284744888
284938707
284975683
285155343
285233370
285270374
285354381
285365342
285459933
285582850
285621540
285638964
285662880
285798156
285803955
285810065
285821886
285927592
286148580
286241101
286394726
286403366
286535818
286585982
286741612
286772700
286833725
286893335
286953621
287010305
287022507
287094746
287230048
287350759
287472505
287559803
287657249
287708275
287909111
288247411
288594780
288608773
288779388
288807114
288810842
288869558
288920932
288942001
289063523
289090684
289141858
289227870
289344720
289477221
289478406
289499753
289578811
289587173
289746215
289859149
289922946
290258287
290266066
290571152
290681076
290767166
290956983
291021260
291194391
291439470
291482201
291539111
291569317
291579400
291783108
292157668
292190734
292536578
292552730
292608075
292916109
292958726
293187465
293297477
293578230
293760064
293969052
294020733
294223778
294234821
294605790
294818068
294835375
294863563
294947448
294985522
295107851
295225094
295227408
295372771
295387816
295469076
295495737
295507953
295620239
295699340
295822548
295900798
296151617
296168081
296195016
296302938
296328598
296370971
296510908
296665259
296699657
296811588
296848245
296974806
297051983
297151589
297255632
297349332
297356303
297358650
297432592
297561925
297647005
297707588
297872915
297975102
297985928
298045712
298189166
298251882
298384903
298550729
298566139
298630377
298674142
298825107
298837556
298871881
299195655
299415144
299434340
299442610
299607801
299650949
299678955
299719713
299885527
299962863
300065538
300288024
300402135
300661702
300699709
301028151
301193070
301213839
301225499
301334160
301423473
301563461
301819688
301883481
301904463
301954279
302000036
302061678
302081284
302088140
302107779
302483088
302681730
302789599
302807566
302841850
302848580
302874650
302902965
302983356
302986465
303028081
303210943
303243640
303302209
303858076
303892497
303976300
304130090
304154289
304315062
304380013
304419957
304478756
304487114
304547215
304595965
304879251
304888697
304980560
304993067
305036711
305056821
305081233
305091243
305262247
305457943
305583979
305613720
305784200
306153889
306274993
306441269
306515607
306694768
306696056
307009133
307150925
307155661
307250084
307351359
307434797
307517549
307517595
307541704
307602292
307731874
307736427
307753786
307788542
307844936
307873982
307894840
307953790
308072142
308098061
308157908
308177811
308204635
308322747
308405892
308464482
308708538
308773641
308918330
309033292
309188100
309302716
309339066
309393257
309447088
309756773
309806725
309824385
309852853
309985656
310166474
310183960
310491964
310563434
310712031
310803611
311080267
311086939
311262892
311464400
311635392
311716788
311874553
311900953
311908921
311955850
311976539
311998135
312026886
312037183
312040656
312464372
312467872
312607091
312624907
313035867
313192448
313228614
313286023
313400582
313468666
313472249
313544558
313593398
313607632
313643948
313701677
313784558
314073704
314277991
314414048
314420395
314437257
314594259
314701709
314847962
314880548
314914631
315005274
315100797
315166999
315480526
315545040
315638986
315673472
316019946
316058679
316157919
316189843
316204243
316346442
316394125
316463211
316468819
316524552
316541899
316565050
316702680
317008855
317211764
317392830
317451696
317458881
317626273
317628717
317835016
317964520
318105009
318220435
318233380
318274280
318284975
318298820
318477801
318651944
318851669
318865671
318970963
318977522
318990287
319044389
319207151
319245830
319247500
319317407
319384664
319437033
319464163
319524913
319628691
319657218
319840429
319892170
319905850
320006969
320252235
320358693
320484291
320689692
320738006
320747435
320768857
320832141
320834397
320906626
320910190
321271576
321477434
321681255
321842253
321861682
321943038
322108538
322172751
322460368
322549540
322578465
322591256
322961185
323081282
323133803
323144853
323164465
323210761
323464809
323576671
323589491
323651738
323736594
323737549
323829136
324050925
324139958
324173421
324283239
324288617
324366412
324375053
324472599
324523114
324543574
324574370
324671531
324769193
325023595
325276548
325304281
325320823
325370193
325377348
325714178
325727392
325810912
325893284
326153316
326289982
326306480
326349429
326632876
326764459
326879688
326884811
326919902
326931819
326967963
327155009
327182734
327235881
327405733
327562009
327580795
327700983
327732739
327771234
327962505
327991640
328014569
328176518
328293732
328418158
328434992
328436757
328541917
328717543
328723711
328813413
328854196
328926682
329078158
329097482
329240549
329252408
329291989
329320361
329447517
329671707
329685299
329714742
329734866
329873851
330027276
330043981
330347513
330420972
330639033
330782503
331152555
331566508
331573327
331778986
331945449
332292146
332479723
332571508
332649357
332708228
333034889
333064494
333076870
333123165
333176279
333205458
333546359
333691658
333975148
334063845
334146029
334456601
334460696
334490680
334498868
334503722
334668999
334762275
335089786
335120014
335199155
335375853
335477508
335677543
335766869
335780451
335923651
335990486
336000139
336032189
336065811
336135891
336163583
336521820
336604302
336727800
336766060
336769340
336869386
337042240
337474551
337737455
337832577
337882655
337952876
337978699
338016895
338047164
338152467
338307102
338309914
338426333
338455565
338482612
338534961
338655500
338747369
339191564
339237228
339256077
339447784
339464738
339614665
339623072
339629936
339663511
339685003
339791749
340007625
340030878
340053190
340351363
340602451
340608098
340626329
340667171
340689840
340927703
341037218
341081173
341132746
341517651
341584739
341623232
341649503
341801442
342086935
342146049
342153113
342186839
342193669
342204219
342360374
342364727
342392819
342402183
342759105
342790715
342888599
342951936
342971381
343231809
343329376
343389850
343477409
343477870
343487623
343548883
343580977
343642156
343797970
343871086
343882540
344075000
344423362
344760131
344764663
344897062
345017579
345038067
345081910
345097795
345223005
345239563
345356603
345375835
345645018
345766595
345771981
346019242
346033245
346180837
346203831
346231582
346247531
346251183
346310680
346329736
346874846
347027063
347049875
347089730
347106296
347295930
347343546
347486669
347682224
347738804
348021538
348027361
348092618
348094024
348110914
348161882
348382526
348431476
348461230
348499648
348600062
348880736
348970622
349129402
349203847
349214431
349262513
349357440
349359118
349508310
349510610
349999598
350016205
350186661
350215778
350280451
350469519
350477396
350645094
350949554
350975917
351020096
351067335
351467324
351571635
351589277
351683989
351840127
351899741
351904644
351968203
351982750
352165694
352170965
352195250
352316170
352318227
352372701
352504140
352720456
352738716
352766298
352828781
352846426
352933860
352997888
353021977
353093493
353181046
353389426
353451373
353504141
353727664
353762339
353859035
353872339
353881595
353909816
354221604
354516673
354534675
354814479
354834226
355042487
355373025
355375984
355411393
355666870
355706640
355722858
355973528
355996266
356024729
356226961
356417688
356630470
356637361
356832357
356915514
356972121
356984435
357165077
357170860
357174069
357175074
357227953
357232853
357233678
357383361
357383827
357413256
357668600
357703552
357828026
357875660
357961008
358083398
358097987
358344534
358377522
358638485
358826341
358856206
359095754
359160056
359292313
359364523
359498585
359606550
359614509
359675144
359796513
359816220
360071856
360301028
360463016
360559980
360760832
360764355
360907224
361000682
361049113
361062820
361076609
361109149
361503991
361558101
361974435
361975319
362126467
362132653
362229324
362332592
362409557
362802853
362838029
363560594
363562712
363679177
363719474
363964008
364011042
364140929
364146895
364443047
364498376
364839301
364947018
365023791
365139941
365204550
365335034
365427913
365609313
365800789
365815010
365852842
365894908
366102469
366270941
366296352
366408467
366452759
366646615
366647790
366886496
367064978
367071648
367075032
367087627
367413909
368020203
368074290
368126294
368323681
368386000
368507210
368612058
368624423
368704039
368759963
368773008
368821611
368918686
368961086
368969935
368972719
369191288
369206419
369415594
369494972
369529308
369567927
369636384
369688451
369854454
369986926
370284113
370287524
370373025
370401399
370422641
370442510
370455478
370590603
370613582
370659291
370675327
370742767
370891346
370939467
371021921
371051851
371073441
371633449
371697819
371705641
371752309
371868105
371985533
371986971
372108403
372115316
372224287
372413315
372648827
372737800
373441267
373513249
373606746
373633164
373654954
373726149
373785337
373838632
373988244
373990369
374071801
374093466
374094902
374248421
374436558
374443546
374639188
374823974
374929768
375077513
375441961
375699291
375829434
376238557
376293480
376347966
376538539
376650634
376655492
376777006
376872701
376952247
376988835
376996436
377111728
377114003
377180166
377228235
377346775
377353287
377388467
377600164
377600912
377698851
377748752
378079821
378417011
378542910
378587368
378658222
378703953
378705532
378764739
378825821
378946187
379155665
379182249
379237060
379333123
379349155
379355002
379406800
379408521
379543910
379638630
379674946
379675705
379708678
379919148
379938154
380004427
380151184
380174335
380266458
380304704
380377895
380430478
380447709
380644230
380648409
380749336
380922637
380936631
381327136
381711662
381903803
382102901
382147949
382188312
382301166
382307863
382490085
382578832
382644543
382679017
382710914
382814728
382962753
383013696
383311699
383427932
383579426
383600610
383644687
383747717
383751697
383990335
384035513
384117644
384182891
384196920
384221708
384288793
384357072
384358125
384360520
384374125
384530800
384760578
384862586
384996763
385055526
385083161
385192014
385258386
385493700
385726990
385788717
385949251
386055026
386188179
386298781
386356869
386710761
386877006
386982820
387223741
387320513
387623323
387812679
387925317
387954957
387978281
388187906
388252212
388256407
388522081
388596883
388681803
388765289
388767098
389000318
389072282
389348677
389360379
389417507
389568184
389707454
389721081
389906225
390330734
390533665
390647682
390694333
390718774
390784045
391053605
391187356
391593412
391666528
391961052
391995660
392164189
392317588
392327208
392466881
392503149
392744791
392796554
392828539
392936515
392958273
392960199
392993431
393028890
393140403
393475817
393520655
393524287
393556145
393604285
393702782
393845310
393941529
394102861
394155109
394442089
394462520
394511509
394562095
394659695
394697490
394698159
394733891
394964491
395022714
395034512
395146507
395248135
395342789
395373537
395747614
395750299
395842396
396054761
396095627
396362681
396379147
396385621
396959885
397419110
397587315
397618266
397629070
397666519
397746391
397801247
397927911
398000864
398081721
398199095
398220874
398401675
398539017
398647948
398795564
398911571
398923614
398946723
398994828
399151314
399158843
399256361
399294154
399299531
399351339
399440089
399444373
399480702
399555739
399576060
399593725
399602957
399652795
399837466
399963024
400087473
400160336
400278971
400319965
400434555
400510955
400639684
400670017
400689820
401021901
401176393
401234836
401238401
401386917
401454733
401537554
401551602
401792359
401834196
402014814
402068868
402071178
402082252
402162193
402272208
402314237
402523319
402534837
402627440
402664715
402700783
402865220
402874213
402891528
403031960
403040985
403340953
403479790
403486493
403497026
403563316
403703731
403935299
403982956
404025007
404356271
404694332
404839265
404930512
405116333
405240240
405286882
405338205
405348674
405390010
405599873
405600579
405708431
405884928
405935764
406265128
406336632
406454925
406780097
406825627
407084345
407093406
407156171
407169778
407186630
407190728
407260995
407363575
407377621
407452683
407471890
408053515
408093508
408096961
408177018
408254190
408287556
408318345
408385394
408440867
408487640
408584351
408646426
408701976
408978422
409094069
409101676
409108538
409437266
409621146
409773352
409801851
409974666
410599924
410839830
410882016
411003387
411281087
411350132
411463089
411492458
411515424
411603102
411629142
411686213
411698961
411705201
411737831
411959192
411968077
411990125
412089231
412213180
412241866
412380513
412399229
412415269
412582246
412681108
412697340
412732905
412790408
412884246
412934971
412989908
413133084
413155483
413215692
413387440
413432428
413618694
413860430
413909279
414019151
414135648
414138378
414139786
414170500
414316370
414386872
414419374
414535455
414535816
414548518
414641912
414659402
415043495
415115374
415198963
415305804
415403005
415424186
415720128
415744058
415865471
416103517
416185657
416242403
416360843
416381560
416523714
416921458
416939521
417142518
417143981
417389470
417402124
417501713
417506770
417608840
417702567
417822624
418314705
418452357
418550647
418586530
418765311
418941218
418958584
419057931
419239246
419302866
419431600
419475106
419849538
419850558
419934640
419983184
419994586
420042534
420206304
420424039
420561787
420883019
420887680
420943453
421017887
421054528
421102402
421139632
421245913
421253873
421267855
421273830
421295290
421449451
421789732
421827524
421950054
422058444
422197578
422246134
422251697
422397318
422426221
422596171
422618714
422707526
422772939
422783409
422825349
422866386
423065295
423103903
423483770
423521163
423605840
423765302
423993197
424177321
424194888
424225906
424315174
424473847
424488687
424500234
424620103
424788257
424907019
425013984
425019214
425047912
425172542
425277937
425402236
425406752
425483576
425767567
425785593
425852550
425854081
425897537
425917021
425985464
426032336
426136181
426160732
426197813
426228355
426249428
426407457
426441929
426607948
426632802
426677836
426719511
426815471
426900469
427005447
427025998
427388060
427424536
427474855
428041859
428098802
428247037
428361619
428384532
428591393
428770527
428772728
428808712
428826207
428855006
428866367
428872758
428978120
429067956
429125808
429218421
429330657
429503868
429680001
429722479
429905933
430049127
430068990
430111617
430201590
430373786
430392460
430392579
430509907
430921135
430925684
431007726
431056928
431075848
431238868
431425204
431658740
431983946
432005674
432039187
432099746
432156005
432332063
432446313
432501709
432536066
432560550
432576160
432664152
432714040
432770479
432835233
433011818
433142667
433164802
433273699
433288854
433353177
433416039
433429248
433647742
433685667
433895129
434455726
434656623
434787721
434874198
434903819
435019993
435089780
435155325
435322641
435427286
435806260
435823602
435896070
436076624
436115873
436173045
436350697
436424162
436591343
436597567
436667430
436778791
436968867
437252099
437383486
437469220
437560242
437756962
437787739
437884536
437886697
438046156
438118150
438188353
438258042
438268905
438276224
438325526
438643361
438761468
438786932
438800204
438844025
438933580
439024521
439351248
439394819
439659524
439848643
439945215
440020097
440115359
440145124
440308681
440330190
440380730
440394237
440438934
440630333
440677896
440719660
440759430
440972810
440989768
441056981
441096213
441097623
441123724
441179778
441231238
441414503
441467348
441798904
441837895
441942407
441998619
442079340
442097873
442307690
442460105
442488790
442576049
442596166
442652439
442843079
442982018
442993458
443074933
443092745
443149296
443322597
443323056
443428543
443611420
443738826
443807932
444002473
444139790
444150092
444375439
444487753
444530565
444891923
444961090
445000616
445047053
445065723
445087482
445146361
445294956
445381989
445389007
445419762
445431181
445645550
446021700
446029609
446087252
446100746
446128933
446399057
446536709
446612342
447021629
447138743
447140030
447244041
447255701
447286005
447457801
447688094
447748088
447750938
447793392
447806318
447818523
447900315
448081408
448124952
448131207
448429103
448533693
448549699
448585337
448688693
448714616
448766304
448767853
448817058
448955990
449397000
449743178
449746486
449853685
449919564
449949670
450059971
450148196
450339390
450446633
450573551
450703841
450719215
450736294
450911322
450996509
451376332
451529415
451989464
452069628
452105537
452147227
452179872
452216884
452312158
452322577
452417972
452419786
452472909
452536270
452595868
452680186
452896184
452973414
453235457
453348242
453453746
453499358
453857750
454004457
454038378
454165830
454328008
454411372
454893666
454925457
455046335
455549053
455569540
455579931
455583950
455772277
456354942
456541464
456631143
456744976
456821535
456910460
457201387
457202468
457241650
457278867
457300203
457358778
457518256
457599597
457658344
457854353
457881739
457914926
458092137
458318787
458392338
458720670
458745993
458818259
458823840
458918295
459014241
459055584
459104612
459202365
459326099
459340162
459370232
459459424
459523292
459595468
459622478
459818674
459918156
459966232
460062036
460143039
460392298
460393744
460525698
460564045
460599197
460672848
460748202
460891287
460916740
461073827
461438156
461446663
461738829
461799799
461854027
461885746
461961372
462010966
462015146
462270621
462447235
462526386
462671289
462712571
462767936
462787594
463047498
463072655
463117740
463271990
463357928
463636315
463663085
463689290
463736419
463800126
463976624
463985804
464269057
464305361
464313590
464449433
464542265
464742492
464842239
464911045
464938208
465006135
465028195
465112760
465144254
465201796
465431586
465449041
465489233
465661268
465748029
466226055
466270214
466293201
466481991
466527363
466551930
466694475
466880292
467038220
467098384
467142799
467221025
467292304
467339405
467582407
467653385
467755151
467759954
467759994
468183636
468387218
468451571
468454899
468465829
468519908
468751196
468758114
468921604
469077857
469082959
469090191
469112537
469128664
469220748
469334386
469554542
469866295
470048264
470056012
470062544
470159908
470187707
470233596
470274591
470330185
470433039
470522809
470558956
470699595
470800409
470859342
470890222
470942831
470961495
470971911
471051497
471163894
471170234
471179368
471230661
471365553
471456691
471460096
471547849
471654014
471879568
472054265
472373719
472382124
472393806
472499060
472556218
472823695
472826099
472826616
472884670
472891006
472958186
472999444
473071847
473125147
473269459
473447555
473474124
473515048
473525151
473613898
473688880
473704557
473719168
473864161
473924392
473963977
473983204
474047668
474152783
474397820
474453248
474461574
474461768
474593657
474658781
474830104
474839627
475185921
475263280
475354499
475376508
475498520
475520888
475535283
475785678
475853129
475939475
475951827
476306565
476407545
476503942
476736095
476925399
477056310
477106886
477116234
477422128
477476132
477554816
477693987
477737364
477774262
477976402
478063693
478072436
478211499
478214922
478233255
478258468
478274421
478294404
478303483
478327178
478412890
478423108
478427875
478619829
478734416
478877383
478954043
479033294
479267253
479387043
479401160
479575521
479734182
479952960
479966685
479998125
480200160
480261343
480288316
480351827
480359687
480455371
480503882
480557497
480578773
480606682
480742127
481305487
481310478
481457313
481596089
481603689
481860211
481861499
481911680
482017392
482034501
482052218
482140797
482187632
482249218
482293017
482307626
482381899
482533687
482909461
482950090
482973323
483022250
483224132
483246428
483297380
483365713
483418071
483512022
483663537
483685431
483882636
483889951
483909288
484026345
484289859
484331404
484392260
484597136
484664652
484864651
484925843
484951860
485013505
485169372
485219716
485266176
485284816
485306411
485387913
485439966
485480633
485585678
485622533
485697931
485729046
485807211
485863107
485898511
486026822
486290730
486384851
486656856
486961136
486982879
487035671
487054026
487374741
487415732
487429603
487640514
487668998
488220895
488264630
488307905
488682257
488967282
488980611
489002411
489181751
489190348
489196949
489201151
489203632
489375615
489418402
489723585
489810327
489816757
489834467
489988896
490064651
490155890
490345827
490435467
490605298
490613577
491026767
491240547
491276594
491295764
491369987
491731401
491830408
491832396
492146298
492171578
492182928
492359336
492657581
492804980
492839409
492971516
493099915
493172591
493172813
493302555
493362437
493469828
493509445
493537246
493720499
493900244
494133343
494228835
494247819
494497467
494596039
494717887
494742961
494847890
494958213
495000450
495003017
495003520
495143263
495277311
495526647
495793865
495947339
496012696
496034488
496096433
496149212
496178247
496192261
496263875
496332396
496547999
496629889
496816560
496861105
497036790
497081516
497331616
497348444
498069121
498072007
498158009
498217595
498396480
498617811
498642533
498767425
498787253
498822041
498853154
498855962
498879933
498880899
499100146
499226166
499266774
499339054
499447071
499671380
499800449
499833162
499863966
499924593
500126339
500214216
500288670
500317204
500416189
500455695
500473732
500474631
500536886
500702671
500813582
500820527
500868968
501004927
501058968
501329151
501330513
501331868
501440862
501627152
501805420
501806697
501810659
501941646
502117887
502611631
502711597
502852425
502894738
503159387
503187864
503402652
503540285
503691394
503827497
503959079
503965156
504026007
504261890
504302911
504343716
504459033
504463502
504488421
504567057
504655337
504747090
504755140
504796423
504921634
505037403
505051730
505283420
505349508
505641912
505647981
505688867
505771030
505780373
505838576
505921307
505992366
506001436
506111343
506129435
506138696
506234841
506374411
506454025
506491604
506511609
506566090
506599031
506687043
506839956
506846060
507024081
507072206
507094572
507283062
507374096
507382682
507440119
507441411
507460836
507630069
507764377
507777841
508183958
508253694
508260727
508270195
508352759
508635179
508853075
508858962
508899510
509094934
509155399
509226170
509267990
509396155
509675396
509816838
509943239
510113468
510148564
510185425
510380090
510443830
510522402
510676662
510760519
510807080
511131505
511209565
511577075
511623874
511694169
511791068
511971495
511986384
512020874
512040309
512048303
512201534
512232948
512309571
512361357
512381970
512463936
512493413
512526699
512719791
512796247
512847018
513080026
513381007
513451423
513569143
513641805
513718147
514029910
514119163
514360374
514509057
514637906
514715030
514765219
514787982
514829660
514856494
515165591
515172459
515254501
515515306
515566346
515721727
515833219
516163246
516166830
516287621
516316173
516473214
516776827
516867417
516967580
517494436
517664941
517720155
517722942
517743095
517757122
517847106
517886994
517933384
517950893
518082669
518240640
518288509
518382248
518386473
518425120
518537717
518549688
518633948
518824557
518910385
519110982
519251179
519340026
519537165
519571199
519696201
519738021
519873734
519880036
519960331
520061054
520112850
520224663
520397412
520522391
520561389
520656975
520828854
520860194
521176199
521242382
521347532
521349738
521579144
521754370
521762808
521763941
521883284
521922668
522022861
522112164
522149414
522222254
522228263
522350613
522419923
522466536
522554841
522820786
522831238
522874918
522912205
522924104
522953403
523038542
523044230
523053881
523159924
523306776
523351088
523351693
523566110
523696783
523818991
523863562
523878692
524327954
524374182
524392812
524599753
524655897
525084531
525133773
525171672
525211517
525296517
525361041
525419713
525602896
525705863
525710951
525747803
525893597
525910098
525996668
526041791
526186281
526200209
526251966
526379704
526463715
526477291
526760062
526888678
526968178
527133315
527221463
527229599
527323611
527440053
527812873
527997789
528061090
528097055
528132162
528192563
528245206
528280823
528348635
528372088
528380202
528482364
528588281
528914657
529439071
529549717
529558031
529572855
529716727
529896882
529919583
529942524
529952309
530027901
530050998
530236782
530489571
530630722
530657628
530940671
531069741
531107348
531139440
531322340
531509230
531510886
531679441
531702774
531970756
532146326
532279130
532315382
532407590
532669437
532702146
532722260
532924274
533306755
533416020
533429086
533431252
533729183
533731099
533734069
533867274
533892523
533923130
533939319
534187762
534272667
534452553
534455763
534476379
534519728
534719804
535020028
535066739
535088086
535119956
535236147
535400486
535532459
535582569
535858901
535925314
535948582
536108892
536294569
536343006
536743314
537085844
537228893
537474179
537477414
537715542
537767990
537853075
537867768
538021181
538092243
538178983
538196736
538276906
538282051
538573539
538607111
538677540
538717497
538775493
538785286
538889923
539197457
539202183
539281436
539335344
539402474
539403653
540179008
540189558
540641944
540642751
540814832
540841691
540852273
541028918
541038275
541137230
541171223
541229970
541405422
541618694
541720735
541761078
541888099
542033624
542106562
542273886
542652447
542735506
542842071
542843827
542892590
542986013
543049384
543078073
543340002
543421042
543606786
543697278
543699336
543709773
543717980
543787957
543810850
543928940
544073690
544312572
544334312
544340143
544447694
544509625
544517597
544544094
544933917
544980154
545026172
545037232
545262123
545283597
545330987
545455755
545463323
545525804
545685742
545755484
545764806
545796827
545877766
545878480
546041954
546073340
546233103
546255164
546337007
546384051
546468365
546621968
546688521
546891477
546904025
546944838
546962558
547297633
547498076
547572170
547577066
547641338
547885151
547912136
548106461
548303829
548406163
548472253
548558847
548584029
548669905
549615693
549775749
549825031
549953711
549979408
550193592
550314235
550333689
550393997
550480928
550570564
550622097
550707947
550765642
550919664
551120798
551175620
551334917
551393115
551435931
551593308
551612608
551670957
551681665
551727372
551779455
551790423
551848535
551954306
552249108
552305977
552392593
552495444
552503721
552599280
552630660
552653337
552733342
552794127
552863416
552883111
552908960
553013549
553018925
553086894
553140058
553394481
553430703
553781235
553788701
553888634
553984600
553986124
554092686
554187268
554195115
554236129
554251831
554419896
554632565
554778389
554949434
554962233
555300159
555431081
555457048
555467207
555512829
555538322
555614394
555705135
555823181
555888861
556070287
556098656
556126017
556398673
556431439
556587118
556590382
556614542
556732248
556863997
556870227
556885484
556999716
557008422
557319893
557361143
557751677
557824616
557897773
557980523
558066843
558121012
558125276
558185795
558190703
558234466
558513504
558695563
559073447
559085409
559172324
559191981
559352530
559461298
559480857
559560607
559565651
559597367
559645231
559832436
559867354
559983458
559995653
560246659
560289499
560316446
560354710
560398065
560552212
560701948
561004430
561203532
561227313
561407775
561529180
561693959
561850377
561856951
561865449
561881177
561883058
561905273
561909480
561937480
562087236
562105992
562122742
562196715
562328320
562490594
562579375
562733196
562844981
562851776
562977138
563060933
563123858
563243394
563429065
563556609
563841452
563878178
564001133
564110186
564150377
564192513
564214186
564452512
564530348
564599696
564615977
564638609
564854345
565022931
565033886
565101535
565151842
565308715
565384443
565567272
565723189
565730190
565730222
565788138
565810416
565815986
565845363
566049946
566057002
566197124
566276279
566283385
566321222
566393106
566515655
566589682
566617031
566790791
567108034
567209750
567409936
567577281
567601044
567833416
567998881
568012309
568201222
568630449
568709693
568977092
568979708
568988375
568995188
569150943
569308402
569486393
569579206
569583276
569664226
569705999
569790348
570273083
570289021
570365457
570376886
570447139
570626653
570684027
570836716
570985854
570987566
571210524
571222419
571237325
571344785
571365307
571478425
571587265
571679942
571766189
572074395
572113585
572238340
572313952
572785900
573009295
573346299
573388665
573498264
573568757
573613854
573677693
573817156
574059991
574223602
574348091
574355915
574445436
574543795
574887182
575019599
575107568
575246077
575305469
576056440
576066915
576282495
576293587
576300593
576351117
576382447
576476644
576628527
576674163
576825480
576829645
576906626
576964115
576985227
577366058
577562539
577627842
577644452
577719948
577892678
578066869
578187059
578273496
578274522
578454431
578756469
578797476
578987583
579023542
579170357
579228673
579341516
579389735
579403699
579443268
579721151
579811977
579829344
579846680
579988346
580026175
580052175
580081279
580112176
580433988
580610239
580611633
580659895
580683834
580912940
581033439
581041701
581062222
581257953
581279442
581300831
581427354
581524271
581623186
581707645
581812194
581919375
581989287
581996299
582160377
582269594
582491494
582565998
582692412
582728731
582835537
582841461
582900965
583051855
583079346
583120121
583125549
583151382
583280515
583320769
583328386
583441868
583578272
583750759
583782992
583793440
583856883
583926729
584041703
584085411
584315654
584344543
584356740
584657887
584676572
584801276
585262578
585479290
585620843
585696523
585713758
585816154
585885468
585922944
586082009
586095022
586418492
586563722
586624167
586642467
586699853
586763386
586954037
587021850
587253978
587341551
587425178
587551884
587821932
587831852
588223235
588296881
588408764
588417421
588447509
588480819
588550023
588559012
588815156
588931566
589074697
589126690
589148927
589196796
589346891
589444955
589714174
589727346
589801230
589928262
589990156
590110448
590340896
590479684
590601791
590908526
590966003
591035077
591052280
591216539
591230584
591280448
591429980
591489667
591597270
591682976
591710637
591776334
591983593
591987300
592027277
592079676
592332328
592334432
592439726
592468907
592514039
592604897
592629449
592667963
592692418
592845845
592925779
593013151
593032317
593127579
593231751
593314731
593432281
593511971
593517940
593521462
593733163
593852524
593951002
594000413
594047892
594071624
594198137
594242096
594444699
594516028
594552533
594745168
594763198
594950761
594961073
595088539
595160120
595200329
595316957
595482439
595540659
595649837
595681088
595687768
595704128
595918253
596001988
596086170
596198316
596500397
596553508
596601849
596614806
596679596
596795976
596844476
596963184
597043965
597181212
597398230
597450908
597487388
597546922
597582471
597606953
597611759
597683242
597718402
597737282
597871923
597904798
597906574
598002977
598038793
598039949
598350463
598369222
598473453
598600993
598634360
598764456
598871000
598999817
599049277
599099662
599222067
599252925
599378415
599436181
599497611
599509232
599542806
599555510
599557822
599568654
599631979
599775800
599814470
599900657
599997726
600050276
600100316
600123392
600133055
600335492
600390243
600406172
600512216
600679634
600791424
600795080
601003488
601031098
601054044
601133547
601247881
601356477
601393612
601420852
601541885
601599485
601666756
601860139
602182547
602860608
602932760
602971856
603066722
603170479
603313013
603323540
603454996
603648185
603664486
603702139
603951476
604150314
604198907
604217523
604275433
604519191
604746486
604758235
604791217
604806297
604924290
605135367
605322857
605330741
605350583
605420425
605451131
605477663
605481665
605492349
605636586
605771584
605825149
605901858
605949122
606037210
606167984
606352809
606376744
606379717
606399658
606475498
606551860
606598521
606647884
606796792
606979445
607248041
607322106
607409144
607523841
607957668
607996606
608252605
608282797
608634713
608724695
608758825
609323873
609405799
609421765
609455990
609565220
609631245
609687491
609689031
609692451
609765616
609770190
609788215
609822254
609926398
610244165
610436284
610461937
610690189
610708030
610777492
610820429
610837064
610912755
610913999
611096538
611126704
611131269
611526407
611540203
611686172
611795545
612016274
612052984
612107623
612110267
612306024
612309043
612402807
612425673
612753912
613025677
613047301
613159872
613176232
613202639
613350220
613425472
613764900
613802657
613911588
613924719
614025760
614283188
614297609
614322071
614427370
614430711
614494318
614539688
614549358
614609614
614645426
614827138
614919441
614953720
615068407
615327331
615428616
615458379
615561561
615701845
615711942
615749040
615859054
615953349
616000382
616017522
616305488
616368059
616424562
616730235
616888338
616916856
616940319
617065507
617267278
617273094
617309413
617359998
617438813
617580077
617747256
617778116
617828691
617950569
618261096
618368931
618523475
618626682
618862241
618907000
619278599
619298544
619309591
619847947
620010286
620028476
620337482
620459086
620628131
620782095
620817421
620839920
620903056
621096254
621279969
621308700
621495358
621828553
621877709
621882018
621888816
621986539
621997552
622065104
622364874
622723097
622826704
623021001
623050886
623073210
623156606
623254275
623314360
623375432
623509781
623513421
623744837
623941169
623952534
624091095
624149666
624160293
624182514
624215786
624288532
624342161
624480397
624508706
624528089
624536378
624718327
624807177
624814549
624862184
624890155
624930148
625133317
625155780
625221796
625321109
625424249
625444401
625458451
625623751
625631434
625732575
625763373
626130435
626146446
626197193
626204605
626310763
626412163
626545580
626961544
627098965
627099516
627148315
627290614
627476746
627478530
627556356
627722597
627728853
627860402
627878003
627890540
627931914
628166118
628238051
628277197
628299414
628326645
628429605
628604284
628700960
628738017
628740240
628801277
629550551
629755920
629999092
630004845
630099405
630110783
630201368
630230945
630312231
630352645
630600462
630736799
630745252
630809457
630902084
631049413
631163740
631635430
631700289
631734161
631936984
632020230
632076493
632175512
632198208
632240934
632491707
632561290
632589775
632702378
632831998
632850259
632910536
633136266
633228936
633268598
633330996
633407998
633602073
633654389
633777508
633778034
633819293
633819869
633891883
633937311
633995893
634232641
634440198
634505821
634529333
634720286
634819192
635015955
635021521
635083881
635237953
635406403
635573332
635754227
635921551
636072424
636106735
636177072
636258379
636426575
636496818
636680886
636701060
636731319
637048202
637052762
637116571
637185769
637209399
637234416
637246528
637278436
637301522
637328140
637392183
637404761
637468037
637629557
637651101
637672665
637896347
637919160
638054644
638083441
638175941
638216881
638257156
638510534
638608330
638694860
638726991
638799798
638897335
638981349
639115579
639207017
639242290
639291459
639311114
639388632
639661616
639937860
640124608
640211476
640292978
640518617
640539183
640617588
640626002
640835666
640910594
640995562
641154887
641250541
641405012
641445922
641724397
641884498
642178410
642474662
642488060
642691045
642705307
642719412
642770703
642836507
642875302
642912998
642937152
642968359
643215099
643219888
643311009
643471896
643620525
643643179
643777208
643800504
643876231
643882722
644082050
644330350
644363872
644703110
644730496
644899686
644948207
645093115
645428277
645435906
645443904
645526630
645629683
646008323
646081232
646268893
646305681
646312436
646370383
646383528
646479302
646482467
646547234
646902836
647100723
647270102
647302162
647352081
647480121
647604462
647673724
647762401
647836280
647916043
648323623
648447662
648517172
648802437
648819884
649050085
649114109
649122255
649124761
649379833
649389632
649520572
649546093
649559144
649603419
649738090
649773690
649879177
649978424
650000936
650004810
650168419
650293216
650300349
650433905
650452109
650664732
651038614
651100605
651112800
651549626
651580567
651655078
651667383
651905370
651935785
652352499
652715035
652735699
653123151
653321699
653382677
653476781
653627628
653727989
653742639
653755268
653824433
654120278
654121573
654222137
654271801
654292479
654358505
654429400
654535891
654573195
654638141
654697204
654842805
654868108
654912838
654913964
655121171
655133270
655152815
655161285
655211277
655213675
655239892
655244517
655347264
655512286
655547426
655570398
655611620
655781645
655931955
656002026
656002311
656134101
656200994
656248719
656385901
656466418
656478633
656741330
656934922
656945937
657075464
657288979
657542305
657562112
657599450
657686850
657768759
657790648
657809736
657851956
657869417
657954798
658045469
658107904
658147411
658187056
658337644
658385363
658580089
658783957
658896882
659243833
659304226
659411913
659438573
659488830
659558517
659779492
659793743
659876996
660085798
660096404
660133494
660164660
660210331
660245526
660347128
660609738
661114789
661211598
661253336
661375977
661477592
661532410
661551303
661560755
661572016
661582768
661585735
661642554
661689887
662182930
662191938
662236145
662318165
662392137
662451601
662515371
662630312
662740430
662849500
662965728
663000729
663025858
663261097
663584326
663658662
663757657
664025120
664264330
664462926
664479416
664544555
664575000
664582338
664653710
664947626
664964485
664965901
665017790
665019075
665134968
665477892
665594402
665901053
665989356
666065401
666086986
666101948
666115915
666127715
666169475
666255692
666273798
666275667
666354690
666362904
666409112
666818103
667037547
667115528
667233121
667487533
667676982
667840491
668229374
668274883
668597699
668952321
668985932
669124395
669188841
669311387
669314717
669457738
669523871
669568298
669740992
669791142
669852931
669863144
669881358
669956772
670048917
670059410
670142905
670226014
670289039
670298902
670316461
670330423
670415905
670431924
670888651
670933641
671027663
671116135
671227468
671528079
671838708
672094654
672172209
672259323
672266652
672270920
672360497
672403823
672411314
672532977
672673451
672674244
672949657
672999998
673027230
673061936
673083069
673122215
673221421
673428031
673657898
673778349
673968069
674022763
674157299
674405909
674537476
674622737
674681132
674997363
675037480
675198885
675251670
675279061
675538414
675866670
675923258
676010054
676026299
676428020
676486741
676721693
676783556
676840837
676860435
677013639
677039869
677155064
677210429
677332425
677344346
677393499
677422573
677428379
677683140
677781655
677796349
677891750
678067099
678133910
678229865
678338012
678385493
678436905
678530769
678695943
678765206
678992787
679473552
679552655
679595039
679606893
679693233
679899016
679948010
679980281
679998787
680030565
680271104
680360373
680368173
680487527
680494547
680719450
680743349
680751461
680925332
680992421
681293334
681387968
681436664
681708873
681787376
681804320
681807051
681838772
682042374
682058950
682278143
682306290
682644171
682754664
682927195
682942865
682961905
683196427
683336148
683810148
683815919
683908668
683921836
683986355
684016293
684146602
684326875
684378278
684399913
684417107
684463088
684697661
684823095
684923507
685139154
685243630
685446216
685473332
685843390
685855745
686252443
686322386
686458026
686476060
686648574
686680212
687326027
687361870
687464059
687494915
687502368
687507151
687661210
688051042
688139950
688215983
688261114
688280415
688543184
688609618
688711784
688715343
689049253
689536556
689568127
689672966
689677714
689907317
690049216
690064611
690172526
690328408
690343600
690491145
690602961
690661836
690663333
690675072
690846644
690879760
690979605
691307287
691338817
691359565
691468417
691578195
691658426
691845489
691862726
692041708
692110900
692165139
692253684
692511600
692536249
692954008
692957370
692984279
693264418
693418991
693530851
693590156
693672016
693701964
693796228
693941450
694114219
694127420
694205367
694206348
694219057
694349391
694423605
694708521
694762374
695138447
695274613
695313451
695400395
695517430
695602686
695688850
695733627
695734759
695949850
696063998
696076267
696228000
696260922
696263575
696311178
696316043
696335660
696455633
696492505
696736160
696758995
696846545
696968195
697077847
697107265
697153250
697316752
697413653
697491394
697505989
697562362
697746400
697868713
697879933
697941514
697944286
698168566
698168872
698300124
698317562
698420165
698445013
698632243
698929977
699179580
699271315
699335464
699337035
699359961
699360833
699385526
699549021
699631992
699762550
699983451
700136526
700205626
700215687
700261127
700621678
700643901
700827951
700853758
700893155
701097365
701129085
701259056
701277369
701304220
701381517
701515198
701552652
701606173
701766800
701799322
701805921
701928971
701958392
702019449
702169156
702333488
702479505
702481910
702507217
702615481
702716727
702768993
702822596
702828054
703029558
703067506
703197438
703279371
703307541
703346649
703397892
703408651
703488197
703529873
703671569
703990032
704034880
704072173
704202817
704256531
704309233
704344292
704568812
704586097
704586844
704620296
704625456
704686151
704766264
704987475
705017289
705025480
705036874
705172434
705474183
705532936
705562386
705913409
705927133
706050329
706108502
706227248
706244427
706328739
706331913
706363406
706442002
706507378
706747236
706770238
706815867
706851825
706878285
706937577
706955630
707106776
707337450
707385939
707436899
707450152
707729459
707985741
708428065
708448973
708488640
708807742
708924731
708943558
708966653
708979053
709174710
709195733
709263187
709329062
709335616
709438918
709660309
709755899
709899190
709907714
709938460
710074653
710292322
710425538
710464338
710479850
710539367
710551164
710693541
710720462
710787102
710906030
710964133
711018845
711036083
711070298
711148068
711176761
711194372
711279129
711378915
711424657
711640004
711679597
711720437
711773241
711796423
711864145
711929185
711934484
711984765
712060344
712141900
712254281
712432191
712485914
712579807
712760419
712837620
713135903
713221262
713433458
713602631
713619187
713728986
713840888
713880858
713988326
714106355
714114266
714156183
714230288
714323482
714478871
714588001
714796334
715222513
715464855
715487170
715542592
715598021
715633214
715720662
715887162
716092827
716100248
716169738
716301867
716352444
716368850
716468971
716469493
716495401
716562541
716564568
716601283
716870408
716945285
717108372
717122503
717390895
717423993
717571980
717587576
717688134
717723966
717730973
717789163
717893111
717924794
717975461
718089747
718493704
718551580
718676387
718691950
718831410
718872206
718937729
719020300
719282281
719519386
719597276
719599327
719789753
719820874
719825502
719831709
719895103
719923825
719999287
720384206
720401117
720443090
720595504
720630557
720703300
720820425
721042280
721066651
721207772
721214016
721319132
721363172
721471157
721507070
721669335
721679759
721895065
721958087
722146057
722154386
722256561
722359055
722373102
722446278
723050585
723280708
723340741
723363772
723475643
723590755
723707799
723757063
723782440
723802474
723820678
723894429
723913264
724065619
724088873
724276670
724379346
724407421
724530021
724669845
724696418
724732119
724774410
724863395
724868742
724968544
725065695
725090715
725177835
725234921
725323914
725384513
725548000
725557130
725565311
725714358
725717965
725759965
725799234
726037429
726078622
726104971
726172218
726575793
726582465
726636606
726741439
726979662
727043863
727061622
727233833
727243573
727290748
727353632
727389066
727412377
727425287
727680585
727691277
727707474
727889315
727896391
727954141
728015909
728026204
728046295
728085755
728098250
728141376
728211055
728223463
728345124
728361775
728648561
728860167
728919997
728943203
729035135
729165251
729179396
729185637
729239415
729564565
729599514
729685593
729717185
729734072
729747985
729825566
729871324
729952233
730028026
730315959
730691850
730726384
731007037
731362837
731382017
731453630
731510347
731595774
731599101
731762624
731883578
731894216
731958017
732082633
732104282
732138247
732181295
732366677
732576080
732578450
733045956
733081552
733084397
733162804
733219676
733224970
733560058
733565627
733661948
733885331
733982755
734079095
734080992
734160977
734203671
734328927
734511233
734580511
734592257
734763867
734910047
734917786
734942675
735026474
735050331
735203441
735261027
735302002
735350348
735637681
735793194
735849544
735973600
736010890
736057553
736321726
736349859
736382528
736454176
736464156
736474259
736642477
736784498
736882566
736924099
737107162
737149343
737332326
737458417
737472706
737626321
737639920
737698813
737737258
737850090
737885554
737964330
737990783
737991976
738086024
738098306
738106562
738123116
738325985
738361345
738431927
738495473
738496849
738573434
738662878
738789830
738916219
738976518
739001184
739129818
739355286
739626902
739802876
740065775
740231985
740305090
740429371
740450614
740889100
740961458
741072618
741193141
741209530
741457997
741464434
741491020
741713926
741765914
741873555
742021106
742057779
742141227
742148759
742173359
742192047
742207879
742329995
742372680
742539105
742691911
742697346
742757353
742828520
743080563
743085326
743286589
743345102
743658165
743681509
743763118
743956834
744028182
744129038
744257838
744510141
744539057
744682697
744751458
745075433
745081009
745395990
745482305
745709233
745714796
745784314
745856684
746214156
746231934
746256664
746273000
746391385
746557334
746769838
747070147
747178221
747188233
747208040
747210884
747241299
747242913
747245900
747345765
747550761
747600380
747628674
747637061
747743227
747815135
748005991
748601386
748714658
748736020
748761953
748819085
748825781
748836775
748836802
748892587
748912324
748940966
749015487
749169594
749200712
749240879
749380889
749632920
749857260
749985328
750130036
750139919
750186248
750338551
750482081
750525172
750529105
750555217
750565380
750593930
750595532
750714499
750785003
750855592
750872776
750876634
750973188
751097331
751300662
751545685
751568317
751622695
751702248
751719116
752010000
752300563
752314853
752413439
752437539
752541315
752655365
752727257
752818124
752909442
753075857
753115483
753134824
753196815
753241945
753263091
753341155
753659367
753696963
753698533
753718323
753867391
753910463
753950878
753970308
754009886
754187251
754208495
754247891
754290231
754359214
754462513
754504765
754548409
754573049
754907935
754931957
754971971
754978903
755023466
755099688
755108761
755160067
755194494
755195133
755293746
755352272
755368898
755406285
755419476
755474486
755517670
755552145
755803133
755808174
755840749
756200990
756337980
756370954
756612313
756715654
756747299
756792841
756950795
756966280
756989542
757060120
757128101
757158824
757257942
757265015
757309076
757405084
757685906
757728535
757760057
757973285
758022136
758032536
758065309
758080527
758159320
758185779
758263075
758444380
758679355
758816982
758949335
759333841
759472792
759531824
759845817
759848089
759926415
759980074
759990471
760025409
760156486
760273123
760341849
760445466
760476462
760692701
760766021
760767960
760810810
760952969
760975690
760987677
761152725
761413325
761572518
761792521
761799344
761830381
761937125
762134130
762147265
762237153
762314631
762326976
762491628
762523430
762524605
762630786
762643396
762775537
762776004
762885976
763005301
763047426
763070690
763073337
763083322
763134250
763212345
763279701
763351708
763378281
763488207
763712335
763840180
763853779
763915684
764184993
764296403
764386355
764403982
764471220
764505640
764707215
764760108
765120512
765268355
765372773
765373850
765562815
765654981
765675177
765778598
766031326
766377477
766565923
766658060
766679680
766906271
767104272
767161035
767291722
767332711
767408287
767487319
767493163
767580823
767693758
767731948
767743460
767812440
767816654
767908657
768207902
768218218
768449466
768458007
768624525
768631755
768659172
768848496
768980566
769113080
769256870
769383328
769467338
769523123
769535306
769602606
769612785
769688845
769756309
769773259
769797624
770029983
770313849
770354528
770384020
770476558
770504655
770662103
770707036
770733501
770766199
770936097
770977361
771040961
771063855
771137558
771709977
771762147
771833078
772280393
772288060
772335637
772403623
772491035
772557127
772792535
772914712
773075450
773150834
773395255
773468412
773475890
773481239
773602159
773714620
773732045
773747306
773795560
773795623
773797268
773861913
773898244
773944719
773978468
774075234
774076474
774142320
774202367
774261508
774312765
774371793
774388164
774476736
774515095
774674816
774714211
774721784
774770593
774881720
774941983
774974582
775063987
775231974
775280435
775399021
775481035
775496263
775555458
775675169
775704314
775723284
775747795
775980911
776164813
776262214
776287438
776294653
776367717
776381787
776494727
776521013
776730245
776751638
776826746
776845360
776967146
777073600
777130055
777165875
777187271
777216424
777785725
778011123
778135044
778174642
778286960
778583581
778612811
778723120
778738596
778871555
778947241
778952286
779100194
779201467
779310824
779473786
779475073
779706977
779764830
779784814
779858566
779890929
780068496
780204095
780204146
780456049
780678495
780768051
780769110
780821108
780976260
781270095
781332045
781486569
781489659
781734472
781803235
782235716
782246622
782261959
782459342
782626974
782628501
782867804
782905893
782950096
783049475
783271926
783332717
783487836
783497708
783539576
783604171
783743530
783809948
784134953
784392774
784519675
784653030
784656628
784659537
784707541
784882210
784906905
784992109
785022304
785047683
785100369
785116153
785163501
785203902
785314471
785577210
785600116
785634946
785751828
785848767
785928823
785956470
786075453
786176603
786363504
786368297
786415888
786432283
786563908
786787358
786895038
787362183
787391171
787429891
787556137
787629869
787667412
787762910
787839626
788338747
788477203
788494051
788870730
788930839
788945479
789003680
789080875
789324729
789430286
789454834
789474046
789495028
789728023
789818964
790185063
790302010
790316320
790330988
790508354
790541600
790605302
790621182
790659641
790929268
791014535
791042064
791107201
791522176
791546347
791550270
791687694
791726521
791759846
791776323
791931797
792053569
792165073
792247786
792457959
792575165
792603941
792702684
792755557
792856318
792875177
792926761
792930189
793047269
793059964
793075819
793174782
793236440
793503035
793537152
793800733
793833829
793894211
793916485
793952428
793964541
794010991
794085927
794253467
794278517
794358511
794854685
794868885
794895574
794908542
794964355
794979322
795015561
795039834
795067894
795092198
795256925
795302449
795303741
795387593
795443553
795680102
795745143
795851591
795972197
796048478
796055545
796259536
796262902
796310857
796388025
796429887
796489920
796507103
796587108
796949223
797029133
797044927
797070193
797135104
797289429
797312011
797561668
797716559
797794826
798232995
798380740
798396190
798466079
798503477
798571676
798572663
798663282
798663443
798707008
798803426
798864078
798914909
798988117
799175471
799393317
799576829
799616861
799672004
799773563
799791401
800017547
800032983
800190299
800224591
800366026
800832639
800901233
801235844
801305669
801517396
801560912
801563660
801731595
802010591
802055069
802435183
802489480
802592179
802977139
803252188
803273397
803275891
803322062
803345764
803434406
803444204
803530532
803667360
803677714
803693827
803718346
803736244
803842912
803867986
803898054
803961435
804007989
804025306
804037834
804159932
804308367
804531565
804683531
804730052
804862353
804886239
804895058
804913923
805163695
805301726
805324012
805397807
805598145
805652753
805903464
806118740
806141086
806244695
806332491
806352567
806372416
806582101
806750985
807159131
807699658
807754446
807825267
807845842
807874399
807903792
807924563
808018128
808108403
808165241
808244692
808293965
808427500
808558562
808590342
808673826
808679107
808733946
808755837
808786620
808833924
808927125
809030053
809201205
809251060
809275254
809526072
809555083
809557873
809675669
809819642
809906821
809948479
810237425
810374032
810466689
810726291
810927479
811092801
811154500
811184763
811277436
811299144
811354239
811400289
811454894
811607211
812042310
812213215
812233088
812247937
812248289
812366540
812458176
812761846
812830400
812858396
812966610
813031963
813054793
813070486
813119230
813168084
813225980
813469937
813532000
813551227
813598345
813878436
814016244
814141424
814291889
814304196
814460797
814483849
814669513
814720931
814780438
814844035
814984293
815045847
815179308
815236936
815473489
815565390
815706603
815826897
815843988
815852393
815878095
816154562
816189311
816235748
816300727
816359340
816500461
816696137
816714235
816761359
816769212
816808408
816885011
816940230
817201490
817314049
817383652
817435131
817457313
817490002
817513336
817552524
817660445
817756886
817757181
817885035
817950440
818123179
818255397
818308222
818330355
818376419
818451340
818606547
818667626
818779369
818786367
818840746
818957379
819083080
819163427
819448060
819569081
819869426
819890588
819991878
820290201
820295876
820331048
820410283
820499424
820522119
820609609
820662403
820844686
820933997
820971443
820979710
820991940
821069600
821151371
821395664
821557632
821559272
821674623
821777230
821859546
821981171
822183634
822196861
822337424
822703475
822835908
823053182
823058327
823123044
823209476
823216240
823230927
823250764
823357108
823385846
823402179
823456206
823511323
823549684
823711061
823957028
823972508
824121223
824209779
824294785
824396583
824474059
824526817
824616757
824928465
825100723
825150523
825193804
825308526
825338527
825344244
825402809
825516827
825577142
825608220
825854461
825957245
826121199
826176929
826237361
826319698
826325655
826514933
826631087
826781183
826808882
827015843
827032900
827043364
827145505
827407105
827419134
827431165
827437393
827970294
828118071
828207898
828243737
828303661
828324117
828442752
828702286
828730598
828762469
829375842
829557958
829822848
829897709
830081703
830118692
830137235
830147690
830273655
830404408
830418914
830513460
830581828
830796858
830806365
830842709
830858185
830862268
831145196
831214649
831215244
831296563
831436759
831571009
831607555
831680314
831788978
831807821
831887147
831970425
832383989
832476964
832478384
832507428
832523615
832562433
832562902
832790996
832852030
832903346
832971242
833000175
833187768
833223719
833240746
833338310
833467147
833640063
833663728
833735364
833831645
834043404
834082786
834116020
834117877
834290862
834312820
834478637
834515950
834579929
834668378
834921509
834951188
834963716
835096257
835109376
835115689
835159306
835233861
835246833
835391245
835509851
835646191
835867717
835884256
835892720
836283842
836400880
836439224
836611578
836903026
836903763
836916087
837001205
837130967
837160526
837370253
837421709
837448877
837464047
837486353
837591473
837626335
837720869
837816834
837827070
837911772
837942174
838019933
838249050
838280471
838533884
838581562
838593042
838650586
838703721
838826548
838889399
838898945
839058097
839388780
839443131
839529115
839543706
839692412
839712119
839969576
840074223
840118588
840243011
840268420
840617420
840717602
841042411
841178441
841274502
841415009
841577485
841704988
841801748
841881067
841888073
841899101
841932561
842117194
842238830
842312202
842378781
842496204
842573459
842903933
843380993
843398651
843581630
843670614
843773308
843801876
843876960
843971153
844032794
844053876
844083952
844111842
844175186
844612041
844678537
844979928
844989394
845057130
845332598
845634579
846010518
846048512
846195282
846342909
846437988
846999547
847091675
847218519
847236571
847343065
847376364
847426851
847559636
847663385
847749755
847778299
847990772
848137264
848194541
848219495
848426141
848491302
848656636
848674067
848740472
848913023
848952161
848977506
849099974
849164916
849230340
849286023
849316864
849346010
849569323
849621582
849710202
849842790
849964400
850173140
850206918
850394904
850440063
850504487
850587210
850656104
850682227
850747241
850749909
850816019
851008978
851219132
851337666
851517765
851591006
851728532
851888956
851987947
852398781
852589206
852748888
852829995
852886367
853168656
853232507
853236398
853258580
853361739
853433117
853486362
853682636
853968869
854041109
854046650
854135426
854276174
854307657
854403166
854603156
854782124
854819313
854849676
854888965
855022812
855048095
855201544
855287555
855336182
855364009
855540127
855779114
855963147
856226625
856229346
856283030
856421137
856573314
856799420
857268480
857383389
857447158
857548538
857729497
857815609
857875224
857935701
857973222
858022203
858038521
858134348
858146255
858883758
858895856
858997240
859167536
859183023
859201592
859212129
859281282
859319505
859419881
859782980
859783353
859894136
859913669
860035501
860087353
860207841
860214867
860354999
860497448
860642261
860647009
860653667
860909478
860981991
861188904
861267518
861291448
861330695
861487064
861519017
861553465
861579505
861770424
861826567
861878134
862022176
862048792
862089613
862124098
862167450
862167931
862223905
862227964
862374461
862377523
862550373
862557000
862627366
862805828
862921033
862993985
863019821
863105069
863153565
863162230
863168310
863217679
863254334
863384353
863433770
863616447
863711576
863754827
863979224
864089389
864147987
864193578
864280011
864314743
864318499
864435890
864600776
864694509
864840757
864863150
865020526
865092640
865203958
865282841
865335223
865349936
865390971
865401355
865699550
865762541
865892542
866116424
866246479
866276753
866389661
866586997
866612643
866729424
866999528
867369046
867376947
867600373
867670448
867687324
867780537
867951052
867978095
868149368
868154121
868271111
868280694
868486449
868551613
868600576
868665972
868742820
868745514
868844425
868899699
868943271
868950658
868972501
869065205
869152534
869168571
869384617
869474355
869593040
869608703
869785963
869866658
869915108
870104553
870563654
870568177
870673996
870995145
871034620
871147267
871252834
871383770
871438677
871445244
871469152
871487192
871585303
871869562
871948167
872100439
872246486
872271580
872426969
872481205
872589354
872593942
872705472
872795263
873047878
873200235
873205039
873345276
873354921
873508307
873556005
873578025
873617083
873649569
873653630
873739917
873871918
873890246
873928236
873977735
874046040
874069848
874070951
874227162
874329024
874393785
874420750
874485343
874500387
874696189
874948484
874952991
874966383
875277580
875329236
875501411
875528252
875711881
875743664
875764606
875860731
875865000
875941845
876160916
876183280
876306979
876388373
876429404
876679426
876690227
876879989
876963209
877051599
877094593
877237023
877339283
877595937
877628669
877646466
877724374
877876574
878005035
878316222
878377788
878408275
878426119
878454144
878540363
878605155
878623256
878637802
878863861
878980835
879073367
879317679
879369383
879393056
879470735
879590020
879666642
879708063
879718501
879953918
880026549
880204275
880423537
880525253
880607028
880647792
880660178
880793207
880796943
880854022
880869673
880979124
881018283
881123842
881284261
881351350
881368023
881476439
881497603
881520633
881675359
881700533
881821104
881855233
881877231
882040433
882161514
882191221
882203661
882238851
882332219
882371834
882403663
882557744
882587531
882825405
882954728
883255774
883299846
883341147
883446672
883517221
883751572
883805624
883895873
884063697
884100742
884111878
884218987
884285713
884365562
884485675
884510198
884587130
884791336
884882297
885086535
885207451
885308358
885403987
885539126
885586167
885901899
886227305
886230054
886351046
886369111
886463685
886579440
886599427
886643979
886832464
886887597
886976524
887015208
887023576
887119289
887203086
887473804
887630493
887705962
887793910
887993332
888391807
888403471
888410851
888458274
888623379
888642997
888648958
888692700
888695044
888929613
888975306
889017215
889044539
889055225
889060325
889085023
889085723
889186007
889416908
889423328
889439913
889455980
889560485
889568537
889601258
889613073
889660516
889676972
889905700
890002822
890126241
890146811
890199163
890255869
890374222
890418575
890421203
890433278
890467041
890622561
890651713
890722522
890744906
890918708
891000674
891162250
891287651
891348720
891412067
891504850
891595894
891685461
891750696
891754802
891878332
891972593
892309993
892478340
892523237
892733612
892875378
892970117
892991700
892992949
893026596
893299254
893312916
893360629
893426955
893428315
893491238
893590129
893677695
894024184
894043109
894109767
894127721
894302319
894516307
894551284
894628912
894710838
894894613
894932969
895035521
895082477
895107767
895215448
895354319
895787433
895810230
895882596
896031669
896100915
896247333
896398794
896447007
896463435
896464567
896573269
896711108
896756158
896865302
896926231
896928709
896958538
897056116
897061744
897146642
897177524
897199447
897392990
897560033
897681862
897712814
897724643
897843420
897847082
898077000
898092930
898316271
898447845
898508119
898637029
898659991
898681827
899056220
899065381
899380613
899481610
899495656
899558102
899693718
899715149
899817725
899826958
899874159
899943264
900071816
900332929
900581751
900831775
900942527
900956851
901043041
901043886
901140706
901170685
901247548
901352271
901362287
901383168
901430579
901595501
901615093
901624491
901802726
902062166
902064741
902107167
902126941
902299341
902332483
902361829
902511936
902611591
902652958
902816927
903070630
903227911
903595384
903734753
903786938
903915510
904048668
904259504
904706963
904904836
904965298
905070390
905158875
905258190
905376263
905384454
905490750
905517773
905585962
905591563
905660843
905721861
905735421
905840879
905865027
906001516
906006481
906057772
906176245
906394443
906431540
906479439
906552864
906880309
906895842
906919161
906967043
906976973
907037440
907047030
907150364
907180160
907208026
907417495
907457352
907614319
907625467
907662891
907714431
907794175
907859564
907907580
907909739
907924702
907925494
907928270
907982651
908004026
908156960
908229136
908287700
908379084
908565246
908600144
908618971
908730802
908812699
908854347
908994425
909043910
909078336
909288254
909403927
909515864
909521762
909523133
909558621
909762971
909802677
909971976
910038470
910410864
910480870
910697918
910784375
910904553
910925066
910936293
911044718
911059112
911189859
911290949
911398431
911399506
911468863
911557107
911757437
911757846
911932022
912035553
912130915
912252441
912271318
912358333
912460689
912586310
912592444
912627534
912652747
912706260
912817358
912956333
913113580
913169239
913212075
913467210
913562772
913670047
913759719
913905276
913957369
913972110
914460653
914530452
914727387
914792458
914871237
914880640
914893938
914975718
915106110
915110775
915423132
915530697
915554078
915713059
915857760
915915783
916052877
916074965
916481322
916554894
916639168
916641749
916659045
916687110
916782949
916924158
916950245
917093353
917099270
917177551
917195195
917207857
917234198
917339499
917370292
917378127
917562999
917563883
917736739
917759270
917976810
917981117
917986925
917988962
918067714
918333648
918448393
918580497
918581346
918581732
918651995
918747576
918781557
918841187
918892951
918896390
918948711
919066896
919222644
919232982
919461962
919663322
919760653
919790138
919862324
919880696
919890195
919905015
919987626
920041135
920292437
920393990
920517889
920576898
920584099
920605566
920646098
920687163
920883146
920937285
920997792
921164809
921237310
921326013
921413455
921488966
921722948
921757721
921794631
921837743
921896365
921958848
922075732
922119184
922122498
922262832
922270483
922288034
922309322
922465179
922529050
922570488
922738633
922748434
922821887
922879591
922967873
923095258
923147256
923284298
923792657
923856344
923864025
923869183
923923060
923983060
924003564
924179299
924181667
924290151
924298246
924312546
924639947
924889331
925162197
925221755
925351207
925370307
925525654
925534338
925676625
925733493
925789993
925802880
925808253
926016467
926309501
926521944
926544058
926563544
926568095
926737388
926834671
926965704
927023727
927076686
927427348
927514376
927566707
927661273
927766394
927780062
927805525
927945557
928074324
928100857
928290492
928484482
928484688
928574337
928631939
928668711
928691752
928742366
928990691
929047135
929340957
929408389
929425073
929485620
929511826
929526406
929556276
929587263
929741241
929816379
929819000
929822544
929919265
929987396
930032636
930035688
930190715
930225482
930362955
930386682
930406723
930463667
930473231
930489920
930495261
930558186
930563094
930655712
930805773
930877627
930957896
931122739
931335069
931481137
931490067
931674046
931731324
931912109
931953572
931977095
932163163
932191249
932285223
932359045
932368591
932426059
932436746
932652884
932665386
932892742
932915785
932977874
932989496
932997873
933114121
933181428
933213084
933337515
933349108
933410473
933420498
933430784
933492496
933570557
933591054
933798395
933816049
933895223
933895392
933940942
933944314
934027745
934129230
934138061
934268698
934328804
934369157
934389658
934449418
934527061
934560269
934643601
934753680
934850392
934949200
935071189
935098071
935159227
935186730
935187001
935537077
935544472
935564066
935567141
935658811
935766036
935837904
935906222
935978093
936056551
936071429
936180431
936254909
936473112
936649889
936945234
936980794
937094724
937223789
937263146
937333117
937476097
937652362
937654976
937679660
937736463
937770643
937774834
937795545
937835197
937898662
937939936
938168554
938269021
938332249
938335361
938343195
938470994
938560206
938818684
938892118
938901488
939006941
939067053
939114957
939239711
939623588
939658684
939680922
939833207
939915309
940021876
940366840
940490118
940566599
940587242
940918518
940955547
941060733
941251738
941438842
941810084
941913127
941957712
942052915
942126665
942207268
942521135
942780228
942838585
942843478
942852787
942875380
942902288
943157028
943226078
943452017
943464419
943540685
943611569
943631870
943770978
944045381
944167130
944202938
944288623
944361422
944535668
944537953
944548433
944588765
944596482
944621853
944921853
945113658
945139122
945174677
945204131
945204373
945216913
945253511
945295209
945342265
945351111
945357081
945391400
945554291
945677436
945787348
945946476
945975971
946010334
946031399
946094368
946287686
946436082
946497391
946560734
946643611
946645875
946815656
946867721
946987478
947151889
947377824
947421553
947582756
947712019
947955751
948003737
948027633
948045627
948349962
948406100
948411134
948445971
948535610
948568403
948631842
948668087
948746490
948994315
949241678
949262415
949543685
949763513
950004083
950019577
950065288
950179108
950318740
950412624
950583983
950744988
950771672
950855879
950905526
951082993
951478822
951588160
951635689
951654189
951680004
951993043
952202766
952216587
952263719
952385462
952441975
952453618
952833274
952948807
953070275
953077653
953321723
953578893
953629673
953719948
953851388
953857081
954071264
954112072
954176914
954222116
954228462
954290850
954406320
954481775
954579706
954605916
954614947
954805920
954890812
954928080
955000230
955124546
955132698
955321573
955355273
955419679
955515916
955773379
955774403
955796220
956027703
956078787
956116025
956199400
956247651
956410309
956576522
956627344
956826818
956942256
956960542
957063834
957210364
957490568
957603457
957609622
957704741
958101108
958151382
958224767
958302471
958331099
958408388
958421286
958423815
958461495
958575821
958956857
959199038
959239417
959245820
959369372
959402793
959494168
959609196
959767046
959797404
959944827
960012886
960061529
960083964
960254330
960270761
960314195
960327187
960387740
960427770
960608402
960801396
960837314
960844597
961052069
961177732
961228071
961604288
961952347
961984549
962072946
962203871
962205936
962254100
962357448
962432856
962527341
962717784
962754135
962791115
962798155
962964928
963182607
963223134
963361961
963668045
963748388
963773327
963876527
963969147
964055709
964200492
964292453
964354698
964357432
964429472
964449202
964539027
964565797
964634274
965066791
965166912
965242496
965276496
965333590
965423440
965426825
965788176
965843832
965865583
965958422
966027540
966209562
966278590
966279655
966294889
966557588
966694087
966840847
966876140
967196735
967387680
967629552
967636655
967750386
967805127
968164705
968487937
968511729
968829353
969026909
969051494
969145102
969201873
969621561
969909145
969912106
970657664
970703458
970836660
970984379
970993643
971072779
971255810
971316338
971366077
971401032
971456345
971464034
971547231
971628383
971814939
971899756
972001056
972129892
972188785
972226220
972312894
972378953
972496150
972563664
972801839
973005113
973072944
973077255
973081413
973127606
973248993
973251375
973264564
973268184
973388425
973513867
973555070
973591494
973640814
973828431
974032189
974180845
974362902
974450013
974491483
974542957
974589022
974602209
974798257
974900700
975124373
975234608
975326533
975615216
975625596
975793390
975823617
975986593
976059460
976213414
976319463
976376568
976597676
976857196
976879691
976902618
976917302
977048090
977079623
977176937
977237917
977241081
977431336
977468970
977556166
977611138
977702996
977703108
977760843
977908745
977979297
978040808
978182850
978237249
978385393
978846763
978957449
979029787
979082165
979558037
979663713
979691133
980046803
980260781
980449503
980631760
980639625
980885097
981488296
981585757
981601715
981635159
981642554
981847873
982011450
982067243
982168895
982231055
982282807
982342465
982362899
982369469
982534341
982655388
983076621
983280575
983445097
983462812
983511691
983613180
983629243
983644984
983805752
983884605
984162741
984238380
984481281
984715393
985000216
985070042
985134188
985173178
985405986
985539628
985571271
985758118
985839922
986045436
986178473
986207772
986267079
986437029
986936944
986957819
987122325
987199298
987248665
987361664
987441356
987754296
987803758
987831136
988023459
988246059
988654355
988662779
988676565
988706845
988944195
988984802
989133825
989199353
989328789
989367509
989713927
989860623
989918907
989934615
990015493
990020287
990099507
990412389
990427327
990515373
990583008
990636430
990681637
990699147
990732589
991260737
991559137
991573836
991594962
991612775
991612879
991635644
991816827
991872575
991902850
991960918
991968846
992033536
992195184
992254861
992368441
992383730
992444845
992470314
992475748
992567705
992937677
992976225
993079794
993101723
993184208
993353946
993515539
993638685
993641630
993656853
993900124
993958599
994037352
994079193
994100716
994188576
994273312
994339135
994399846
994417094
994524690
994527027
994532704
994602746
994739763
994767221
994927180
995197009
995442529
995519655
995632188
995719495
995813773
995865404
995895008
995914024
995927749
996209679
996212152
996242146
996483534
996777412
996799351
996862140
996901943
996909621
997135504
997140019
997151050
997291674
997385646
997616171
997756602
997934906
998050321
998093771
998190993
998263610
998338554
998426216
998536583
998583801
998796406
998799689
998850904
998886932
998899637
998963865
999164406
999451463
999625730
999630557
999867714
999990707
