113000
190597
271968
299726
581566
667400
669904
774634
1015895
1044832
1117936
1133712
1192220
1306660
1390302
1428730
1529952
1569179
1680468
1843426
1852964
1935996
1941139
2098525
2123865
2184934
2206919
2459704
2567790
2572028
2643589
2678365
2756923
2805310
2910796
2949220
3222044
3224197
3519202
3535335
3589905
3658875
3689239
3835018
3849136
3868491
4040338
4099305
4191782
4210998
4535042
4663968
4679042
4826600
4889404
4897146
5093773
5116215
5148483
5200408
5286300
5345649
5420378
5434157
5600915
5962471
6240248
6261999
6285351
6365376
6381041
6439555
6458841
6520062
6769108
6816479
6830102
6841721
6917431
7068758
7207651
7330276
7342616
7527762
7533247
7559520
7601104
8086663
8204934
8386484
8399428
8455563
8490827
8562022
8563683
8713140
8839433
8844321
8848260
8866677
8945922
8958447
9224413
9269590
9346253
9390495
9514565
9600529
9603840
9660733
9750337
9838670
9875278
9995684
10020874
10260655
10304255
10306318
10542695
10689832
10863333
10864083
10875984
10897532
10996179
11039890
11129126
11262912
11330078
11347799
11393926
11429208
11442346
11534998
11576866
11624256
11650631
11686081
11690711
11799032
11828681
11853684
12041675
12221108
12251016
12295179
12304118
12421605
12614335
12741258
12792403
12828397
12869948
12954254
13069059
13231125
13239864
13333086
13471113
13544741
13681573
13718813
13880190
14101864
14303170
14312072
14326987
14396986
14435069
14861717
15027082
15362119
15493349
15522863
15688246
15690655
15737450
15867089
15934547
16029276
16060802
16279785
16294186
16468631
16511476
16546835
16599250
16660957
16663594
16714174
16889092
17060139
17135635
17201532
17350865
17359036
17519321
17550844
17590551
17660292
17768345
17874868
17923687
17988582
18081276
18215302
18270558
18340644
18468521
18589571
18597039
18624518
18775757
18892278
18952939
19001426
19066524
19084498
19104082
19403928
19428897
19448433
19474492
19488320
20206503
20287867
20355500
20594556
20671711
20678650
20799839
20844735
20927898
20953989
21133060
21168527
21364414
21402992
21403477
21562625
21712329
21925191
21950614
21959221
22042609
22059068
22109298
22115075
22156150
22162620
22224213
22576830
22612464
22701298
22844838
22871065
22900601
23037745
23099338
23109377
23111553
23148406
23155801
23206627
23236152
23507946
23795081
23815048
23891417
24077813
24245928
24289799
24336239
24342867
24562197
24609261
24632523
24716364
24833432
24836408
24859939
24863269
24869341
24949474
24972123
25208631
25437157
25518956
25738305
25858027
26038282
26119445
26225593
26319393
26549871
26557006
26605538
27022914
27225764
27313279
27460715
27583075
27673891
27961411
28001145
28017536
28313659
28346750
28390024
28483301
28497246
28517295
28735375
29049899
29254390
29269194
29318313
29407593
29538403
29554473
29586183
29654311
29736084
29784626
29802666
30087238
30120424
30716365
30935281
31159537
31418587
31560433
31620329
31668425
31670447
31843358
31847809
31919590
31982997
31993622
32018262
32020438
32053483
32087579
32146193
32463009
32621040
32709409
32953888
33304890
33352651
33445473
33679356
33985351
34013936
34038134
34155271
34184059
34360636
34374047
34377779
34405793
34507903
34680762
34719438
34733186
34750492
34810106
34970960
34985839
35039111
35095044
35165783
35202232
35218386
35220060
35251563
35366897
35393475
35476416
35558195
35624355
35686203
35741700
35784668
36279439
36669608
36729934
36845490
36888476
36894276
36987863
37019057
37033440
37056199
37086132
37135410
37433341
37579059
37623423
37869128
37876347
38023921
38161337
38275792
38278118
38326818
38521024
38606577
38625478
38791721
38829665
39347815
39367055
39582378
39704766
39747239
40122637
40171086
40207180
40451791
40609076
40625054
40790211
40816482
40896509
41010052
41144174
41310229
41508961
41544905
41603384
41964069
42246748
42285354
42479004
42586821
42615549
42671469
42673362
42871088
43107401
43123300
43166135
43200502
43245194
43285672
43417274
43464429
43492457
43657643
43760791
43793390
43890117
43934284
44117237
44173932
44189190
44220695
44315514
44334965
44512293
44623367
44732711
44817573
44871294
44892560
44975048
44987450
45000405
45060565
45071258
45366343
45413162
45424070
45592997
45618765
45750721
45777074
45991122
46079051
46094016
46128897
46220111
46435612
46519550
46559490
46738881
46912407
46985285
47025241
47091230
47137373
47234175
47270751
47554263
47812240
47869602
47871927
47973498
48029011
48155129
48214250
48239958
48318753
48354693
48361201
48389711
48515425
49135862
49146300
49201241
49217530
49217899
49304520
49339299
49554381
49595061
49738033
49752492
50195421
50219568
50922929
50990495
50998419
51086084
51148257
51447341
51531790
51572874
51573418
51717539
51827735
51902373
51951149
52087784
52151937
52249588
52450057
52628333
52633756
52682527
52802341
52851131
52869864
53078166
53095298
53115771
53281635
53341316
53419513
53825351
53913613
53914839
54034062
54154171
54259056
54421409
54521076
54691336
54700849
54761131
54778570
54785077
54791678
55010536
55434543
55568614
55598051
55618570
55774162
55780069
55795858
55824118
55830154
55908397
55967759
55976887
55997268
56048260
56187640
56279727
56401462
56531557
56571405
56705483
56724198
57025437
57033892
57220725
57380793
57456018
57470117
57556352
57569028
57956207
57967526
58085534
58298934
58437180
58466358
58553166
58596664
58698599
58953788
59089523
59097142
59164238
59358170
59364881
59493525
59693303
59718628
59772031
59789536
59796575
60075903
60301086
60457520
60499757
60697032
60704486
60750706
60861116
60922413
61146464
61160559
61280359
61381489
61579892
61656034
61693703
61746908
62009273
62090733
62280861
62431515
62562415
62604564
62642614
62861269
62891854
63267140
63322323
63589629
63602017
63729205
63821783
63871097
63918578
64119278
64253041
64540383
64635498
64761412
64764070
64802786
64850566
65133754
65225714
65527887
65623421
65723613
65749485
65774729
65787172
65828199
65840373
66209037
66284950
66286639
66377536
66575406
66617852
66652825
66720201
66739319
66915974
66989912
67152519
67238931
67365174
67478308
67596560
67642751
67696762
67706378
68216084
68555959
68768179
68834591
69353884
69438867
69446712
69503093
69534855
69589533
69604429
69660631
69661350
69740077
69808405
70187831
70269648
70788652
70835886
70996694
71022244
71235020
71241607
71312990
71792172
71886176
72071206
72084076
72296470
72348702
72383538
72489856
72652600
72850526
72857143
72986880
72987659
73270823
73283494
73399111
73408948
73424208
73426970
73466799
73688874
73705960
73739779
73954326
73994992
74092154
74194187
74241106
74431640
74642729
74733230
74801298
75050615
75058345
75140237
75179627
75286592
75322654
75352977
75667747
75672024
75678360
75850361
76010949
76149410
76229977
76236805
76297142
76299488
76413313
76438605
76475714
76489108
76642610
76653411
77094908
77414601
77434041
77611368
77877269
77883430
77900225
78049094
78187160
78262591
78333503
78347239
78352449
78464747
78653931
78778554
78836017
78983418
79380380
79488599
79643181
79720420
79807145
79826015
79862191
79989099
80233292
80379628
80495520
80585146
81266029
81276549
81479026
81539469
81652650
81654960
81697253
81859313
81897271
82568490
82939756
82959124
83041752
83160921
83368168
83484861
83951689
83977665
84135905
84315841
84442968
84481624
84524846
84701556
84792379
84921931
85019149
85021592
85128651
85619847
85634511
85784875
85911005
86144812
86253983
86381006
86426303
86763465
86812422
86844994
87142444
87169520
87563573
87646421
87761378
87791758
87806683
87828871
87833160
88168648
88438127
88740159
89010896
89053525
89180231
89321460
89363414
89367760
89393738
89409273
89494911
89500094
89534022
89564557
89855339
89935641
90449886
90768031
90817683
90878871
90930730
90953907
90983450
90986755
91134442
91282570
91450214
91519358
91704218
91769183
91827276
91868448
92166862
92245072
92519262
92598098
92598154
92604014
92659796
92664087
92689875
92765933
92792750
92801474
92917386
92977010
93053967
93080281
93118427
93172822
93230473
93267788
93287150
93300895
93302451
93424063
93446655
93498412
93619913
93760757
93851292
94054350
94054506
94276144
94376341
94443124
94629711
94641294
94830019
94937187
94972462
95007856
95130263
95169101
95338848
95360203
95481547
95620097
95701211
96096549
96185753
96317681
96331885
96466384
96469698
96605347
96852502
97603914
97703026
97767529
97837974
97920245
97923062
98094212
98191276
98366616
98446297
98572385
98703466
98719593
98762656
98918846
98930915
99328163
99460163
99503604
99595519
99647849
99683117
99805301
99838987
100002298
100117431
100390608
100552664
100555259
100590750
100605783
100609264
100655209
100731461
100798733
101254797
101509228
101550693
101614453
101617855
101696871
101826416
102051561
102061425
102063513
102133133
102291754
102402613
102504046
102609605
102799977
102862277
103339600
103376385
103420306
103425269
103463920
103512797
103543446
103551566
103568239
103695471
103754565
103804884
104152517
104244309
104394242
104484452
104589978
104688077
104692185
104865983
104988726
105210421
105226373
105277092
105387478
105454729
105512899
105575087
105627174
105709657
105888317
105993161
106147051
106220561
106231090
106241647
106247195
106342332
106394962
106471383
106580182
106635214
106723852
106740396
107001596
107087022
107247849
107438751
107503341
107646745
107785925
107788624
107825490
107929238
108033035
108220151
108347324
108742561
108799699
109025429
109177520
109277390
109398902
109542119
109628504
109801634
109890899
110154498
110289782
110566689
110619104
110736456
110752900
110824215
110827279
110916949
110934349
111016782
111140342
111149046
111185215
111194916
111249020
111288800
111413181
111432877
111621724
111673675
111722098
111750184
111783745
111804783
111830620
112045384
112119059
112163981
112219740
112282665
112304792
112321447
112360799
112396639
112406355
112486268
112598885
112608017
112664749
112705788
112746035
112966959
113050153
113194952
113225309
113243538
113619760
113729922
113898924
113974568
114209828
114309992
114370415
114421179
114434889
114491992
114505869
114748742
114900136
115201494
115230597
115465200
115486727
115766173
115829646
115829738
115879279
115900066
115902353
116033711
116160693
116335991
116474627
116536547
116675589
116724291
116725250
116764261
116792484
116863470
117015028
117081300
117200885
117351688
117357211
117376497
117548988
117598990
117668926
117867040
118192360
118234597
118601989
118680404
118828380
118950955
119170796
119240937
119447784
119685088
119949831
120208630
120308521
120405554
120407169
120522621
120856620
120930595
121108264
121154893
121311874
121343199
121389182
121440666
121637695
121944188
122649703
122760873
122884770
123218379
123375532
123472447
123824458
123853837
123893281
123980929
124004266
124134817
124238923
124450872
124521264
124547139
124771546
124789743
124923016
125086385
125418297
125473639
125482688
125504152
125619778
125665576
125716175
125826781
125856594
125878440
125881964
125918344
126086359
126246212
126301824
126315699
126476304
126507672
126568928
126587388
126636730
126944300
126958063
126971976
127066446
127275888
127359244
127463381
127470665
127497337
127519389
127659757
127792263
128043176
128091605
128111728
128176069
128230688
128558681
128660972
128661065
128674968
128684676
128706384
128739710
128791176
128810170
128949667
129159778
129183051
129313104
129407237
129554288
129855670
129907445
130081731
130160613
130253902
130314231
130405767
130415545
130464158
130505421
130628366
130651257
130866772
131029623
131139615
131148130
131241268
131296947
131397157
131428555
131524367
131531693
131561522
131570988
131834370
131906205
131915492
131961825
132023601
132033705
132289965
132397625
132709050
133093282
133127773
133205982
133291394
133516873
133535386
133668050
133825700
133870654
133946696
134114549
134119408
134153916
134342883
134519485
134760855
134849337
134975846
134977051
134988468
135073840
135133732
135221858
135379812
135397722
135540138
135593157
135617416
135631646
135675844
135717390
135769120
135952736
136004228
136019545
136245382
136351416
136367067
136375529
136384803
136442050
136679603
136872201
136999998
137132499
137168956
137234382
137442385
137517366
137596825
137622482
137940382
137981753
138025883
138052719
138159685
138408319
138496868
138958017
139033417
139242446
139274746
139724630
139975156
140028846
140067476
140122411
140146093
140207580
140313916
140424024
140639748
140889131
140946220
140990117
141008995
141081469
141098961
141158685
141362955
141691824
141709509
141798104
141862462
142049591
142207910
142230965
142250885
142300323
142336619
142487534
142503552
142506325
142675361
142725044
142794538
142804881
142855232
142870902
142872657
143033510
143047906
143059186
143135221
143234693
143249418
143449592
143502176
143562381
143563929
143651771
143741347
143742765
143832491
143870054
143999306
144531204
144631776
144837199
144856592
145022955
145033238
145161156
145268505
145337316
145404546
145502524
145549710
145572066
145857757
145937217
145970018
146183404
146196055
146340678
146505896
146540778
146607492
146622909
146732760
146816872
146963329
147080876
147109945
147171782
147217551
147264269
147436882
147455491
147480214
147503054
147747701
147796768
147905211
148002494
148105490
148255870
148483409
148800518
149080096
149112582
149113558
149127277
149257298
149357309
149534562
149707796
149821773
149868913
149874679
149933955
149948089
149953269
150063150
150085579
150223891
150391987
150393691
150664731
150810672
150819816
150842618
150904100
151257140
151396586
151673765
151757645
151874917
151884973
152053108
152072435
152076297
152175365
152287242
152424333
152565931
152683985
152756531
152780901
152925327
153000521
153102852
153336964
153410474
153752988
153771519
153838444
154054561
154151527
154207374
154344800
154399327
154731299
154948805
155173959
155290379
155390069
155437866
155601537
155687802
155898623
155985692
155995637
156160021
156174499
156181765
156192586
156225588
156236907
156262591
156334137
156523915
156566099
156728244
156790490
156830105
157281925
157306449
157353545
157493093
157579339
157693483
157739745
157786793
157895546
157913464
157952838
157962423
158003065
158235917
158403143
158441787
158716766
158881102
158906863
159013378
159065444
159158072
159355138
159549532
159719120
159832421
159966516
160186746
160199828
160227802
160284026
160303991
160422195
160465621
160665955
160669209
160774829
160802663
160876271
160995797
160997277
161212399
161266395
161354956
161363467
161518601
161599148
161617318
161696244
161839116
162060621
162069235
162100883
162147632
162205559
162256676
162368022
162370786
162421681
162513909
162746676
163208167
163434779
163458424
163605404
163669953
163684029
163919613
163974679
164060713
164095434
164250322
164482792
164494658
164824058
165036144
165052775
165205788
165522593
165600024
165712731
165795793
165925054
166375962
166776660
166819237
166929254
166987746
167051648
167125663
167205276
167225648
167273449
167346536
167627001
167660562
167679569
167796250
167943262
167944852
167957438
167979341
168079332
168155687
168216391
168267464
168695334
168821637
168899608
169344075
169478319
169509478
169611473
169624070
169721921
169723459
169926272
169987275
170081800
170125230
170481655
170500829
170529538
170675722
170774437
170778257
170830510
170852973
170878279
170937188
171045212
171070839
171082662
171107465
171140989
171195173
171217417
171282343
171528008
171540861
171619490
171621420
171729278
171868232
171884030
172216933
172371672
172438367
172489241
172528595
172537140
172596086
172719013
173037542
173162172
173175848
173227622
173298484
173633964
173695559
173735755
173957097
173985999
174027760
174178489
174186063
174189832
174199741
174250946
174279539
174416766
174436266
174444465
174469202
174634661
174817822
174918899
174926291
175196246
175200671
175363516
175380585
175530613
175620894
175661595
175743866
175849256
176065909
176308282
176409963
176475555
176536341
176541962
176581734
176770737
176864372
176879896
176896987
176990508
177019662
177044848
177168306
177217306
177227074
177396189
177476941
177519047
177642412
177848499
177883166
178024308
178243484
178537862
178687562
178957627
178985702
179019155
179023698
179079902
179342679
179499853
179571388
179610804
179840511
180133255
180139108
180153621
180531789
180689343
180854135
180914840
181052266
181111225
181257808
181297652
181341387
181350713
181582962
181617992
181623368
181765919
181786035
182017108
182039908
182134814
182172611
182179574
182323754
182359821
182403987
182535921
182613957
182616030
182708180
182709105
182709252
182724160
182734051
182916789
183428069
183437503
183522144
183638356
183651690
183742248
183765160
184029712
184497785
184625037
184711603
184748043
184779866
184985170
185198524
185336078
185412569
185510339
185794677
185829608
185838501
185934362
185982447
186002080
186025228
186025499
186076094
186112931
186663147
187171626
187455531
187474832
187566835
187678034
187685595
187791149
187841018
187911854
188129781
188271399
188330962
188456593
188558876
188580188
188718895
188832938
188916873
189035065
189177888
189195975
189272940
189302350
189361943
189504485
189937908
189950330
190202686
190248558
190362892
190497347
190801270
191191328
191264028
191493909
191702579
191733814
191795609
192022426
192417248
192489749
192608418
192652159
192816129
192819432
192838810
193345942
193385684
193395691
193473741
193505793
193507706
193548103
193552028
193633902
193688250
193784717
193894250
193909729
194045002
194123667
194144672
194284617
194311185
194445568
194563304
194664155
194683643
194775469
194839875
194849438
194899496
195011336
195079058
195117408
195239825
195252046
195292646
195475228
195508126
195617589
195630152
195679482
195773994
195878001
195888548
195942865
195959941
195989099
196466276
196478255
196483354
196532188
196645703
196723986
196751266
197034001
197093204
197351266
197443542
197534476
197876635
197912897
198111534
198144349
198167953
198261652
198305239
198536259
198569243
198809973
199019129
199073838
199129987
199214788
199320622
199374939
199410546
199506830
199570010
199580138
199609489
199677848
199716387
199836661
199938538
199983325
200108052
200227069
200238457
200246649
200426797
200546408
200620675
200750372
201061400
201292410
201391713
201496842
201503579
201790605
202035209
202239728
202373650
202886646
202929518
203092699
203130850
203132722
203210241
203394450
203520308
203771965
203842341
203860246
203887493
203982491
204052808
204236629
204295018
204297480
204377791
204428134
204451074
204523668
204628400
204896344
204918119
205002080
205006705
205096180
205125787
205275384
205288167
205381022
205417350
205439549
205484848
205498625
205504435
205657247
205683435
205760320
206123938
206197444
206201924
206209740
206336649
206432344
206461543
206740568
206778154
206786955
206881712
206887714
206891580
206920567
206938312
207046928
207104933
207113461
207144103
207355766
207585431
207682656
207749998
207841742
208272328
208273898
208316862
208397665
208465692
208468007
208746642
208848385
209060296
209467721
209490272
209554909
209557960
209595663
209684305
209684494
209949455
209962522
209983741
210019115
210047967
210054545
210114109
210247836
210389006
210392616
210417223
210596951
210703744
210739461
210838787
211079051
211227716
211305877
211356601
211457783
211487203
211581256
211679070
211882721
211986552
212050838
212150996
212158672
212240496
212256519
212314560
212318711
212381025
212556358
212666170
212909708
213046570
213055363
213162874
213262650
213416141
213428275
213696187
213725823
213757304
214057486
214319662
214324878
214404888
214565055
214578925
214600016
214710642
214767588
214797343
214830770
215046097
215552504
215851180
216088409
216137749
216150625
216327702
216472139
216590656
216629466
216637010
216646230
216711502
216880630
216961870
217039813
217079994
217140756
217186084
217242573
217680209
217844234
217868140
217983394
217994327
218109949
218179411
218217873
218232336
218297211
218352265
218423967
218523357
218580486
218760015
218856763
219059411
219128619
219133672
219148412
219150517
219189120
219403924
219482084
219546953
219943496
220006438
220022696
220206895
220224338
220244452
220253435
220458561
220480670
220654828
220693758
220848712
220925784
220943812
221011284
221034810
221092603
221344855
221402881
221452321
221637474
221698049
221732519
221750852
221759914
221778852
221792131
221818705
222005471
222008280
222055525
222212072
222241077
222346816
222427667
222466122
222721012
222728683
222732499
222773134
222906385
222909743
222955191
223086279
223108151
223194744
223355706
223558944
223915280
223976055
224049488
224062053
224119005
224127991
224204191
224270714
224319523
224335819
224421850
224455151
224505613
224688300
225030349
225155091
225228565
225529597
225989576
226182940
226192960
226194133
226285960
226335899
226394858
226522768
226583102
226584335
226617729
226827373
226932898
226936066
226989313
227278596
227301555
227359710
227381584
227385416
227457565
227600219
227708197
227975259
227995252
228007531
228256763
228348098
228400852
228547285
228578656
228761854
228917029
229085618
229111801
229136744
229209085
229391309
229413778
229446910
229621490
229647280
229898245
229973049
230233081
230357106
230827137
230873210
230982746
231033949
231087960
231234241
231321235
231359242
231382429
231608180
231659657
231796728
231851364
231893639
232381010
232448187
232550956
232614098
232760660
232792495
232985179
233108581
233121786
233199302
233226755
233537873
233639684
233652091
233925179
233949409
233998612
234117191
234223489
234246266
234266811
234377694
234400423
234618572
234790605
234852703
235067327
235070382
235102278
235205225
235589043
235617100
235820894
235868838
236127911
236132352
236181128
236218878
236742592
236746859
236897113
236915020
236961619
237037956
237068426
237120683
237141602
237178018
237214959
237343043
237345260
237666565
237776373
237805082
237844565
237865740
237961605
237986003
238087882
238160493
238256435
238302241
238458120
238605927
238641192
238723508
239111010
239276573
239286345
239408897
239435091
239517222
239522461
239916275
240151098
240187461
240264825
240292248
240446139
240466408
240714669
240990294
241054478
241071108
241118202
241226735
241445078
241511593
241613015
241654739
242028456
242372720
242395487
242404460
242507114
242580110
242595895
242997895
243223326
243288222
243320377
243385013
243655380
243714748
243723334
243837917
243928654
243960351
243970427
243989036
244047117
244188084
244221030
244368940
244406192
244445375
244668059
244773965
244854510
244874324
244988694
245110747
245183843
245576417
245594653
245983582
246002616
246074341
246142699
246168227
246178195
246240244
246259541
246311102
246312782
246372126
246443714
246595305
246865268
246940305
247037546
247132457
247135100
247145338
247224579
247341776
247532640
247608612
247899466
248006545
248214604
248287428
248367333
248447342
248480717
248569955
248580864
248652332
248695947
248758116
248765014
248839081
248852236
249089411
249216641
249256668
249265721
249329946
249507636
249628731
249963085
250633979
250669634
250767104
250801926
250896709
250983960
251203560
251276206
251288235
251369449
251485848
251621646
251696801
251744388
251864248
251986075
252106015
252205087
252256219
252345649
252361357
252604464
252685123
252688230
252695865
252703868
252762205
252949817
253063807
253107084
253219395
253268070
253281683
253356302
253393408
253489927
253603446
253676385
253710804
254186247
254477383
254657709
255112907
255136720
255165221
255366844
255393677
255395585
255427024
255509778
255673149
255705556
255870154
255935584
256014102
256032539
256066654
256719539
256893513
257234623
257393234
257657957
257812089
257840326
257846990
257982163
258393752
258619338
258706516
258839555
258846191
259197878
259212247
259338306
259603854
259651606
259699717
259830193
260029787
260031750
260095873
260099148
260136694
260183742
260336469
260507704
260622943
260624628
260636167
260648608
260673244
260680062
260743781
260750229
260832832
260846973
260970888
261058624
261110014
261150817
261167658
261200205
261252265
261253746
261367800
261412123
261443397
261882611
261898132
261973046
262024575
262054055
262059336
262298216
262325478
262468363
262534162
262703337
262743930
262782417
262801619
263076623
263079041
263088499
263180381
263305143
263405194
263448531
263503048
263508589
263526027
263632099
263679486
263723705
263875797
263897086
264175106
264211004
264267923
264627670
264722338
264800767
264812178
264864884
264908499
264917502
264964166
265006458
265210868
265326100
265444909
265577623
265590403
265828637
265945154
265986354
266172589
266180129
266231664
266238693
266365605
266381348
266514815
266543429
266598565
266802418
266844849
266912939
267187638
267245158
267364418
267409480
267670493
267811700
267900623
267939990
268120082
268317404
268322370
268363433
268364319
268383449
268410270
268490714
268500864
268547615
268765657
269055684
269098776
269203268
269233150
269270313
269270316
269321650
269335047
269349243
269457517
269464229
269517149
269977716
270139196
270157379
270317942
270323143
270404968
270425600
270435364
270518076
270545055
270785501
270811445
270833948
270935407
270985919
271044192
271100874
271180473
271224289
271311600
271331055
271552585
271809769
271941373
271998661
272054131
272131849
272135192
272388965
272456564
272457558
272586840
272596303
272626645
272654711
272796979
272899529
272986672
273211184
273250688
273437954
273554022
273731611
273733390
273822914
273862225
273974229
273978304
274018660
274426886
274468255
274480064
274550308
274656954
274812510
275012942
275058967
275159854
275275196
275569987
275585856
275612805
275699895
275713161
275773841
275777164
275848259
275854001
275883518
276078268
276127587
276230652
276286588
276395993
276625880
276626819
276995352
277002595
277052225
277089017
277129374
277155138
277209280
277379060
277717032
277845243
277871470
278124372
278213734
278233417
278391105
278445002
278486101
278546459
278882515
278950998
279072979
279085499
279110195
279165160
279191667
279240112
279289694
279393185
279440407
279444966
279604299
279612879
279631726
279719104
279746763
279796136
279856032
279860289
280017492
280275121
280359749
280455937
280502739
280541144
280682521
280817256
280849221
280972036
280997580
281137587
281151798
281435639
281479512
281535015
281562660
281626296
281711828
281757223
281769078
281791165
281807749
281838746
281948320
282033370
282155619
282171314
282237474
282241132
282267547
282280771
282352224
282386400
282437767
282564395
282666660
282736440
282809171
282815149
282843373
282868981
282886910
282892680
283318947
283337575
283517215
283915830
284011264
284038279
284259785
284470748
284585227
284593254
284678081
284875158
284931885
285047300
285068747
285179458
285188183
285473899
285595463
285645515
285704326
285720481
285869207
286005461
286212095
286267422
286349977
286479445
286562505
286593996
286623621
286732701
287111144
287115560
287122788
287124541
287222151
287239857
287435778
287441137
287453713
287509487
287513200
287530928
287543385
287617624
287623772
287673209
287685899
287802765
287991371
288134644
288211332
288226988
288262185
288318676
288333038
288552476
288775188
288957446
288965088
289131378
289176589
289186894
289467947
289543561
289553365
289824826
289928589
290028173
290030064
290063523
290338856
290340246
290386062
290509716
290641685
290869661
290879081
290955327
291044582
291151541
291306021
291374565
291402625
291770501
291856622
291910857
291924201
291925773
291952238
292051827
292052632
292208955
292418694
292434888
292496031
292611117
292688377
293057842
293061463
293081400
293132310
293368036
293466832
293471369
293493690
293531369
293639030
293705993
293711340
293726698
293727068
293956611
293966400
294020181
294043679
294162096
294197365
294197762
294241103
294334231
294412885
294549164
294652136
294744366
294872615
295039756
295100633
295114745
295241246
295423445
295425252
295812555
296048658
296257725
296283590
296312607
296380761
296431489
296495369
296761245
296829639
296942120
296996601
297000650
297007134
297098673
297104058
297129126
297270463
297535017
297540937
297552671
297614256
297814842
297863332
297899042
297937138
298003165
298085598
298353094
298432099
298441296
298490559
298645313
298692043
298776688
298798957
298813359
298904414
298954229
298963710
299139975
299411263
299616987
299710698
299725379
299909460
299960634
299993101
300176747
300347458
300491386
300600620
300603419
300699135
300848562
300850836
300871514
301230964
301235532
301324911
301405877
301514934
301583480
301644982
301662095
301803851
301964273
302079433
302114306
302141300
302199070
302261906
302323476
302707988
302869078
302890516
302934376
303000390
303040307
303044959
303131372
303350842
303380841
303382007
303435070
303445761
303567503
303664018
303969220
304143709
304329993
304410923
304539061
304614928
304761512
304776660
304784356
304820779
304845714
304877296
304896231
305020149
305152935
305687239
305713311
305730427
305856786
306164796
306339318
306487433
306598028
307022529
307130636
307491899
307498725
307535343
307538263
307717633
308066984
308186660
308241154
308254853
308263510
308273612
308377885
308418169
308499855
308607436
308644208
308737638
308764255
308778595
308805048
308871301
308958550
309029073
309079856
309276544
309328383
309383375
309416709
309600945
309603431
309705365
310013672
310121411
310511949
310572924
310585350
310673162
311224540
311829198
311914060
311931678
312006110
312189685
312336104
312339531
312341540
312356860
312463519
312500787
312618227
312665122
312768014
312868896
313050249
313091287
313100016
313363129
313410459
313462973
313486256
313499574
313615466
313697252
313713989
313816606
313892778
314134574
314274095
314288115
314311554
314344660
314372121
314396012
314726818
314745017
314825336
314886011
315074402
315171929
315270323
315327284
315339958
315408088
315410166
315438468
315518933
315611552
315638189
315661537
315738519
315960586
316137569
316137711
316274538
316357322
316569340
316689154
316883965
316940669
316964928
317093428
317131262
317161952
317334335
317568090
317636456
317653886
317767613
317776379
317890293
317894052
317988737
317998246
318098113
318116058
318472963
318486998
318496673
318652858
318713807
318863628
318900369
318982842
318999438
319318213
319366737
319435497
319471492
319480213
319551517
319631773
319770044
319860732
319892796
320072943
320129292
320143298
320196797
320262997
320616873
320681347
320764859
320811242
320856253
320897989
320994391
321078623
321156839
321451969
321817368
321828873
321858177
321942435
321974338
322061914
322368186
322388376
322391470
322417144
322525019
322563190
322647242
322756192
322937864
323027621
323050102
323081823
323204510
323334520
323608200
323974262
323987930
324023854
324167817
324221981
324581533
324612000
324615624
324917293
325139068
325205596
325246190
325285876
325308431
325616942
325631978
325819239
325859387
326012501
326092115
326206214
326251268
326256349
326294717
326428563
326720147
326854510
326941202
326952969
326953183
327006041
327093624
327151884
327414109
327713763
327733700
327763117
327865370
327925352
328055397
328143323
328267861
328275282
328316708
328331375
328389030
328612774
328666231
328681678
328701105
328728250
329140822
329181716
329187461
329280865
329306742
329365914
329409690
329469838
329526298
329634726
329682598
329920715
330110994
330280535
330436871
330628662
330661259
330742324
330849023
330868541
330889820
330944213
330950677
331008139
331163731
331226934
331247890
331251466
331372507
331579888
331855582
331858082
331919588
331995238
332005512
332232700
332287668
332403591
332419834
332624364
332679274
332860428
332891567
333146460
333265737
333549720
333595484
333691434
333712537
333717303
333732520
333760232
333872637
333893056
333916584
333923033
334046694
334206123
334343544
334638467
334973151
334986837
334994542
335040157
335045523
335149599
335173828
335412087
335581734
335810994
335867293
335987629
336257614
336282847
336384100
336437958
336445081
336534089
336657637
336779609
336817438
336856884
336930633
336975338
336980760
337128092
337159175
337166106
337238987
337271055
337316811
337366325
337433390
337560026
337590700
337617650
337647528
337887846
337888746
337891911
337923445
338027490
338046666
338284348
338293044
338310530
338420298
338574167
339013450
339339451
339821167
339958072
340009340
340264937
340484980
340598760
340703858
340985555
340987183
341074151
341167786
341202732
341211152
341224492
341267413
341415901
341427728
341496452
341610149
341628230
341745922
341781830
341833408
341868315
341992751
342017276
342060357
342097085
342138181
342218205
342305980
342425112
342479722
342594645
342644456
342662373
342677977
342783064
342806290
342851571
342926322
343075694
343086680
343114777
343136544
343245616
343569327
343692580
343791816
343838364
343869421
344006354
344337570
344355202
344373033
344387482
344538247
344559132
344651317
344680781
344690567
344875277
344940275
344965284
345377092
345664871
345692896
345745239
345753585
345803695
346034340
346179562
346207743
346248113
346265895
346314760
346350455
346397342
346576108
346587866
346673025
346783811
347119044
347293865
347296564
347387961
347451416
347535678
347806195
348103332
348164290
348180182
348455979
348477695
348697468
348733018
348777795
348943833
349135916
349264602
349300980
349434617
349515231
349585518
349650580
349656596
349699816
349726168
349754784
349777107
349885221
349925742
350288514
350362256
350363137
350436856
350986299
351204246
351333734
351414013
351499402
351608110
351645382
351688090
351763824
351823989
351866811
351875022
351883655
351981580
352034224
352096579
352147617
352201733
352237774
352375590
352380912
352508395
352587819
352608887
352667846
352777450
352932073
352976353
353038431
353299563
353446508
353515939
353773437
353918053
353931868
353954118
353988371
353995954
354042790
354192436
354277441
354385102
354434680
354458083
354467652
354547898
354569633
354716142
354749279
354778717
354791652
354911510
354946741
354952426
355266733
355433017
355452682
355479977
355485826
355640550
355670873
355824938
355977437
355991105
356009576
356066113
356204376
356348700
356399339
356533664
356637775
356840181
357023753
357095141
357145317
357279941
357438379
357568909
357699691
357738324
358455083
358813732
358850263
358891473
358959762
358977964
359223069
359573385
359708585
359734730
359759419
359799436
359843431
359995681
360008067
360310218
360529555
360601554
360753613
360771678
360791808
360953057
361028869
361035036
361283481
361329548
361333864
361538346
361724506
361732503
361738851
361823304
361886965
361940524
361989081
362093471
362095655
362206836
362315578
362532275
362548978
362556314
362583363
362589473
362787630
362815944
362819717
362870673
363078171
363192656
363439248
363522285
363680596
363914241
364164839
364236899
364292480
364333343
364374345
364445651
364496310
364516422
364692865
365009618
365091478
365229870
365252347
365373453
365952436
365988833
365994828
365998574
366114023
366164022
366249101
366442133
366503893
366526852
367160343
367166962
367203945
367289362
367329207
367403797
367432641
367513507
367578536
367910792
367981480
368008139
368240855
368255353
368303878
368355579
368394142
368486991
368525334
368563226
368701187
368881240
368890723
368998891
369066250
369166000
369250764
369516766
369564067
369656526
369971348
370055671
370074692
370227860
370236491
370254573
370339562
370453997
370487868
370663625
370680794
370717617
370904575
370989857
371164321
371253986
371366064
371610886
371723287
371844403
371895431
371934980
371957960
372010099
372080681
372322692
372361159
372469925
372494903
372814184
372830739
372890257
373098444
373212152
373406410
373522000
373522610
373535283
373546568
373611194
373664672
374038390
374083742
374092102
374117697
374447902
374480082
374561464
374571668
374646392
374688841
375061790
375132785
375167083
375215104
375225786
375314359
375368173
375420906
375676187
375694294
375695567
375836082
375848773
375851997
375898526
375900931
375970826
376075796
376091273
376099698
376115642
376271935
376361920
376432562
376619837
376780091
376855471
377087442
377218685
377480683
377586069
377625578
377640772
377965172
378149624
378189557
378270789
378273300
378547675
378686018
379009197
379116233
379184476
379193327
379355235
379383406
379485030
379667668
379687019
379852011
379854697
379869915
380027098
380121453
380366611
380490448
380530704
380669882
380672712
380691713
380788263
380883330
380951770
381044437
381119488
381270197
381336977
381453318
381579149
381601305
381615180
381674489
381801172
381949276
382035049
382098915
382148545
382362843
382448844
382460768
382516708
382553795
382574158
382584271
382615615
383014402
383085404
383183992
383283890
383319926
383350912
383395115
383417202
383470819
383861126
383862193
383937245
384033325
384591045
384610223
384682468
384820741
384831220
385084704
385133924
385341072
385341433
385374265
385387910
385483308
385557968
385632406
385649703
385704659
385920480
385930396
385967305
386038331
386223731
386343256
386375463
386501189
386562678
386612319
386622085
386634434
386656236
386756019
386793799
386878694
386894622
386941752
386961591
387024817
387048833
387297618
387377116
387439003
387538015
387739075
387787723
387791232
387798265
387987143
388064883
388091437
388221688
388306226
388308126
388394123
388426587
388475685
388524696
388529638
388560730
388634773
388763696
388935029
388938962
388994599
389011904
389041198
389077989
389601536
389766852
389911818
389979241
389996808
390020368
390193724
390213905
390563896
390609052
390675585
390751143
390925961
391134576
391243928
391251518
391253834
391260703
391373941
391465686
391869868
391895249
392164596
392305898
392404354
392714469
392812011
392832457
392865370
392913832
393110876
393123570
393155615
393156176
393342476
393353068
393424129
393614137
393748882
393933855
393985058
394024660
394025196
394081606
394287062
394370573
394472553
394524525
394532148
394592081
394861993
394906269
395033696
395162591
395262671
395292771
395296195
395316827
395522057
395562722
395685643
395757418
396021727
396046797
396063290
396109705
396119395
396145959
396166122
396214194
396376771
396519234
396560958
396685480
396760779
396834375
396846684
396880753
396905974
396956235
397105720
397233830
397346941
397371892
397387642
397459348
397487808
397538860
397707612
398003298
398118396
398211893
398354557
398414558
398468038
398473352
398485849
398487589
398692247
398728831
398875161
398985524
399065328
399199838
399202926
399353492
399393909
399542154
399636764
399727781
399855115
399894647
399981438
400252427
400317806
400389787
400447716
400674230
400949863
400972744
401161884
401393199
401753555
401806100
402037515
402165731
402254250
402315867
402507524
402522101
402561291
402725089
402791524
402866173
402874170
402974795
403068166
403181062
403192596
403224609
403306435
403339770
403345332
403411789
403433462
403529799
403583764
403635810
403854591
404083242
404326672
404652640
404671009
404752186
404842640
404863277
404885908
404887913
404986963
405002062
405055459
405202629
405358416
405382008
405384642
405485386
405506465
405601249
405602476
405811999
405821204
405854063
405940477
405997887
406018678
406058885
406221531
406302940
406383024
406532478
406885705
407001408
407230989
407349716
407478950
407496252
407531061
407572809
407600691
407647330
407696226
407709802
407746934
407939406
408034481
408201593
408415951
408551640
408580509
408765407
408803194
408839431
408904681
408907678
408983181
409090202
409128782
409287900
409310223
409463952
409473180
409496946
409588749
409633071
409681905
409885872
409907278
409927959
409935101
409935291
409959227
410055863
410079237
410218191
410254671
410410627
410826189
410906363
410956139
410965289
411002435
411025230
411103198
411160403
411240246
411369259
411645805
411741526
411763999
411764576
411826906
412131959
412275378
412287280
412452138
412495999
412529782
412803437
412809629
412818931
412869123
412884973
412891874
412948646
412955314
413089785
413493943
413788495
413848180
413849079
413909202
413911219
413912061
414400451
414629010
414791312
414914154
415009379
415139485
415461285
415516700
415594155
415662590
415844704
415976371
416082941
416091011
416254088
416515304
416703205
416949744
417019747
417123751
417166465
417205976
417264771
417447562
417697086
417721958
417770246
417771937
418012372
418047784
418111649
418581439
418637951
419089912
419186654
419304125
419451231
419697168
419865958
420085328
420210337
420329726
420346466
420389696
420630978
420753125
420766813
420865770
420867993
421287553
421432053
421497300
421598569
421715872
421782036
421806863
421811400
422087775
422139395
422162435
422258777
422325137
422394458
422550487
422613102
422706879
422927684
422956640
422980238
423054236
423147543
423290803
423465419
423514243
423702751
423709560
423765048
423844304
423899360
424002789
424025093
424040569
424054447
424056311
424136883
424250908
424327343
424447093
424549747
424624075
424644458
424665056
424710905
424904814
424988125
425001706
425214787
425234763
425385726
425553316
425875303
425926713
426175070
426332063
426414462
426748269
426791563
426801586
426889059
427103688
427401333
427490129
427497340
427518133
427587552
427664621
427736653
427895208
427901198
427905378
427966670
428095185
428109709
428146258
428170234
428286267
428348175
428468415
428504918
428689881
428825543
428850603
429005693
429011585
429122210
429403867
429407239
429443600
429563522
429610864
429937004
430105521
430514130
430626580
430700795
430803932
430823194
430844213
430901375
431271063
431350641
431512054
431543520
431672779
431791462
431801464
432002203
432181198
432289918
432316746
432349842
432418825
432471764
432494184
432616693
432767590
432867705
432899265
433260955
433353251
433384735
433491444
433496410
433574124
433652994
433880960
433903612
434170348
434218183
434331026
434370274
434406730
434613233
434641607
434885985
435049008
435170434
435200094
435319294
435434491
435492118
435503340
435536887
435561344
435842642
435856836
435863191
435887872
435929448
436000852
436067520
436491142
436512151
436603508
436614854
436707870
436847527
436849651
437019971
437024824
437039613
437268021
437352179
437352331
437729012
437805765
437848575
437960256
438055086
438066158
438150062
438274986
438332931
438345879
438399308
438428624
438447208
438476542
438513024
438656025
438701175
438705588
438815757
439027704
439048999
439182181
439235743
439461108
439486323
439607330
439650696
439713541
439735138
440104206
440107222
440243771
440372908
440425341
440434661
440542841
440591586
440788201
440800713
440816814
440992459
441070887
441237095
441245594
441445378
441497869
441670202
442052381
442082364
442099460
442159483
442168630
442205718
442236248
442506827
442545716
442608145
442608983
442715974
442993375
443064697
443224579
443399698
443673800
443681512
443691904
443859565
443982488
444057453
444175939
444242984
444654397
444772040
444872460
444910116
444950383
444966763
445162904
445452439
445474592
445496207
445548949
445567601
445574750
445611113
445923488
445929468
446111616
446130408
446289269
446314457
446362224
446705681
446707310
446876013
447062827
447199065
447209773
447329397
447513897
447515047
447863920
448046763
448267029
448362802
448376105
448589208
448597863
448867634
448922264
448923951
448961097
448968197
449034842
449102150
449108276
449159667
449463668
449516349
449556720
449634326
449650670
449714006
450006840
450114380
450209896
450334325
450413337
450545161
450643704
450849788
450975768
451058502
451086925
451157382
451271733
451301777
451424387
451612053
451630533
451681088
451776838
451880816
451883076
452022131
452076512
452130128
452438893
452514645
452697601
452817822
452819659
453168382
453316878
453347277
453563018
453568375
453703242
453860471
454039914
454057102
454203852
454345698
454564248
454584369
454629393
454752048
454931329
454982077
455049501
455223402
455397239
455440416
455473340
455531692
455535329
455644209
455724386
455753210
455771216
455805649
455975868
456128032
456207966
456262667
456328522
456427011
456540695
456550189
456612742
456632337
456635631
456712242
456715088
456876729
456987014
457080277
457182898
457299583
457473546
457542096
457915424
457996262
458018328
458038801
458177978
458203167
458273811
458409500
458553229
458590582
458605803
458654096
458868623
458935442
458986967
459066704
459073512
459097691
459194747
459368208
459375659
459758574
459814768
459990811
460252247
460276280
460324044
460482702
460593824
460711808
460727702
460863495
460951556
461074704
461084772
461328996
461347848
461833133
462049127
462079272
462146500
462277349
462495753
462633830
462792557
462908194
463282650
463578721
463586318
463594218
463880782
464015841
464201197
464266245
464310395
464610643
464662938
464818093
464882220
464909096
464923548
464961060
465121304
465138461
465212961
465450767
465595908
465761027
465899305
466026595
466163490
466182999
466250602
466302536
466405974
466410694
466903806
466940813
467067669
467110455
467113487
467141874
467497778
467587339
467648162
467868878
467962628
468223006
468267640
468311982
468362581
468579468
468593804
468599961
468800349
468822493
468822643
469073385
469113637
469231529
469272082
469414990
469843427
470071565
470101849
470261027
470287942
470297795
470306127
470447317
470529885
470623195
470782402
470874903
471030749
471079609
471137364
471328123
471678913
471818290
471873469
471889631
471900820
472054346
472132981
472180898
472225757
472460796
472525264
472618211
472759023
472819044
472968929
473093409
473132196
473209986
473221700
473330570
473525379
473551144
473565741
473577177
473630096
473785540
473873656
473881464
473884409
473997833
474112979
474403294
474490229
474557249
474702412
474786971
475009954
475039834
475161027
475194050
475203832
475554347
475570920
475916531
475939569
475944687
475951826
476033584
476070472
476137167
476174051
476251464
476275902
476806301
476830458
476833703
476947392
476960956
477604616
477803234
477837832
477902216
477976622
478201891
478286262
478471703
478596884
478601684
478755411
478837341
478923406
479169564
479178560
479346917
479384924
479516355
479537979
479693276
479787055
479890035
479970363
479970949
480087779
480125435
480321915
480426089
480545178
480579913
480925959
481104284
481197403
481511849
481633452
481779776
482183683
482538092
482584493
482876335
482897226
483039332
483144907
483176375
483197722
483205082
483475801
483504837
483630560
483795156
484131006
484212733
484256954
484273122
484780658
484849896
484877881
484922508
484929936
484980562
485103732
485430763
485609828
485769956
485953047
485962816
485995867
486153291
486154747
486177557
486270202
486292127
486308150
486423155
486465736
486490979
486743407
486783517
486894415
486947449
486959203
487029292
487346436
487383124
487438984
487548695
487549565
487700033
487755954
487977058
488079519
488211510
488241295
488337899
488448661
488540071
488612244
488625515
488634310
488708334
488740220
488745235
488851428
488969180
489085837
489138215
489149227
489363956
489422800
489929635
490066854
490081936
490098706
490113406
490164314
490319225
490450742
490525559
490601465
490630485
490638567
490804489
490903190
490922727
490941880
490971496
491004869
491009881
491010001
491098701
491431109
491524570
491732486
491814448
491920884
492008992
492067826
492115530
492140797
492188696
492223676
492296464
492437195
492582113
492582556
492747616
492764155
493162760
493407682
493633800
493774473
493780563
493783715
493804495
493890757
493894381
493924841
493929711
494082409
494246128
494448643
494661351
494763332
494916809
494931538
495078759
495181886
495202077
495219050
495262544
495529768
495657863
495781011
496014943
496212278
496219638
496402921
496551383
496655018
496825578
496880633
497313629
497349422
497371378
497421840
497447894
497463122
497540039
497577933
497614498
497831340
498132885
498187097
498265162
498773243
498993468
499349223
499367739
499418360
499420946
499596469
499669301
499735989
499931919
500101085
500273504
500320892
500359230
500431944
500501323
500591029
500764874
500835253
500846186
500909285
500934727
501088734
501107502
501156483
501258282
501389660
501492167
501497588
501594524
501599353
501709556
501753161
501921350
501943951
501964062
502089510
502181001
502443803
502451209
502452287
502584319
502669360
502781683
502790444
502791724
502832290
502925281
503105174
503421596
503470224
503608857
503669124
503886901
503943684
504083740
504257878
504392264
504523898
504657578
504763478
504892512
505090361
505112536
505126537
505159331
505308767
505459475
505465429
505529372
505560495
505576873
505600525
505654687
505732419
505752199
505752909
505802260
505816717
505819055
506084222
506184935
506252229
506517533
506641980
506673885
506686568
506762660
507018614
507093634
507191022
507310416
507364980
507425141
507618233
507749999
508205539
508221105
508338803
508455386
508611694
508618845
508802704
508842586
508888972
508961622
508971127
509058567
509099110
509099865
509176069
509314378
509472177
509518168
509822115
509863918
509911329
509920048
510083999
510310146
510370380
510377308
510480083
510540960
510575097
510763628
510820279
510894392
510968069
510998168
511018287
511065647
511128113
511171966
511293697
511337933
511506434
511610685
511634965
511834055
511871806
511886958
512143878
512178790
512303936
512343733
512376747
512419975
512578663
512779242
512875033
512882019
513020184
513240343
513425678
513550778
513672060
513809916
513880532
513926312
514027426
514083274
514103106
514112654
514225444
514429116
514468264
514649901
514712850
515007544
515123655
515234610
515280248
515280965
515346088
515357737
515365441
515491867
515507636
515524626
515582373
515672127
515805490
515818278
516097009
516501064
516824487
516830581
516886531
516928560
517031479
517057237
517165977
517241451
517357384
517453398
517667744
517718062
517732231
517989005
518016965
518020699
518042790
518195458
518419553
518490315
518490908
518493542
518664351
518682254
518695647
518701052
518751277
518974108
519119221
519179464
519265755
519311288
519383695
519493768
519504486
519569139
519723429
519726905
519941939
520079995
520266416
520723162
520745164
521117394
521212098
521305264
521343418
521476185
521506850
521599147
521630347
521711017
521730774
522098589
522162484
522260840
522293688
522729236
522793930
522962639
522967229
523148308
523390478
523791395
523999711
524184925
524187885
524236969
524243153
524443198
524578867
524654189
524898927
524906235
525102190
525125911
525343322
525494106
525719144
525756018
525842402
525891734
526027446
526034607
526156701
526260030
526280653
526366828
526582249
526649061
526653278
526663330
526708498
526751996
526756620
526770021
526954787
526989271
526992423
527151798
527194164
527232331
527336522
527421313
527425101
527440899
527712399
527810201
527815419
527817105
527924833
527954833
528076690
528103899
528132655
528367345
528385353
528450891
528475571
528578277
528698285
528945310
529013457
529120925
529140493
529198801
529243762
529261054
529349983
529387764
529402893
529514196
529621404
529663954
529674158
529783588
529806269
529885309
530195956
530258920
530309284
530336004
530434661
530615742
530629576
530664720
530705930
530794300
530909471
530947561
531210321
531215250
531244278
531325164
531460083
531465990
531521517
531583389
531643381
531653659
531824376
531918357
531993168
532210583
532267484
532363678
532500070
532550820
532612464
532651629
532687320
532766967
533095496
533132361
533196970
533294293
533348710
533361727
533440599
533507726
533558043
533643310
533676016
533763782
533935704
533986612
534020356
534130294
534148870
534156583
534274828
534291788
534304085
534312594
534366751
534461295
534531422
534538013
534561604
534799514
534986302
535001422
535024772
535162128
535186508
535478785
535811942
535865724
536026015
536095519
536300670
536361620
536382178
536387970
536425260
536532715
536560852
536673131
536716937
536767638
536810495
536868509
536870145
536895665
536920717
536966402
537056465
537082119
537349812
537382170
537513327
537560793
537603683
537617776
537677028
537807767
538028632
538044852
538118878
538220584
538308059
538567965
538725041
538849712
538854344
538871424
538952526
538971590
539137848
539195838
539266965
539308749
539346772
539404552
539488887
539599710
539651740
539949323
539981375
540045083
540228102
540279364
540366515
540405597
540431500
540478369
540772717
540846235
540873142
541561706
541660532
541812614
541907941
542282458
542382963
542526988
542732680
542899449
542942080
542959108
542967067
542984347
543015788
543177348
543287304
543448041
543556865
543639898
543769182
543886047
544017515
544080006
544089798
544131137
544139190
544236583
544257804
544303287
544339172
544612212
544713412
544855229
544985704
545061283
545149106
545183304
545314930
545335135
545458158
545460639
545483949
545525290
545585011
545770756
545782887
545899140
546126765
546170458
546174526
546186248
546218228
546231820
546384594
546494393
546612693
546741151
546849422
546950987
546979886
547018674
547185743
547445124
547486742
547696535
547764980
547963446
548040808
548093071
548103938
548107377
548228926
548245104
548315943
548333436
548515962
548637608
548790491
548833070
548887757
548926569
549019961
549026353
549028137
549044792
549125730
549149071
549510226
549621319
549958667
550150335
550407601
550523629
550537040
550648730
550718379
550738175
550797471
550834024
550906435
550960622
551031375
551414873
551431299
551465194
551617532
551715787
551734302
551794853
551828780
551832736
551890677
551965642
552078497
552094096
552173480
552408836
552415935
552582553
552591712
552630223
552685068
552778508
552787530
552811259
552878845
553035823
553091840
553246937
553249047
553439725
553462835
553463771
553519954
553625943
553776240
553864429
554072087
554154508
554256720
554435761
554525833
554544267
554583424
554719009
554944733
554967814
555247664
555304408
555426786
555444161
555493911
555506201
555524881
555728657
555935014
556187774
556269386
556285588
556301468
556307221
556524995
556853206
556963308
557052666
557069634
557396482
557451149
557479235
557530891
557563845
557661605
557713067
557717421
557944522
557958469
558128070
558148164
558167422
558244839
558252335
558322202
558613950
558694327
559175897
559463692
559475707
559701345
559827784
560098949
560108133
560146147
560199173
560205199
560227851
560679646
560800411
560841400
561094193
561160446
561182195
561215284
561326530
561388849
561506280
561571735
561782353
561801994
561921400
562151975
562164459
562194957
562377602
562413327
562605647
562670944
562777546
562918001
563284723
563740263
563989854
564077395
564145275
564147513
564248829
564278404
564355192
564431582
564491750
564613495
564728070
565023465
565205874
565217586
565228952
565359408
565514366
565588386
565614799
565783253
565838829
565874247
565902644
565962189
566169813
566224534
566313943
566349173
566395700
566405715
566599631
566616192
566756730
566797386
566802185
566852326
566863320
567189626
567631989
567730507
567762362
567884407
567998952
568010422
568226456
568318371
568348236
568528457
568542545
568641285
568654848
568848055
568910585
568947514
568976757
569071465
569100208
569168733
569210780
569252384
569263632
569349942
569453648
569466152
569490193
569548038
569554936
569587887
569669364
569736813
569746557
569942689
569957528
570263987
570383424
570567397
570714890
570729678
570743558
570763242
571203725
571320808
571435891
571508140
571523512
571523671
571584185
571724831
571937472
572134365
572168554
572212170
572368597
572516152
572542153
572839220
572842096
572849026
572948821
572995631
573054658
573083447
573405257
573424781
573489862
573563302
573710521
573733298
573771832
573936933
574054722
574170919
574209107
574386349
574414179
574595960
574612176
574678123
574843173
574855300
574875893
574882601
575156085
575179277
575231472
575234211
575255534
575267883
575576021
575583088
575642346
575778663
576197541
576458473
576610377
576641391
576978499
577059509
577066338
577172115
577244429
577592709
577610928
577829136
577876128
577910874
577932810
577964873
578146382
578166295
578220494
578437996
578446243
578567542
578735665
578796139
578839042
578886018
579114958
579135015
579203759
579240674
579487524
579544797
579565858
579718459
579742957
579859093
579863466
580021526
580935650
581032920
581331315
581390552
581518864
581532386
581597125
581811802
581878452
581881122
581957542
582066315
582083677
582108867
582115025
582290190
582417757
582500232
582531853
582773280
582807509
582897105
582935058
583004393
583078205
583080513
583325659
583336491
583353126
583536846
583718616
583745284
583761799
583800619
583817680
583888798
583908165
583946816
584001148
584035637
584300682
584575559
584598377
584736404
584875202
585094154
585225846
585246291
585275201
585279702
585338808
585354317
585575632
585634080
585718577
585744292
585862428
586275929
586397940
586481103
586609918
586890534
586903803
586903885
586918716
586923354
586997225
587074469
587221933
587422759
587521623
587581854
587603262
587881681
587983401
588166583
588213609
588257578
588264421
588353825
588598620
588615876
588695352
588748816
588833470
588851628
588890230
588961703
588965542
589005885
589032540
589041974
589065265
589065782
589115473
589211925
589216237
589321937
589381075
589609541
589679800
589691144
589819210
590000590
590032518
590115363
590188159
590212233
590297007
590555219
590555683
590634278
590763651
590799515
590799911
590844420
590922114
590970952
591169200
591203491
591221465
591320309
591583433
591704219
591748022
591767030
591905254
591962251
591999436
592158961
592219129
592418458
592472045
592526108
592575656
592585511
592752774
593035659
593151710
593267317
593351228
593548181
593657815
593667297
593701676
593802298
594106956
594190016
594192897
594495416
594500177
594627429
594735292
594820105
594969637
595174682
595210436
595335297
595596896
595637410
595706360
595722062
595725315
595787600
595847130
595864009
595956688
596047571
596054090
596275117
596456275
596462898
596468792
596678419
596999310
597039642
597202875
597240563
597296907
597343301
597374943
597375665
597486604
597527189
597727481
597761427
597921408
598021923
598068514
598376742
598545793
598592835
598617029
598653097
598758761
598852024
598928346
599217854
599231706
599522292
599525089
599531860
599635310
599701552
599707873
599840064
599982421
600026976
600048143
600174239
600296580
600407846
600436326
600506943
600525310
600652933
600659818
600918529
600931336
600989073
601083229
601201777
601214206
601234181
601306557
601352472
601399114
601415234
601550205
601962290
601997626
602021833
602042346
602108589
602112237
602117205
602119800
602130257
602173656
602189690
602257781
602500116
602519967
602915825
602929135
602949783
602974444
603084161
603484979
603526777
603746279
603766519
603796588
603929706
604129863
604266172
604421358
604595726
604666248
604800861
604805912
604842613
604969547
605260583
605320856
605504019
605651241
605748422
605798321
605836832
605925032
605945010
606032525
606166125
606279323
606320469
606434400
606434597
606699441
606723839
606725530
606774422
607083036
607096399
607147738
607202638
607235965
607254393
607305761
607477170
607509867
607551300
607567569
607610997
607688608
607766510
607847197
607964200
608011486
608048759
608152330
608168485
608213597
608289501
608537128
608565670
608736039
608805447
608849019
608892741
609082546
609310321
609365431
609553504
609808077
609841001
609861479
609944434
610051989
610156626
610212369
610361203
610377388
610378559
610404088
610455504
610587007
610643021
610696650
610718814
610723171
610747308
611327690
611440105
611482271
611766032
611797842
611835574
611894966
612001750
612108551
612226050
612428178
612503738
612523479
612609731
612673878
612966531
612993396
613063234
613082480
613397628
613591946
613595195
613999138
614052880
614238114
614296073
614572709
614787371
614840584
614881298
614912836
615357273
615399715
615435797
615492805
615499567
615554585
615641797
615778781
616191139
616317183
616327751
616347341
616500924
616655530
616914425
617447592
617495105
617504187
617632498
617661021
617668290
617796589
618096226
618172421
618450372
618465461
618548059
618719249
618908117
618917514
618928360
619038003
619067392
619224236
619259964
619357889
619615516
619699076
619875750
619913212
619974647
620362321
620464561
620496773
620527814
620686853
620718270
621045551
621064833
621302492
621389520
621623663
621697377
621828312
621842402
621960545
621973407
622029759
622155317
622223494
622332503
622339121
622483100
622572895
622601328
622714344
622914599
622947188
622973480
622988389
622997879
623035548
623115813
623138886
623227792
623247958
623272791
623345486
623381760
623476306
623507260
623544899
623967976
624105140
624144401
624174813
624217533
624233518
624261927
624372206
624379038
624388329
624409694
624428892
624456377
624545935
624590672
624677177
624728854
624864760
624878758
624892705
624987435
624990922
625121748
625275687
625512043
625539325
625581974
625591046
625650990
625873273
625879811
625987823
626056581
626114945
626205444
626314081
626375472
626388279
626477208
627032213
627051858
627077439
627129445
627665427
627808828
627908208
628199877
628231489
628248737
628319366
628418852
628487682
628524743
628566296
628758914
628925298
629021976
629112291
629265468
629429913
629665029
629685989
629773496
629943542
630061995
630204888
630275445
630308099
630568109
630578706
630766272
630834613
630859032
630943272
631182785
631189340
631256110
631275334
631335315
631466859
631538391
631571577
631679678
631699712
631883486
631883541
631955007
632033176
632097521
632101988
632152281
632327028
632572362
632573858
632663762
632757922
632761831
632823002
632838469
633012799
633047027
633139702
633216904
633227110
633332549
633338302
633340154
633495190
633495751
633551147
633563085
633765319
633842851
633899338
633939347
633960702
634154943
634224689
634286100
634412694
634566802
634578360
634722063
634891320
634927709
635089598
635144660
635274997
635317873
635326028
635422928
635493633
635658322
635804159
635807849
635914944
636162788
636194199
636527055
636542299
636561575
636758082
636759675
636780036
637108034
637112509
637113004
637443337
637521606
637538305
637539446
637708939
637762671
637770050
637859435
638071825
638089830
638415191
638668167
638777873
638829167
638876394
639060716
639176480
639522669
639536258
639707514
639758991
639785971
639811775
639875559
640050723
640204685
640277260
640322909
640408090
640431852
640445142
640452280
640693551
640770922
640812238
640869538
640976116
641123518
641180399
641266801
641354171
641537554
641572851
641601760
641621917
641719434
641806093
641881423
641922898
641981627
642273173
642355946
642420280
642592001
642797346
642823814
642869277
642901072
642904325
642931135
643254346
643391051
643462206
643857228
643863910
643935913
644090496
644199994
644263142
644290123
644408678
644428515
644445662
644453798
644483142
644677742
644804205
644883163
645177267
645180411
645233866
645280995
645311290
645387183
645393693
645506801
645514135
645519386
645701308
645702339
645702672
645877106
645985743
646150233
646220429
646265973
646312158
646425364
646585774
646783072
646791371
646818697
646897012
646985327
647122678
647204525
647209604
647273890
647339726
647451980
647513060
647634545
647677365
647731325
647801857
647856180
647925213
647937977
647989599
648379960
648384511
648443026
648494100
648567918
648669141
648671995
648711777
648787838
648999983
649044150
649082900
649198367
649208711
649374399
649410100
649470192
649511578
649551593
649673678
649685365
649690420
649862478
650131878
650165391
650266726
650436022
650648608
650661179
650835112
650846288
650851440
650964316
651016694
651106362
651135126
651143775
651265761
651384458
651387397
651473769
651616734
651633954
651775400
651855377
651992551
652101081
652146446
652200579
652238190
652333543
652441255
652553864
652674504
652713352
652719878
652744283
652759693
652975149
653107674
653113463
653259298
653395227
653396145
653500413
653560216
653599475
653606915
653608904
653725961
653774120
653865599
654082971
654106627
654314097
654578757
654718293
654762412
654856794
654959167
654997992
655103010
655244019
655454161
655591472
655758927
655792282
655831313
656113993
656456309
656481495
656673346
656842765
656856936
656873184
657050244
657249982
657346958
657435848
657621871
657624136
657736592
657753436
657757726
657828049
657834573
657843623
658149572
658261752
658280373
658380380
658389949
658469205
658490967
658512052
658682146
658698676
658750106
658810542
658882730
658960807
659124585
659534591
659777190
659997518
660032968
660139431
660175472
660392018
660543071
660547843
660606739
660692149
660773221
660819705
660842790
660846895
660970641
661462543
661524923
661548805
661623451
661632034
661643728
661757889
661859261
661939189
661972114
661979950
662012107
662170967
662195786
662197634
662216441
662412393
662434226
662482922
662543296
662726523
662832446
662941387
663199201
663305029
663481275
663524644
663596448
663617229
664073616
664148726
664357954
664647588
664704039
664791947
664975437
665004620
665026298
665076876
665249006
665327157
665345017
665358937
665566086
665711599
665834671
665861723
665910493
665919213
666054698
666055847
666187099
666226554
666233472
666408887
666460807
666467399
666565302
666712623
666928364
667244167
667380135
667503584
667513452
667615771
667741905
667781886
668202368
668266958
668409981
668492636
668572242
668715808
668833938
668839001
668900304
668936890
669044758
669079231
669215103
669277965
669348687
669400458
669439643
669528842
669558068
669637778
669998020
670037674
670116041
670329241
670445333
670473376
670504721
670526871
670555051
670632427
670719274
670743525
670746822
670802875
670943342
670968505
671008705
671623660
671676826
671704823
671776079
671909372
671941142
671945999
672376977
672617011
672905091
673051336
673105986
673394398
673400214
673473254
673607733
673629125
673695347
674069633
674307447
674352634
674468258
674500604
674507699
674640233
674665267
674665850
674680150
674796369
674909073
674972018
674998666
675056873
675199384
675317117
675373576
675384881
675486650
675738474
675797873
675839601
675896757
675984230
675993462
676112633
676189145
676194532
676205254
676402992
676408001
676418324
676466727
676490961
676498424
676503249
676670105
676762949
676847398
677076089
677095277
677096401
677183484
677222294
677497005
677499829
677660429
677851450
677929615
677959578
678043938
678129905
678209414
678300175
678402979
678508112
678523799
678675102
678686132
678756162
678756853
678937760
679001802
679267106
679360537
679375372
679385236
679393362
679485669
679498578
679865611
679999206
680013908
680034928
680037968
680225201
680437815
680508041
680738636
680844126
681013332
681071732
681086063
681089006
681162183
681216858
681235036
681479247
681509992
681712668
681812222
681883497
681925951
682013406
682076940
682309309
682317859
682531465
682536326
682587856
682644769
682683351
682694903
682698388
682722854
682910162
682955353
683237689
683385851
683474736
683525819
683572360
683597737
683632944
683652249
683721448
683728947
683735495
683846300
683938545
684077288
684135480
684153602
684264650
684344912
684441063
684599541
684611514
684630461
684649497
684893909
685171868
685323123
685405535
685473340
685569026
685578308
685580910
685646192
685790559
685971138
686086210
686139295
686287838
686424786
686554580
686596953
686649666
686651270
686754598
686786949
686973970
686982794
687131596
687272992
687296441
687313414
687527405
687573459
687618804
687724390
687858718
687896651
688002672
688011258
688309791
688419638
688440795
688497843
689055079
689141620
689189821
689220437
689270545
689424867
689638698
689866872
689886756
689924904
689940602
690309588
690355064
690370915
690452472
690497534
690543708
690584598
690742564
690896820
690948816
690963808
691054778
691066476
691266831
691291787
691513825
691664454
691707577
691895498
692005872
692017285
692554400
692702641
692720987
692818609
692898177
693001140
693249248
693396560
693397662
693443402
693450841
693565101
693628136
693689516
693847078
693854182
693921176
693954333
694012943
694216012
694237078
694363556
694395596
694402524
694598657
694612099
694654240
694917524
694938095
694946255
694995012
695169659
695188327
695362707
695404046
695455112
695671637
695725862
695787210
695978723
696147368
696177560
696219784
696294150
696326079
696357511
696470404
696748941
696969517
696969524
697116272
697171972
697285989
697382259
697395981
697470569
697590106
697640773
697690515
697727902
697893515
697924140
698196818
698198605
698493787
698534948
698561551
698602000
698856185
698898860
699110086
699221787
699236118
699305340
699422110
699688566
699724657
699728286
699809609
699878683
699902918
700046105
700133686
700259481
700435422
700587750
700600859
700680295
700680560
700823758
700905347
700918574
700956441
701057877
701104935
701213139
701328703
701411127
701483773
701583141
701829140
701877222
702013644
702127924
702257213
702403031
702408171
702440287
702548745
702752907
702757756
702764896
702817415
702860257
703182364
703186904
703476136
703537016
703580500
703726183
703897432
703907228
703935788
704200225
704297297
704324585
704347061
704597872
704622211
704646818
704697735
704785851
704838759
704887891
704924501
704951559
705130098
705323288
705566274
705817112
706013797
706275086
706343097
706372233
707009560
707255268
707455426
707626465
707725450
707970327
708006143
708020276
708111222
708200264
708252367
708306728
708380568
708539835
708572178
708589750
709057229
709099233
709111507
709224170
709379963
709505367
709548280
709598391
709626504
709721592
710193492
710206821
710209389
710264317
710575075
710598804
710606117
710623035
710646054
710710961
710726839
710921302
711005880
711030146
711143760
711477030
711568641
711666873
711672029
711676655
711780792
711816920
711818767
711823011
711835847
711945430
711976842
712143098
712267033
712293652
712338098
712526007
713068027
713082785
713097272
713135205
713269435
713337317
713479380
713638896
713649464
713781016
714016356
714135915
714153391
714205422
714277728
714281026
714302819
714369968
714393266
714475174
714601071
714634876
714644700
714795156
714863202
714974724
715103019
715261496
715262690
715406734
715528297
715709639
715945092
716120089
716127095
716300688
716329062
716368723
716556739
716624116
716727749
716798323
716828246
716903136
716946342
717146021
717187660
717194218
717221417
717341475
717391107
717465189
717525340
717711880
717789422
717993885
718057352
718253398
718316465
718346970
718350479
718365730
718392834
718412164
718417852
718468788
718469791
718757516
718775462
718807272
718835560
718861429
718935222
718954466
719044841
719091320
719359125
719466584
719470246
719521513
719521544
719542196
719604468
719627853
719827530
720084562
720254163
720304489
720459167
720631656
720806798
720923955
721041846
721060460
721179080
721212336
721316310
721441062
721470957
721514701
721588126
721742828
722016385
722126349
722130033
722154997
722264015
722406347
722437201
722471036
722563589
722632999
722731180
722755359
722909950
723096327
723347129
723444850
723469124
723548091
723579708
723615530
723750424
723775012
723817677
723937398
724119776
724153954
724183857
724260259
724340966
724439898
724472109
724574957
724668231
724792337
724800240
724849350
725035815
725256641
725276093
725696285
725697132
725756922
725804865
726187827
726408409
726597811
726781843
726821011
726839621
727102712
727209537
727223770
727432492
727532051
727562922
727581076
727676335
727823837
727846465
728069487
728120154
728143521
728312490
728378426
728380956
728388411
728681479
728700468
728837370
728861669
728926514
728944197
729044543
729058555
729086261
729094053
729301844
729304868
729393932
729416181
729481208
729501379
729542975
729647581
729741211
729859263
730096944
730182452
730189130
730268834
730322303
730329956
730422573
730503130
730558473
730678806
730870418
730875063
730935067
731106826
731113046
731122495
731196130
731197170
731239752
731258428
731305140
731453699
731455980
731459102
731470476
731476853
731798461
731917558
732319567
732532861
732550355
732554925
732663547
732701305
732883858
732963055
733221762
733625239
733712088
733719906
733772748
733795244
733928260
734024845
734252341
734382428
734536216
734549704
734597048
734739917
734845301
734906543
735250278
735310837
735488812
735657881
735707003
735828441
735868902
735871621
735873436
735988815
736036461
736052712
736064711
736084073
736091477
736114261
736277805
736327090
736363887
736479909
736532214
736621580
736635223
736657255
737123549
737280741
737321821
737518972
737563513
737690805
737747350
737787095
737969538
738005425
738056950
738065199
738184635
738223041
738620795
738624322
738656771
738687001
738720794
738740477
738841634
738916460
738932152
739140631
739365790
739457569
739459868
739554276
739685435
739852312
739917571
739946877
739977906
740207965
740252045
740286939
740328845
740551289
740884721
741035556
741090052
741143480
741187775
741234048
741253648
741273592
741335526
741363653
741423803
741735963
741948287
742243493
742247133
742526360
742773299
743122304
743239558
743308914
743387258
743407961
743464816
743602586
743660809
743663837
743984086
744022308
744198490
744244417
744313922
744379555
744517513
744524073
744606399
744628368
744660531
744773275
744855007
744915190
745087212
745445172
745593103
745645581
745650033
745724267
745751833
745806169
745912966
745964161
746066384
746174297
746180118
746231836
746284663
746452943
746590076
746787420
746820194
746861175
746916163
747015785
747093930
747178685
747407808
747595101
747665200
747769314
747788085
747813518
748054264
748119713
748260812
748270066
748277191
748300071
748487863
748648465
748688638
748689725
748770617
748909759
748971587
748992215
748995872
749050316
749052523
749203923
749432254
749522897
749641905
749691773
749912432
750209026
750525823
750620620
750673896
750716128
750724443
750749968
750759199
750771332
750811142
750976252
751136482
751172129
751207638
751393182
751428659
751639145
751739566
751746564
751882139
752067901
752471885
752489851
752531662
752599788
752633593
752759838
752943941
752994748
753016382
753251518
753261332
753469916
753490576
753639938
753669498
753695777
753838797
754053216
754064559
754125602
754133388
754226578
754365788
754386465
754452893
754453141
754652803
754895228
754915017
755046139
755242055
755269591
755277583
755297706
755406934
755410180
755413667
755485280
755486530
755965241
755975816
756086610
756113125
756321061
756346562
756512286
756629221
756678822
756734732
756885077
756912710
756978509
757026053
757285194
757340250
757437142
757691754
757818818
757951399
758013704
758374297
758622171
758703556
758730670
758875735
758880264
758888746
758963045
759164380
759246978
759432964
759436789
759436958
759605204
759868204
760183741
760498386
760530743
760566105
760594023
760701592
760964317
761040394
761058552
761096840
761236617
761339563
761354287
761408700
761429989
761847938
761903765
761936918
762011600
762085019
762102004
762106528
762224857
762239522
762325641
762348406
762553219
762586639
762824756
762838002
763492836
763500808
763509724
763686203
763794880
763908461
763938710
764025324
764031546
764085667
764222942
764267972
764281709
764306780
764331244
764643385
765260195
765320452
765641917
765848661
765997811
766108496
766110051
766247873
766407268
766412582
766487455
766662818
766759773
766792455
766862039
767117455
767517435
767583044
767730195
767829052
767922916
768000997
768384584
768456902
768516165
768541813
768689012
768703678
768728302
768787422
768788679
768869985
769012487
769020795
769232883
769248190
769276052
769314499
769359756
769380961
769398907
769435849
769484051
769485725
769717109
769763395
769817704
769890934
770029882
770033020
770064190
770082485
770088824
770144288
770332912
770361778
770431907
770467377
770504276
770628491
770720672
770758501
770798994
770880379
770886713
770986149
771741153
771765384
771874195
772004023
772074189
772401054
772492145
772536185
772763076
772914067
773020290
773118595
773131787
773179211
773252464
773307540
773524726
773525195
773709361
773770824
773857908
774000823
774168632
774211128
774224304
774488624
774662609
774664304
774702862
774777897
774777964
774948676
775135491
775246952
775331129
775813739
776043159
776070486
776138894
776194047
776195341
776251124
776406512
776737799
776790393
776830854
777019837
777330885
777607208
777831072
777928458
778166351
778214520
778263074
778330779
778391821
778425012
778535302
778910014
779010656
779070873
779109851
779149833
779173803
779326649
779402219
779416101
779543000
779820814
779862841
780188507
780197197
780383560
780406277
780546100
780570313
780704780
780718382
780859557
781054627
781170102
781289695
781297729
781338777
781431337
781658964
781896338
781911509
781999588
782225148
782228462
782362361
782519919
782521049
782606405
782685431
782755529
782889778
782914698
783013705
783212852
783358686
783394991
783398681
783502087
783517385
783593333
783593790
783678072
783897258
783955828
784030369
784060652
784331004
784453845
784573684
784598031
784651578
784722035
784984426
785326885
785343163
785404630
785546039
785550565
785774595
785810712
785980265
786089369
786138666
786146688
786162584
786374573
786448829
786656426
786736342
786754693
787098131
787453390
787506841
787545550
787555678
787619644
787707480
787765103
787873689
788180196
788260796
788320400
788349258
788359314
788447198
788458456
788467957
788519935
788668739
788751206
789135262
789264570
789265775
789568653
789572973
789727967
789752176
789823080
789838798
789926711
790002805
790140308
790210992
790247640
790263037
790330150
790330434
790443484
790450118
790527644
790602604
790637957
790716795
790733757
790739157
790799476
790875723
791257670
791381426
791419344
791477008
791531244
791535852
791555745
791700737
791737503
791804624
791990583
792134365
792452921
792582462
792651994
792829514
792895277
792963507
792969270
793018081
793178329
793301107
793332084
793475845
793509367
793855119
793862144
793951832
793955564
793989237
794118311
794177429
794244013
794369846
794407970
794417663
794422323
794452062
794781020
794782483
794936929
794997370
795023067
795091420
795217447
795246755
795423274
795572404
795952882
796154876
796197307
796295781
796301195
796364715
796481057
796514719
796571759
796593889
796653531
796691867
796797060
796890965
796925077
797207492
797208425
797294949
797419652
797500023
797659643
797810873
797895140
798175783
798277750
798442139
798505610
798522278
798545754
798589908
798606522
798797475
799079102
799248858
799381099
799667712
799768515
799769707
799785535
799807829
799988023
800164429
800177276
800231498
800294278
800333004
800492955
800529450
800845924
800880302
800963166
801110162
801335982
801414329
801464501
801607890
801660630
801739846
801771166
801987472
802403544
802444268
802588444
802706064
802768810
802805700
802891314
802939770
803111463
803127778
803351076
803512468
803516361
803521034
803734067
803746697
803819965
803875942
803883499
804014883
804037573
804081254
804146362
804260491
804395180
804481770
804617586
804842845
804916079
805192762
805242803
805322682
805371479
805418554
805526586
805591166
805737828
805742256
805822390
806227808
806301090
806352193
806517967
806557657
806620742
806641026
806654932
806663915
806669670
806705423
806984183
807207582
807315804
807334277
807625738
807926316
808038959
808059929
808094595
808165060
808359216
808558109
808633768
808673447
808743966
808812196
808992518
809010877
809016798
809105425
809245873
809345731
809415595
809475046
809599498
809620060
809859745
809944296
809953372
810087376
810090667
810160195
810425564
810523752
810608722
810662665
810759784
810785662
810805120
810901600
810965880
810971171
811061253
811202861
811404632
811474456
811573043
811640362
811794695
811946015
812020818
812139093
812207060
812516090
812750437
812850819
812905975
813171899
813283438
813298550
813366140
813430173
813495323
813535446
813548664
813607663
813654805
813701890
813901211
814052033
814060403
814189558
814292109
814379581
814794517
815118957
815230108
815311741
815460264
815484574
815567352
815744896
815986284
816065881
816122156
816210074
816566098
816683638
816720353
816848936
816939493
817121199
817270067
817279116
817295872
817386181
817434869
817548264
817709185
817937027
817937093
817962812
818058550
818068648
818118188
818155264
818169153
818184648
818252744
818680394
818901984
818961926
818975105
819370681
819605991
819706672
819736155
819846927
819854400
820063943
820116456
820199279
820458212
820504815
820508987
820529459
820550531
820735127
820923727
821156789
821249999
821378668
821398610
821400946
821436235
821475522
821563764
821566988
821597335
821597827
821668508
821819800
821835664
821846703
821944156
821988583
821989653
822222853
822546410
822583631
822616228
822630044
822649819
822921469
823242179
823294667
823330515
823432237
823779014
823838963
823948073
824084539
824089478
824105002
824354036
824492623
824508846
824573075
824656096
824872449
824872699
824944302
825045179
825135277
825353164
825476745
825573907
825666154
825759724
825763851
825857234
826056654
826064050
826108472
826197930
826198886
826247691
826334835
826582189
826783471
826986363
827048965
827228905
827374976
827812800
827866021
827958069
827998017
828011104
828430169
828479739
828511470
828550121
828705496
828875250
828984492
829087137
829170650
829274351
829380002
829622432
829730532
829825797
829841114
829914260
829924939
829926784
830063283
830073434
830106123
830184300
830308963
830456439
830526417
830552199
830584602
830732898
831131287
831300791
831303173
831326249
831348745
831350647
831548112
831633796
831911178
832053357
832059998
832136920
832336737
832345771
832347387
832512389
832640716
832793967
833042553
833258818
833306730
833370700
833387073
833405226
833664538
833665218
833676109
833826400
833917555
833950671
833996520
834212062
834222132
834289156
834506594
834602062
834618142
834840641
834930970
834978267
835040724
835103203
835164538
835277605
835392747
835399161
835419813
835489719
835591027
835629635
835826329
835828812
835844971
835882714
836079086
836080374
836084135
836095985
836425887
836434768
836472485
836553147
836667082
836692851
836734262
836850942
837161265
837313599
837338614
837409098
837420237
837522266
837614400
837633403
837838418
838387024
838435051
838595383
838671780
838875344
838985510
838994277
839011584
839085164
839190009
839424805
839521114
839550508
839558618
839572173
839623215
839625305
839696421
839776010
839853347
840006622
840027837
840029908
840145662
840175651
840196791
840240102
840257219
840473699
840652259
840694598
840855960
841148805
841241112
841267461
841340357
841460662
841496785
841545721
841574684
841598101
841656035
841663064
841755230
841826687
841964458
842042391
842100770
842489095
842658898
842710904
842721015
842736165
842794802
843047470
843072562
843104461
843118090
843236486
843245562
843427720
843511438
843567471
843644751
844357858
844418095
844435726
844461899
844633093
844685578
844819884
844906228
844951204
844975234
845092240
845097815
845199196
845199389
845461590
845471309
845529301
845546976
845805426
845830023
845840690
845996478
846167895
846191308
846316967
846331840
846513623
846594850
846615477
846621899
846748744
846792584
846827031
846958540
847046557
847101298
847133595
847195871
847257436
847309375
847370067
847484118
847549607
847714998
847805112
847958793
848333055
848337071
848360035
848485238
848617014
848643162
848739244
848769121
848974528
849015089
849019018
849061195
849062340
849190248
849912341
849961364
849994823
850130645
850155596
850382265
850459495
850515207
850691325
850705572
850739172
850901078
850920402
851076483
851139280
851201298
851386660
851428538
851562894
851570000
851590934
851601565
851722150
851742327
851802738
851899873
852200267
852298464
852416365
852463855
852481971
852534919
852559490
852747983
852891381
852926510
852980260
853016173
853064318
853101620
853170463
853200965
853257419
853293570
853328122
853378960
853400573
853548014
853608855
853616298
853797235
853825281
854073479
854135744
854211699
854454850
854511664
855035367
855039267
855171507
855174956
855180733
855209715
855409311
855583184
855769520
855806124
855870754
856059934
856132819
856346858
856461446
856781187
857027081
857209397
857285148
857292536
857295856
857712534
857810572
857931871
858020186
858158695
858193013
858193095
858223984
858258842
858414502
858416057
858635171
858675856
858967381
859127456
859140860
859153730
859258437
859411303
859462734
859558737
859581161
859619583
859721794
859885388
860080013
860113412
860253417
860313648
860406979
860421036
860425805
860518250
860540781
860592934
860623575
860757427
860845679
860861430
860933597
861179015
861213411
861659063
861718985
861849600
862445896
862586315
862671637
862672432
862732250
862936707
863110227
863182707
863253772
863266208
863286637
863317007
863497638
863642892
863676242
863826547
863843898
863954840
863970173
864011435
864052203
864073052
864177895
864181487
864433511
864444554
864575980
864803310
864945133
865058916
865143245
865361303
865511805
865551582
865569275
865753000
865840351
865871840
865891389
865936538
866027295
866062482
866345068
866556616
866677591
866700707
866711040
866787557
866801865
866828175
867027209
867080672
867195638
867232468
867577848
867585385
867839622
867975037
868029012
868132268
868354942
868387332
868403587
868439472
868553921
868652399
868721842
868802099
868816646
868846768
869038911
869054744
869107923
869125017
869261963
869516197
869564234
869681508
869796605
869822988
869875113
870042078
870336338
870354619
870610223
870615504
870632147
870673105
870746366
870849381
870972812
871030902
871141717
871238840
871303684
871671433
871813653
871919255
872118459
872209768
872310062
872419395
872435113
872495667
872591955
872996966
873218895
873363499
873463723
873597418
873681852
873821961
873902071
874052509
874069184
874097594
874203204
874339231
874385906
874424068
874432175
874474671
874680429
874773182
874790523
874792877
874797481
874814847
874830732
875214657
875292733
875379722
875423995
875429060
875437125
875466334
875501253
875634963
875744603
875853524
875902064
876042329
876260108
876262249
876362473
876373054
876375918
876591194
876657401
876792393
876800749
876853901
876931360
877086941
877094773
877204684
877235191
877285491
877313003
877376989
877508954
877657791
877823539
877929509
878074259
878221503
878299325
878318906
878360098
878400776
878485495
878941254
878976113
878998284
879183944
879257887
879262874
879269352
879316730
879416093
879539486
879549910
879828749
879934128
880050238
880192002
880212137
880297582
880418104
880456464
880666412
880686524
880805182
880869278
881018538
881063608
881279154
881348348
881568576
881867266
881883441
881922248
882127089
882141868
882432415
882519087
882612940
882699213
882758010
882853285
882866926
882932452
883112419
883129456
883144395
883252164
883295575
883372297
883374993
883389383
883398544
883794251
884100459
884483705
884508089
884559474
884610925
884687750
884688598
884874012
884887517
884938030
885014544
885116841
885219486
885298884
885344671
885378087
885489086
885490818
885655088
885826455
885991657
886159809
886180544
886771012
886821704
886870067
886954707
887189432
887192368
887238211
887280593
887318274
887330853
887391463
887695093
887736688
887937580
888015698
888150942
888917360
888975790
889065237
889089036
889354905
889548318
889842158
889877966
889938614
889944842
890023684
890120261
890470612
890511754
890561419
890606402
890639041
890742326
890777190
890796106
890951379
891032091
891032134
891048638
891123146
891125912
891212136
891236154
891389849
891586030
891615502
891635295
891910692
891919720
892122717
892204764
892252548
892417544
892451300
892688677
892696492
892711948
892786705
892827436
892938442
892961330
892963546
892988117
893079354
893183821
893191149
893327973
893437574
893501985
893505529
893933596
893972781
894127691
894142329
894195629
894283885
894325868
894380480
894381331
894429992
894590289
894729103
894873256
895071745
895085587
895313417
895348853
895455822
895563883
895694086
895796576
895846830
895947385
896034567
896374383
896466394
896515876
896608035
896609697
897114577
897119295
897229063
897276878
897294456
897361075
897468033
897744268
898198310
898333321
898337060
898412696
898510798
898589327
898672832
898749338
898768442
898784561
898956190
898964175
899013112
899050026
899099320
899126776
899357478
899378536
899506912
899592546
899616521
899622859
899665931
899706984
899808673
899984842
900069172
900097961
900272884
900291431
900356110
900845806
900847955
900943425
901252215
901271575
901309473
901368883
901381221
901561767
901600925
901627355
901635357
901779219
901789141
901916360
901984422
902173677
902251391
902276688
902447238
902562484
902581181
902602191
902649471
902698997
902715569
902954866
902958688
902985176
903045473
903171197
903227238
903326947
903552177
903583679
903711750
903805583
904192378
904218871
904256575
904324738
904422040
904822772
904825194
904851156
904885982
904893113
904975681
905002783
905194026
905211519
905374900
905494093
905530908
905561860
905571017
905589341
905667173
905716891
905733737
905806536
905811758
905889868
906013031
906131432
906149615
906183334
906349978
906567818
906577386
906673403
906763825
907035470
907068312
907128530
907194653
907272645
907556323
907631305
907662457
907677037
907754943
907858587
907933083
907997865
908059638
908228799
908273533
908375373
908383312
908847666
908878831
908888055
908951809
908963112
908986943
909318699
909485591
909667434
909712845
909838408
909844720
909848579
909921794
909938905
909948414
910046541
910089582
910102122
910317298
910538256
910588776
910854577
910876377
910891959
910905310
911043897
911421022
911516773
911537321
911600830
911785462
911832839
911935921
912000591
912082549
912183939
912396141
912476351
912614599
912620593
912624530
912749142
912750175
912842931
912852636
913213576
913320137
913403451
913587885
913659568
913682660
913777890
913778540
913993009
914079996
914100234
914365330
914402607
914567214
914620408
914658594
914798701
914802759
914813983
915029772
915046707
915095111
915120371
915136935
915247275
915301797
915404165
915416748
915427365
915571907
915886934
915950337
916021344
916052242
916070594
916115777
916237273
916359550
916430056
916636600
916704800
916738020
916767185
916863065
917085531
917280156
917404546
917430843
917586011
917729975
917735259
917939880
917955039
918034870
918128362
918231212
918486149
918606332
918731754
918751609
918876759
918898045
919054252
919165398
919242361
919289704
919404109
919527271
919552199
919605692
919679939
919758840
919771322
919806247
919867628
920037311
920163111
920328908
920330021
920696037
920789247
921150495
921376723
921405702
921463392
921525573
921645191
921700412
921701702
921781514
921811431
921824288
921881451
921901803
922063490
922155117
922198423
922594015
922738051
922814560
922976982
922993009
923010857
923087204
923123462
923177787
923190127
923233160
923274244
923443526
923573855
923611198
923644321
923731385
923777244
923816279
923903257
923934820
923944604
924287647
924326515
924763355
924868511
925295036
925454713
925479986
925512293
925528720
925575661
925594867
925706338
925855361
926023018
926026202
926085465
926104338
926259941
926267473
926282981
926331573
926335326
926496895
926504535
927047228
927499763
927594054
927597792
927686930
927713817
927727740
927901741
927988616
928020680
928052969
928568695
928619959
928668706
928733298
929004348
929099744
929504097
929533198
929549031
929780115
929816418
929877799
929936083
929966626
930228573
930280674
930507713
930662497
930734977
930744634
930802195
930993040
931056983
931152629
931633942
931710071
931716788
931795716
931801256
931906037
931976602
931977233
932076455
932153447
932164146
932181579
932213133
932414610
932485945
932523891
932580136
932655371
932666254
932859274
932947734
932981273
933110926
933136330
933137885
933411293
933498590
933548931
933656323
933673221
933674742
933720217
933766458
933853412
933889529
934313645
934493884
934584012
934745518
934804304
934977276
935170340
935237275
935256685
935412495
935537781
935542537
935646057
935969007
935988937
936001542
936097542
936193183
936254945
936367553
936376968
936434298
936449652
936620230
936722249
936729162
936736643
936784580
936945679
937042067
937049475
937321769
937633552
937782043
937960250
938123567
938261738
938330764
938441692
938535796
938536079
938607676
938951995
939015589
939134572
939184463
939309564
939314263
939499089
939569392
939665735
939971164
940058415
940181716
940284198
940333081
940404610
940446860
940714893
940957460
940967073
941119759
941469024
941607471
941719980
941806527
941910823
941986409
942011262
942110393
942111004
942143735
942231750
942236588
942365729
942500189
942695525
942723522
942773450
942810960
942819067
942864199
942945577
943004359
943077852
943248074
943326068
943517995
943569998
943704172
943733109
943778153
943800814
943818384
943896652
943969797
944018879
944046083
944197304
944268815
944316500
944356006
944501258
944505448
944535495
944578651
944581376
944607456
944609003
944614511
944821468
944984797
945007307
945146158
945184948
945483888
945539565
945567269
945662282
945677257
945687038
945774226
945824380
945824942
945997292
946001589
946112817
946225583
946416644
946454690
946496010
946566063
946792936
946864552
947106669
947305789
947426607
947472309
947678289
947681758
947715730
947776667
947825542
947851013
947894055
947902920
948006204
948069888
948224424
948241453
948369080
948412409
948469609
948731552
948760660
948787755
948860535
948878845
948954420
949104019
949229625
949496674
949496797
949596547
949740290
950025662
950038124
950082792
950223529
950243272
950304236
950325067
950702482
950828358
950830974
950863876
950891233
950911390
951224400
951253507
951398401
951476401
951655593
951733611
951737934
951879141
951980693
952019562
952081230
952211781
952537260
952640929
952656150
952693141
952769747
952930691
952959735
953070565
953102963
953106813
953319719
953334536
953347525
953397088
953549439
953632290
953658118
953680839
953695928
953701915
953715715
953742735
953771624
953807726
953840486
953871540
953958237
953981232
954102003
954105059
954283453
954460875
954526272
954613952
954641464
954678582
954686398
955055477
955125741
955141062
955214680
955254414
955396976
955437322
955561526
955769115
955858807
955938419
956068967
956185375
956256119
956335449
956418992
956480438
956506626
956610827
956705647
956758148
956923220
957122801
957171289
957187031
957324338
957454715
957549465
957957567
958029114
958283052
958295287
958417724
958562941
958581307
958665128
958811749
958913286
959015217
959042773
959860103
960150818
960232140
960298123
960396764
960525815
960813077
960935839
960976660
961027050
961154039
961202367
961247096
961252745
961380441
961392999
961422530
961440087
961505343
961724053
961724251
961783489
961920475
961923045
961982988
962059726
962176780
962380946
962489829
962525560
962632990
962634855
962740414
962742375
962904474
963041297
963110909
963156395
963214102
963322658
963332303
963385741
963409206
963459809
963503618
963556358
963570849
963594026
963686859
963697826
963716165
963833071
963859082
963865863
963969786
964032282
964189581
964356366
964445988
964607719
964749432
964784927
965125537
965274675
965281801
965540243
965560280
965805120
965884540
965898508
966160514
966219650
966239302
966321070
966441596
966691797
966903625
966947788
966996583
967070831
967094729
967181430
967460940
967513970
967767576
967777288
967798204
967948438
968016887
968036646
968102826
968255765
968317775
968418529
968561457
968598400
968857692
969084493
969645999
969763236
969814341
970016550
970047760
970083055
970311827
970367768
970369640
970471737
970865230
970886365
971242995
971584699
971848219
971864145
972015564
972088865
972130742
972335373
972407925
972611115
972668991
972686385
972889702
972899049
972903745
972919003
973188987
973394926
973405477
973406001
973437399
973665645
973682608
973746649
973756487
974232644
974459152
974463605
974494675
974639074
974689930
974708822
974831786
974835834
975199674
975245604
975294739
975498820
975511510
975547747
975599913
975612297
975733302
975869523
975918781
976018138
976153426
976161758
976170007
976179902
976261963
976282829
976297668
976458067
976558384
976644245
976668251
977115194
977136727
977180003
977537827
977545293
977614698
977663483
978241128
978307278
978386405
978413441
978695309
978982783
978986582
979043458
979302565
979305376
979481352
979493060
979647205
979693993
979742778
979847807
979878673
980076106
980141507
980143423
980314836
980394571
980687702
980803512
980900572
980959433
981039108
981084828
981241230
981242223
981380017
981390786
981433826
981473611
981655103
981838712
981900092
981933628
981944490
981989469
982186910
982223753
982288624
982375921
982811160
982923412
983233447
983306646
983409376
983530597
983539524
983626617
983652626
983719944
983773441
983793761
983825032
983904067
984179926
984186264
984213463
984243811
984291988
984338924
984635179
984668757
984992630
985073741
985107173
985114152
985441534
985487958
985553307
985578328
985884224
986047603
986207105
986305248
986314092
986320449
986388832
986449981
986637151
986654480
986705945
986751873
986815996
986822405
986865427
986954341
986994278
987233750
987373127
987409441
987441658
987574692
987591935
987597602
987736571
988182673
988231192
988311596
988623661
988737551
988775558
989021568
989163707
989278605
989582446
989618419
989760127
989909164
989916686
990160765
990191278
990579326
990849304
990859877
990938951
991208167
991227832
991406644
991538285
991651329
992180728
992198587
992206611
992462389
992526363
992710935
992722695
992734891
992906895
992999943
993002885
993285360
993442028
993700025
993752988
993862438
993892368
994005768
994019423
994057305
994096978
994164667
994261131
994343948
994350277
994514681
994636003
994709656
994740652
994886035
995038621
995286800
995548527
995713276
995756680
995828409
995831175
995891306
996004880
996149363
996455370
996824422
996839713
997370867
997452743
997515658
997543823
997657074
997690855
997987997
998380192
998529023
998603327
998677617
998694996
998779384
999073629
999113174
999154052
999292895
999304383
999327300
999342656
999594274
999603213
999783213
999795957
999875230
