61218
102751
129753
163676
653310
682675
688802
781527
807195
924838
1020213
1049159
1067659
1150410
1230718
1252983
1309673
1478185
1498400
1589000
1666644
1683763
1716977
1968386
2071620
2240702
2406356
2475880
2566062
2662834
2754943
2825506
2853131
2932602
3019875
3063956
3086246
3117997
3243641
3373376
3394994
3396864
3595550
3646847
3659297
3696795
3703816
3981581
4130631
4260728
4421307
4517467
4539722
4641958
4712811
4835541
5066063
5128602
5298006
5374662
5392119
5400338
5738477
5913016
5914213
5940286
6108446
6343423
6433549
6507386
6521579
6539806
6599002
6661152
6688571
6718870
6822993
6837709
7183172
7242969
7265783
7270977
7329605
7409914
7650973
7665153
7737323
7737379
7915076
7966432
8048871
8432513
8479412
8511240
9169013
9344672
9477614
9539452
9796778
9798051
9857974
9948055
9983809
10033862
10274377
10307710
10312681
10471943
10643297
10771736
10812981
10833304
10851386
10870063
11024044
11047965
11093643
11404047
11879496
11903154
12036277
12161067
12372521
12442202
12493724
12596076
12636409
12662161
12669171
12751136
12865052
12936819
13190274
13233621
13236725
13343382
13369125
13397602
13513353
13587602
13669196
13705916
14081933
14150634
14157290
14243942
14264725
14367272
14384780
14504660
14663897
15176443
15312644
15321604
15393274
15456925
15631892
15693343
15959812
16376753
16461391
16463233
16525673
16762420
16911416
16991247
17030633
17079839
17258451
17270954
17328440
17343211
17350184
17487737
17641588
17985090
18195793
18567958
18573144
18648822
18759533
18865647
18897265
19085152
19318768
19618448
19625258
19805423
20178079
20190255
20233197
20246154
20317348
20324763
20368810
20422298
20481636
20565054
20642391
20694474
20970990
21274171
21387075
21526895
21595199
21811174
21934591
21956906
22009445
22113761
22244709
22336990
22541996
22682319
22720790
23154052
23163204
23352577
23566276
23631979
23634079
23738736
23775651
23929366
24167458
24201303
24246587
24789912
24964537
25001942
25026810
25032213
25086519
25257800
25459007
25629384
25815063
25909019
25963151
26162274
26200266
26326380
26341294
26598276
26688369
26971528
27291068
27308983
27499407
27555097
27579203
27638018
27883249
28031476
28047069
28082655
28186206
28235095
28282560
28315366
28351802
28433767
28478377
28554696
28916132
28970727
29000870
29034999
29137675
29335431
29614063
29659787
29683702
29753277
29779455
29894199
29897451
30031824
30251972
30269817
30274451
30421274
30534251
30574042
30696144
30747446
30766979
30942133
31016503
31062335
31082456
31088736
31224664
31313358
31456760
31498227
31512674
31533766
31584924
31630124
31657768
31811244
31896965
31917481
31998790
32026899
32253994
32381715
32480110
32559843
32847988
32848447
32909949
33009566
33028882
33029865
33197844
33255229
33406972
33447428
33579714
33841409
34067680
34280474
34304306
34328556
34369899
34414741
34435546
34603757
34797320
34839224
34855645
34943073
35503537
35538734
35621226
35877216
35880063
35911940
35951674
36177563
36317558
36325588
36380130
36417505
36505800
36776056
36841717
36856605
37060154
37061466
37203217
37434871
37568737
37822460
38243459
38327720
38332856
38339994
38492160
38603701
38799789
38999462
39067293
39189808
39341140
39402095
39460113
39478345
39540561
39562144
39717468
39762038
39820582
40083248
40190145
40348833
40474136
40579542
40669531
40853800
40941645
41218499
41290311
41310064
41317200
41515823
41581505
41615245
41655975
41814903
41837483
41917892
41960675
42051973
42316950
42376037
42547054
42653584
42656259
42936106
42949178
43055938
43222200
43335244
43355396
43765608
43839170
43896528
43981687
44126419
44182733
44232850
44239453
44522288
44566661
44572727
44580856
44585481
44615942
44645923
44740530
45074358
45279024
45285184
45303003
45643615
46067924
46082644
46126186
46226242
46441221
46539909
46750803
46908260
47006897
47020521
47236209
47314013
47435506
47527365
48106195
48199937
48237387
48310892
48602727
48652482
48723044
48923198
49199771
49209323
49216546
49258264
49350963
49353876
49579027
49701935
49703603
49786403
50173961
50194193
50251470
50647657
50711451
50922610
51076627
51122543
51208507
51241302
51247479
51299123
51389337
51498590
51764473
51865609
51866543
52048266
52066211
52084485
52217853
52319623
52478376
52673865
52902395
52903443
53014755
53206815
53210519
53281896
53314453
53401512
53522270
53623746
53809736
53927733
53934191
54120256
54162894
54240139
54399419
54567235
54606864
54772045
54857289
54912601
54932246
55015770
55075349
55116973
55158692
55384636
55393896
55455403
55492878
55711214
55884726
55912887
55986929
56021341
56184017
56400700
56624600
56750326
56983886
57002625
57113791
57206662
57242017
57263901
57304670
57339614
57420574
57436627
57862982
57886159
58038714
58449432
58544500
58643438
58699818
58713328
58918512
59095967
59249640
59330410
59395526
59499195
59518578
59534148
59546732
59564257
59682489
59780826
59793317
59933185
60019457
60064534
60196522
60290773
60491252
60687557
60857172
60919489
60920302
61085867
61195514
61261341
61287167
61293084
61296738
61564481
61644510
61675168
61677819
61742049
61815715
61873820
61882099
61909026
61955399
61990726
62014905
62031448
62140920
62217963
62257652
62433806
62518473
62528490
62629327
62887712
62890568
62909936
63133132
63152489
63459678
63500120
63571451
63634026
63664193
63713347
63775228
63960737
63991574
64000002
64063694
64209382
64350979
64362186
64393153
64436895
64441132
64482979
64510387
64590279
64730698
64752637
65027581
65508844
65596623
65712497
65936359
66054490
66100215
66122856
66212498
66281944
66455603
66580298
66655646
66689006
66738045
66746930
66768396
66945705
66951902
67019930
67251240
67439772
67466073
67477635
67530884
67531317
67578759
67607486
67789644
67798632
67851078
67947480
67981578
68001282
68095822
68157078
68225777
68300694
68375682
68485417
68520438
68589028
68634888
68664791
69028687
69237282
69267685
69624272
69782603
69814897
69913515
70031822
70049918
70061543
70071412
70157599
70252825
70260933
70452841
70474298
70597182
70870278
71099253
71236225
71257116
71303655
71826859
71863011
71932087
71952979
72018222
72090956
72136770
72503728
72916573
73289867
73557466
73560535
73698069
73785858
73800242
73807855
73811434
73811794
73880410
73974447
73976975
74007118
74007731
74073088
74624687
74634849
74657440
74824565
74877009
74938041
75056921
75149687
75178734
75190989
75224481
75350128
75370559
75404345
75559658
75789702
75887764
76014441
76036332
76093088
76278853
76348565
76350451
76398550
76474884
76533903
76631193
76797682
76817106
77178016
77196465
77228127
77254712
77397067
77485844
77487550
77518025
77522568
77741497
77853009
77901683
77995900
78010089
78081338
78233997
78349459
78383624
78405624
78702679
78755903
78767347
78805215
78835887
78849473
79107719
79129331
79129497
79148635
79230676
79625872
79667566
79706342
79738819
79915165
80069974
80159897
80195700
80422899
80428693
80649243
80657812
80804641
80814472
81053847
81137153
81197811
81313791
81329723
81353966
81669844
81669990
81989260
82005261
82053294
82117204
82659890
82750441
82808183
82858719
82950256
83183832
83264558
83587666
83816566
84120968
84191008
84497971
84509841
84554088
84752559
84972940
85126382
85135202
85236116
85245193
85374886
85549920
85681955
85729929
85808263
85978056
86027149
86082108
86109544
86164009
86230856
86301358
86369735
86474021
86579084
86623402
86628138
86657305
86668902
86786101
86813726
86838978
87201093
87344770
87447630
87484939
87984426
88019336
88156601
88395376
88438978
88451688
88625509
88743241
88776603
88806429
88812012
89061062
89194566
89280082
89288342
89488287
89547618
89724597
89787401
89824370
89831694
89899140
90201151
90313885
90319930
90484337
90653494
90668949
90724011
90941046
91045507
91100140
91109196
91244118
91656279
91680250
91766320
91769768
91858575
91954151
91955938
91974558
92086132
92258897
92309629
92376141
92545282
92622917
92643581
92693967
92742036
92823132
92858150
92994646
93003931
93046584
93194896
93205263
93253561
93488351
93556948
93636109
93641337
93688335
93713791
93846837
93985458
94032436
94094052
94144848
94219626
94430732
94557160
94568517
94727556
94834971
94955531
95025706
95465835
95479578
95650337
95692100
95909211
95999498
96297132
96342123
96360049
96367431
96481875
96486210
96516675
96843809
96970494
97149764
97254909
97325051
97332317
97797904
98081474
98120745
98416948
98473920
98497905
98529942
98556072
98823436
99290138
99319648
100111523
100126790
100183994
100185707
100281369
100318109
100325840
100390765
100639319
100750166
100807142
100820608
100874447
101024398
101581432
101660411
101826688
101848860
101874768
101975803
102066724
102073271
102176360
102178713
102218401
102230965
102327829
102521893
102684358
102743335
102862467
102951752
102972849
103010579
103209959
103211663
103491654
103533881
103635484
103640124
103655952
103801959
103911929
104118963
104272416
104352597
104360781
104474483
104601441
104749488
104789187
105161775
105227602
105345116
105669360
105672319
105837803
105904690
106067781
106120385
106296762
106428060
106553001
106572260
106622077
106731613
106739274
106872687
107065114
107164867
107235925
107417924
107491893
107714672
107946691
107980450
108028258
108106093
108130068
108211134
108252875
108400598
108417871
108667842
108705477
108725852
108914927
109259332
109282034
109673390
109687510
109991263
110035519
110442000
110444127
110462860
110607720
110762102
110764040
110793255
110820253
111110555
111121033
111126452
111160526
111326072
111331932
111422857
111434037
111486932
111497774
111513311
111615634
111696940
111697386
111717426
111747807
111912455
111930714
111965451
112071440
112095796
112103401
112168254
112293723
112514371
112546492
112619200
112662535
112797537
112957819
113123247
113153679
113155116
113169354
113254462
113317415
113341407
113867313
113884494
114241580
114340400
114346061
114480468
114607278
114633460
114658199
114668649
114879922
114927033
114941395
114959118
115119273
115123423
115163146
115170411
115220647
115292051
115297838
115388074
115446267
115512023
115952345
116136226
116221180
116372114
116477566
116516023
116770324
116832380
116832391
117292171
117377872
117532679
117607273
117610153
117684004
117708065
117725603
117762673
117803700
117820289
117853363
117877970
117879968
118132027
118195773
118222053
118244568
118346477
118428067
118590670
118662356
118983927
119011227
119061505
119252845
119348652
119361521
119378473
119409482
119600608
119852399
119922742
119961795
119972771
120197476
120297789
120348165
120386466
120658850
120935585
120942451
121065964
121081416
121107930
121122191
121183854
121219792
121516087
121519027
121724387
121725275
121748689
121783752
121849314
121874462
121972120
122022889
122181015
122301358
122476973
122751718
122799595
122940196
123214109
123416821
123469833
123492387
123558690
123664172
123683683
123686085
123725368
123805890
123951167
123970773
123989512
124395099
124450541
124735019
124744430
124994047
125036328
125052619
125084412
125244583
125398942
125650710
125711546
126074690
126178651
126304304
126398211
127008131
127177905
127203912
127613063
127639450
127724951
127837067
127956144
128056040
128064885
128119577
128269142
128444796
128807326
128809635
128816825
128894329
129008979
129124330
129226528
129324924
129338716
129522479
129690599
129844133
130057026
130092594
130103564
130154282
130214695
130343191
130348454
130457191
130480165
130481587
130499958
130509067
130798864
130817862
131050784
131283180
131513198
131778144
131867082
131931560
132393428
132432404
132520042
132549880
132704728
132742820
132841850
133032210
133047732
133058153
133061704
133134229
133283925
133367182
133516335
133566032
133571356
133643923
133780811
134163633
134202901
134212347
134225216
134355102
134511993
134524369
134824370
134955152
135095671
135122116
135205064
135263507
135350582
135370499
135439397
135487766
135504724
135518767
135578176
135646611
135656180
135925288
136033007
136069915
136239279
136250391
136255927
136552843
136833062
136881943
136998996
137036264
137114678
137224085
137262374
137304972
137343898
137501416
137607506
137621849
137653270
137690938
137791017
137895906
137963025
137983216
137988084
138007482
138091616
138224024
138304302
138349543
138352081
138465574
138729999
138892532
138922084
139130591
139188027
139266971
139364571
139408535
139472839
139755578
140333081
140613928
140644559
140940229
140979588
141054304
141203022
141328247
141368161
141863256
141918112
142093458
142153926
142164163
142235069
142590485
142728652
142743345
142835857
143180448
143838046
144017863
144062872
144174258
144185012
144224732
144270932
144530501
144739427
144784114
145057580
145192577
145307379
145310089
145499810
145691134
145716456
145744481
145855313
145859463
145948112
146032739
146079989
146142622
146256906
146262830
146364879
146383863
146519235
146528142
146941620
146960510
147105482
147236919
147340522
147374797
147466713
147565647
147685828
148015855
148089462
148322012
148395364
148509890
148539568
148596267
148633978
148720250
148820524
148842736
148883509
148938404
149197465
149264541
149382452
149599991
149829024
149929686
149950108
149982352
149989681
150073627
150177547
150456092
150469079
150480979
150675737
150892824
150923050
151198969
151360273
151425557
151557457
151565383
151597806
151633701
151819518
151897822
152136841
152257695
152347150
152832166
152833230
153150678
153277868
153289903
153308152
153375203
153393284
153553043
153859156
153893146
154005475
154043095
154342512
154417861
154463704
154668627
154725916
154796082
154832093
154852948
154875471
155053862
155128555
155163658
155242023
155335905
155344799
155364726
155369370
155550517
155627403
155765459
155890556
155924851
155928577
155982136
156208011
156281332
156316816
156392222
156494637
156628522
156634268
156685348
156905008
156961448
157073395
157091844
157220498
157544279
157627903
157804350
157870671
158044930
158060927
158101730
158387347
158522654
158714422
158879446
158931778
159049492
159167041
159232793
159310894
159408485
159537279
159668450
159699965
159763305
159905921
160025916
160038217
160087415
160397421
160492336
160508764
160575234
160608397
160649525
160698614
161222752
161472338
161475214
161576811
161609777
161665953
161720553
161804212
161857043
161956288
161989331
162022488
162350019
162375089
162400307
162477369
162515808
162537391
162834126
163020071
163058835
163169910
163373324
163620607
163735384
163780271
163800557
163983243
163985297
164038993
164133142
164175461
164186710
164233515
164312688
164462474
164497374
164845268
164959718
164989137
165099768
165107767
165252418
165255632
165391852
165412662
165481723
165555652
165817396
165901757
166053045
166071758
166258275
166411440
166502468
166553650
166628834
166655914
166708708
166874574
167019638
167155061
167296932
167342396
167425317
167433581
167441333
167444259
167459239
167795146
167962845
167963010
168075507
168103468
168142784
168151658
168187083
168251790
168313730
168454933
168487697
168509344
168606087
168667001
168852291
168929074
169041277
169048180
169079872
169270978
169608527
169661786
169709481
169827572
169919231
169938294
170123890
170247407
170259827
170331801
170512118
170635175
170752169
170764153
170982593
171049016
171153523
171269411
171317805
171366120
171381790
171499356
171552031
171577149
171627162
171654003
171677716
171805523
171892554
171954230
172001019
172039886
172098947
172275959
172622790
172641529
172962236
173081304
173325198
173384779
173505385
173561961
173694844
173816366
173945206
174053162
174184165
174288865
174319916
174353655
174370923
174504995
174515069
174537209
174625532
174660799
174674588
174797511
174804784
174969362
175013940
175157210
175218575
175481438
175651692
175707886
175740110
175788746
175804257
175862183
175893253
175954491
176152445
176666821
176763728
176836197
177516233
177554747
177768270
177809716
177819104
177950815
178052992
178071929
178335785
178495563
178514997
178517968
178543327
178560646
178671442
179114077
179147244
179186340
179224204
179282709
179417641
179475865
179602557
179650016
179813471
180127629
180128471
180313871
180334399
180373251
180395247
180397083
180512834
180539086
180551164
180620040
180663581
180841297
180852079
180862539
180978824
180999595
181012052
181038051
181112498
181256758
181274527
181362300
181438449
181716657
181816900
182090384
182111044
182169736
182235066
182387957
182435768
182465338
182668568
182698513
182842196
182893578
182928229
182956979
183174438
183186196
183266073
183411785
183473086
183695348
183737105
183767137
183865947
183879915
184096624
184261522
184382745
184487412
184569709
184573232
184692003
184708502
184763143
184891231
184970443
185163003
185229002
185290824
185422852
185870129
185882812
185892640
186169310
186175354
186244938
186456748
186595638
186618601
186801195
186804435
186829953
186933199
187257658
187313877
187499328
187636480
187677381
187741852
187744370
187760628
187804234
187875679
187922590
188126101
188208339
188237514
188240271
188267159
188323049
188354971
188375149
188530964
188604260
188625130
188740643
189022028
189162451
189185914
189187124
189389556
189489300
189580048
189765576
189852364
189863525
189891361
190069540
190534249
190625644
190825124
190921448
191151419
191363582
191435524
191546868
191902606
191993462
192022384
192038808
192067492
192204643
192321592
192345304
192411924
192423097
192540772
192577108
192589235
192764912
192809530
192855762
192937247
193182779
193348285
193372815
193448103
193507243
193529515
193645417
193660299
193840808
193997147
194037772
194050660
194215856
194257942
194483679
194668256
194800072
194864731
194866638
194880196
194994771
195203514
195290894
195354631
195360838
195410667
195428147
195453371
195484016
195555614
195588362
195638157
195917861
196013050
196051183
196195662
196338792
196473754
196537623
196794923
197016182
197087681
197141132
197167739
197401963
197564385
197577493
197826129
198021869
198057246
198188134
198259061
198279395
198643222
198725350
198771153
198797080
198883030
198896841
198937590
198947866
199085144
199183080
199216255
199297697
199304941
199467448
199511479
199664220
199726609
199763234
199866260
199969356
200036898
200066082
200120868
200284630
200414128
200522648
200558006
200578128
200604874
200633142
200791811
200832958
200843912
200879863
200886517
200889245
200891786
201082286
201186351
201294599
201386069
201656666
201735969
201746409
201917901
201989528
202065780
202080806
202238093
202376092
202484062
202661728
202700693
202743711
202944818
202956387
203001422
203008437
203084033
203146639
203287417
203474586
203567835
203719034
203773091
203854004
203870929
204009369
204020219
204054701
204108484
204354906
204777671
204817298
204841034
204843128
205001492
205182786
205311835
205331181
205340553
205461218
205630656
205742309
206055527
206127310
206233479
206236984
206280408
206336551
206349773
206372110
206500267
206647684
206676658
206691549
206928664
207032094
207511731
207658316
207664505
207794050
207810539
207888304
208054538
208090680
208205008
208210423
208274148
208313324
208387826
208489115
208497613
208593167
208681345
208795245
208945422
208988243
209026503
209079604
209127502
209213241
209411255
209481289
209526341
209756956
210097885
210168957
210237330
210374867
210453588
210501513
210802669
210841840
211279642
211309172
211369490
211519936
211639297
211735222
211739646
211990854
212454346
212527200
212872203
212934318
213004256
213067648
213378474
213615239
213691679
213704297
213714719
213975779
214008250
214021807
214029292
214233106
214287167
214383323
214697527
214714653
214746606
214833776
215084720
215121646
215177263
215196449
215312529
215343189
215894203
215956708
215983376
216138575
216161452
216220057
216337415
216340603
216413611
216483872
216568618
216582999
216663118
217384518
217586730
217616586
217699643
217772243
217934071
218026806
218115697
218184941
218196166
218408876
218734762
218737204
218841688
218877438
218928546
218996239
219028166
219441067
219443336
219544161
219618027
219717743
219945950
220090796
220193630
220629430
220938548
221063837
221129890
221132171
221414438
221455632
221626772
221652828
221673477
221885644
221940928
222256132
222406583
222519015
222560516
222746844
222798620
222804659
222989888
223297846
223375043
223418976
223483466
223506913
223630545
223735508
223741064
223773343
223773509
223865704
223894735
223969640
224000138
224297417
224476183
224692224
224719829
224842448
225058733
225136951
225147915
225364811
225522886
226597390
226720973
226735609
226750931
226751447
227005416
227197372
227207385
227227870
227246362
227366780
227395879
227414093
227480387
227533588
227645467
227923309
228089443
228287276
228305687
228445924
228913802
229226315
229333497
229363609
229587982
229624777
229666000
229786871
229790703
229806280
229832303
229923555
230105438
230246648
230252595
230302688
230393620
230420745
230555333
230579604
230683952
230834919
230888054
230941671
230955444
231063461
231187447
231241257
231456549
231515514
231529393
231826297
231921701
232157600
232242806
232278056
232380174
232469611
232640310
232664757
232741285
232771987
232851324
232885789
232917842
232949630
232963465
233029366
233085008
233117143
233178166
233207453
233232110
233656097
233663422
233746371
234099274
234620366
234734183
234768892
234800954
234834244
234835191
235060993
235071250
235222780
235341523
235403694
235516684
235553940
235576616
235641635
235803897
235914812
235927320
235945701
236138005
236143908
236146241
236219136
236219678
236227026
236299975
236322032
236376977
236376990
236771764
237060799
237083395
237138534
237489888
237542279
237567148
237645477
237680455
237714673
237718263
237802247
237922501
237952157
237985803
237991146
238064153
238141268
238194784
238382258
238454439
238502058
238660266
238808520
238902593
238916427
238973577
238979677
239011942
239015553
239045242
239157513
239284081
239437715
239476344
239543133
239555942
239577065
239724078
240002116
240397497
240498657
240558486
240670565
241067493
241089670
241296119
241538685
241593625
241626220
241658385
241813664
241972063
242083222
242171754
242246596
242409959
242413996
242510958
242560380
242672253
242688947
243030759
243222925
243226694
243469459
243498371
243586793
243625473
243662069
243803163
243811720
244236018
244272906
244362689
244599999
244898109
245079636
245083674
245088736
245337598
245485918
245517940
245765547
245779425
245970182
246021356
246055118
246132586
246223652
246248039
246289535
246462459
246539581
246824817
246838228
247397426
247442985
247514067
247708547
247726914
247846060
248022133
248027307
248129677
248148340
248150610
248301151
248506461
248510523
248543377
248680044
248708797
248750135
249528450
249662127
249718721
249738707
249827361
249976692
250052980
250186436
250215708
250226637
250282246
250423714
250565119
250634541
250734931
250748151
250830895
250848966
251234341
251438746
251476230
251575185
251860735
251903640
251950129
252035564
252238689
252410844
252473085
252492722
252496723
252669914
252747365
252811631
252848590
252853149
252853429
252876375
252939908
252942456
253106781
253216240
253593639
253718433
253770559
253911270
253929394
254137973
254250571
254428254
254454990
254557138
254691975
254900858
254907122
255014825
255156254
255185407
255258043
255410275
255465478
255485217
255561185
255575024
255612383
255749744
255869415
256026656
256289465
256369300
256401852
256518747
256636733
256664224
256753568
256876117
256964840
257001301
257276815
257326433
257345609
257413834
257763982
257819841
257828443
257968615
258161577
258276526
258287120
258580209
258674523
258717257
258732274
258767145
258769956
258811426
258828244
258853400
258898086
258913144
258978441
259068227
259127724
259168932
259287482
259304785
259768448
259810324
260048277
260098324
260327781
260450107
260485994
260673108
260692963
260839817
260854669
260894225
261101135
261422653
261477008
261482260
261694693
261865741
261917359
261940847
262032156
262056274
262208911
262372067
262498965
262585039
262668073
262736357
262768678
262850369
262996612
263061930
263128475
263286323
263301651
263558898
263864166
263923528
263931885
264165316
264338890
264366260
264387181
264526751
264572523
264598642
264708341
264974597
265059451
265107548
265216964
265316995
265353597
265445248
265533004
265597743
265701196
265905431
265974233
266011969
266083461
266111216
266113454
266159552
266162329
266221798
266225498
266227748
266233550
266238026
266324909
266345984
266400380
266543755
266690065
266758059
266898807
267002980
267009842
267427615
267429366
267453735
267496939
267549374
267578601
267626712
267762373
267873130
268024999
268254100
268372098
268486129
268507810
268587288
268591726
268706698
268907063
269022839
269041519
269198103
269228677
269295410
269362795
269383657
269395330
269428862
269672014
269676143
269678879
269723372
269741349
269799993
269806639
269812285
269886476
270003302
270131575
270375713
270380402
270432417
270685103
270748906
270873498
270909733
271107180
271114545
271257143
271258688
271260370
271642654
271690479
271756087
271833857
271923265
271930651
272233764
272321436
272446153
272449915
272664513
272746012
272756327
272993453
273471287
273694535
273720166
273808867
273831254
273860545
273969836
274006790
274011565
274018959
274121468
274300944
274351658
274408110
274511855
274663877
274727432
274786552
274839444
274849898
275011247
275035292
275183532
275193941
275285126
275369191
275406070
275726188
275817072
275849833
275924438
276047205
276048438
276160025
276198777
276217731
276261517
276358538
276470037
276710352
276718042
276737642
276877379
277056200
277101819
277292376
277312594
277371940
277595620
277685759
277686482
277846562
277912528
277949841
278086792
278350300
278416016
278656264
278816977
278907977
279015864
279190226
279235560
279503286
279523999
279526033
279563555
279630309
279632440
279708838
279892686
280225110
280261276
280282411
280412894
280416501
280436265
280691612
280730098
280740228
280815361
280838773
280997542
281036279
281396163
281419648
281546828
281706459
281776268
282033354
282145128
282294589
282402985
282423320
282467180
282592635
282704086
282738075
282796834
282831250
282879930
282938710
282986657
283072583
283178143
283216159
283307609
283343438
283362775
283420113
283810698
283904034
284037257
284154599
284200717
284264033
284279864
284417699
284474238
284498927
284612325
284633566
284648250
284679558
284705384
284719858
284757023
284998092
285155018
285190382
285520169
285526454
285544844
285594458
285658276
285928463
286007118
286319801
286341777
286476167
286537669
286540295
286586397
286733920
286757619
286796012
286879861
286974907
287060864
287390952
287396717
287465009
287511354
287720148
287830985
287840564
287920369
287937940
287945129
288197174
288211438
288232877
288253156
288274799
288492785
288553203
288626528
288718279
288764474
288829960
288932184
289086065
289129446
289207612
289288543
289297391
289298330
289614732
289629684
289804263
290137097
290206689
290439654
290586728
290637598
290759136
290812583
290909331
290977203
291023566
291053472
291073061
291202945
291205147
291360342
291495379
291522944
291790493
291852331
291949644
291994731
292008491
292049256
292144420
292237585
292245689
292264767
292380663
292511387
292577119
292579027
292666380
292859891
292861214
293000462
293026362
293045752
293218856
293263603
293802713
293859068
294010188
294068168
294112255
294185457
294221007
294232695
294272044
294391463
294432239
294555920
294617778
294686118
294743298
294767115
294828300
295001862
295018826
295051246
295080546
295140959
295145748
295164839
295383073
295564780
295889546
295934453
295979131
296005991
296194963
296315245
296330370
296474345
296660673
296808847
296852470
297014624
297149663
297175293
297418315
297560897
297683307
297968134
298167927
298170274
298332553
298362907
298431713
298505356
298550819
298593454
298743827
298874298
298959360
299346979
299506444
299511981
299560103
299585139
299676119
299708240
299758091
299839923
299896240
300191063
300435461
300623193
300798976
300800426
301038553
301058661
301096156
301227668
301274982
301278257
301392127
301394724
301553101
301583934
301629219
301633806
301813310
301840275
301910070
301916021
302122024
302421108
302521607
302609232
302654653
302764788
302816907
302844505
302981966
303084756
303169520
303227843
303347197
303415719
303551059
303718615
303731929
303775470
303854713
303909949
304373496
304378792
304393948
304457382
304491796
304571406
304600783
304753838
304753889
304778269
305053865
305096748
305123116
305206429
305276163
305315389
305346325
305573674
305632945
305951012
306070602
306096157
306208325
306209960
306213999
306421151
306445125
306449843
306516970
306584183
306942990
306986797
307152078
307275985
307426193
307702336
307876365
307885341
308157717
308318672
308519256
308746693
308891799
308901176
308913422
308966541
309043591
309189472
309259798
309343965
309585883
309587868
309603256
309715038
309805165
309830148
309991153
310007010
310089865
310091910
310103349
310212844
310220869
310260294
310279349
310331308
310423710
310525240
310581092
310873050
310879273
310924695
311116428
311259233
311279234
311351953
311673511
311734764
311812489
311874498
312086613
312264279
312293730
312416149
312555505
312638435
312943059
313028444
313136562
313146819
313242750
313283672
313340678
313478623
313554561
313565793
313910072
313931445
314146977
314226111
314239233
314346773
314362337
314399599
314424832
314494767
314542122
314716459
314759078
314821943
314941876
315007404
315190609
315373676
315421004
315444879
315692497
315790725
315798721
315824373
316300460
316344301
316366633
316374998
316454650
316458872
316468452
316599863
316985533
317141094
317216595
317218289
317371997
317390707
317657495
317691844
317751693
317875126
317972418
318067071
318123154
318267693
318316602
318409225
318453092
318532664
318619016
318669590
318743319
318755304
318782387
318783955
318790535
318880766
318881409
318959303
319000196
319407567
319453542
319606416
319649760
319708330
319711581
319791669
320048244
320431874
320543788
320544716
320546559
320560545
320687668
320714981
320764453
320776640
320850726
320863079
320880681
320890420
320891648
321120718
321132859
321137436
321151690
321319602
321441076
321588040
321691240
321718129
321733106
322401494
322473523
322701454
322761206
322794239
322824088
322829790
322901526
322942867
323073434
323329902
323474206
323532628
323727553
323836637
323904713
323970763
324148882
324182754
324359418
324408814
324598992
324610247
324632841
324662033
324748270
324933675
324942109
325025759
325100700
325183181
325263935
325286252
325365449
325488939
325617534
325665897
325854658
325864252
325903498
326321032
326570557
326869825
326958222
327057689
327094445
327095186
327775868
327780380
328048340
328100872
328101920
328189336
328376782
328394620
328426718
328428291
328497242
328589120
328617229
328669217
328701532
328717839
328867836
328905879
328974498
329076913
329080277
329355971
329551927
329560987
329700464
329780577
329796670
329965439
330003154
330149533
330347940
330505074
330541157
330644566
330824900
330867594
331097524
331100209
331202783
331224454
331224645
331274211
331419281
331748434
331968142
331972501
332030337
332167114
332205915
332225691
332282297
332407365
332528886
332608024
332997859
333011606
333166422
333180457
333414181
333458545
333684603
333814864
333952517
334484758
334589981
334609201
334748395
334754280
334847018
334856356
335225070
335277563
335913578
336029481
336033345
336046178
336129244
336212001
336212054
336279038
336299736
336323469
336371647
336452734
336478302
336489006
336674204
336864708
336908506
336918316
337117827
337287178
337492768
337831120
337844398
337865732
337868320
337957232
337963450
337978887
338005659
338265431
338273609
338274554
338548105
339120000
339176496
339310114
339426599
339637557
339675456
339859806
339894963
339978028
340030335
340055492
340057231
340065017
340244330
340438185
340482417
340499605
340616560
340636665
340691000
340705310
340844936
341164790
341189102
341333553
341334589
341865244
341884989
341928622
341939103
341945142
341945473
342360314
342452895
342464862
342586795
342607605
342718959
342728828
342811453
342909023
342928027
342956723
343001910
343433252
343450413
343788096
343795566
343990399
344058710
344071477
344089180
344098592
344345271
344431686
344655389
344669361
344716500
344920247
345177614
345181794
345205899
345231792
345278787
345421855
345572571
345642035
345795307
345837274
346056457
346059704
346086228
346133272
346143300
346186699
346231462
346271356
346308675
346385448
346406123
346424225
346646569
346839204
346901153
346906816
347076132
347199761
347253122
347270746
347290625
347362458
347378942
347673490
347712212
347732661
347917941
347917994
348037449
348053839
348094631
348248439
348258106
348461441
348465948
348486596
348546843
348660000
348800443
348809544
348821950
348852540
348897250
349044520
349111070
349131202
349205530
349214268
349590860
349652763
349818803
350003705
350085287
350090768
350112817
350125066
350260650
350369062
350850708
350906997
350907961
350941107
351017599
351221174
351279463
351326582
351374074
351535284
351699732
352109943
352120318
352240449
352250266
352526361
352727491
352953788
353238297
353481905
353522958
353601539
353632426
353696155
353873809
354005379
354048072
354072577
354097374
354126548
354225184
354303616
354330936
354373772
354481982
354531529
354664367
354664446
354746641
354964126
355150192
355255188
355510922
355542075
355789447
355869852
356246355
356266652
356271768
356314470
356428588
356444835
356789926
356825681
357055013
357079133
357098274
357159007
357451699
357543112
357692315
357824149
357980217
358004848
358132625
358149315
358163844
358295795
358575032
358578258
358616145
358716491
358935853
358968097
359358509
359372106
359427638
359444150
359615987
359669848
359692078
359735100
359779319
359846547
359886411
360001296
360131720
360154660
360406075
360524277
360571254
360651466
360774822
360890697
360918001
361017901
361022265
361102215
361358839
361477137
361588357
361617817
361649463
361677585
361733701
362117628
362330045
362376224
362446827
362687864
362726976
362809999
363048277
363124071
363191808
363205703
363304688
363311839
363373969
363400381
363584860
363667365
363689664
363853582
363898694
364035515
364049991
364052156
364073710
364117779
364365265
364427853
364455828
364475424
364543036
364899109
364909428
364973991
365042083
365055610
365160495
365171546
365383245
365384087
365424560
365461985
365534266
365761957
365817486
365850334
365927042
366052369
366223562
366234515
366287522
366317846
366410703
366416973
366539000
366558999
366757860
366858489
366866882
366888984
366959790
367293158
367385918
367668048
367705267
367713237
367798219
367938610
367969678
367989103
368031334
368218477
368266284
368368776
368427232
368434611
368597124
368903382
369019498
369190833
369437398
369456920
369666930
369710674
369791301
369945031
370118299
370221698
370246971
370275518
370323768
370527140
370580368
370670723
371029740
371182925
371271345
371359766
371430755
371457535
371560693
371615150
371708515
371746258
371841903
371959824
372052923
372105820
372146095
372231342
372335969
372337351
372626965
372637419
372711371
372796490
372803187
372870883
372988995
373201242
373222721
373323268
373401532
373448925
373473561
373608192
373772702
374252426
374256163
374320556
374348892
374388476
374391335
374622407
374872702
374992157
375013065
375046786
375226310
375230884
375259375
375560426
375641816
375715979
375778511
375831878
375909110
375921311
376069827
376121867
376175602
376307959
376337131
376403818
376512765
376592786
376596557
376857961
376883618
377064737
377145400
377174131
377186059
377453047
377623133
377874159
377956544
378057583
378066747
378297928
378648126
378668239
378766428
378859387
378880540
379099214
379164895
379176047
379528750
379548252
379717278
379913370
380086813
380092574
380163963
380214568
380273165
380283707
380343839
380604308
380777918
380785024
380797986
380807523
380985708
381016594
381018711
381023948
381120480
381166011
381214915
381220605
381260590
381300684
381358265
381387842
381422701
381466066
381574977
381576964
381602367
381613281
381616943
381692984
381819562
381831882
381910788
381952482
381983093
382043953
382266621
382326836
382326842
382412720
382442875
382469802
382565608
382567381
382623006
382808326
382908743
382992724
383079737
383113784
383174713
383260263
383272164
383408040
383468779
383687563
383809057
383988615
384185822
384304365
384441214
384497855
384517363
384546036
384648392
384652033
384657808
384847273
384893185
385023430
385215974
385565781
385579812
385597723
385638792
385660585
385677811
385800141
385813094
386114982
386147513
386166969
386209097
386388123
386407779
386419464
386553188
386809328
386867394
386903208
386989509
387046989
387089392
387177814
387387811
387430409
387549266
387735495
387786104
387817726
387851417
387859525
387932534
388173358
388198923
388712629
388843445
388847285
388858534
388913945
388926694
388969586
388982444
388992628
389028163
389053762
389058409
389065297
389195460
389211542
389337451
389542297
389669200
389852527
390016636
390020224
390111306
390112706
390220312
390306208
390415270
390562264
390727214
390760377
390788377
390861345
390867767
390938388
390963885
391066119
391068897
391149467
391211134
391407983
391517389
391591507
391640625
391640866
391658274
391693189
391811082
391963229
391997383
392021782
392045855
392074500
392118748
392343797
392369389
392451128
392544864
392578796
392753731
392777043
392896906
392939526
393142714
393214850
393417734
393494331
393706524
393911485
394058870
394208720
394258353
394314061
394329781
394330684
394550025
394622916
394770902
395150326
395545080
395808851
395889035
395956804
396091987
396363574
396608680
396686280
396730177
396741003
396785990
396985931
397177205
397204197
397252968
397262436
397475432
397757630
397897304
397902709
398075590
398529800
398760602
398974271
398993832
399008188
399111296
399158278
399223872
399341914
399348424
399439661
399577911
399628494
399676458
399718955
399754280
399910574
399924666
400018991
400113716
400268173
400312536
400426925
400868005
401088354
401143817
401231426
401424651
401509198
401653384
401834390
401923106
402003158
402073652
402210376
402298007
402344822
402429698
402515715
402628047
402733369
402865871
402972857
403111018
403333782
403472520
403572425
403767249
404167462
404226591
404281931
404294666
404313044
404552548
404796474
405014752
405232910
405322871
405415039
405443030
405630455
405651709
405715355
405742901
405847163
405955775
406062620
406064798
406208347
406311735
406372874
406485517
406616558
406903390
406947963
406963014
406978994
406995613
406999791
407020784
407060782
407069087
407155428
407206106
407233418
407264900
407315001
407460877
407636547
407731519
407870732
407929670
407989712
408021651
408179113
408255004
408273079
408453536
408526846
408633248
408676928
408691072
408776713
408777053
408777493
408982720
409185513
409198554
409322795
409501797
409559135
409720842
409784237
409949232
409952485
410065663
410115140
410171855
410335072
410953421
411006941
411074603
411172807
411248838
411276466
411352569
411465119
411522283
411584435
411706950
411718089
411718961
411721984
411729718
411767575
412179754
412231014
412235574
412255430
412346118
412405234
412483438
412587056
412723149
412932328
412986023
413048093
413076818
413130707
413168256
413299303
413521274
413583895
413618592
413738016
413781625
413800385
413851475
413866375
413941134
413959564
414008821
414154566
414198165
414356979
414370352
414460240
414844222
414893144
415059306
415163793
415194642
415251676
415363421
415496280
415568354
415739014
415838890
415954541
416153610
416461787
416515328
416560001
416590735
416724480
416830834
416901043
416992015
417078420
417081917
417619746
417627204
417640275
417688570
417785115
417887214
417905750
417926030
417954354
417990519
418033081
418205537
418341370
418415618
418456764
418766978
418871380
418976924
419106691
419112224
419215673
419476602
419517372
419525207
419542714
419595033
419990486
420166653
420204485
420240731
420343602
420517029
420580493
420623211
420724666
420753283
420757979
420792185
420802042
420907317
420942723
421012606
421126129
421425888
421458201
421627310
422000626
422036328
422144949
422279846
422329168
422528984
422555309
422708897
422727591
422769872
422994409
423097029
423186732
423290454
423349775
423374584
423409827
423611581
423622911
423680651
423694358
423753459
423925745
424421872
424422374
424532931
424690301
424793702
424885564
424959623
425022688
425120279
425156201
425246906
425576618
425577657
425588306
425588872
425620339
425671740
425834735
425890860
425938481
426026099
426033402
426081688
426111810
426160089
426216285
426250075
426309228
426357170
426474313
426484062
426819952
426910668
426939648
426993638
427064120
427139674
427252265
427350954
427699208
427756681
427797306
427845665
427848729
427848907
427858000
427981221
428003723
428009557
428113705
428130079
428405186
428442748
428493359
428541285
428583442
428624532
428676174
428698380
428759378
428802536
428865722
428991268
428991739
429012093
429387520
429618965
429672645
429736069
429992251
430023083
430085117
430352818
430515537
430685144
430720318
431028831
431053759
431268983
431303281
431333915
431514777
431842817
431966329
432019355
432252619
432345693
432380984
432545489
432594712
432672709
432688001
432741289
432905589
433171171
433254035
433266324
433304972
433309234
433393589
433396974
433436659
433591165
433673601
433707952
433881036
433997978
434076236
434093709
434242387
434332360
434628102
434733386
434750523
434892487
435030528
435406052
435480111
435484686
435524620
435670467
435729220
436174448
436194441
436251255
436267535
436507534
436551374
436617896
436767560
436916810
436927673
436963880
437180527
437348548
437430520
437432189
437476671
437544978
437607819
437694337
437760582
437792969
437948882
438001983
438294010
438346268
438883375
438929893
439061207
439116938
439300321
439436905
439458592
439480299
439485322
439812072
439851026
439965012
440046318
440220826
440245385
440329429
440376754
440432137
440553779
441046412
441119053
441147804
441340777
441366623
441661850
441746934
441764330
441788166
441859953
442181609
442330946
442677928
442698012
442864694
442891781
442941574
442996640
443001003
443053307
443064042
443305433
443390165
443427626
443490088
443515202
443620568
443691362
443717187
443752028
443840622
443896622
444024080
444068290
444091091
444106686
444160605
444236565
444732937
444911654
444960540
445174738
445252026
445277762
445349413
445561907
445578189
445639009
445663777
445687223
445732808
445925338
446037686
446089808
446134886
446204197
446222350
446250051
446267476
446400592
446474807
446564339
446635888
446836422
446962450
447259917
447269725
447309217
447554667
447728450
447798188
447905993
448002614
448070903
448123044
448153662
448200841
448367387
448418681
448560354
448576071
448743662
448752894
448912032
449017471
449076435
449114379
449448909
449499772
449864863
449932466
450049799
450091059
450119344
450344537
450483540
450554167
450568498
450645475
450666357
450720700
450821677
450928896
451018305
451021467
451085653
451086873
451146284
451186567
451238269
451455644
451472040
451568668
451672925
451932267
452063574
452152632
452340608
452481091
452525806
452572990
452958291
453089528
453141232
453208666
453447449
453478579
453481175
453497073
453615948
453640939
453644088
453733607
454016611
454095247
454133557
454178340
454190957
454276431
454277059
454417889
454746310
455023362
455100179
455469853
455650467
455654453
456065802
456082913
456218239
456363409
456668114
456905745
456983660
457129349
457364339
457379062
457417197
457531826
457645327
457766093
457887076
457926262
458171121
458522283
458569217
458608255
458673176
458703015
458966058
458979391
459178899
459404790
459436968
459451357
459784995
459831662
459901559
459920377
460119676
460195062
460384480
460542436
460685612
460839203
460943534
461009059
461065313
461109968
461248835
461319594
461514346
461542242
461650050
461749026
461872793
461889370
462003828
462125366
462145381
462264385
462338892
462350051
462712686
462893240
463084503
463315663
463381943
463485712
463518142
463687790
463714870
463746942
463800999
463808556
463927211
464096777
464199621
464253284
464326937
464691961
464787185
464803042
464847435
464872785
464893621
465236564
465278654
465285778
465304495
465391642
465505811
465729039
465813957
465973749
465987100
466043682
466280078
466299972
466313143
466321154
466347003
466365617
466505669
466567798
466992294
467133540
467390158
467390931
467477551
467731786
468034233
468038057
468140297
468216250
468241503
468241943
468395576
468397499
468423313
468630839
468688700
468705354
468796141
468809189
468902533
468912168
469049399
469340716
469395135
469583573
469608938
469716478
469862695
469893511
470069130
470141535
470221919
470492236
470535217
470568584
471059118
471087410
471221934
471224424
471268546
471306527
471309478
471312611
471324625
471325215
471538465
471813969
471838259
471891584
472039790
472056794
472117048
472297454
472581754
472592549
472792738
472835171
473144114
473190095
473262036
473387435
473484497
473495912
473514472
473546903
473594740
473717976
473723852
473748371
474065171
474192213
474224619
474284744
474306259
474320591
474696250
474699612
474729323
474736700
474876508
474894585
474992290
474993923
475093758
475124780
475141358
475269179
475281599
475283868
475646232
475657683
475670246
475950895
476240202
476460517
476551029
476556777
476590059
476616110
476931760
477016562
477045597
477136787
477151777
477196888
477248432
477449492
477667748
477968979
478153763
478155617
478250972
478343004
478622833
478640377
478814728
478816236
478896787
478921743
478925127
479010113
479045122
479048338
479093607
479203977
479204862
479508022
479548040
479573626
479574309
479586473
479659211
479863398
479925403
479969374
480012876
480373208
480380166
480394017
480405814
480586665
480632581
480697408
480939023
480972936
480980602
481001230
481067802
481096983
481141265
481154788
481222806
481320866
481373910
481475338
481797235
481847029
481921420
482149201
482213387
482245760
482437481
482459802
482527612
482710187
482844944
482857133
482859908
483038083
483057762
483378750
483379909
483459823
483492917
483554664
483639484
483643457
483808360
483837512
483881940
483953163
484008320
484050925
484060170
484216407
484233171
484549499
484642731
484650217
484693395
484891890
485036850
485382983
485418328
485536230
485658886
485702705
485875792
485901450
485986202
485997510
486007595
486086975
486210091
486478051
486719953
486802684
486930896
486983372
487200420
487284432
487412875
487512412
487620861
487667714
487702272
487746323
487754435
487808273
487811972
488026258
488161394
488263598
488375598
488408883
488516853
488542961
488780441
488937186
488979335
489028394
489036390
489084160
489217390
489407794
489494554
489514184
489582629
489748191
489808151
490014470
490041378
490154462
490167069
490177668
490304355
490394299
490568166
490751028
490786423
490911160
490930948
491084111
491133889
491320956
491334306
491482161
491665416
491694071
491994086
492202556
492268206
492417942
492467923
492483839
492623118
492700891
492821347
492867946
492968580
493025195
493118968
493174086
493218242
493298472
493358929
493406720
493488671
493670132
493802319
493830037
493857131
493988622
494045902
494074596
494312979
494459084
494528851
494603476
494658146
494778640
494909479
494929264
494944418
495021773
495023623
495218304
495233659
495413283
495425867
495563639
495694300
495841595
495876048
495899549
495950321
496237209
496277323
496460582
496485060
496535783
496777255
496905894
496913156
496934168
496971513
496986013
497003844
497032585
497201512
497334911
497340712
497471119
497495220
497512773
497575669
497589828
497613732
497628074
497649760
497811132
497849505
497875080
497898240
498117024
498157484
498288610
498347396
498393290
498812896
499103682
499606745
499707968
499719779
499882301
499954371
500249695
500306294
500387840
500422892
500492638
500587157
500636881
500661539
500676499
500678379
500715611
500732382
500752345
500910680
500936447
500998852
501052560
501386627
501430697
501455067
501618438
501642144
502226382
502312146
502353214
502367044
502525283
502668189
502712675
502753583
502802708
502813742
502855232
502958258
503270144
503383587
503595528
503706745
503734937
503742944
503867977
504067477
504198899
504201419
504240479
504292273
504397999
504435411
504498918
504573866
504635219
504645940
504755308
504779281
504798084
504814149
504863487
505020842
505048692
505074975
505172245
505189789
505318473
505320341
505366990
505442690
505579881
505628106
505629847
505642316
505686515
505705280
505811808
505828400
505843245
505984830
506015758
506099916
506189529
506298762
506420297
506629098
506679850
506713732
506788575
506876588
506930563
507024053
507031917
507167233
507215352
507265294
507701041
507842456
507880807
507996229
508231605
508244536
508298262
508330324
508355714
508359945
508404603
508493969
508495682
508612917
508683920
508978942
509000830
509064639
509133947
509245616
509671836
509829303
509874759
509922765
509973328
509993709
510256237
510399382
510544283
510759826
510977458
511028756
511210909
511249539
511276126
511360939
511576866
511656412
511660523
511765286
511858019
511912039
511973281
512123024
512171793
512217960
512306449
512923619
512942834
512952585
512965653
513036122
513074479
513107305
513147256
513160283
513195977
513208546
513323620
513436253
513765270
513806600
513902724
513949615
513974804
514087306
514247126
514346765
514366041
514519508
514584238
514678548
514842683
514954471
514959546
515203641
515224545
515310625
515383757
515468074
515563436
515742012
515772978
515780939
515875922
515947807
515978949
516268712
516292872
516349701
516357986
516395701
516586458
516764221
517075058
517162732
517211277
517274326
517290220
517334933
517423968
517679564
517825804
518061113
518193313
518227671
518230608
518246282
518266572
518568399
518814108
519010979
519026229
519027539
519090851
519202357
519211858
519231366
519233731
519300109
519338042
519366041
519468164
519497716
519637005
519694043
519986135
520013984
520062383
520092288
520115502
520462105
520490446
520513241
520524359
520582849
520734678
520887323
520909884
520923463
520925232
521074427
521167442
521179371
521220196
521249891
521381999
521414585
521521775
521560166
521747727
521765131
521792678
521827888
521903403
521979737
522174425
522269106
522518720
522537684
522592683
522599074
522694762
522727113
523133762
523179315
523278791
523381370
523443084
523511414
523648982
523713776
523726499
523738409
523743239
523834129
523921443
523922889
524159854
524163873
524283754
524500359
524556655
524590247
524618951
525077964
525334795
525842022
525902655
525959064
525985460
526096446
526234954
526451470
526678625
526686490
526828151
526870356
526922608
526932707
527021019
527068349
527126811
527290380
527329826
527404035
527472798
527586826
527836978
527852490
527873092
527917356
527946121
528041571
528065032
528252492
528311576
528363885
528435020
528497438
528584879
528660755
528831250
528859124
528879784
528942176
528978082
529097016
529150497
529281789
529468476
529471084
529974166
530005524
530327701
530339831
530500761
530636189
530651454
530666186
530786658
530835521
531211538
531230718
531311055
531399669
531523801
531555754
531556383
531598606
531698903
531755482
531962569
532136319
532211243
532215602
532460653
532591900
532723636
532742484
532809757
532811337
533116901
533231962
533264025
533336146
533446079
533485742
533514941
533517366
533531647
533537511
533706684
533751236
533805623
533942457
534027160
534150202
534150593
534217300
534230173
534271350
534278910
534317072
534362883
534457538
534623149
534763629
534787292
534917322
535128997
535178744
535182808
535216625
535365090
535440729
535480406
535551109
535558892
535850364
535894496
536230979
536257722
536381521
536420821
536509916
536522683
536558432
536575232
536605097
536691853
536719581
536753186
536888119
537110374
537166601
537470833
537551902
537556302
537625934
537630354
537706304
538182310
538357761
538418087
538475015
538628114
538647869
538908058
539114846
539132184
539175624
539376074
539791742
539907639
540036094
540092652
540096875
540158423
540200068
540277729
540419723
540552285
540624917
540851477
540932168
540997247
541115512
541509290
541535842
541557299
541703505
541949152
542002422
542324825
542410496
542445725
542492497
542531049
542613849
542771137
542788830
543338529
543479313
543599752
543792734
543809509
543811207
543850017
543889194
543917426
544049350
544198932
544531538
545043912
545216288
545292412
545415624
545592623
545854881
545883160
546195600
546259081
546312337
546546268
546562700
546601623
546651037
546974999
547198946
547203354
547228994
547232725
547339231
547532813
547640716
547684466
547856505
547890164
547971987
548009148
548069368
548280497
548422877
548732712
548779668
548882097
549015130
549066824
549116684
549155360
549265007
549375311
549393083
549442377
549492297
549514548
549598381
549732811
549823632
549869045
549873245
550005539
550133850
550135846
550228780
550316501
550480054
550606410
550651404
550687719
550690412
550818627
550861000
551052111
551287492
551316765
551375341
551428486
551456717
551528886
551616394
551678146
551681339
551688321
551736464
551736588
551807751
551885363
551897162
551931162
551988935
552051060
552177819
552490670
552619383
552746951
552783675
552941834
552945764
553050674
553150012
553265220
553316418
553353772
553542064
553638193
553859890
553871390
554054609
554055780
554092100
554627428
554739486
554755291
554982257
555115245
555287035
555387952
555595772
555643823
555697972
555815070
555965156
555969603
555997834
556079624
556162243
556178436
556280729
556322970
556338220
556365051
556381824
556434264
556464639
556632232
556651906
556851482
556894540
556981494
556990038
557189939
557196993
557241639
557262268
557384385
557406621
557745911
557800888
558101901
558130086
558188343
558461038
558970783
559108253
559361120
559366150
559502673
559714030
560000735
560044886
560174928
560281505
560430079
560458121
560558988
560571542
560777341
560782421
560840388
560843973
560944377
561262128
561366239
561395969
561661557
561722768
562099590
562185245
562207066
562317091
562317963
562356315
562465358
562588929
562622872
562663316
562677229
562737876
562963793
562992470
563076355
563085828
563152022
563272292
563295599
563375253
563395580
563467382
563563259
563640009
563643236
563644827
563853329
563912248
563972420
564109928
564207254
564360297
564527282
564617803
564792610
564991663
565263321
565361370
565687864
565842301
565852946
566090422
566183842
566413899
566482665
566624636
566849806
566868112
566869857
567006905
567052872
567110802
567161318
567215693
567342002
567451444
567473357
567486719
567638460
567651691
567736261
567801639
567812703
567888595
567892948
567928475
568016989
568041299
568124388
568229794
568478934
568720407
568903800
568925612
568950626
569099722
569226450
569335201
569339770
569339991
569395631
569417197
569644441
569672361
569792356
569821052
569929421
570095143
570164739
570186727
570275139
570286351
570452976
570453097
570476570
570544141
570560366
570654819
571209184
571259695
571353853
571370326
571386690
571519114
571644504
571732309
571811060
571901589
571991505
572051204
572318932
572367158
572504141
572509452
572554135
572558461
573053450
573122700
573287146
573471333
573566250
573684663
573750740
573890220
573953220
574145979
574323083
574379158
574421431
574456211
574460205
574557913
574768674
574805170
574826460
574855287
575005652
575026406
575137912
575164785
575447782
575516749
575548487
575627209
575666818
575913348
576072567
576219677
576240764
576387834
576400789
576678365
576855375
576966473
577071603
577165308
577346618
577353085
577364029
577432610
578045680
578129353
578181264
578375644
578377766
578472111
578580814
578857250
578977749
579167457
579248306
579358633
579514264
579628900
579660235
579707505
579733290
579798648
579857256
579872005
579887013
579984855
580021727
580101712
580106329
580112225
580134119
580455443
580483750
580777071
580781937
580891743
580968245
580975614
581197786
581209264
581672374
581696126
581712664
581933780
581983110
581987237
582177807
582238198
582266632
582465321
582508847
582628440
582771745
582780299
582862329
582930584
582950254
582958197
583217814
583224886
583226530
583392962
583418299
583531509
583578027
583610455
583752685
583772330
584152344
584318586
584576190
584588362
584716423
584980615
585052978
585177659
585250815
585258848
585263223
585432123
585445528
585463643
585470781
585499123
585643357
585756035
585827536
585834645
586192199
586807473
586976815
587103898
587175729
587292306
587387631
587396016
587401435
587489605
587526422
587556096
587560462
587628731
587668647
587920272
588064156
588240658
588377646
588403369
588435989
588502245
588588452
588752671
588851313
588924152
588948035
588979022
589094993
589262611
589339356
589375315
589455663
589487942
589503992
589524571
589669938
590039292
590152467
590241453
590246363
590256092
590265405
590286391
590302338
590372156
590403380
590409383
590411807
590487565
590519520
590694387
590697550
590798814
590825091
590852802
590914617
590934817
591198428
591224416
591311265
591426310
591640881
591672589
591692919
591982769
592003534
592220029
592222229
592277732
592280510
592297501
592358865
592414871
592494960
592898045
593300956
593342480
593350313
593365700
593406584
593527889
593730462
593904619
593922640
594092757
594212124
594380141
594441681
594507441
594559281
594729511
594832428
594862475
595358000
595405694
596027119
596042719
596139761
596317338
596497236
596507866
596508144
596510475
596604167
596708699
596804397
596829025
597075216
597096719
597150422
597371769
597390228
597461706
597475971
597501039
597569281
597859360
597951958
597957373
597964194
597985368
598412514
598492977
598530287
598612430
598618057
598843889
598926407
598926683
599002903
599054922
599175389
599389584
599424690
599489565
599629881
599737678
599783097
599972434
600305833
600337618
600427030
600437966
600482521
600523574
600543552
600544482
600593949
600599539
600663710
600674268
600792464
601107925
601195923
601213843
601467654
601545652
601640311
601643167
601752346
601800291
602141462
602146322
602221028
602402070
602440881
602724505
602773727
602846830
603011950
603175298
603272519
603347331
603528728
603781544
603833596
603898095
604036416
604149014
604154424
604166619
604222945
604340990
604417129
604454101
604581868
604584650
604748547
604749425
604880063
604897013
604914351
604950411
605072123
605074424
605141688
605286616
605412908
605550123
605605673
605696942
605830380
605883521
606069430
606077051
606078735
606142248
606157373
606159833
606190989
606237303
606244684
606299379
606657572
606691817
606763345
606772549
606814723
606947758
606966550
607083711
607095229
607117050
607135670
607471680
607644576
607724764
607768717
607839168
608190186
608343021
608368763
608423091
608503809
608516517
608541119
608619224
608999799
609052497
609172296
609188208
609240145
609273860
609276134
609306700
609308720
609374636
609612932
609618548
609674150
609709143
609809454
609824837
609849102
609953053
609958588
609975663
609979571
610066552
610109654
610130966
610249907
610267071
610323858
610391672
610430820
610435552
610520502
610532759
610561763
610933128
610936308
611310554
611387154
611570708
611699428
611782851
612002641
612077962
612223365
612312795
612428189
612438811
612459382
612523678
612608974
612610448
612654007
612741890
613103525
613262572
613313000
613415615
613474975
613542682
613800681
613833262
613874728
613982720
614023478
614024961
614049176
614135532
614167450
614202837
614326346
614337340
614509010
614523620
614612934
614641189
614785884
614814906
614848140
614882012
615000890
615012269
615193248
615281525
615306020
615601207
615953209
616023160
616032270
616080972
616090453
616107449
616127393
616208829
616233481
616355259
616461562
616640936
616731718
616756498
616757227
616815379
616935392
617016496
617048487
617066826
617085503
617146633
617195229
617547349
617572115
617626091
617701621
617897721
617968594
618071462
618135922
618151170
618343156
618579895
618674604
618869896
619109549
619420505
619439966
619466505
619651857
619775035
619853429
619891399
620270575
620293773
620410821
620648768
620722385
620739316
620918903
621010257
621136788
621164317
621186537
621196213
621214939
621301791
621338538
621444781
621556694
621669194
621878085
622206367
622255205
622258792
622390865
622432705
622516271
622553162
622562845
622596637
622850334
622857988
623049364
623157840
623467787
623481243
623586329
623648944
623649268
623780718
623818082
623870443
623875600
624062154
624239542
624358679
624455866
624565275
624730336
624839554
624939777
625010115
625061443
625463047
625511668
625695702
625750110
625750675
625943887
626066403
626100778
626125007
626165460
626225398
626285716
626285979
626313493
626313803
626460627
626489357
626980331
626999391
627100579
627201715
627260767
627639899
627691812
627813535
627940651
627963310
628033816
628462967
628542363
628646075
629099417
629280658
629322981
629753544
629849239
629901922
630053290
630390999
630498010
630557499
630607858
630634013
630710533
630828118
630936485
631012110
631026307
631040033
631236603
631291262
631328082
631480790
631487746
631568003
631610139
631611573
631845660
631951820
632048265
632181673
632187088
632247556
632270880
632391833
632476192
632525131
632529643
632535922
632543403
632579077
632606621
632634764
632738213
632801722
632866456
632964102
633548209
633572560
633622916
633628833
633637810
633965077
633997610
634332859
634425889
634443387
634461153
634580153
634610123
634631543
634659269
634674837
634794745
634881597
635055351
635221413
635328475
635384117
635529916
635603494
635670241
635732711
635776802
635892940
636095834
636114867
636130692
636211418
636213753
636235059
636282679
636337357
636565025
636628399
636731851
636755564
636803214
636879063
636993614
637029357
637148017
637188894
637202196
637285606
637315303
637363473
637556194
637628283
637772679
637958985
637984246
638107780
638260788
638576501
638701738
638824339
639025919
639115159
639132995
639167663
639229812
639252974
639262495
639316238
639340958
639397725
639515840
639523494
639590765
639724169
639901342
639927836
640024648
640124045
640166484
640198325
640199242
640286694
640362281
640548074
640554827
640610671
640676399
640708001
640816693
640960465
641033482
641240311
641339186
641497286
641497784
641580282
641618683
641935386
641982144
642024427
642073533
642132774
642228529
642371462
642412431
642423874
642522505
642641688
642766863
642833456
642991521
642994156
643297510
643573364
643791865
643896343
643897151
643907968
643930078
643941129
644069396
644071196
644102647
644102825
644145604
644153583
644156687
644203064
644238197
644265176
644361064
644477355
644537340
644597524
644609121
644641385
644853994
644901290
644972788
645017742
645111246
645122047
645233036
645285397
645455465
645596077
645620564
645628036
645737112
645738114
645978511
646636601
646677807
646721292
646753899
646893845
647073312
647178332
647383505
647417685
647421650
647493694
647508134
647599847
647614713
647616639
647623483
647684388
648228243
648325515
648438005
648606655
648640022
648721569
648799487
649131785
649201256
649374484
649461792
649621679
649691299
649708340
650020613
650047843
650125930
650241767
650327552
650394026
650394588
650451273
650477443
650486108
650646668
650810784
650869927
651059118
651416910
651438412
651458960
651618223
651623578
651646059
651697692
651716067
651744350
651885723
651894387
652072584
652151356
652234378
652235394
652350646
652580813
652607890
652781848
652841849
652889308
653049530
653096330
653099796
653206162
653315991
653463406
653616697
653711823
653816561
653980397
654005626
654109985
654202946
654258669
654346210
654394490
654414525
654449005
654516764
654555841
654607670
654614120
654621906
654650861
654672407
654724927
654808143
655042286
655170645
655377810
655444260
655558338
655781789
656158842
656164262
656255710
656368593
656528023
656538731
656606952
656666715
656995848
657283582
657285349
657343893
657517184
657650526
657669485
657964046
657988289
657994612
658050648
658061018
658152397
658329179
658427265
658518403
658606337
658689201
658748621
659060142
659178381
659200127
659483348
659520909
659857812
659953131
660040996
660226619
660612098
660618099
660631894
660744721
660748025
660913110
661227022
661246240
661292214
661405241
661491296
661568345
661572388
661661680
661834926
661854630
661959535
662254117
662311372
662325070
662479362
662585037
662600362
662720638
662778156
663019581
663065859
663081765
663145604
663330405
663351002
663374647
663400405
663411880
663525424
664011590
664222873
664229258
664597696
664635260
664939884
665283377
665360481
665416583
665650338
665778925
665886745
666065058
666090721
666302211
666481006
666504998
666732382
666802895
666947802
667074049
667263896
667334306
667451311
667461749
667506819
667546946
667603590
667748267
667767298
667789102
667913623
667917585
667949206
668032155
668093663
668122034
668278740
668304615
668417750
668442669
668455986
668622737
668847812
668854803
668943613
668993885
669145919
669212557
669351768
669356595
669496388
669572079
669616643
669801246
669802078
669904164
669935145
670043985
670101926
670121291
670169458
670172379
670266097
670283875
670385568
670498477
670836757
670876583
671059540
671070228
671217934
671243953
671497837
671555686
671651450
671738110
671799319
672054878
672184396
672216790
672355650
672365001
672468872
672607100
672676464
672737629
672762036
672862068
672882570
672911495
672934549
673049283
673192466
673342643
673448767
673694677
673719096
673888561
673906792
673943931
673982755
674005801
674106290
674108507
674169002
674360590
674390953
674432746
674451789
674664358
674730786
674822754
674841179
674960964
675015029
675031716
675079046
675256128
675401514
675409628
675447271
675546244
675567916
675848879
676016617
676239594
676247573
676251219
676277644
676475449
676604864
676990646
677034756
677070356
677092139
677095053
677358352
677614820
677681081
677972778
678035226
678078912
678093695
678133802
678139172
678248880
678375880
678381850
678398376
678422944
678471049
678524826
678539634
678702722
678732119
678762552
678967800
679164161
679429057
679432474
679560545
679567213
679659120
679679566
679726617
679795319
679913860
679932029
679973846
680241838
680411649
680488137
680519288
680559650
680685438
680711887
680713386
680730858
680979396
681003784
681543233
681550763
681651054
681694304
681815351
681838758
681925289
682033385
682193504
682235394
682251266
682349765
682363810
682471891
682489192
682618060
682678479
682901714
683177916
683266278
683431935
683644803
683667176
683731296
683787843
683795289
684026804
684038182
684264761
684370105
684396756
684419918
684672994
684856257
684888581
685041225
685143087
685161559
685416279
685633242
685645474
685851066
686041468
686074353
686099030
686126396
686425406
686452528
686495662
686646764
686765151
686823224
686852378
686953689
687126092
687296236
687353362
687452422
687694005
687739999
687950271
687959713
687994717
688016697
688171009
688200054
688276909
688461392
688475167
688481672
688692650
688701544
688823121
688868634
688899228
689013951
689050456
689066453
689094946
689399436
689442102
689478499
689509739
689643531
689666796
689684347
689765694
689914300
689974298
690007603
690058115
690098038
690211068
690252333
690278473
690447334
690800697
691144393
691329225
691602623
691709081
691821527
692039570
692244014
692268790
692506914
692513575
693103519
693128676
693133031
693263569
693368445
693532071
693544219
693592448
693660403
693687396
693693425
693940477
694265115
694267058
694434090
694444073
694475423
694507809
694622878
694698133
694724611
694802668
694823912
694884404
694943410
695035789
695199480
695349327
695360408
695392036
695440108
695474996
695577443
695661647
695928972
696026496
696271554
696293598
696430256
696436117
696537678
696640452
696644236
696742753
696787399
696870774
697096199
697191914
697192039
697218837
697244910
697428066
697481007
697594101
697667589
697835195
698168313
698170984
698179249
698244207
698307472
698324932
698501748
698653603
698695959
698899860
698902113
698943690
699000005
699036959
699172023
699176246
699194960
699395233
699435779
699447500
699560802
699638719
699692845
699694841
699726724
699835581
699920784
700062923
700076434
700077391
700386339
700566401
700593333
700643621
700678638
701133534
701321532
701423406
701509846
701736978
701753698
701779999
701784988
701829977
701852778
702051875
702105143
702392550
702399349
702490249
702548586
702590530
702773807
703042191
703132587
703430560
703544141
703614629
703653117
703658077
703873024
704054130
704159099
704220113
704263028
704269614
704407955
704754893
704877016
705002870
705271269
705317620
705335773
705409324
705422792
705503994
705532173
705694396
705738128
705848182
705896769
705921200
705943941
705967386
706012027
706097191
706276131
706425829
706431271
706460389
706591663
706606088
706696120
706817934
706832040
706846984
706877213
706990838
707025456
707087158
707322978
707386981
707471341
707643224
707661320
707718852
707782020
707870749
707882575
708000971
708051594
708140679
708182310
708357892
708423808
708564731
708762965
708876081
708931334
709052472
709358882
709421166
709825924
709886738
709987330
710004012
710053870
710188337
710219795
710583371
710766255
710811372
710975206
711045458
711053377
711088748
711216624
711318947
711396543
711411915
711429308
711613935
711653762
711757594
711805221
711886180
711956841
712024845
712045179
712185211
712581392
712629950
712661822
712705802
712892380
712928927
713089519
713102950
713152051
713344318
713354069
713402461
713428834
713454306
713498724
713602980
713698310
713839497
713844615
713854423
713930780
714024199
714172359
714195570
714216153
714289843
714309543
714373429
714440540
714443207
714540900
714648255
714672601
714705098
714912408
715012406
715104428
715135618
715338025
715347006
715579980
715605613
715623754
715842988
715855827
715883180
715961693
716004083
716017287
716053559
716099326
716183565
716312312
716372895
716456578
716557202
716691819
717071101
717163728
717344391
717554276
717598823
717970857
718119207
718168572
718214248
718233356
718349635
718528013
718583782
718599033
718843177
718872057
718989570
719011580
719254174
719265608
719399683
719838390
720091889
720093418
720122597
720227824
720289236
720361725
720521527
720590331
720794893
720823978
720999695
721026878
721055847
721278849
721298907
721385602
721431272
721539430
721815256
721858784
721883124
721965924
722011866
722064230
722078575
722103577
722204572
722332175
722380735
722392730
722551917
722826160
722833850
722879720
722976992
722985500
722991673
723006098
723163586
723252139
723440332
723491664
723500108
723578563
723605729
723614196
723671746
723696082
723771625
723863549
723875619
723912434
723914015
723994008
724049000
724059104
724278298
724415489
724441268
724473541
724493260
724554376
724582718
724594302
724618094
724622861
724691555
724816833
724991801
725007610
725168077
725213228
725269479
725395351
725638866
725667878
725691537
725821158
725826273
725845979
725869510
725907751
726041613
726044894
726062321
726344622
726382172
726604029
726696126
726879060
726909603
727048589
727128458
727187779
727333914
727502628
727521538
727614667
727653560
727710822
727713630
727719727
727772640
727798092
727905426
728046696
728102967
728143372
728353607
728369543
728447717
728501060
728737834
728789521
728858843
728861145
729071583
729091702
729266331
729305225
729348917
729392114
729414674
729446719
729493503
729627406
729857847
729877735
729951257
730119805
730130968
730207370
730413031
730752239
730850513
731050298
731197546
731292997
731326178
731460060
731649247
731652828
731697479
731749637
731847776
732106766
732342058
732467745
732657565
732676940
732719244
732734240
732902611
733065948
733287920
733310646
733313112
733437299
733497655
733567575
733607813
733646878
733706027
733707538
733783121
733802906
733893751
733904767
733979463
734016000
734127892
734154212
734371003
734605750
734702940
734714885
734805333
734855780
735129866
735346213
735419462
735465611
735505384
735659750
735786701
735850706
736161029
736164253
736253938
736659040
736664714
736692666
736699195
736719292
736749024
737027012
737404424
737437052
737453585
737481815
737533948
737918382
738046959
738048010
738466931
738525737
738531492
738592843
738627662
738749598
738850425
738853556
738966309
739088053
739188286
739336584
739385261
739397629
739496827
739528019
739585029
739601314
739684886
739987101
739987516
740219025
740238064
740269073
740537710
740548223
740596005
740602609
740620320
740632381
740683382
740736301
740873930
740902468
740999173
741008872
741168284
741292876
741423883
741467349
741548536
741553880
741554926
741708904
741886078
741887325
742059409
742101205
742196487
742204852
742310120
742357620
742628407
742897869
743007941
743220135
743642352
743808483
744087352
744401244
744409779
744640447
744770847
744824420
744916635
745065366
745112214
745164830
745182460
745493091
745555529
745671451
746061679
746082662
746141610
746292021
746303265
746430339
746486193
746489777
746589350
746667983
746836120
746992330
747075633
747129580
747173046
747373298
747440397
747452011
747530669
747545972
747564532
747586820
747656505
747824859
747825192
747858793
748018729
748188678
748288612
748388016
748395219
748417525
748433770
748523649
748651672
748675235
748789991
748814174
748826039
748849793
748942079
749059078
749171988
749222173
749353654
749478424
749548411
749602525
749614516
749660140
749686519
749957736
750064416
750111777
750139385
750164716
750174074
750178585
750259198
750427419
750463045
750549993
750559855
750747551
750782913
750825637
750886773
750889544
750921984
750961487
750975298
751003356
751045717
751095886
751186857
751609309
751610740
751646966
751708183
751762366
751871729
752125566
752167501
752257605
752370391
752483462
752526060
752804137
752810778
752840275
752906983
753345088
753390565
753541334
753693981
753755071
753804146
753806844
753816926
754239315
754305915
754308997
754341336
754375175
754427680
754536342
754553191
754591002
755096729
755161468
755224058
755225488
755249668
755349381
755357765
755379121
755513571
755656101
755668152
755740673
755774578
755873451
755901068
755938232
756073895
756090412
756138878
756349817
756373800
756462790
756586797
756619380
756728304
756965143
757005126
757220175
757224843
757234362
757281951
757309506
757602097
757648936
757948119
757970512
757983102
758025767
758132544
758190629
758251620
758520695
758580035
758719521
758770409
758790056
758796897
759120202
759276148
759385299
759555135
759621738
759666495
759779344
759967256
760267064
760299126
760363456
760384986
760970180
761022472
761023070
761090844
761113449
761222770
761367549
761445684
761594243
761875211
762023991
762122340
762229840
762640889
762690704
762873449
762929296
762933556
763022872
763200200
763221895
763369468
763611647
763725192
763738748
763844922
763851968
763874774
763943386
764193205
764235385
764366655
764446564
764501784
764767791
764783273
764822282
764830774
764843403
764958893
765175015
765204660
765264864
765298217
765409863
765462732
765478784
765842071
765923942
766086106
766295992
766298339
766409214
766563324
766893011
767028376
767098391
767184886
767195204
767208857
767274230
767399868
767562670
767597700
767619135
767688856
767782892
767854863
768096936
768241932
768270618
768296840
768323195
768356797
768500176
768553697
768704622
768787138
768884639
768930159
768930616
768972936
769015568
769067530
769236951
769340057
769387697
769434599
769511273
769612066
769779043
769833273
770035942
770079364
770124176
770158087
770207122
770313276
770449230
770532790
770691649
770720222
770880623
770933502
771148819
771319482
771416957
771466532
771657471
771762734
771785134
771833976
771883773
771926231
772001699
772055839
772148556
772197725
772209791
772244470
772753876
772924276
772996865
773192650
773222403
773414831
773622991
773742941
774228832
774519398
774523822
774564305
774675128
774678084
774807572
774867077
775033338
775115249
775262096
775321648
775491279
775533067
775589363
775831889
775912137
775926087
775968380
775988088
775994538
776034811
776115859
776123575
776219548
776228633
776300533
776300751
776469146
776523007
776526225
776543771
776688151
776697993
776879181
776896242
776896368
777025423
777173533
777197119
777360001
777543797
777660198
777667352
777741943
777746981
777850685
777934822
777956277
778050702
778284407
778583214
778586984
778647356
778733734
779080772
779120956
779354258
779367517
779490329
779552896
779721204
779857939
779929922
780023640
780196493
780198099
780323349
780666918
780680358
780688670
780700840
780762442
781022815
781086602
781115714
781167272
781217883
781244634
781352290
781440082
781511186
781560024
782204868
782337841
782422716
782440404
782460781
782581449
782825097
782837011
783256932
783276728
783309291
783384565
783428084
783441162
783488728
783555750
783584822
783634403
783817394
783858424
784086898
784159806
784791637
784857104
784901567
784916674
785141856
785170700
785173604
785223540
785255307
785586954
785618792
785759419
785765120
785931693
785984505
786038798
786103243
786103654
786143598
786209227
786220485
786286234
786432110
786554183
786568360
786615202
786632372
786648017
786703910
786785625
786817775
786950204
787069757
787080878
787094081
787158991
787198892
787224481
787392008
787406584
787433014
787639807
787689257
787984443
788002252
788378473
788389821
788401532
788490520
788494182
788542344
788629387
788793184
788834639
788974835
789205803
789276393
789281407
789365157
789383066
789588552
789696518
789765321
789875716
790003955
790090477
790210752
790221789
790276654
790338989
790385782
790409116
790461050
790569682
790588405
790697821
790703621
790866817
790871589
790939437
791156509
791279464
791320594
791385382
791453094
791594286
791809081
792089422
792121526
792186670
792210018
792233037
792297346
792417101
792770831
792865847
792874673
792890396
792916536
793110347
793192774
793296853
793331537
793378584
793391862
793551465
793575218
793704632
793820593
793838809
793848539
793877751
793987866
794125029
794242587
794251317
794816012
794917128
794937429
795055347
795297660
795390135
795681170
795743566
795814921
795989190
796068197
796511371
796659594
796696987
796946469
797061421
797154226
797170231
797231164
797242412
797315564
797326598
797402545
797439204
797477965
797503468
797797640
798109983
798159266
798192883
798416402
798506715
798575284
798580531
799186796
799209780
799255944
799389947
799703349
799707032
799797417
799972098
799979759
799983685
800114945
800294064
800328678
800588556
800759295
800879810
801054397
801059123
801277510
801300577
801322912
801333814
801353996
801488686
801669017
801780768
801829159
801952668
802144481
802218320
802449208
802469597
802498479
802668916
802724215
803036918
803050756
803160405
803246906
803360690
803432534
803461449
803512283
803564717
803667917
803790529
803810663
804030087
804190404
804206421
804214602
804456956
804570770
804610712
804718333
804863971
804882223
804989203
805117081
805586977
805600495
805771117
805813875
805832612
806056635
806082535
806263552
806319451
806342133
806376188
806391672
806439565
806635809
806728019
806729319
806784409
807011977
807306852
807349591
807380912
807444475
807601210
807707631
807744433
807885646
807899777
808015792
808175915
808293840
808421805
808532125
808658277
808713974
808717156
808861338
808882266
808964395
808967747
809040645
809124049
809127660
809228182
809278230
809303549
809333645
809341466
809521477
809600794
809606044
809622574
809673146
809692595
810110731
810331283
810472712
810597135
810752758
810827868
810922467
810922553
811027114
811047057
811059726
811288763
811618729
811729780
811776530
811814677
812084135
812485869
812515999
812526419
812564223
812613532
813222887
813355324
813371696
813885913
814257134
814307507
814459612
814521566
814534110
814575521
814598899
814641415
814798870
814994359
815158427
815181247
815491465
815493458
815694728
815727356
815768914
815787994
815798278
815941496
816095083
816152622
816519644
816785916
816796134
816825621
816877962
816897490
816994087
817437173
817471126
817635275
817778253
817781221
817943876
817980220
817982840
818066334
818069372
818367977
818752374
818857462
818896170
819072574
819255861
819430778
819456340
819646595
819648504
819728704
820251224
820294096
820311454
820376541
820413394
820487525
820520703
820569936
820574339
820609477
820688113
820746124
820776314
820942078
821035125
821108519
821211776
821414947
821438989
821571022
821572155
821814932
821871502
821988231
822056770
822085129
822125178
822235403
822294138
822570127
822749375
822771042
822799576
822801320
822903259
822913509
823090913
823102902
823117584
823245788
823259307
823297842
823477886
823620916
823626069
823690059
823714966
823732514
823823428
823842662
823947019
823950411
823978696
824068746
824131374
824270093
824297460
824689040
824689192
824806702
824827118
824967443
825234474
825250722
825290229
825291580
825346293
825378181
825481250
825676875
825757230
825889594
825901141
825946915
825995193
826158641
826172085
826249563
826359182
826454860
826488999
826620077
826629369
826638484
826665319
826685178
826695574
826711391
826720632
826789410
826887651
827175216
827258112
827375473
827462260
827505585
827522208
827548908
827621564
827742328
827955312
828050005
828093677
828096305
828184830
828219323
828407838
828585053
828886376
828936620
829068172
829070930
829145245
829147782
829160350
829178150
829263722
829283523
829377426
830066093
830083113
830106022
830172525
830271460
830303989
830494129
830579097
830662755
830685565
830710438
830725112
830743174
830751317
830767711
830927798
831029506
831177678
831189851
831258914
831272513
831280445
831486236
831503665
831698264
831763957
831960166
832005376
832051470
832056524
832078466
832102760
832135282
832578617
832842612
832881473
832983882
833093559
833381202
833431345
833432288
833436235
833465619
833487795
833569849
833656654
833742279
833777726
833985948
834084973
834141982
834327442
834412715
834462528
834507872
834635794
834682407
834842597
834855145
834941710
835185122
835191730
835270577
835364596
835491234
835494038
835591228
835664057
835672661
835979762
836038668
836042705
836146957
836290832
836477229
836512474
836558456
836561635
837036051
837229627
837263278
837283076
837387748
837498219
837533981
837608020
837869735
837875384
837902984
837953349
838020016
838253405
838433770
838960835
838975185
839123055
839218326
839260350
839275937
839301913
839310264
839426234
839462102
839465064
839521746
839620832
839650340
839669042
839672482
839691932
839735398
839783768
839919912
839926269
839931228
839974309
840040414
840070870
840142936
840537166
840558021
840628578
840748981
840774989
840879452
840905022
840947154
841160491
841247026
841463279
841489298
841693463
841812824
841935291
841977698
842077704
842120332
842193396
842256514
842317967
842363307
842712545
842816293
842827216
842830947
842876867
842914597
843067206
843080479
843189623
843195159
843365504
843568587
843620899
843770532
843820800
843874275
843888107
844015506
844096467
844144848
844177101
844179967
844216062
844223000
844227474
844406507
844408239
844477232
844607134
845023928
845160534
845235493
845283594
845328570
845336848
845444658
845567877
845589427
845621423
845654004
845691464
845802872
845941673
845980824
846044410
846060916
846072861
846591437
846604982
846806907
846822718
846866147
846902686
846955004
847007117
847025701
847231851
847580992
847619217
847757583
847834403
847878782
847920912
847955728
848044216
848074758
848163176
848211763
848281441
848303851
848545246
848569803
848582061
848590507
848627674
848672266
848716553
848841064
848848652
848933926
848972420
849087317
849171688
849608718
849611402
849775649
849936955
849957028
850041897
850110076
850222664
850499741
850637069
850805097
850865495
850870972
850909069
851068779
851070589
851335627
851399460
851445882
851481774
851807456
851818069
851875473
851998176
852038670
852265854
852280835
852367431
852403546
852551643
852639998
852673946
852698533
853011923
853086052
853209433
853310584
853385169
853569558
853580635
853582162
853596511
853732855
853798684
853822918
853861407
853894292
853955613
854095968
854189368
854228287
854253358
854304676
854321190
854387166
854427558
854441979
854493551
854508311
854710458
854858688
854887465
854949049
854990289
855001340
855022130
855136290
855152467
855534918
855583383
855669650
855756222
855863399
855948609
855972423
856122110
856137261
856177500
856264001
856273275
856410498
856616048
856616626
856752196
857025508
857195721
857228770
857655869
857675729
857713243
857776734
857912397
857919995
857979360
857993327
858030619
858070151
858255005
858283535
858362111
858410124
858416549
858620167
858687112
858690124
858723092
858926062
859086518
859156883
859291004
859349666
859387665
859423914
859559358
859559963
859563141
859601481
859792286
859811335
859923169
860458247
860530060
860602924
860642145
860777286
860790233
860880716
861098717
861174572
861189732
861347915
861353137
861419711
861530967
861695398
861714298
861804247
861862541
861908767
862109764
862241335
862259476
862291921
862318105
862468943
862505933
862529468
862630735
862799734
862914144
862956665
863212318
863243837
863386713
863463077
863902972
863959511
863984794
864117585
864487662
864492355
864619457
864757798
864894898
865287576
865414119
865414679
865503781
865621477
865630653
865653441
865671350
865762109
865830674
865953391
866195914
866304537
866443384
866554076
866571768
866822318
866843814
866881315
867106426
867210356
867524958
867555904
867691320
867852291
868033948
868369331
868452766
868704822
868821510
868887960
869035949
869283625
869384766
869510415
869539432
869624170
869790469
869893323
869958081
870070540
870106934
870110159
870215833
870421555
870569110
870580249
870659125
870734228
871004590
871149081
871259162
871322025
871324199
871379541
871395052
871475664
871476260
871544767
871702269
871800977
871895112
871948301
871966538
872058151
872125160
872216781
872459947
872523317
872559487
872692874
872848970
872871688
872990400
873024032
873032811
873114964
873156993
873193764
873205670
873247604
873297513
873364665
873622428
873671147
873722262
873737712
873856343
873997328
874021026
874067040
874178043
874180418
874288054
874491313
874722324
874739115
874828407
875085586
875272796
875592784
875616716
875760333
875826144
875970226
876018126
876114388
876121331
876226729
876277021
876733327
876802686
876947789
876965214
877207629
877273722
877286275
877304693
877372692
877440842
877470673
877472581
877566458
877825784
877865935
878045842
878051500
878414702
878609998
878612507
878648270
878700426
878786155
879127482
879283474
879310672
879371985
879451164
879602223
879610346
879613770
879863524
879907474
880188030
880615281
880674400
880785625
880971244
880994214
881071090
881279699
881524318
881549218
881658842
881879968
881894940
881981918
882194041
882448155
882635598
882916079
883338914
883455498
883532529
883640716
883763896
883797574
883877331
883981211
883985158
884084245
884224415
884346878
884711824
884824544
885065296
885327625
885356567
885378922
885859180
886122954
886769030
886936933
887088652
887135815
887222239
887276325
887337219
887586120
887645240
887696987
887714607
887878799
888547733
888631173
888763987
888803252
888829369
888842219
888887591
888900541
889341323
889599791
889696277
889925239
889964399
890007061
890046137
890175595
890216191
890320431
890469063
890592918
890609606
890836002
890905305
890954329
891032342
891042667
891161908
891279596
891440246
891501995
891543462
891602256
891602568
891683018
891770885
891859360
891875952
892003826
892065980
892311662
892380088
892404229
892431150
892461375
892645741
892754829
892841393
892991247
893164413
893198990
893458552
893488296
893497275
893504488
893527801
893544067
893550555
893610791
893667894
893785281
893834921
893905124
893927039
893967473
893989733
894024116
894250642
894269560
894352814
894420871
894509714
894579362
894654570
894750951
894763060
894784176
894821039
894884741
894889286
894949854
895316436
895325560
895366219
895369767
895377816
895402782
895621648
895657903
895691762
896040599
896103201
896122590
896260651
896282987
896369382
896431433
896541073
896551827
896751121
896958050
897005902
897050781
897052464
897138321
897761079
897794739
898005604
898051006
898288727
898329830
898420357
898429764
898564769
898607826
898775980
898902100
898941103
898996202
899095604
899255924
899263816
899337356
899446641
899460837
899671605
899758713
899989383
900008248
900029598
900111689
900216513
900356622
900364900
900511087
900575606
900629396
900662463
900800258
900812137
900883657
901179836
901286382
901287791
901419824
901984887
902046505
902155349
902162679
902259638
902352541
902447487
902469420
902561593
902591350
902591504
902601436
902731430
902790392
902888340
902933250
903057520
903106413
903135839
903153475
903225769
903288940
903345013
903409877
903431724
903455778
903485762
903513906
903694205
903838989
903979026
903979271
904247512
904312790
904484815
904575572
904589974
904686947
904761977
904779829
905167725
905189394
905686610
905824633
905834347
905942224
906334897
906336884
906343878
906345343
906365994
906382135
906432289
906495204
906628621
906646923
906780236
907021443
907511674
907563404
907642947
907661573
907855309
907898210
907913744
908002415
908360842
908503718
908617349
908722963
908880000
909022711
909102344
909342419
909360564
909495256
909510790
909724418
909782151
909867958
909923908
909945266
910004886
910054446
910084224
910176933
910250457
910472242
910593813
911070843
911215074
911338400
911517779
911651533
911698686
911754577
911793960
912005878
912051106
912113379
912187271
912212375
912278374
912340571
912514199
912537468
912622911
912950167
913034217
913093932
913314459
913544056
913584280
913629059
913629833
913742246
913807020
914013625
914124121
914304139
914376372
914394426
914429605
914436355
914813716
914842906
914868851
915271928
915279868
915296494
915339542
915793177
915968133
915982040
916040982
916127225
916258954
916278777
916319790
916403225
916493968
916505713
916562456
916583887
916605114
916650461
916669520
916739191
916753689
916762623
916874712
917048349
917321042
917465610
917603736
917614131
917669728
917752418
917804382
917910011
917978630
918055007
918109069
918211759
918252483
918403572
918505308
918725460
919032130
919319203
919640173
919689908
919709345
919753083
919980030
920195831
920292667
920367273
920376439
920501921
920622490
920711653
920735904
920991770
921009176
921236239
921419301
921540951
921590020
921605155
921850169
921875510
921995463
922136411
922154662
922274780
922293917
922334497
922435182
922533970
922555377
922933061
923035376
923043230
923414842
923556241
923569911
923666834
924067606
924118399
924339182
924353279
924440482
924716592
924775419
925274669
925353973
925620738
925643687
925826781
925883592
925940027
926038243
926138908
926475808
926528512
926542563
926576724
926945465
927074174
927522944
927558811
927569876
927609211
927618366
927722409
927890476
927984446
928257310
928266396
928363657
928468483
928615168
928684868
928688352
928943749
928949489
928958333
929278578
929389105
929687978
929719274
929752710
929777155
929796611
930018244
930177729
930377369
930444088
930458018
930483079
930490785
930564085
930990795
931040090
931134311
931159374
931355323
931766719
931855143
931898153
932047539
932086992
932110282
932289512
932343990
932358939
932384906
932799578
933140073
933340115
933388891
933410707
933510238
933559736
933560603
933655715
933741597
933811002
933868633
933908767
933995229
934223535
934230487
934238889
934315324
934493564
934526527
934633842
934715473
934869682
934941670
935131638
935180491
935213449
935389970
935778262
935779079
935896024
936307470
936494924
936621379
936799335
937126870
937126947
937131580
937160325
937374800
937431387
937523624
937737482
937752236
937760617
937795020
937847177
937884816
937922183
937961526
937971705
938066978
938082711
938113481
938221412
938293676
938416964
938470723
938488104
938574972
938627684
938638997
938796496
938885808
938959319
939143860
939145984
939244219
939421856
939471150
940027390
940100398
940269870
940383400
940456824
940538514
940659784
940792876
940816510
940827621
941240848
941294299
941835760
941912137
941921420
942346290
942369854
942425152
942434034
942566149
942773898
942799744
942861626
943069159
943252942
943253477
943355440
943380358
943498207
943511650
943527681
943527694
943633287
943783605
943815607
943940352
944029405
944170906
944226031
944237259
944455028
944477103
944679795
944693814
944793709
944930844
944951180
945009377
945033255
945150668
945231596
945445923
945535702
945575920
945639074
945876758
945907684
945994969
946110224
946205012
946330695
946722191
946804828
946824836
946871190
946881112
946884840
946937619
946947333
947143953
947316054
947360044
947398017
947470815
947495127
947574734
947637399
947662244
947819273
947884026
947936195
947965198
948031699
948066021
948195957
948419250
948506913
948572357
948665781
948671528
948840670
948840890
948880970
949062153
949138081
949245949
949250567
949306700
949435328
949521686
950005439
950249740
950255668
950635427
950705894
950709305
950888095
950912020
951024502
951107380
951148769
951212904
951424231
951500382
951669778
951694624
951763565
951852749
951909096
951961277
952450468
952539730
952939884
952976078
952986323
952999412
953056245
953143298
953271349
953325299
953387563
953415738
953504791
953623741
953734522
953765200
953776476
953965255
954013774
954174045
954271994
954280331
954292899
954361115
954366928
954584047
954775312
954907687
954921869
955210785
955345381
955355174
955539855
955577266
955642763
955649100
955778999
955779365
955839309
955848093
955936370
955988211
956000551
956049611
956053507
956054201
956115102
956150188
956531980
956778342
956837291
956920482
957026197
957078384
957176043
957198818
957216684
957242926
957369211
957436314
957630206
957666977
957840255
957859897
958009969
958042430
958158120
958185748
958246791
958295054
958318435
958387397
958397135
958454552
958638998
958723786
958750020
958806445
958957713
959132868
959340915
959357578
959633282
959679212
959766291
960030203
960308532
960431648
960487718
960589773
960601582
960618875
960640637
960817969
960969117
960980286
961380066
961477664
961537065
961545537
961564931
961614966
961673058
961799679
961873317
961892696
961904556
961933694
962020357
962285611
962428581
962445995
962495317
962514123
962569708
962833633
962928179
962950092
963033025
963256333
963322948
963367003
963389098
963412005
963456308
963632238
963659101
963697218
963727674
963863103
963894743
963930794
964070313
964126726
964322652
964401543
964493164
964692872
964893734
965026532
965090577
965262840
965266771
965297598
965414297
965479614
965598639
965705525
965799379
965800738
966051400
966164895
966166768
966238133
966660391
966796242
966869933
966883620
966918588
967145973
967161467
967292359
967371964
967420194
967445881
967481999
967496106
967554087
967698666
968066543
968220842
968392228
968427141
968453750
968626769
968683675
968722949
968751189
968792208
968795916
968834966
968855637
968887292
968948369
969097969
969199443
969373592
969395907
969802618
969978134
970280942
970363743
970616120
970717097
970909554
970910790
970973443
971375920
971436664
971537929
971555469
971566297
971618608
971755713
971767458
971822147
971872502
971890011
971892729
971942750
972001840
972262960
972544275
972742324
972745013
972782977
972888012
973265778
973361920
973367816
973417006
973430894
973476443
973477078
973667558
973717943
973776390
973859812
973986803
974044722
974232715
974356142
974507790
974525349
974551172
974631780
974657121
974771572
975443794
975451520
975542517
975838390
975885005
975997499
976007149
976015059
976055894
976201454
976203261
976275717
976312896
976674892
976688039
976737909
976967769
977064839
977166214
977232579
977270054
977535380
977756098
977787804
977806350
977837393
977912205
977949913
977985823
978041624
978044602
978081707
978338064
978456162
978563287
978585409
978774498
979041544
979130766
979238150
979334151
979382183
979398544
979484194
979752382
979828564
979933327
979964424
980013125
980292253
980587660
980648528
980696650
980733941
980784159
980786435
980872257
980943655
980977869
981188674
981196437
981290539
981344192
981701391
981942063
981979419
982071673
982085682
982277476
982407257
982777956
982800010
982999004
983386700
983652561
984070063
984199757
984470326
984733214
984745446
984895030
984909895
984930307
984932328
984975947
985118042
985149088
985257165
985482726
985496243
985517628
985551489
985832810
985984540
986006703
986149173
986269031
986340501
986449209
986487822
986519747
986533941
986537024
986557984
986622960
986785470
987317615
987345271
987429153
987445281
987478719
987615990
987651966
987804182
987933116
987935893
987952819
987961920
987998888
988057143
988114991
988198150
988343119
988607778
988829721
989006056
989074812
989149026
989332476
989439632
989579687
989614820
989616555
989624083
989697128
989835281
990115282
990142237
990149264
990209666
990254529
990445917
990486421
990782018
990844450
991003912
991012306
991040521
991387626
991462607
991469348
991601415
991737108
991758138
991820237
991900900
992018571
992113319
992167161
992341743
992421818
992422950
992426812
992429568
992436448
992575969
992598013
992688856
992724522
992767783
992867086
992893830
993032530
993122922
993137731
993230848
993410443
993459235
993587167
993616000
993638629
993658935
993667197
993685972
993719685
993789532
994068426
994250719
994280633
994331460
994381207
994590006
994750572
994856734
994910353
994928916
994939747
995094791
995238931
995323249
995514007
995532668
995547653
995670311
995695418
995779441
995853998
995980654
995993943
996024043
996042833
996095395
996126079
996128498
996489106
996610479
996715280
996720771
996796021
996808372
996936418
997067535
997150007
997386573
997395442
997552706
997609891
997648475
997707730
997761779
997783496
997872608
998077728
998308857
998388541
998427894
998855664
998976933
999164559
999344027
999367875
999602158
999629234
999635245
999700779
999992052
