35281
110594
503128
736477
853148
1251459
1372708
1442214
1561798
1700067
1816377
1923139
1990550
2090097
2122920
2287064
2290458
2374336
2427943
2433921
2434593
2436469
2572923
2870844
3004079
3460674
3519870
3540462
3551287
3730547
3730953
3765625
3842055
4144091
4307318
4423409
4613573
4658730
4688278
4945345
5043271
5066385
5089172
5525796
5608944
5617183
5642048
6299838
6309170
6401491
6453547
6530835
6613866
6719922
6805116
6849456
6898722
6901784
6928421
7163654
7404315
7425974
7791753
8437883
8447606
8507439
8554630
8587949
8683463
8713327
8826269
8867717
8872849
8945601
8970438
9041788
9263592
9710613
9750904
9789649
9891008
9903476
9972317
9988646
10097394
10140250
10166558
10377602
10532277
10564740
10590934
10657475
10847747
10956754
11073122
11090811
11120983
11295672
11377909
11748781
11829682
11897459
11964081
12022631
12254255
12272943
12373891
12502457
12634556
12665956
12676662
12694869
12810357
12946822
13170064
13177166
13211534
13292388
13320214
13323753
13341823
13410256
13477585
13551234
13975869
13993794
14203783
14366661
14384085
14398888
14427948
14432622
14452011
14663015
14724653
14795601
14936918
15057435
15170748
15221400
15243915
15270986
15288338
15304695
15397962
15542275
15549641
15892059
15895393
15931810
16005692
16034932
16099792
16102301
16130189
16205269
16255142
16460800
16552685
16559127
16732329
16887686
16965842
17429476
17470286
17583825
17613419
17649626
17717911
17925650
18064304
18149432
18183041
18375449
18445391
18612671
18773390
18786838
18814609
18929214
18951106
19028537
19178073
19394789
19419545
19563674
19575115
19587683
19942420
19969264
19976741
20022367
20126478
20127296
20212227
20241620
20424103
20429297
20585160
20758098
20808534
20892067
21038877
21150266
21236347
21337049
21367073
21438011
21490844
21533410
21585447
21633815
21782547
21792240
21898462
22138422
22158310
22457143
22589185
22696100
22758241
22801053
22860966
22930721
23065297
23268370
23274028
23608415
23862231
23883407
23885731
23913965
23959981
24230521
24233720
24276449
24359136
24458625
24504973
24739593
24867313
24968876
24979062
25073607
25286828
25290591
25333288
25745468
26019319
26020669
26084397
26232694
26330922
26410882
26520681
26842759
26874140
26912337
27021010
27101295
27743807
27839668
27853283
27883225
27967164
27989429
27996728
28183185
28255094
28326447
28417267
28483358
28510358
28531340
28562307
28576847
28594070
28609410
28725298
28815220
28839350
28890297
28969718
29012133
29016573
29052177
29150037
29180471
29283890
29359802
29436338
29542464
29603819
29815324
29846662
30017881
30159068
30250858
30258708
30433072
30468002
30474410
30611099
30643120
30868713
30981843
31037189
31059450
31115543
31167227
31272475
31298183
31316460
31485230
31515336
31557328
31706625
31776050
31931398
32104110
32125132
32379573
32391708
32523056
32644517
32815369
33101271
33110286
33139443
33221038
33325371
33414821
33435870
33586466
33652694
33740564
33780097
33810265
33937998
34006920
34010486
34067410
34068882
34151188
34181966
34314384
34428347
34429850
34475345
34588056
34616614
34676031
34835367
34869303
35134515
35165973
35170034
35194806
35347099
35371635
35500243
35683474
35841452
35861177
35940912
35974520
36244511
36252549
36422807
36499956
36647900
36707908
36776799
36792758
36802456
36973463
36999256
37088614
37317575
37372591
37630733
37666451
37821430
38161119
38287780
38290075
38454569
38465660
38472961
38546239
38691872
38942359
39113026
39231742
39235539
39360996
39365962
39417077
39451097
39499066
39664220
39811536
40044098
40062093
40076183
40183076
40404580
40693767
40788817
40896343
41053818
41075136
41212184
41272107
41373913
41443655
41444906
41462679
41469000
41503513
41775162
41933278
41972409
42021125
42025687
42083563
42309160
42501559
42574165
42696227
42719417
43008646
43014515
43050686
43175621
43224649
43344118
43352006
43430804
43561779
43678744
43717550
43802104
44237768
44314600
44325499
44398342
44669524
44709004
44746765
44924108
45030529
45272041
45305669
45320409
45394051
45410731
45418761
45474234
45482386
45698349
45779263
45920256
45925437
46077821
46159220
46161040
46332259
46435535
46476578
46645111
46788724
46854894
46955645
47138373
47222724
47293421
47460919
47619672
47624393
47627818
47657761
47745304
47855041
47897594
48097466
48211401
48254757
48368687
48402032
48406698
48560069
48707263
48710212
48764080
48847625
48951843
49144828
49162640
49187304
49300494
49477513
49617838
49639480
49843704
49861126
49990168
50661333
50885941
50902814
51039168
51049808
51064827
51167580
51252268
51346342
51358457
51499895
51673040
51716094
51758644
51791702
51806179
51816029
51830275
51868934
51885270
51940572
52082390
52177970
52307816
52362122
52398849
52770028
53441428
53501440
53531673
53689829
53762107
53995515
54061015
54157128
54260483
54260732
54403612
54593537
54716569
54801554
54851501
54957277
55036397
55169871
55252884
55293026
55369001
55433101
55462727
55565298
55575643
55675397
55759025
55940828
55973221
56213623
56408846
56462503
56492806
56647215
56711472
56965411
57106600
57228336
57231761
57337817
57412575
57429458
57444123
57539003
57569479
57597917
57664185
57670558
57948499
57954633
58062651
58145906
58167752
58424512
58484776
58539962
58641272
58968963
59040046
59477362
59845098
59899367
59975660
60215901
60316222
60365659
60486226
60493108
60569330
60649797
60749801
60762033
60905288
60958031
61003093
61110074
61188158
61274862
61599076
61784598
61785834
61907939
62043386
62127733
62159987
62260240
62271287
62739617
62975114
63168141
63196716
63241158
63253580
63353672
63466358
63564139
63687424
63750378
63818209
63971264
64062592
64090467
64145125
64286247
64287450
64362825
64366774
64454930
64495315
64554829
64583700
64681761
64924838
65126895
65139642
65151959
65186241
65284909
65457827
65463328
65490122
65673786
65675858
65803480
65818771
65818778
65852956
65979671
66162167
66193449
66408744
66533498
66813273
66817224
66906467
66957805
67211573
67275822
67310525
67324011
67381199
67655526
67657578
67805849
67836470
67865665
67909574
67993338
68038542
68059890
68263656
68278051
68514386
68578992
68608189
68696702
68860576
68938358
68945005
69067760
69105978
69182481
69231110
69337381
69428798
69470239
69497460
69575809
69647808
69708588
69746314
69794787
69842172
70168798
70217197
70238128
70377288
70421182
70594505
70674237
71142105
71275426
71311894
71313698
71416995
71481181
71576917
71628639
71632914
71858069
71860441
72000941
72063604
72077153
72140332
72266032
72281786
72352130
72504218
72513639
72571645
72607091
72615120
72630091
72637914
72694651
72833162
72892393
72916424
73030574
73381373
73399808
73562803
73651037
73676200
73688718
73825095
73847353
73962465
74223454
74230321
74250109
74268316
74638378
74717738
75053218
75156191
75226828
75231436
75280309
75361673
75472089
75732152
75922871
75928400
76112327
76115716
76142138
76263710
76377548
76404576
76488690
76703800
76704356
76845970
76863743
76896209
76931309
76999638
77121763
77153623
77334675
77458423
77643297
77647748
77676642
77932232
77974172
78063173
78164901
78206123
78413074
78812589
78833656
78845586
78863844
79193191
79287439
79297512
79298892
79559567
79702407
79766575
79768225
79782639
79790499
79838704
79924656
80083681
80248483
80304674
80407610
80509501
80559186
80691424
80771436
80775975
80812957
80837051
80954558
81083990
81092291
81211060
81580171
81610962
81740675
81818174
81837304
82266795
82415387
82464598
82634102
82787230
82822376
82871944
83100252
83327669
83381179
83532637
83709367
83718833
83749448
83947445
84118325
84121213
84158560
84273981
84682813
84729934
84780056
84870387
84966796
85006892
85268136
85301782
85372375
85412984
85479301
85496136
85525769
85551214
85638723
85734880
85796663
85995618
86028273
86059921
86091252
86173540
86288283
86477923
86543456
86616509
86759833
86833510
87010895
87016723
87120763
87345782
87360051
87606416
87861181
87868083
87985661
88051165
88175552
88190765
88234700
88273405
88369875
88417807
88490932
88575173
88575913
88678455
88693609
88722192
89269546
89353039
89366939
89400761
89418925
89425790
89495834
89598560
89652102
89861196
90063367
90137325
90171311
90208068
90345508
90350699
90439988
90454447
90553872
90586338
90598023
90725089
90808183
90853108
91020305
91600374
91699448
91704961
91786282
91818807
91837727
91939113
92137587
92208217
92363876
92509343
92512606
92626697
92705197
92724173
92864728
93157092
93236108
93300483
93556622
93603454
93631936
93632611
93649883
93691807
93796406
93838362
93936649
93967934
94004932
94033846
94086507
94425913
94461674
94526994
94568408
94605575
94607177
94819394
94848544
94848822
94951980
95010650
95013920
95269262
95510422
95556746
95635687
95706666
95851393
95924180
95943249
96037007
96086834
96096513
96132420
96178019
96573573
96582987
96590133
96612548
96675838
96781313
96929399
96954293
97023682
97059295
97331730
97421769
97448770
97690214
97736800
97923728
97936503
97946816
98262882
98416590
98528862
98682564
98718683
98735442
98810438
98893419
98927683
99101950
99135404
99153714
99208976
99415834
99434150
99486696
99603224
99619853
99768655
99788413
99864760
99914658
100156236
100212547
100346860
100478099
100781390
101080476
101151864
101379809
101524427
101601227
102202283
102208359
102400502
102451933
102544583
102653292
102705599
102714275
102819256
102895755
103094981
103125190
103155078
103456425
103505669
103663443
103664133
103684362
103833673
104090168
104126511
104150338
104692239
104736680
104818789
104837106
104939835
105068312
105071081
105102533
105298415
105699699
105714794
105757127
106120781
106520807
106652064
106671840
106702550
107656299
107742852
107771933
107829516
107852499
107854162
107960744
108044428
108383601
108392297
108412449
108416143
108593166
108769233
108857075
109098750
109218898
109421314
109558117
109609963
109629158
109879524
109944185
110107682
110209053
110553081
110576243
110587928
110598311
110819662
110835395
110847946
110904547
110977050
111053925
111074776
111166772
111594225
111632458
112110775
112323325
112347632
112464366
112509303
112687549
112747353
112815877
113153924
113163762
113453307
113494921
113578929
113764584
113914259
114011032
114036403
114284986
114290419
114341782
114373808
114378015
114498659
114590917
114677948
114701304
114722195
114737914
114750029
114825214
114911264
115227610
115342956
115362964
115449051
115459239
115544844
115625033
115685466
115846316
116235853
116246099
116319320
116366751
116444829
116533280
116687071
116744315
116847362
116957694
117313702
117556234
117593844
117683627
117692422
117763750
117852557
118002161
118008205
118096665
118221384
118406865
118450021
118457553
118741147
118828700
118909178
118914101
119276930
119525837
119543882
119568933
119614613
119618313
119836257
120058159
120174252
120174909
120325145
120351470
120370665
120377263
120380553
120530259
120542641
120586451
120605877
120676498
120681233
121004150
121021622
121025870
121090119
121107858
121283157
121378870
121521380
121583758
121621269
121639385
121661750
121739979
121857819
121940774
121987873
122047579
122095578
122464226
122507561
122534415
122560578
122621677
122752949
122764905
122879339
122918403
122920297
123123054
123187828
123200910
123255299
123466520
123469915
123471707
123481345
123756037
123877575
123905247
124238527
124259839
124297369
124403006
124410276
124416629
124834396
124838776
124873807
125052650
125078485
125137920
125157279
125211024
125644946
125718364
125776860
125931170
126000340
126026773
126099289
126167883
126194977
126281244
126441850
126506975
126560913
126640245
126686750
126692068
126761414
126807973
126859162
126896892
127054747
127133158
127405583
127423211
127675854
127734905
127891913
128011679
128054428
128117912
128168106
128175434
128514182
128607127
128635645
128645001
128660899
128776207
128855232
129008355
129089364
129154555
129257901
129310319
129519821
129557610
129583444
129620443
129775669
129809444
129823865
129924767
130062997
130102701
130155201
130191257
130378770
130582631
130618476
130826588
130871610
130890852
130942880
130951567
131086444
131152139
131157207
131166548
131183924
131213667
131349453
131394504
131550696
131828404
131893185
131909338
131910002
131912259
132014189
132226909
132325892
132530067
132588257
132666774
132717276
132850755
132880552
132922370
133104952
133146046
133183950
133212505
133285454
133300205
133345716
133355594
133414316
133438828
133460569
133462026
133596040
133778026
133786916
133805285
133863065
133867345
133889738
133936061
133985363
134137494
134164327
134176654
134298198
134328481
134361497
134420044
134436164
134664950
134896189
134908856
134923330
134944664
134968605
134998054
135089243
135092134
135100157
135136671
135223170
135360795
135742369
135792436
135918254
136110501
136480068
136549073
136579261
136588289
136680644
136725293
136909138
136988563
137032793
137076397
137153282
137157055
137269345
137370969
137514414
137554961
137693514
137727322
137736258
137747223
137780907
137878940
137921055
138126147
138228948
138260281
138286716
138419793
138423341
138760642
138955294
139010094
139017668
139192617
139269429
139334848
139357552
139392507
139434096
139581479
139680919
139709518
139946040
139949778
139967079
140029526
140032527
140047124
140139484
140155322
140278824
140340442
140348006
140435581
140442236
140699405
140725922
140741915
140847018
140865649
141098591
141122330
141227265
141281438
141306988
141319609
141350585
141378676
141387319
141614741
141643883
141782242
141929051
141994283
142035334
142048324
142144942
142147924
142346569
142604550
142691403
142723712
143032402
143083970
143167859
143172232
143220475
143250431
143291838
143373929
143435723
143512389
143516150
143535212
143547168
143578971
143937864
143955089
144115925
144197640
144261777
144545835
144573027
144679757
144744203
144811325
144954265
144969665
145435617
145530902
145559092
145679320
145690539
145858817
146270823
146337958
146371123
146396239
146469017
146543684
146544533
146562441
146638942
146872484
147334396
147584265
147654308
147842132
148031990
148115952
148169024
148258818
148354765
148385106
148409551
148442065
148510084
148555838
148578738
148593488
148643313
148711849
148750077
148770443
148854313
148887395
149042997
149083755
149216780
149244987
149298731
149361152
149470749
149619076
149820959
149830410
149925600
150275658
150553671
151005798
151150602
151307795
151362324
151363929
151421356
151576141
151642096
151680165
151680360
151759946
151819895
151882441
152096222
152212434
152360726
152473149
152480034
152531133
152709398
152755758
152856911
152926556
152954689
153072270
153220004
153237165
153413783
153608243
153694824
153710920
153746624
153832626
154019243
154262221
154293615
154352588
154353353
154433576
154671612
154803903
154876718
154890733
154951297
155175370
155421561
155489731
155569729
155717601
155841374
155888009
155991251
156258254
156294697
156305469
156454191
156515417
156626448
156720480
156836211
156951260
156960656
156992175
157351716
157466123
157492658
157526503
157644056
157705939
157988307
158141800
158258697
158424524
158465207
158574556
158719721
158763987
158924366
159029599
159045412
159259294
159270235
159488915
159535661
159693143
159709422
159826342
160288364
160343390
160375587
160381713
160449438
160522397
160593525
160638645
160852759
160911686
161002163
161039885
161333028
161396661
161534686
161615552
161696641
161721402
161729104
162224071
162283163
162544785
162574643
162625143
162732583
162750287
162792251
162874020
162918049
162937485
163039802
163222277
163289081
163459961
163508547
163794050
163842953
163906119
163910343
163964150
164039222
164077960
164161209
164190294
164437743
164492231
164503360
164531812
164706142
164725068
164798270
164825427
165133617
165166569
165199936
165235678
165788647
166076216
166252923
166414759
166537409
166604694
166829429
166881438
166971406
167020398
167198146
167220079
167616963
167650441
167650723
167702240
167856780
167955891
167976772
168027162
168169836
168304659
168577449
168604614
168611551
168664238
168747088
169075731
169178419
169243601
169477597
169504090
169579142
169615184
169648227
169662931
169676580
169771940
169782767
170076656
170276994
170350633
170435417
170488578
170497902
170510062
170515361
170928404
171048399
171188550
171243330
171254499
171453915
171793022
171863722
171879326
172021925
172066358
172230017
172377202
172400485
172528144
172656688
172714914
172715381
172770928
172783307
172797166
173434975
173481659
173540085
173679148
173872357
173953984
174052881
174178223
174223678
174238774
174258168
174431622
174578489
174789957
174799995
174956328
174965955
175031119
175039460
175104955
175120356
175143168
175240272
175385231
175796894
175914604
176029087
176062546
176078307
176347014
176490642
176500826
176667379
176690737
176999592
177209179
177587514
177633730
177634180
177643640
177703702
177717030
177773187
177941398
178063108
178078119
178313563
178317511
178349487
178367663
178472549
178605495
178642393
178677259
178703936
178717101
178770749
178794074
178824413
178835222
178865009
179385958
179466285
179660895
179788737
180123138
180165277
180337301
180345754
180433278
180662156
180764855
180888112
180980723
181027986
181131087
181155336
181224870
181267159
181361007
181526629
181679614
181817147
181848490
181878338
181927837
182153067
182506301
182592264
182658802
182817859
182889334
183169611
183280421
183388278
183524677
183590071
183989857
184033835
184122607
184146824
184187457
184333209
184366020
184475349
184568815
184766563
184854609
184941388
185000141
185126812
185144317
185393891
185454598
185457726
185660097
185702389
185732036
185746927
185778285
185805416
185816185
185926212
185966473
186099547
186221113
186300615
186321360
186349500
186571176
186621949
186677443
186811115
186908751
186995140
187277864
187416073
187526872
187643006
187786941
187824856
188349275
188388841
188497268
188772511
188866328
188872482
188888143
188984606
189262506
189584435
189669864
189979631
190348317
190537517
190554268
190561324
190628029
190718642
190978353
191054711
191222081
191312003
191389623
191442926
191504258
191553104
191605272
191629724
191675016
191689644
191760427
191765040
191829971
191945937
191964239
191968574
191974694
192009834
192118794
192275464
192307403
192373347
192605832
192776356
192920264
193004785
193128696
193161958
193186511
193278965
193404212
193457791
193476802
193486246
194157664
194170361
194554528
194634778
194675910
194714660
194715935
194839511
194941270
194942343
195121359
195154221
195175077
195259677
195277671
195280120
195364909
195494061
195629251
195698404
195728614
195794859
195891270
195938710
195947012
195966219
196122590
196234653
196322819
196466743
196555226
196614848
196672331
196697696
196925526
197069154
197081300
197266065
197303051
197356658
197369769
197585423
197821301
197827634
197860547
197905590
197944345
197990414
198038491
198273735
198321975
198343680
198394688
198407654
198562260
198660019
198729481
198840313
198859985
198877122
198926694
198945141
199149220
199162518
199184752
199297950
199456661
199610712
199637453
199869002
200019117
200045542
200151404
200208241
200374562
200527627
200585640
200588318
200760848
200980846
200993595
201064456
201090339
201114085
201251418
201354636
201357424
201616380
201677169
201781799
201936191
202150634
202242591
202284945
202404662
202511174
202574154
202591400
202664645
202666701
202890509
202929363
203281261
203310448
203314417
203406051
203623459
203732514
203783426
203821869
204055411
204117666
204223338
204310198
204396278
204503210
204518102
204666892
205001182
205076705
205079870
205101475
205112776
205137290
205137976
205276090
205324619
205389945
205454093
205690495
206057824
206099076
206261326
206291895
206406254
206438906
206648234
206742567
206743709
206896817
206919264
206954900
207010602
207527668
207610554
207699021
207839765
207899409
207914309
207947660
207973177
208029435
208139359
208184737
208304623
208311917
208570228
208608102
208858259
208914528
209021433
209059839
209111144
209185834
209222978
209536570
209596603
209613303
209618277
209731368
209765791
209781072
209805926
209902817
209984823
210213792
210216060
210259721
210285374
210335664
210480866
210526226
210577838
210603901
210680868
210697186
210705701
210825373
210843390
211035486
211185381
211207521
211326589
211341283
211342339
211419835
211499157
211593855
211628909
211760955
212089409
212111664
212145849
212202006
212368725
212426808
212466122
212529544
212544758
212615044
212671777
212715994
212816073
213037643
213072302
213231969
213270593
213530759
213872873
213887049
214001813
214009206
214194743
214301577
214318334
214352539
214447179
214554924
214587910
214609828
214808961
214833026
214873112
215124368
215162969
215387973
215515475
215673333
215742941
215753820
215891551
215916988
215976514
216125420
216394410
216593003
216609850
216666402
216720827
216775603
216832401
216882726
216985644
217038432
217126518
217127599
217133041
217201830
217306621
217310807
217478096
217487852
217618793
217661339
217747742
217890705
217901142
218072255
218086500
218154075
218217205
218647388
218709972
218765932
218850548
218852556
218956962
219129339
219219641
219264553
219318400
219324115
219333769
219361543
219552456
219558569
219783587
219799996
219898555
220084721
220102645
220128979
220166784
220192348
220248091
220355606
220475269
220766454
220778523
220808884
220822894
220861821
220892077
220993914
221024275
221152242
221227541
221290156
221363036
221378375
221422670
221435957
221497614
221504839
221672733
221682548
221913601
222050962
222249881
222450183
222561877
222908640
223119374
223123527
223193088
223235684
223355251
223442030
223556957
223566369
223703607
223728817
223757620
223777212
223790812
224123602
224183912
224220711
224629792
224728385
224819651
225015587
225060221
225125063
225284876
225373047
225430030
225438074
225461795
225520993
225532335
225612072
225660393
225733592
225831904
225856897
225871652
225915280
225938640
226031244
226039714
226073364
226219624
226303205
226340966
226367659
226444817
226543637
226658725
226692764
226695003
226697348
226714980
226745199
226963098
227048613
227193142
227314230
227336487
227406170
227439980
227606382
227703173
228124175
228149019
228462721
228545997
228718588
228730692
228760720
228764591
228827289
228885677
229026765
229080178
229346844
229403992
229526113
229728593
229770667
229872400
229942364
229992668
229995067
230025246
230420977
230429391
230800441
230999800
231100788
231252554
231326797
231457009
231554580
231636546
232005447
232248795
232612228
232759707
232824112
232903365
233263939
233450628
233580168
233599633
233652451
233674256
233926809
234093205
234316554
234336652
234469130
234665015
234917230
234936644
235170964
235232591
235453952
235462227
235468261
235470040
235619148
235625401
235646365
235841981
235920146
235936641
235948685
236022802
236114157
236226123
236249046
236267377
236333371
236333648
236682181
236917656
237030034
237140081
237252057
237326482
237563591
237635083
237649834
237692073
237706204
237798770
237957002
237968202
238009004
238295351
238411439
238548812
238552334
238553433
238581847
238907653
239178792
239209383
239313359
239378001
239669922
239694201
239731560
239842100
239923620
239991699
240166105
240186352
240222084
240611472
240804218
240924255
240991725
241087741
241111859
241126618
241245594
241311696
241418279
241459538
241518094
241538132
241731737
241732267
241795755
241832688
241932983
241947171
242042309
242048103
242207568
242207822
242218490
242287888
242449448
242507631
242616282
242815047
242833973
242835904
243102874
243167361
243439384
243443899
243612621
243629598
243717746
243860073
243942979
244047354
244082506
244184714
244329396
244368466
244380644
244598390
244903092
245233037
245304001
245324756
245481352
245532111
245554538
245790662
246125897
246208298
246294290
246460979
246601042
246606866
246723350
246747836
246827328
246852636
246902329
246992656
247021648
247176824
247345270
247422475
247447623
247476082
247528362
247569652
247627587
247681269
247949895
247956857
248046182
248101373
248219238
248377199
248612529
248697076
248728175
248761259
249080632
249086060
249122331
249162165
249235989
249304142
249392834
249633126
250170101
250332510
250339016
250603585
250703703
250723677
250727170
250787595
250890206
250993438
251118988
251183212
251201773
251536175
251851917
251921974
251926170
252102815
252106836
252138633
252174027
252260351
252270276
252326730
252391751
252407337
252489166
252557999
252568631
252595250
252611107
252704837
252772599
252842209
252906980
253123659
253203582
253278215
253293572
253357765
253465411
253636127
253798523
253888051
254026723
254040215
254241894
254243974
254284886
254316172
254467444
254480132
254655277
254658716
254754875
255236866
255579702
255584106
255587237
255796856
255832636
255883963
255888891
255892648
256116408
256271356
256378303
256468307
256546314
256689983
256783674
256853993
256864342
256885784
256933854
256987699
257007830
257244589
257382284
257386964
257423916
257443169
257536178
257642586
257758902
257822775
257871778
257956571
258023448
258030240
258036606
258061224
258347972
258373722
258471174
258597843
258637258
258715776
258788530
258788692
258806376
258829245
259040708
259066173
259145006
259291091
259347063
259464681
259685307
259977403
260009663
260182998
260267241
260271681
260429814
260593368
260716964
260747406
260867589
261101099
261214037
261364260
261404548
261454058
261756351
261831582
261856747
261924494
261968884
262255132
262513603
262690091
262749882
262800827
262816356
262853628
262901624
263008102
263341504
263378728
263458234
263462427
263576273
263626759
263630586
263676877
263801266
263904918
263915905
263992051
264123231
264355970
264420571
264494118
264745901
264788600
264807936
264841498
264895459
264915783
265173455
265267737
265319677
265324021
265789905
265827906
265879743
265942853
265976026
265983518
266194464
266280031
266300458
266400330
266502497
266616942
266652912
266751788
266869378
267003112
267036709
267128482
267301200
267378756
267500691
267576510
267686471
267783104
267844305
267926679
268010440
268103386
268108746
268270790
268299454
268338543
268862460
269027780
269088268
269253211
269327328
269335360
269519170
269646899
269795132
269944354
269948573
270198604
270314299
270372227
270542556
270661947
270685166
270688435
270743100
270760095
270885081
270944762
270972962
271044572
271207920
271245651
271531853
271538706
271569440
271951279
271974647
272035870
272040725
272153247
272323303
272661091
272811964
272856020
272912459
273044712
273073466
273290802
273397428
273467605
273520655
273643412
273888359
273906344
273918010
274015248
274025564
274067777
274092043
274197519
274278234
274422173
274553908
274569187
274595572
274624916
274694739
274747968
274795572
274829077
274840892
274846399
274852929
274861339
274924311
274939554
275181097
275199162
275224616
275439489
275500008
275547154
275592637
275681992
275855342
275909488
276031978
276056888
276122583
276131790
276200239
276316793
276452821
276480934
276618121
276914882
277234329
277307058
277382671
277580053
277600280
277633742
277720269
278023183
278063378
278071534
278074629
278311452
278349734
278392096
278510912
278580457
278647184
278854708
278876868
279110127
279219924
279722321
279777071
279973445
280011217
280016233
280132872
280398350
280469772
280663088
280721999
280800397
280807748
280902606
280910225
281110855
281122856
281194289
281262479
281293451
281433053
281510347
281526134
281543538
281661606
282238000
282301760
282431441
282443153
282522870
282625576
282655333
282781014
283136170
283386978
283483920
283619342
283719645
283944694
283951300
284029738
284132140
284217513
284340245
284374403
284429528
284537641
284579986
284659771
284814980
284858403
284927276
285021790
285133350
285704125
285728386
285762834
285799445
285886264
286008786
286035662
286145093
286309269
286378933
286420320
286453866
286926810
287023067
287124038
287196604
287221791
287226290
287254254
287265158
287278877
287283574
287433039
287700338
287776496
287888580
288039318
288147875
288424200
288472212
288710950
288718910
288719844
288940210
288946046
289125891
289128691
289137035
289153350
289220266
289299375
289316377
289474325
289946339
289986926
290178934
290212896
290493278
290527299
290655747
290820905
290833680
290926146
290935942
291096678
291213331
291513768
291514320
291573451
291682953
291717414
291962275
292129584
292166493
292441285
292472319
292513163
292556880
292716707
292868019
292911065
293040727
293097320
293131624
293202099
293422691
293503030
293616668
293790852
293815568
293833374
293871288
293971694
294020279
294256991
294316962
294568105
294568580
294594805
294603256
294631808
294673173
294695922
294716673
294789149
294949108
294977156
295030900
295450176
295748643
295804157
295812156
295902441
296157953
296182876
296289996
296409639
296541189
296561827
296715500
296825036
296988499
297048859
297167770
297296271
297372937
297477256
297533937
297613750
297878674
298052300
298067259
298073077
298139985
298332980
298354121
298431925
298459886
298641829
298660288
298676754
298688871
298702776
298807159
298883064
299106693
299229158
299242775
299340449
299391379
299494389
299693948
299829168
299997019
300226992
300301983
300310937
300350134
300724483
300925709
300979863
301041591
301506822
301575661
301679808
302014140
302129141
302144665
302355521
302468178
302477578
302491755
302520861
302578214
302592571
302623499
302901859
303329446
303507943
303510821
303516899
303545316
303924289
303999283
304171398
304238644
304292181
304418186
304571068
304672352
304879129
304933038
304963019
304969654
305037306
305121802
305361336
305380658
305404375
305486587
305759160
305861118
305920538
306032181
306152382
306364819
306426978
306497409
306616509
306676861
307021412
307127911
307168424
307170875
307280314
307281099
307303786
307478550
307563934
307578293
307671267
307736618
307798520
307858453
308229864
308365131
308375309
308382738
308425472
308464726
308680046
308940831
309114758
309296208
309371105
309389384
309484361
309490022
309635369
309703630
309904289
309911553
309924461
309985340
310068274
310145506
310157679
310202300
310237068
310332635
310376515
310663801
310773451
310814496
310832552
311127188
311191457
311230639
311265423
311370693
311421221
311452405
311458042
311484990
311658300
311845079
311857449
311902996
311988356
312013337
312261086
312305631
312382757
312473921
312551728
312623946
313201631
313576942
314096403
314306543
314331269
314378415
314382442
314399640
314447575
314482629
314488123
314545121
314707212
314832538
314979938
315085731
315447632
315466453
315477451
315685499
315807496
315872217
316002363
316014646
316026220
316082812
316133383
316394731
316452882
316466138
316658667
316727034
316923938
317399940
317585800
317756082
317818478
318066470
318191714
318214587
318350362
318570643
318587413
318705620
319004955
319053077
319077923
319119098
319150149
319280957
319485209
319519804
319659614
319724041
319763953
319886436
320154369
320162750
320185635
320262160
320394193
320459291
320516893
320536297
320613396
320696079
320710357
320795949
320875523
321023127
321145284
321177594
321303156
321411625
321533415
321564825
321763292
321840962
322158172
322169293
322474255
322719354
322919235
322975911
322995831
323022486
323035306
323047632
323119659
323197181
323283153
323323459
323401352
323557235
323573524
323728361
323744422
323851397
323987617
324058214
324072524
324323722
324509216
324568854
324592585
324612420
324667584
324721928
324833191
324913065
325025464
325361711
325415506
325649265
325675647
325933386
325973404
325976202
325989482
326065761
326091720
326172889
326355760
326399694
326403972
326704932
326742516
326827452
327132392
327196097
327330128
327481316
327650443
327842017
327914463
328246456
328272121
328561101
328879483
328979092
329072831
329120813
329293471
329360004
329374130
329468060
329540232
329621380
329837256
329868651
329888307
330003156
330061528
330076014
330348105
330457254
330490205
330499261
330542121
330591246
330708248
330773005
330842642
331128214
331164371
331336538
331393939
331423547
331434739
331574862
331679986
331820427
331859618
331924757
331957744
332021086
332081567
332105704
332118536
332175275
332274014
332319532
332439636
332524837
332564250
332627910
332742763
332796268
333018536
333044233
333047731
333222162
333234010
333238794
333368544
333425615
333460229
333738610
334133447
334194217
334220100
334630194
334642341
334711664
334754593
334772953
334805760
334838639
335080337
335156134
335162881
335220624
335312622
335414782
335548157
335626019
335826767
336055433
336075388
336096179
336331244
336353112
336379838
336853137
337048664
337177536
337226529
337276897
337435257
337456008
337551213
337567524
337848905
337873182
338230881
338484677
338577685
338690752
338697150
338821126
338890587
338943264
339167382
339222816
339250613
339256014
339267508
339503449
339625806
339712161
340024624
340082641
340123913
340534438
340580040
340620627
340830572
341161446
341245063
341268203
341275762
341344119
341374728
341506586
341544253
341575874
341599023
341632841
341800361
342188235
342310248
342310926
342364699
342406783
342525178
342622499
342748029
342876803
342976305
343222227
343231173
343264662
343328591
343421882
343626019
343732886
343793261
343879956
343925819
343955586
343976013
344089264
344168807
344173223
344220476
344508909
344586642
344594700
344627448
344642366
344656753
344684851
344780486
344815930
344843706
344866100
344882214
344889569
345130440
345203491
345209593
345213854
345235428
345415461
345460281
345527642
345607334
345607471
345701642
345865850
346183141
346203643
346260010
346440394
346745244
346886309
346902798
346932360
346952909
347025891
347046913
347079913
347153088
347305853
347346898
347469441
347496342
347498944
347560396
347626371
347632634
347761467
347844588
347935562
347960867
348001298
348068700
348140842
348149445
348367843
348476203
348655176
348671692
348888318
349189547
349240943
349393290
349437609
349454656
349455228
349455493
349462870
349566946
349639014
349750367
349901548
350118481
350251477
350430418
350458801
350468069
350522179
350655804
350768469
350825995
350895436
351211869
351533567
351553959
351557397
351563609
351565694
351753953
351763167
351777544
351780263
352311540
352401754
352587440
352822300
352841876
353172919
353212502
353372266
353419696
353487754
353514852
353556497
353611081
353668206
353848686
353850329
353958979
354049222
354418866
354560694
354592233
354697556
354783599
355024779
355216120
355246621
355377810
355440251
355453915
355496799
355530262
355582063
355931910
356096564
356165862
356237391
356401839
356849251
356949550
357206717
357259997
357440172
357630384
357725020
357769199
358074866
358089039
358141475
358281061
358292828
358437179
358518712
358769598
358846542
359037981
359103463
359108995
359189081
359374760
359662256
359676584
359690686
359711078
359740189
359829475
359861665
360103858
360175398
360178771
360228186
360231007
360232218
360251459
360345941
360430383
360654535
360746304
360897683
360930199
361003909
361357545
361452511
361605324
361683966
361882197
362235324
362585977
362618904
362851833
362906993
362944503
363009773
363061957
363364512
363468272
363637711
363980404
364017145
364041538
364097044
364152069
364255235
364327714
364396004
364654694
364687304
364706156
364717925
364805240
365042998
365129184
365234126
365235869
365239516
365241078
365591262
365811405
365843451
365970476
366015210
366021011
366023407
366023452
366220770
366247640
366378729
366469056
366473437
366617064
366640601
366763630
366780451
366924524
367174607
367271434
367282567
367442800
367475395
367505014
367523738
367615762
367669142
367709550
368052178
368054840
368124287
368141413
368252601
368285028
368509343
368512514
368666708
368682946
368829436
368873584
368983470
369078431
369232366
369396738
369428561
369535647
369731989
369769610
369825800
369882795
369999125
370066358
370120236
370124992
370183052
370197385
370280650
370344284
370420185
370437804
370482071
370552370
370814979
370954026
371026824
371143223
371486936
371493399
371560046
371607224
371693236
371703318
371816774
371851220
371888878
371982321
372002447
372040872
372156782
372197724
372469374
372638162
372905087
372915672
373211240
373305253
373561735
373813910
373987498
374083828
374150395
374385858
374397568
374410900
374465499
374541329
374561043
374981941
375017943
375064028
375148407
375301336
375313362
375446674
375601252
375655232
375695654
375792386
375887637
375891997
376024224
376025359
376109225
376202562
376406836
376424290
376728321
376750889
376909681
377086181
377146242
377247659
377403693
377421308
377503401
377679430
377890615
377926806
377989044
378203187
378239969
378307276
378378700
378715347
378775811
378814063
378850858
378937007
378988624
379116206
379233031
379268238
379273269
379279985
379297777
379458210
379462783
379629089
379778893
379870670
379918441
380020763
380098536
380254301
380395757
380439926
380466542
380499899
380611408
380740922
380775961
380816374
380848249
380909119
380944503
380956382
381027759
381113625
381181965
381216589
381442742
381528187
381860450
381866801
381922600
382097461
382186398
382462016
382565212
382682527
382704507
382718624
382766824
382883535
383012926
383081231
383139332
383163132
383226259
383265944
383590474
383714226
383884042
383996141
384013509
384070412
384110015
384229012
384299289
384345055
384445920
384492339
384520314
384539221
384585267
384589628
384735982
384960788
385014569
385039028
385054567
385140870
385446656
385464807
385496541
385658407
385675124
385735609
385735902
385774578
385816874
385858218
385947603
385974784
386349746
386393021
386396741
386759645
386854448
387327461
387374245
387453828
387614562
387622912
387988405
388008573
388047031
388056342
388118218
388160193
388248677
388716894
388786364
388834040
388899108
388944331
388954529
389073063
389371076
389441945
389450848
389500186
389572140
389645645
389657822
389800016
389872818
389928060
390004181
390172426
390178018
390199081
390258553
390302666
390317800
390349386
390492254
390597204
390640330
390648483
390819939
390836160
390903602
391139089
391171577
391222514
391248861
391307705
391541030
391734498
391776953
391800215
391820551
391829124
391829495
391992432
392027992
392221497
392253544
392255505
392340305
392414702
392522308
392609951
392791483
392951435
392973145
392982305
393071374
393098869
393260537
393347275
393357561
393435046
393505722
393538387
393550190
393656599
393732118
394167828
394230508
394490473
394494495
394587478
394664556
394844618
394887866
394907638
394943895
394982066
395060517
395244230
395265368
395704262
395704847
395711995
395728222
395933824
395966453
395997316
396254368
396316218
396317812
396412991
396591277
396618939
397000596
397017716
397021759
397541710
397609926
397611939
397881840
397921705
397971067
398026279
398142330
398193771
398208931
398337313
398565762
398580629
398668920
398878034
398914728
399043292
399057929
399176993
399283954
399352466
399582882
399651270
399666454
399673161
399871753
399898733
399991724
399994380
400060046
400145117
400260095
400273894
400315902
400446263
400547169
400579371
400986675
401087032
401113674
401209926
401319917
401354368
401579083
401602006
401712649
401742680
401846587
401987929
402161598
402423272
402494142
402693521
402759376
402760290
402864455
403084559
403187217
403397825
403468653
403710631
403873222
403887582
403909153
403960605
404012544
404154060
404345375
404367786
404632160
404664628
404723174
404860360
404989863
405119197
405256028
405322706
405332088
405362438
405392253
405552725
405643930
405721570
405742813
405821232
405952694
405984971
406065683
406095115
406126990
406148957
406197489
406214836
406289538
406359632
406585551
406751610
406770639
406771295
406821677
407484382
407507700
407651278
407702587
407709686
407915956
407935802
408022346
408040127
408172193
408205653
408326870
408387018
408642365
408662027
408936132
408949541
408964194
408972786
409011833
409017215
409054901
409123056
409180903
409202862
409273225
409324210
409395022
409413954
409558480
409705809
409792265
409816475
409997296
410137629
410332170
410349153
410412215
410564692
410734743
410793272
410927641
411179116
411336506
411469248
411494491
411903685
411930220
411972639
412000723
412066064
412164442
412249687
412490347
412533380
412555183
412692250
412698732
412970489
412998245
413162806
413173671
413192573
413264530
413583052
413635231
413655351
413717331
413780742
413791130
413875641
413997144
414151949
414346484
414394094
414642390
414695557
414726438
414983364
415039160
415251030
415257700
415264190
415340360
415363106
415583427
415607694
415670817
415831990
415869794
415960916
416065084
416383002
416453641
416535845
416662711
416665129
416784253
416901160
416918832
417251524
417319187
417366166
417614652
417626759
417655175
417725791
417727717
418455183
418482369
418573818
418680108
418772030
418829069
418841472
418843960
418959492
419231536
419283360
419321692
419413385
419470237
419546443
419843743
419904514
420077472
420356343
420356601
420601032
420632344
420665690
420691640
420826421
420887461
421058084
421067756
421083656
421089450
421105030
421184994
421242527
421290119
421429213
421442214
421617589
421719602
421742660
421840855
421885895
421946484
422050828
422091137
422092436
422325828
422339671
422385383
422430155
422808124
422861788
423034384
423036843
423038734
423113096
423161433
423211014
423352175
423476979
423540777
423731055
423771298
423783706
423942012
424027840
424029431
424033250
424141069
424175084
424267087
424283151
424289832
424712170
424749470
424895274
424960494
425132287
425154153
425168325
425297433
425331544
425675006
425704911
425867766
425997942
426058821
426195178
426292337
426321054
426443122
426535913
426629526
426707514
426767509
426777041
426912604
426998415
427024923
427123688
427166848
427536282
427626035
427695132
428081471
428094871
428274779
428280682
428376857
428401899
428471623
428613465
428671336
428804818
428837001
429053375
429180726
429398381
429440781
429589893
429656823
429659184
429817318
429961589
430496299
430609032
430734017
430855626
431067502
431265543
431269865
431282867
431409351
431453688
431686903
431706479
431719000
431749563
431803647
431922366
432276294
432457768
432604015
432634068
432695636
432935407
432997302
433078032
433178804
433282561
433301455
433475469
433608201
433817220
433821664
433875958
433921680
433967418
434070171
434395413
434437004
434539389
434593372
434593846
434618007
434650849
434850695
434882670
434897712
434902708
434940878
434945625
435083914
435142136
435179900
435524646
435551224
435746493
435831600
435907712
436076961
436256114
436296984
436320510
436760244
436796834
436882640
436971750
437024794
437192721
437203192
437274835
437302241
437642353
437698772
437763453
437786352
437794431
437996448
438030755
438229227
438425216
438470837
438551235
438688006
438713103
438786373
438828752
439077513
439083333
439094185
439192133
439338978
439367226
439384541
439442255
439471184
439608784
439660756
439785028
439831909
439861797
440031306
440129228
440320246
440346224
440417272
440662253
440828746
440828988
440866869
440984362
441034847
441087658
441110384
441311026
441353304
441384706
441386026
441492166
441579109
441581438
441635518
441661998
441911462
441953065
441972357
442223042
442274273
442327884
442461420
442617562
442688877
442838190
442874180
443080398
443100692
443194866
443220816
443282004
443359770
443364831
443445247
443605894
443876763
443929938
444031268
444186147
444280584
444369016
444383545
444531845
444538299
444785599
444978277
445107192
445197268
445224840
445297608
445334027
445558822
445561054
445571947
445625258
445904101
445968754
446040763
446068408
446184452
446358034
446378480
446410498
446624889
446671337
446728501
446771817
446824632
447133972
447226018
447247814
447283554
447577335
447624147
447742345
447760579
447911241
447927622
447944319
448057491
448082365
448359231
448391072
448446048
448527531
448599280
448868034
448964067
449355827
449393296
449631094
449809429
449948015
450226926
450264117
450313017
450499684
450602577
450683060
450695370
450699420
450814174
450843776
450845517
450877157
450893241
451198959
451227685
451397928
451508579
451565203
451705464
451782601
451897104
451905789
451912771
451918521
451980492
452165174
452273586
452292389
452390045
452512385
452531932
452557574
452903391
453015472
453168235
453183758
453251815
453257549
453341530
453357996
453564977
453736179
453807104
453828018
454011198
454016771
454073862
454243622
454254266
454338509
454373260
454444404
454511787
454593445
454652385
454657195
454688035
454774219
454837410
454873684
454874296
454901180
454916547
454917447
455112934
455312855
455363909
455423454
455602664
455616375
455859174
455960786
456024001
456082164
456204914
456361523
456370846
456373410
456405601
456484934
456637739
456645995
456758922
456791753
456869107
457037380
457042339
457179415
457190356
457268281
457324039
457773894
457784519
458002212
458076625
458080132
458094109
458242182
458246420
458397719
458522469
458703533
458820543
458846927
458884539
458885511
458927056
459140640
459170981
459452827
459776918
459792422
459912796
459943253
460052409
460078931
460211356
460415090
460473184
460560266
460798293
460882952
460925340
461014529
461021296
461170530
461186663
461348327
461620489
461716739
461718101
461739974
461918666
461959191
461991741
462158759
462659041
462974128
463138881
463324555
463361275
463539156
463597618
463727928
463785702
463868323
464137119
464265834
464505448
464643020
464665970
464745649
465075315
465260915
465298393
465328055
465377193
465422868
465439873
465460496
465493629
465535317
465604380
465701860
466023659
466052243
466260354
466320899
466494496
466507662
466543771
466563596
466820390
466890283
466993863
466999237
467300050
467374230
467435093
467473769
467611003
467681150
467748162
467786628
467816255
467866316
467913907
468010110
468152025
468600687
468621299
468625394
468753062
468817413
468820870
468840307
468927115
468997262
469087048
469174186
469419938
469452381
469922940
469939099
469998905
470093624
470151032
470246273
470313453
470367173
470533761
470602171
470618929
470650017
470676517
470931128
470934183
470984593
471040429
471074393
471229067
471289385
471420004
471453374
471755987
471850268
471956528
471979504
472002553
472031154
472505818
472601756
472758246
472887047
472908413
473169822
473747208
473750251
473788797
474012905
474358381
474401168
474450962
474556396
474680181
474831488
475095452
475125445
475157611
475261267
475272242
475342061
475431063
475455555
475530166
475602660
475617951
475699754
475842582
475964704
476323940
476341157
476386573
476408087
476423368
476464375
476585005
476659727
476786768
476870399
476909278
476946593
476954396
476985387
477146835
477430460
477569781
477622468
477781008
477802215
477826932
477833049
477834558
478019657
478083483
478291788
478381934
478382359
478384653
478400189
478403696
478441110
478450558
478484365
478528014
478649666
478682694
478691846
478697030
478874581
478909027
478972452
479114585
479559791
479571644
479747499
479887086
480069724
480106592
480451165
480630025
480761238
480859787
480940958
480961338
481091049
481114505
481120816
481125395
481195868
481364030
481591775
481795811
481968515
482080984
482111068
482254109
482321115
482368061
482382471
482454787
482486559
482493053
482528916
482787415
482894685
482896776
482926745
483440096
483518474
483710697
483792022
483974164
483988961
484052953
484299230
484358432
484367801
484574060
484697255
484734555
484850539
484850863
485042505
485055781
485102991
485146171
485185372
485201541
485267318
485364135
485511414
485569345
485659850
485703256
485881480
486041801
486167902
486322416
486480619
486643331
486737122
486879651
486959117
486983438
487069652
487161047
487180454
487271572
487285313
487501745
487595199
487640594
487745994
488084534
488089880
488155988
488196186
488250533
488279729
488383120
488605075
488713242
488859876
488927662
489001346
489109182
489123086
489125745
489302593
489444147
489509600
489776124
489816185
490169941
490283619
490405928
490514588
490559019
490581487
490593762
490613891
490763742
490766499
491197227
491309134
491335629
491691410
491763718
491863372
491902504
491908326
491959649
492008578
492094284
492210230
492219510
492429033
492441143
492503898
492751423
492800262
492965561
493005406
493027514
493083854
493204539
493428320
493430803
493454293
493638890
493683417
493858784
493903521
493948286
493959208
494108067
494133638
494135460
494229373
494311182
494377593
494489951
494523416
494674451
494702622
494753331
494793887
494863235
494953706
494964398
495115816
495380025
495579258
495623944
495760693
496199400
496242346
496325638
496338370
496565415
496616144
496809521
496810489
496816359
496964072
497045041
497051506
497346260
497354064
497380071
497385344
497419926
497531488
497569179
497580060
497585215
497811377
498035778
498103350
498125975
498158771
498414609
498423275
498488525
498568541
498635102
498688792
498849899
498862733
499393312
499432764
499653968
499813663
499954820
500266157
500407489
500415838
500666712
500699542
500861875
500942636
501057224
501161329
501393346
501485933
501585111
501698825
501737085
501871423
501985175
502049668
502070586
502118780
502411224
502445472
502506401
502714792
502768776
502861944
503031499
503195671
503360527
503487323
503571398
503693702
503703673
503924132
503946760
504236923
504273400
504538784
504671792
504830868
504831575
504944162
504960722
505091748
505096199
505327939
505525332
505785301
506226866
506296654
506419738
506494239
506684360
506699675
506736181
506933786
507160908
507318196
507481018
507628375
507769833
508118901
508202783
508269291
508358193
508398747
508402732
508455476
508533681
508740557
508808737
508879961
509002329
509017688
509046865
509051327
509177482
509412184
509568478
509732822
509757121
509777480
509930041
510324287
510335881
510344822
510358923
510367401
510389462
510401698
510442130
510661544
510696099
510845675
510964112
511121902
511175556
511314010
511410062
511416787
511441466
511510052
511796479
511911224
511929268
511980137
512165963
512237104
512319847
512397600
512649755
512656487
512970419
513014809
513181700
513411601
513440853
513497796
513498739
513590137
513738664
513922163
514010818
514186594
514254238
514348871
514379622
514494335
514609697
514610749
514615082
514675417
514710317
514717366
514726753
514858401
514924195
514934495
515089149
515154119
515252569
515379738
515505109
515543831
515567791
515583285
515620519
515685209
515985724
515990395
516030849
516107349
516281528
516410326
516541028
516637002
516744325
516963703
516987301
517022990
517183644
517213608
517268958
517292314
517292803
517596108
517628087
517757874
517815533
517847141
517847356
518081295
518133799
518331719
518390353
518530734
518583423
518840965
518914084
519180991
519212699
519219632
519285970
519479937
519584258
519595564
519770297
519970018
520226558
520323250
520561756
520591780
520599625
520634526
520824432
521014993
521086560
521111370
521149589
521157479
521168075
521252397
521396046
521451591
521606636
521702280
521818090
521991126
522143803
522144150
522205389
522374803
522423979
522430420
522436009
522494301
522599018
522635552
522697058
522745043
522751800
522781763
523055466
523106385
523142423
523175320
523185893
523312797
523417629
523488196
523507652
523592270
523723290
523770335
523978990
523992522
523996850
524044953
524124537
524124979
524180883
524349501
524589512
524664324
524666687
524927860
525080468
525159220
525212853
525733870
525781558
525993396
526013659
526069456
526121979
526125164
526156995
526220137
526226438
526477783
526539953
526600691
526676349
526900733
527048646
527180256
527204459
527859032
527875666
527948568
528120804
528172146
528176941
528192179
528223867
528272973
528282044
528405736
528516918
528833854
528877894
528973772
529018984
529193657
529196831
529253518
529376392
529378637
529472062
529540480
529576262
529593133
529778471
530069518
530129547
530254930
530367325
530375191
530468253
530469898
530573427
530727183
530786325
530814506
530839313
530953187
531039977
531138533
531167568
531206774
531275831
531484814
531781001
531901652
531922115
531928782
531982723
532027930
532060185
532119306
532379385
532390658
532557312
532727120
532750111
532763848
533001631
533388472
533397770
533562193
533893628
533996921
534001596
534036636
534042824
534434477
534680931
534796461
534959114
535182632
535206164
535231579
535357245
535399400
535405104
535601484
535606940
535696495
535818024
535837163
535882496
536003187
536027039
536254228
536260615
536334942
536437337
536483586
536485241
536773709
536852667
536885705
536937719
536945743
537032716
537065796
537134287
537166286
537385915
537394528
537510760
537717496
537788016
538037003
538070110
538086593
538095003
538401183
538592163
538609937
538696320
538835456
538848405
539017901
539037277
539249961
539288004
539349158
539371412
539409023
539582360
539603992
539671534
539872897
539937114
540123584
540168938
540215504
540231815
540274520
540373040
540420543
540425389
540453791
540664472
540682320
540690030
540797837
540905646
540973179
541006264
541045530
541394409
541720853
541864470
541882702
541929064
542017411
542061245
542126695
542561930
542590566
542600382
542834914
542940818
542976442
543168476
543192858
543230810
543495443
543712779
543768698
543903588
544030819
544175019
544249809
544288663
544922892
545226855
545366006
545512196
545629864
545675176
545744811
545766809
545793171
545991679
546432035
546527882
546604674
546666282
546706674
546747209
546963980
547001578
547009232
547070885
547091630
547195232
547232612
547303715
547348535
547381614
547394919
547682911
547747486
547748736
547913359
547947908
548032531
548057666
548154079
548372041
548442213
548467279
548479219
548501545
548531190
548627071
548662884
548675369
548677021
548750401
548942654
549114500
549175161
549199494
549227519
549297697
549414859
549639985
549711226
549743877
550060823
550087853
550224208
550545910
550565323
550650926
550798664
550915646
551035499
551205124
551408162
551513599
551516279
551534252
551590359
551715996
551764562
551854016
551874066
552004166
552111145
552144988
552303992
552325253
552428027
552444818
552540476
552754042
553016466
553218941
553522971
553629651
553637644
553782628
553904648
553945925
554043208
554083718
554083742
554089066
554125979
554227583
554338967
554482166
554486367
554561110
554595493
554704426
554709525
554828074
554933142
554951851
555119418
555184679
555246054
555247144
555285853
555376274
555482460
555563236
555588520
555650289
555864604
555886968
555970598
556092063
556569584
556582828
556698504
556767486
556788787
556822233
556865426
556951227
556973208
557085708
557205908
557380755
557530860
557602946
558009517
558150554
558214764
558312482
558396800
558543827
558602439
558623975
558759148
558803598
558875099
558914700
558966620
559075844
559191687
559209236
559216290
559405914
559413171
559683924
559731271
559961233
560016387
560099159
560272041
560328637
560495870
560571451
560637631
560677697
560750022
560856884
560867530
560898932
560928691
561083192
561116991
561127064
561221067
561479360
561497112
561499536
561547318
561584127
561707045
561844936
561898819
561947309
561973586
562008215
562062865
562083855
562088292
562112697
562144300
562149843
562164508
562276509
562364509
562395219
562503188
562662738
562662811
562720933
562852350
562904486
563300158
563315823
563441350
563613090
563695156
563727591
563817613
563884030
563940724
563955825
564046696
564111970
564168442
564193231
564252896
564422014
564463543
564727530
564793072
564859328
564917202
564982567
564998475
565026125
565200376
565346528
565429119
565696822
565706773
565775872
565946521
566034791
566043895
566060596
566211109
566467365
566523634
566587815
566634588
566689715
566738329
566835976
566853491
566879564
567058827
567143286
567268714
567364721
567405868
567705459
567836780
567857116
567861045
568019590
568480422
568606441
568634869
568739738
568740046
568791059
568966654
568993780
569151807
569386946
569404245
569409551
569462831
569520115
569599470
569791002
569834570
569926049
569953066
570407737
570435576
570460460
570587194
570865534
570988600
571145823
571221555
571237959
571484796
571556735
571565495
571646303
571646556
571867897
571988350
572066866
572126529
572354146
572610618
572629338
572883364
573275458
573323806
573353974
573384739
573518075
573553346
573647030
573676743
574154060
574192873
574317378
574370326
574402443
574666285
574804618
574891706
575004584
575398469
576093290
576122871
576150222
576428868
576876235
576974908
577160006
577396446
577496054
577808790
577871416
578043044
578083698
578198131
578271998
578484927
578521518
578584300
578840024
578976114
579002112
579044502
579053816
579172296
579240946
579394485
579479779
579564107
579783447
579863012
579914106
579928494
579933458
580160557
580246853
580289310
580292229
580301232
580635292
580708713
580769974
580807865
581088360
581188909
581247018
581347650
581367723
581386943
581399888
581452988
581714193
581740995
581881135
582041061
582079704
582195882
582295783
582433161
582583348
582686921
582694114
582904341
582947890
583021839
583080228
583148754
583216438
583240497
583272686
583276716
583323212
583406486
583422816
583458746
583510261
583510543
583521685
583646511
583653573
583676580
584041453
584067427
584104536
584200070
584210721
584349023
584494773
584595551
584627973
584705526
584926364
584934122
585259114
585274003
585290418
585475855
585800218
585882954
586036993
586106056
586682368
586694672
586712900
586918787
586958139
587042928
587300993
587322300
587556018
587560675
587579837
587613305
587663157
587771974
587790222
587912813
587987974
588250125
588275091
588483564
588660144
588847063
589036211
589041760
589184569
589515873
589694027
589704348
589802471
589816502
589858294
589885321
589942968
590017336
590084024
590148215
590162399
590186482
590423642
590464368
590469569
590575729
590598673
590876501
590973777
591048137
591215953
591364707
591469441
591496499
591558815
591649808
591792444
592215127
592276576
592284049
592307520
592386160
592422111
592495154
592737932
592976743
593041366
593143655
593528428
593721624
593842319
593842908
593882366
594029876
594060356
594092459
594184049
594238633
594348833
594393422
594415968
594497915
594649788
594691365
594763912
594790748
594828573
594902835
595020698
595056640
595075604
595390497
595488564
595584452
595610078
595622629
595807414
595886145
595952772
596201069
596307742
596332315
596455354
596524541
596532279
596554693
596574006
596586221
596604521
596755687
596789570
597080022
597201886
597620152
597790303
598067831
598116648
598179026
598336256
598374129
598622548
598667398
598784146
598797572
598832639
598844851
598911996
598968671
599172433
599277159
599362672
599677189
599933998
600085132
600094776
600165166
600206701
600289291
600792687
601248819
601292404
601406122
601409321
601411580
601445500
601492525
601565656
601894679
602139530
602215601
602437099
602440556
602510019
602538296
602562453
602623056
602651833
602699237
602971936
603083625
603118465
603471813
603920964
603961587
604180937
604241585
604266617
604297374
604309730
604341214
604350526
604450192
604629092
604843579
604919727
604997110
605036037
605088745
605141016
605154662
605165330
605217297
605322058
605373724
605692057
605903160
605927853
606110781
606179948
606331050
606555519
606599683
607026467
607089454
607167304
607182807
607284824
607318793
607340527
607429289
607482577
607555497
607617809
607729492
607797863
607901900
607921877
608078696
608154146
608328790
608389447
608491850
608510752
608617663
608636804
608707282
608764534
608900775
608906475
608946733
608968571
609775067
609894027
609912033
609954718
609956201
609964034
610016218
610137817
610201978
610330982
610382385
610414074
610445919
610505145
610627691
610632793
610735079
610914654
611123627
611240347
611401696
611448799
611669006
611704786
612028733
612081405
612335990
612360374
612486103
612687760
612749653
612891453
612935472
613268179
613284855
613305752
613312580
613316469
613415757
613483571
613565843
613609970
613615145
613650371
613682405
613733546
613814622
613816670
613947290
614186862
614188248
614190894
614248568
614354322
614649355
614845443
614898312
615048217
615421874
615560289
615612812
615778413
616020918
616146015
616192933
616204981
616428729
616499043
616527445
616703106
616814061
616883264
617095038
617159217
617288934
617363008
617396840
617613759
617828416
617962157
617983377
618199082
618220926
618338868
618406144
618591637
618667265
618864984
618969815
618987862
619084541
619141791
619241353
619320464
619383170
619425106
619672486
619994064
620194352
620209744
620343005
620417125
620463410
620761665
621132782
621184248
621282662
621364422
621587502
621602019
621899265
621911120
621937128
622127015
622278105
622326827
622523586
622524357
622653647
623084476
623116014
623154483
623175857
623276048
623519445
623640625
623756331
624373343
624424687
624523810
624531260
624634163
624667523
624669348
624694539
624787866
624992283
624999985
625024876
625150176
625221976
625224935
625262481
625295678
625409910
625427876
625544986
625629471
625652032
625711622
625782386
625986620
626259749
626745832
627005295
627013074
627139449
627218136
627273870
627388076
627461521
627483996
627839719
627853381
627977705
628016096
628063122
628245763
628292862
628303143
628331441
628448497
628449244
628454818
628468606
628587164
628928526
628954485
629063985
629083877
629157172
629164890
629173391
629180877
629256580
629289966
629334773
629420238
629570451
629795676
629887592
630093552
630284489
630592686
630599568
630853978
631248298
631484846
631601378
631752651
631936735
632096039
632208768
632260346
632338316
632486656
632558330
632561661
632607005
632624422
632702674
632970053
632991500
632993172
633123948
633158518
633400738
633460608
633589276
633660712
633724638
633737162
633752827
633926602
634131382
634447317
634624207
634727535
635017675
635110720
635213345
635332499
635467335
635489132
635538671
635570589
635612598
635630442
635630627
635712095
635759642
636040629
636074755
636176613
636233271
636307555
636387063
636404441
636458632
636679963
636701510
636849735
636861781
637003728
637085571
637106702
637143476
637340326
637392373
637422825
637543827
637560119
637694497
637705334
637710036
637807422
637870068
637892072
638055697
638263103
638355217
638364381
638458225
638483813
638670098
638734914
638939156
639035685
639079276
639178404
639235099
639296467
639412076
639940195
639968496
640077533
640093834
640185019
640224042
640257442
640417884
640547955
640580818
640589062
640697369
640720219
640806819
641094960
641128312
641181447
641436962
641507345
641606754
641656126
641795881
641814544
641876939
642002158
642114356
642297066
642335929
642405934
642560814
642767381
642792460
642832577
642845200
642923577
643252400
643281331
643481951
643778304
643788510
643847204
643858022
643883191
643916563
643926879
644036382
644066154
644112642
644335008
644434492
644554533
644646381
644658661
645077322
645132032
645256654
645361763
645528291
645634515
646075949
646159104
646359735
646426214
646588608
646778850
646841778
646903481
646992249
647132276
647150681
647442275
647445288
647762073
647799167
647864488
647928650
648097893
648122870
648222483
648256466
648269435
648319212
648377856
648402340
648557665
648611918
648634674
648697580
648865665
648971269
649077559
649136967
649208697
649210599
649321026
649602238
649649523
649839045
649935005
650088713
650235126
650289902
650347622
650371794
650429392
650457641
650691220
650765444
650911075
650994508
651078665
651216783
651220586
651243093
651249053
651270931
651367909
651452449
651543401
651647031
651849033
651854383
651876360
651978691
652175934
652445972
652534270
652536513
652579526
652803760
652965967
652970323
653129610
653201805
653204211
653760369
653768456
653854450
654220285
654291684
654392244
654458776
654553055
654607107
654616264
654692190
654706083
654923420
654929395
654948237
654952568
655014799
655026922
655358512
655569305
655623003
655670073
655720238
655968420
656032047
656150952
656371612
656525785
656573163
656577766
656638446
656660009
656700788
656775426
656828925
656874284
656921795
657269682
657302129
657306788
657335303
657356916
657369714
657399359
657419767
657496175
657500198
657589934
657860205
657957048
658106529
658126994
658294228
658444876
658813353
658864985
658916597
658990006
659209132
659309568
659354012
659400329
659427133
659453413
659454164
659639647
659660521
659771924
659789110
659919072
659936595
659945134
659953905
660105409
660109697
660188991
660309724
660358795
660436106
660685130
660935872
661098866
661155427
661339587
661432297
661628767
661633873
661694023
661907411
662048126
662050933
662116445
662242465
662342780
662369687
662452535
662635210
662661833
662774695
662853034
662990097
663119486
663131536
663169088
663185841
663363794
663413122
663649911
663708637
663734698
663835260
663982336
664044958
664110813
664298033
664400601
664477323
664496174
664528462
664615355
664675373
664680868
664756462
664782824
664807261
664918149
665181972
665668009
665789243
665912095
666061507
666168813
666197315
666208317
666222538
666296688
666400656
666463422
666466620
666498825
666512808
666623086
666642086
666789064
666816241
667123345
667271069
667403847
667452496
667671527
667674939
667853265
667909098
668137940
668158705
668284605
668625024
668984727
669002592
669031629
669144744
669170406
669277878
669298453
669381755
669730927
669987555
670006620
670088958
670418521
670490409
670608077
670632047
670793460
670873164
671067622
671349268
671432595
671436544
671706494
671998354
672245490
672330154
672375905
672742889
672792889
672862887
673127840
673147974
673217269
673347178
673390567
673474089
673532243
673595661
673618918
673658838
673667247
673769619
673853786
674077143
674088267
674195952
674259094
674303786
674350522
674354155
674417826
674692882
674747203
675115056
675198741
675229957
675308098
675360194
675368202
675429655
675434702
675460018
675722732
675748968
675986389
676044549
676196459
676291212
676532792
676553673
676634262
676778510
676844749
676911473
676970606
677057177
677230401
677336831
677408613
677532485
677541702
677791789
677892813
678076294
678153080
678336111
678483776
678522549
678604244
678720928
678803404
678816479
679012141
679052403
679354098
679619828
679641481
679808045
680155971
680204413
680286971
680504994
680550760
680945751
681043599
681050478
681051818
681091030
681371342
681591232
681974358
682196342
682284107
682434897
682466550
682546068
682682380
682763412
682782275
682904028
682935890
682994228
683118379
683355668
683438569
683444157
683449639
683599399
683605823
683690043
683696207
683829881
684184633
684279518
684306066
684586734
684805369
684820497
684874389
684988491
685086944
685093245
685141559
685266597
685491985
685522811
685731380
685813972
685980674
686045006
686078405
686300883
686327592
686544975
686785018
686978145
686991246
687129374
687154847
687172613
687176898
687284472
687410667
687477640
687511269
687629825
687633448
687674483
687680006
687682083
687771977
687772759
687798524
687816428
687868976
688148583
688163034
688174149
688212821
688244844
688401985
688608189
688879766
689105695
689230816
689303584
689465619
689486022
689525960
689557127
689574247
689715859
689906719
689918848
689940839
689962304
690017937
690268327
690357260
690633681
690792669
690836496
690901009
691007929
691028679
691113894
691122977
691156366
691193421
691204737
691386549
691465536
691525642
692014153
692131834
692135033
692256628
692358943
692461773
692804703
692841848
692882071
692891600
692961165
693077741
693078170
693264413
693339738
693651349
693964963
694278222
694330367
694418647
694478559
694479263
694614653
694731147
694736506
694821504
694893211
695047214
695071898
695081038
695313185
695368535
695431946
695493962
695694840
695720988
695902142
696300493
696309642
696382216
696460267
696532106
696552963
696609474
696692510
696728239
696764796
697006283
697041754
697061797
697079773
697087696
697101153
697104673
697125210
697127861
697150906
697171465
697387274
697487178
697725324
697749020
697977967
698062662
698132616
698556051
698873866
698879726
698907007
699038224
699099309
699106035
699303378
699373419
699535787
699575705
699607381
699713304
699736628
699789258
700035455
700305173
700314779
700484343
700547005
700767639
700800732
701218329
701471987
701515266
701584747
701585939
701631484
701853758
701901664
701988945
702456429
702472763
702636879
702864212
703013499
703124719
703279185
703304183
703342028
703430820
703433318
703542969
703593889
703609002
703656650
703771124
703830210
703866411
703910065
704147450
704211471
704237826
704250044
704369126
704426782
704636663
704698070
704716223
705151678
705180874
705274915
705407763
705438376
705441803
705446064
705471371
705494051
705504329
705565113
705924410
705951862
705957691
706013843
706181128
706199840
706221493
706286470
706421010
706446364
706476757
706624237
706861657
706919507
706942744
707137918
707209743
707239045
707304171
707386871
707390797
707462019
707487754
707720167
707866838
707884560
707912355
708040589
708086316
708104665
708112067
708234060
708241948
708390304
708405857
708735669
708868487
708886470
709061691
709072294
709251251
709290675
709400099
709485182
709499368
709505145
709551659
709569800
709588505
709659053
709689596
709852219
709930926
709972026
710108782
710192607
710430351
710479385
710555788
710621353
710623479
710673412
710759934
710789373
710794337
711049855
711223210
711265407
711324127
711390462
711511770
711884109
711962090
711992754
712088463
712253726
712351248
712567677
712729899
712842058
712927884
712964335
713029901
713120984
713256924
713356836
713525951
713555994
713593463
713596628
713643801
713708018
713846859
714218609
714369888
714402208
714435122
714464861
714514499
714635605
714905918
715227094
715507605
715544611
715644026
716119071
716378236
716722996
716783486
716939446
716939678
717053227
717329653
717539092
717603199
718030967
718093796
718331357
718471957
718590989
718596825
718605013
718742569
718812590
719020923
719093655
719121915
719143162
719177906
719314567
719599145
719731212
719870168
719955950
720015663
720016101
720080684
720095145
720097472
720125081
720133761
720147886
720259734
720283565
720406769
720486316
720591560
720626996
720762799
720887250
721046262
721124321
721200977
721498218
721627917
721880475
721898362
721932570
721943553
722059516
722103671
722156939
722175438
722279245
722312093
722368434
722471094
722500212
722708851
722741613
722746132
722906737
722915891
723090762
723201061
723414822
723444330
723506400
723578016
723867167
723871816
723966972
724009687
724186483
724313331
724519909
724616337
724661078
724748167
724929856
724979341
724998275
725113885
725135922
725304276
725305392
725308917
725336918
725585716
725670441
725755389
726108775
726155119
726185685
726255950
726343748
726348537
726471164
726530254
726627355
726851734
726872710
726956784
726959017
726964058
727111660
727206584
727260235
727273691
727286650
727293448
727572295
727573072
727680740
727812619
728046300
728065013
728109670
728151459
728177904
728252553
728316292
728553761
728623409
728902398
728957700
729005090
729176916
729244104
729256484
729340682
729458540
729549170
729566759
729681587
729727683
729821025
730127207
730132764
730140384
730153896
730280679
730378521
730427498
730428638
730446628
730549708
730696491
730790806
730835234
730927409
731239142
731267423
731307067
731317491
731360410
731423976
731564259
731641242
731754146
731816219
731826759
731845120
731928813
731930632
731967562
731989273
732000755
732162913
732188588
732247022
732289698
732337311
732375464
732501802
732543481
732598158
732640481
732861085
732969280
733008218
733105083
733170157
733238224
733308640
733385016
733468537
733474588
733638635
733810385
733818864
733830488
733969355
734042982
734065516
734173279
734180016
734215111
734277233
734295314
734425978
734430914
734463398
734561377
734659344
734944425
734950682
735105479
735181519
735312812
735334643
735409725
735486274
735691301
735711722
735737789
735790045
735885398
735925369
736020403
736032883
736040166
736265295
736282863
736311821
736376936
736562976
736601179
736781878
736930263
737080372
737200069
737379394
737388951
737505857
737728233
737854600
737916360
738247939
738349924
738370284
738524901
738609416
738721525
738724597
738752713
738978347
739110008
739171891
739196994
739473721
739612326
739668667
739687413
739743042
739783035
739898008
739923447
739940838
740410187
740512249
740617267
740632314
740658244
740668720
740707997
740842682
740945621
741117989
741255241
741315784
741598714
741706420
741885534
742163356
742280106
742307128
742466019
742499909
742728525
742810744
742885041
743191244
743502896
743504878
743522441
743538165
743553925
743559460
743583809
743869618
743876765
743901422
744152749
744409903
744461833
744477275
744591457
744667748
744677398
744885029
744947102
744957413
745105052
745520538
745594452
745797110
745812720
745826172
745849376
746063083
746301828
746382738
746480017
746543699
746944874
747131319
747185723
747208586
747498071
747501457
747584576
747688551
747782064
747828180
748049519
748152647
748153030
748234183
748435658
748443031
748532703
748743067
748780895
748810844
748832930
748861985
748973216
749082825
749089195
749095196
749365360
749444706
749464166
749478466
749606421
749613867
749916712
749946464
750087653
750114583
750169894
750236590
750384858
750715837
750726426
750769355
750800928
750851262
750857065
750974344
751011108
751115582
751131028
751186436
751243109
751292279
751428008
751446909
751475600
751502120
751509390
751564880
751769852
751822465
751883788
751902938
751935189
751943900
752062054
752100954
752120489
752167297
752205558
752377851
752527757
752554647
752607184
752681858
752697253
752981531
752994099
753468222
753554787
753558680
753661425
753696238
753757481
753879172
753956298
754084504
754143961
754188064
754214226
754468559
754675103
754829119
755322503
755338445
755423376
755427714
755485882
755806523
755840877
755965841
756021375
756440454
756441097
756466674
756467363
756589255
756625204
756872637
757096039
757176536
757179344
757418985
757441398
757461295
757544548
757736294
757840553
757848676
757998286
758027292
758051095
758103030
758106096
758130396
758237530
758323514
758503614
758557054
758683007
758721958
758750703
758775949
758897416
759112214
759178857
759188477
759270345
759374684
759397373
759486952
759523712
759591171
759622439
759680244
759720848
759844986
759860508
759949235
760048409
760300756
760430218
760786964
760814098
760834222
760905351
760941294
760985474
761114991
761184068
761494841
761657511
761842863
761897602
761962736
762024530
762029292
762157327
762166247
762475641
762476959
762538032
762619145
762732654
763163817
763171164
763469628
763727936
763926344
764001827
764079124
764189277
764263498
764437176
764459200
764857277
764898422
764938078
765009881
765046077
765071169
765094536
765238946
765242887
765405379
765501950
765535908
765663533
765741514
765875457
765906422
766087944
766136335
766431146
766446567
766615002
766793473
766967022
767051196
767115589
767120902
767300681
767331210
767478310
767576134
767650633
767697433
767782052
767861114
767894112
768060246
768079939
768258442
768424031
768757490
768866332
768903082
768963979
769004381
769274121
769304043
769329930
769542209
769575876
769704825
769876925
769879059
770006824
770068099
770142315
770180894
770346374
770719292
770823083
770933745
770983726
771029277
771121268
771161529
771204465
771239606
771245577
771315756
771352361
771679171
771701036
771814287
771901573
771959189
772021979
772036510
772169220
772173368
772223781
772246001
772349204
772365313
772406022
772541543
772657490
772885443
772900691
772963932
773123383
773710358
773712532
774011517
774079404
774102455
774109962
774504921
774580228
774699527
774711174
774732044
774752276
774907036
775010260
775072785
775092301
775122649
775144399
775200358
775233506
775267168
775339001
775453625
775517244
775521344
775677010
775690839
776077226
776144855
776236970
776560545
776565095
776575988
776674996
776707991
776718771
776760198
776936612
777244544
777349668
777358719
777367011
777429763
777444408
777508185
777613238
777678694
777699315
777702343
777799588
777844746
777905980
778140795
778408878
778437056
778528468
778532760
778675033
778766916
778922253
778946153
779005571
779234585
779323718
779483234
779554938
779640039
779642302
779646198
779670902
779728806
779930391
779941985
780023010
780048514
780067242
780075665
780336185
780391333
780392649
780680999
780789982
780865692
780901470
780942051
781120467
781123250
781194003
781444406
781501070
781550620
781565610
781589821
781795993
782026983
782059631
782111011
782174009
782349451
782360288
782507769
782691487
782717513
782802369
782816525
783018529
783229528
783260905
783310092
783482207
783635624
783749954
783823418
783981477
783983566
784015492
784064232
784090182
784094276
784173257
784205756
784283158
784355599
784361827
784488833
784494891
784586432
784711629
784896692
785096907
785109115
785187311
785245912
785322071
785341698
785433523
785549205
785585385
785587816
785677389
785719400
785942520
786230507
786231593
786250678
786354070
786397292
786685897
786824629
786833799
786898300
786964125
786974386
787031529
787041755
787126280
787142175
787339772
787426960
787579962
787780212
787879606
788174939
788203461
788246044
788255086
788387913
788518593
788598664
789130518
789171038
789271078
789328543
789522763
789906626
790023006
790156977
790214552
790374008
790377526
790390098
790464646
790659753
790814897
790888914
790916363
790967169
791050078
791216340
791218781
791253877
791392312
791586927
791623863
791753361
791883396
791916109
791934402
792003787
792044175
792132806
792186456
792256867
792415405
792416659
792482313
792531614
792610699
792648173
792734438
792819538
792885450
793413969
793449544
793548804
793584850
793774187
793801708
793838373
793985379
794022985
794173328
794228757
794240405
794248870
794353117
794421341
794456364
794468053
794552175
794626160
794659002
794744593
795143861
795144314
795335447
795451499
795489964
795501094
795585017
795621607
795680019
795800925
795803301
796004715
796063726
796162482
796233415
796245045
796250986
796289175
796302294
796326994
796542997
796590811
796608984
796773832
796798176
796847956
797000071
797184219
797442691
797481531
797555790
797623918
797642981
797651166
797728414
797772968
797882756
798109830
798500725
798854881
798863793
799105311
799270712
799356688
799428228
799524579
799567301
799658793
799677014
799732415
799841694
799972206
799989477
799998575
800112076
800163635
800248696
800313436
800315387
800368614
800416892
800532621
800693236
800770357
800953371
800997549
801008465
801128462
801245183
801376830
801414900
801500381
801596212
801683696
801715159
801726103
801740726
801832366
801842838
802035097
802141564
802191255
802204753
802301191
802478985
802758275
803140943
803192566
803261187
803345380
803611353
803618285
803639413
803641222
803793165
803872186
804019646
804033007
804065625
804142520
804154230
804251777
804272549
804349070
804350143
804439411
804654909
804922588
805233902
805239086
805444428
805451559
805652744
805748968
805779235
805807344
806136482
806306455
806366440
806498884
806503669
806538536
806685961
806740156
806913059
807112950
807189292
807193627
807261775
807280526
807291938
807514632
807866543
808007877
808058747
808143774
808204056
808462420
808470766
808478336
808721284
808739859
808887826
808931542
809261275
809281758
809354996
809489867
809516761
809549035
809617241
809723303
809869482
809964803
809994240
810026586
810129266
810262512
810287970
810307781
810363758
810375709
810411849
810935335
810945925
810953602
811000926
811036299
811216908
811511519
811543740
811627332
811734283
811776511
811981023
812190380
812262919
812413553
812466170
812496267
812512599
812558703
812671423
812854307
813008786
813036302
813061699
813091047
813234166
813834074
813877313
813972815
814002183
814033670
814377481
814379911
814498153
814538945
814603616
814643160
814728657
814945661
815109110
815121187
815321599
815392275
815972498
816010603
816090421
816254745
816339769
816589741
816646326
816674202
817055678
817071619
817124514
817149989
817275083
817396090
817468014
817546575
817650230
817772360
817850401
817852761
818234428
818261623
818316272
818441079
818548448
818558218
818771564
818952884
818977582
819002779
819149877
819196365
819335322
819450375
819535370
819585129
819651663
819888714
820013142
820046004
820101102
820217633
820467683
820468987
820566514
820623191
820694523
820743036
820778289
820864902
820882633
820883849
821009729
821078022
821097689
821104845
821212452
821508270
821606542
821618042
821619428
821817581
821959358
822048087
822131111
822199717
822356521
822399878
822443825
822446245
822575926
822864788
823002127
823052678
823096709
823604604
823615867
823630246
823819362
823842070
823900428
824173110
824206638
824209393
824231020
824279176
824295779
824364183
824372457
824627392
824678697
824682251
824758564
824760814
824816434
824949885
825033056
825171182
825380286
825525347
825552683
825592242
825602838
825868010
825967251
826401657
826529884
826652870
826727997
826878148
826939525
827038804
827094085
827183236
827438004
827482317
827677671
827685075
827757875
827795296
827833653
827974844
828008480
828231887
828405820
828411363
828866987
828887644
828900615
828924171
828950647
829146998
829354864
829398382
829405174
829639329
829693510
829707170
829735843
829873555
829888063
830252998
830306299
830308165
830569300
830592775
830593087
830869228
831008928
831104080
831288170
831342312
831478534
831506001
831529475
831534456
831546684
831574076
831637724
831704286
831802417
831856212
831871429
831901449
831987122
832075000
832079361
832287114
832397051
832795496
832876907
832944571
833117740
833177543
833206694
833246684
833256602
833334174
833431276
833766297
833799410
833837105
833969187
834104623
834161257
834270982
834464720
834612557
834733691
834796810
834839433
835018910
835260718
835318254
835339705
835588797
835832199
835939392
836007930
836061055
836379695
836431983
836591817
836843040
836846710
836932621
836940146
837069114
837085884
837295686
837467866
837561084
837593687
838040255
838201703
838298714
838474734
838741912
838919727
838953607
839044614
839231473
839747633
839793485
839956365
840076766
840085427
840088707
840662015
840687756
840861129
840941669
840947209
841000380
841075057
841102348
841135190
841271784
841539082
841694183
841704967
841714511
841849694
841877467
841885759
841934879
842073707
842189328
842301398
842464388
842588887
842668484
842790064
843199284
843231759
843258493
843273026
843323608
843481383
843655126
843690761
843755709
843763898
843827555
844135483
844150890
844200139
844271715
844385415
844460476
844540526
844848948
844980164
845035494
845365781
845392276
845466657
845470355
845922456
845924225
845936280
846015718
846149408
846210462
846424612
846451617
847149984
847320132
847386454
847399101
847447179
847527589
847700263
847796255
847925880
847960773
847996677
848035066
848286065
848296809
848334543
848453599
848677233
848732536
848772983
848912427
848920625
849024150
849039932
849414131
849445714
849598861
849678512
849768345
849778244
849782556
849794010
849860311
849902064
849994553
850110489
850262106
850317885
850444430
850703070
850894946
851103294
851178917
851269455
851269564
851509434
851531073
851544441
851712004
851743455
851812781
851944581
852198319
852232635
852267992
852278515
852307402
852483432
852497340
852513907
852550680
852555545
852658608
852658772
852842334
853007790
853232172
853604608
853626651
853759159
853835651
853836083
853922348
854125644
854141877
854200310
854246904
854316300
854420761
854804955
854903432
854967290
855149694
855167825
855196644
855270809
855314965
855505374
855570648
855706123
855994292
856179408
856181099
856192014
856295941
856431905
856620024
856637588
856644366
856657493
856824095
856833315
856833646
856960014
856970516
857344714
857754581
857893161
857897392
858010564
858174202
858204208
858206874
858369646
858546025
858565089
858667985
858678640
858800379
859145682
859282232
859357582
859485086
859499227
859510593
859557850
859635141
859861603
859887134
859915376
860050811
860072576
860106163
860157565
860249972
860340016
860484269
860596127
860844313
860991973
861079994
861136972
861162997
861176937
861231313
861294640
861498462
861555136
861587726
861614384
861656766
861855515
861899583
862051520
862119393
862133754
862329951
862409662
862447206
862451362
862635280
862813781
863009332
863206052
863208904
863217423
863248975
863270915
863285314
863306668
863344774
863371158
863430019
863734568
863762098
863854445
864045022
864045396
864143790
864152806
864207526
864264030
864654831
864824692
864896115
864899140
864914667
865013691
865250352
865278632
865322029
865409234
865481625
865687384
865791466
866200919
866223379
866294023
866324327
866340943
866369447
866432743
866601106
866715617
866851391
866928116
866949097
866962802
867033891
867065065
867136889
867141578
867144333
867213859
867419878
867438887
867447808
867501780
867600165
868052786
868325077
868556575
868599137
868837138
869026787
869051960
869076340
869368812
869562741
869640430
869698386
869720283
869904442
869928305
869973796
869975728
870026754
870078279
870319512
870430482
870528701
870589350
870810716
870926224
871167027
871174322
871244171
871284938
871356265
871552347
871608873
871654775
871705922
871767955
871768260
871826638
871842042
871891079
871921806
872133005
872294990
872319023
872387097
872443013
872523472
872582438
872620824
872775045
872801076
872903040
873673770
873700785
873765726
873808642
874043773
874088316
874184367
874193665
874304974
874384088
874508341
874606023
874786722
874892798
874946792
875029565
875058023
875222319
875241633
875276522
875471605
875487788
875677204
875731122
875776038
875815921
875822765
876024536
876187361
876204773
876212645
876234157
876445329
876526017
876531822
876605115
876691225
876720086
876757963
876980817
877095375
877326135
877352123
877542021
877595135
877601728
877880522
877909200
878029646
878050904
878146243
878170190
878202113
878426090
878602397
878732024
878778416
878811854
878873475
879025620
879147898
879155366
879204863
879257912
879382842
879387297
879400933
879404102
879432033
879619564
879764142
879842472
879872965
879998352
880045148
880050933
880120849
880132335
880240290
880269889
880446116
880759681
880835496
880856870
881070625
881174849
881225145
881362368
881641908
881715657
881828463
881941593
882033797
882050805
882224593
882263810
882448017
882517727
882620527
882714626
882805245
882811859
882898950
882904608
882956500
883141690
883180099
883428648
883440535
883513382
883659250
883717926
883729534
883800825
883869005
884061507
884118166
884289979
884446275
884628143
884744179
884787629
884846739
884869589
884942001
885029054
885487293
885510732
885630646
885829157
885844819
885870002
885890816
885951996
886128119
886152041
886233924
886479328
886566657
886596128
886637638
886678871
886698770
886714480
886748306
886763658
886852681
886937467
887065904
887110389
887280387
887299684
887375629
887447909
887460814
887536452
887668764
887687270
887703605
887721747
887966168
888052239
888319478
888326749
888381215
888400495
888412106
888431803
888776598
888956697
889041524
889123716
889127821
889164574
889191243
889328010
889384773
889504546
889570897
889767936
889808361
889893246
889947006
889998414
890022901
890077412
890385029
890414856
890575560
890579676
890589300
890778187
890819461
890971966
891177078
891189703
891235148
891322649
891526078
891635960
891881925
891888533
892194428
892410371
892470835
892610123
892687390
892862477
893246579
893387066
893419780
893453524
893540666
893560910
893770587
893858611
893932403
893962251
894078703
894140375
894434732
894451509
894765776
894866674
894931935
894974283
895159606
895213847
895220169
895356225
895376117
895476507
895492352
895514457
895535582
895682576
895875361
896131036
896364404
896427346
896477475
896568836
896575822
896870458
896897496
897008429
897094594
897175664
897200016
897256442
897340855
897376142
897437877
897458229
897510547
897579253
897706326
897740600
897951215
898185366
898355244
898569258
898611993
898740514
898896305
898934351
899023472
899116815
899203266
899261789
899279934
899378232
899412904
899417884
899679790
899778965
899833387
900129770
900191072
900277988
900566071
900575097
900647621
900705955
900715004
900793492
900794698
900920199
900999204
901061975
901077936
901178707
901226566
901486599
901508223
901530285
901538434
901669079
901829704
902152468
902361828
902576139
902598690
902640106
902781566
902789591
902791775
902853512
902882199
903081374
903144335
903594110
903636690
903764245
903829290
903859775
904023605
904465908
904491061
904555180
904583421
904705926
904715146
904796862
904941211
904991405
905057012
905110871
905513938
905906985
905910788
905918238
905948200
906027244
906071768
906191560
906281120
906310989
906488732
906559612
907323837
907440650
907509875
907728664
907800333
907886409
908040199
908175545
908303579
908393478
908417625
908422838
908743469
908827518
908839333
909030390
909085511
909121228
909406006
909426807
909537367
909543131
909582975
909620215
909717569
909834337
910114007
910184305
910304322
910309629
910396240
910454906
910790594
910852096
910912808
910937513
911150792
911176011
911188772
911198638
911328423
911375212
911409221
911580051
911685760
911731110
912099540
912157027
912255609
912436858
912440099
912624581
912663614
912759372
912791368
912992675
913084209
913478696
913503428
913624458
913921825
913924346
913932069
914012367
914046124
914063266
914281866
914357765
914358289
914805323
914862436
915023242
915192528
915327951
915364360
915444100
915517614
915617066
915763382
915782848
915786753
916063072
916302373
916307168
916577669
916593115
916631351
916710442
916725858
916866096
916886421
916925613
917069691
917207554
917229883
917451611
917556001
917643392
917726392
917761653
917766622
917807081
918022621
918027396
918101561
918120934
918301265
918317956
918490563
918533387
918645805
918979684
918984296
918988662
919015953
919028754
919136032
919139114
919409452
919433908
919664936
919844269
919945772
919970851
920118004
920138427
920187019
920379916
920495460
920498529
920712910
920755961
920933938
920947338
921003866
921072684
921105814
921114569
921135618
921303458
921336923
921510116
921551825
921560512
921790309
921846756
922002021
922316687
922348213
922594145
922704556
922779342
922843786
922856461
922905812
922908787
922931381
922999427
923042961
923047417
923051027
923059662
923125119
923300090
923331182
923440849
923611341
923643831
923725770
923880750
923946344
923954272
924004622
924037980
924305646
924325024
924369967
924426694
924429843
924443466
924487341
924925200
924938381
925428797
925565112
925845380
926128880
926139562
926173739
926177050
926279302
926337144
926386387
926484708
926502800
926550708
926562798
926583160
926589745
926742672
926881385
926913216
926920784
926967686
926980816
926992293
927111509
927189447
927230947
927435052
927438462
927484390
927488946
927617636
927742631
927788017
927827116
927868147
927890092
927951965
928056171
928072347
928093743
928175851
928203859
928349046
928516677
928541642
928563497
928964439
929338537
929437464
929587158
929871793
929885588
929951986
929952422
930572559
930644158
930648888
930945440
931012738
931167130
931215802
931782875
931856288
932081332
932171727
932325657
932340383
932350402
932444238
932454348
932556623
932662731
932696998
932806450
932856660
933066107
933194190
933354643
933595555
933596193
933866743
933966010
934140679
934186508
934269400
934288204
934354571
934439056
934518279
934792859
934894676
934916594
934933229
934955166
934968588
934983124
935024857
935061706
935110569
935161458
935377475
935453114
935461130
935561314
935687327
935735953
935860301
936016941
936023178
936053638
936270248
936357387
936372497
936489497
936667422
936719861
936770471
937242919
937287850
937288338
937313218
937350392
937372517
937588374
937718936
937750320
937772546
938001981
938066598
938202864
938374161
938485346
938747215
939010229
939050725
939347528
939483136
939944617
939988275
940150854
940252650
940530700
940616672
940767837
940933333
941008407
941076186
941469917
941496316
941700548
941730514
941811497
941984597
942048226
942060028
942172813
942241584
942331193
943170411
943328872
943338887
943367644
943393217
943446067
943590181
943982800
944046167
944192648
944199820
944229371
944271853
944389200
944407871
944418868
944603434
944669163
944692373
944744529
944968495
945002824
945115838
945190722
945300402
945404773
945439616
945448811
945518347
945699006
945769024
945775998
945802521
945834231
945987950
946001594
946230063
946362782
946538914
946792754
946926488
946927187
946955899
946963534
947044842
947073649
947118814
947236405
947237416
947249301
947491115
947544586
947557525
947673037
947882381
947961953
948087573
948109273
948130278
948185509
948243798
948691461
948846253
948884359
949040546
949062155
949106871
949157240
949273051
949457120
949490953
949566749
949626313
949678329
949957595
949999714
950221344
950398887
950418819
950440713
950483409
950505811
950718062
950926883
951046650
951113556
951213944
951314903
951422662
951464841
951568693
951569694
951579023
951599632
951615166
951649648
951761156
951813694
951934102
951949887
952068524
952134280
952160697
952247910
952395280
952545226
952601911
952611656
952737298
952786829
952803933
952945212
952958788
952977285
953124034
953192818
953277371
953388175
953438843
953495581
953539618
953548414
953767939
953850405
953852486
953943819
954063808
954271453
954305067
954321744
954325928
954362797
954370245
954419673
954541899
954553996
954812229
954850209
955288666
955314580
955349305
955405121
955419541
955683032
955918070
956052495
956122654
956140429
956153644
956175274
956291501
956523815
956661355
956768364
956903388
956908457
956939871
957264560
957304770
957305242
957410957
957461689
957483304
957504933
957791691
958030886
958212054
958295603
958336693
958370267
958375067
958408692
958512079
958540846
958659195
958735453
958777274
958883893
958903675
959096837
959131871
959278226
959438974
959441096
959515906
959623321
959872002
959876086
959982070
960054103
960120051
960162739
960299779
960471544
960522037
960605070
960705978
960746613
960917404
961000444
961020901
961031837
961146444
961404752
961411664
961636904
961940181
962202342
962283362
962325347
962487435
962534616
962658919
962686388
962690386
962736644
963197159
963214842
963352957
963430156
963451507
963537235
963680084
963757810
964197078
964204122
964346812
964410249
964428317
964541533
965003867
965049270
965064300
965144823
965219930
965267035
965364694
965532892
965653152
965825793
965884830
965993304
966003746
966094367
966211926
966239815
966357566
966485361
966493935
966539492
966662702
966724928
966795514
966890248
966983209
967042181
967046661
967274485
967343189
967370012
967387563
967731941
967782130
967849734
968078041
968109864
968184557
968225988
968320014
968467547
968630948
968668775
968725076
968804941
968896660
969087146
969535158
969731682
969795076
969813536
969858284
969890939
970034484
970097658
970381631
970399381
970423486
970501795
970535942
970615379
970714111
970750699
970780830
970965502
971134449
971179016
971437566
971458118
971641853
971769919
971926845
971956542
972155424
972219963
972245842
972288668
972361807
972399661
972604033
972622863
972695867
972717640
972786898
972949865
973016021
973042160
973317233
973457663
973945957
973955518
974013827
974022285
974238502
974361086
974601315
974703504
974872119
974959421
975022978
975137988
975146671
975172338
975178665
975494171
975619211
975744687
975833356
975845065
976323098
976556311
976610781
976694971
976740339
976783927
976824648
976900561
977097761
977145973
977274160
977395039
977467961
977512574
977563018
977673967
977740010
977883914
977957577
977996186
978073104
978219850
978262808
978320881
978365325
978497278
978525706
978594608
978869667
979062316
979139344
979214011
979381002
979518558
979521590
979525596
979548013
979609370
979613487
979793407
979829680
979858203
980125399
980146373
980152136
980165956
980229912
980327518
980334030
980483758
981254022
981319470
981395732
981470920
981535905
981583439
981607686
981853863
981901654
982264630
982298711
982396801
982411674
982629344
982790949
982893503
983067073
983074753
983164898
983175441
983184155
983267865
983273008
983318686
983492370
983687990
983738046
983856848
983871882
983993981
984057868
984102181
984190642
984357619
984402333
984560892
984814637
985132510
985152738
985343534
985346623
985378405
985431696
985494405
985581374
985808072
985848721
985969401
986159286
986171427
986308894
986321547
986450058
986663136
986794620
986914597
986934075
987021652
987338389
987344489
987474702
987483959
987738905
987759947
987850297
987873039
987968884
987982665
988015650
988048651
988097862
988109139
988385907
988389497
988402026
988479764
988518045
988648275
988817061
988947402
989018053
989040297
989175463
989271639
989296636
989374592
989390581
989428964
989431798
989558297
989614997
989654666
989818862
989820882
989822469
989826915
989875096
989883104
989908258
989935249
989996414
990034405
990066809
990279779
990363374
990413437
990442768
990449658
990496710
990663955
990732525
990766333
990900865
990945230
991036640
991062942
991112231
991197161
991529243
991541680
991595075
991710944
991768591
991797632
991827950
991864235
992079938
992082967
992138311
992323608
992572764
992590569
992647370
992800492
992889938
993088901
993194551
993246377
993345791
993542816
993553153
993569972
993686843
993700626
993724650
993889028
994022621
994053300
994087953
994156959
994180086
994187261
994437839
994655687
994685026
994741119
994969601
994992409
995195012
995278315
995455506
995515262
995626831
995750021
995855237
995905768
995922073
995980699
996140428
996292769
996418514
996685545
996695044
996850896
996879690
997160591
997330126
997340931
997358842
997411768
997462665
997535017
997569260
997656108
997705933
997738864
997786231
997868079
997999187
998185072
998309411
998840579
998880616
998999466
999008330
999300006
999315763
999346803
999461150
999469051
999542381
999554222
999556576
999618440
999687404
999806599
999811667
999813954
999830731
999837602
999877374
