367180
414362
510732
629464
664393
667049
741043
804627
831384
880292
885058
1315688
1555572
1579273
1586222
1617188
1750293
1756689
1930045
2148102
2203395
2257662
2396920
2577521
2761151
2790886
2973115
3120937
3167629
3334862
3395116
3466173
3555509
3651259
3751587
3780344
3807930
3857669
3993955
4070142
4073666
4095508
4243516
4318415
4427883
4530562
4590274
4685455
4760120
4850118
4896573
4924921
4925304
5119597
5192621
5274668
5370692
5485272
5512137
5564185
5758350
5872321
6084879
6105162
6130650
6416650
6638465
6740053
6857055
7030732
7114631
7293997
7656400
7784209
7945300
8071536
8412011
8419543
8428980
8764241
8917904
8931770
9024121
9074770
9128290
9191520
9262200
9276390
9284582
9771405
9827928
9850427
9900236
9912910
9919482
9990237
10019954
10508893
10577072
10695739
10745691
10754796
10770927
10826592
10998376
11149024
11236040
11291811
11331341
11336387
11468390
11505401
11633456
11643262
11778334
11945838
12093877
12192574
12250893
12294312
12495057
12637256
12668917
12883419
13085461
13138734
13206094
13218012
13326691
13378110
13452563
13914845
14034731
14230511
14237071
14315937
14345153
14468856
14593124
14641790
14688623
14692374
14700725
14740980
14834808
14940120
15096603
15143947
15175607
15197483
15270091
15477248
15479642
15487628
15787041
15858532
15976515
15987557
16007005
16035615
16040992
16120283
16128828
16188560
16340020
16378606
16446659
16461623
16634430
16712554
16723717
16977837
17077556
17096805
17167670
17441236
17521060
17617913
17640636
17640845
17841766
17912659
17991173
18117804
18187402
18372689
18445434
18557626
18652371
18669478
18724716
18743124
18800312
18820639
18869836
19125845
19152246
19290612
19529212
19547553
19559489
19763684
19774314
19795497
19868559
19906032
19997910
20272399
20504372
20582937
20627221
20668900
20976062
20980825
21022852
21135845
21148704
21274330
21364183
21629501
21697844
21740192
21779769
21786688
21799980
21811633
22100947
22102037
22142953
22248579
22285887
22293193
22514538
23149327
23225746
23230397
23242846
23285625
23318541
23390659
23439779
23444331
23454177
23487063
23572941
23727114
23821462
23871187
24103663
24129434
24137394
24245157
24304758
24342660
24503258
24524792
24626560
24647493
24835670
24837939
24839429
24852943
25123978
25226107
25255197
25303184
25364067
25419358
25483649
25530159
25547627
25924997
26086663
26182191
26204292
26252241
26334016
26463305
26529744
26571604
26630487
26727731
26844260
26882931
26915344
26937125
26974919
26986043
27057970
27089382
27418498
27446081
27473932
27498318
27689644
27804163
27813967
27865453
27950405
27999273
28121881
28302059
28472279
28663050
28853012
29105422
29134107
29180473
29252387
29297360
29306525
29309898
29402318
29435455
29553164
29657059
29688805
29797508
29873889
30114031
30413973
30465830
30526289
30600003
30667318
30899242
31112885
31121056
31307544
31553734
31612420
31626761
31729292
31880549
31977926
32192360
32271548
32304112
32384096
32564764
32691756
32823448
32945954
32949033
33216213
33266125
33284881
33360346
33602145
33609427
33645860
33885322
33939331
34013782
34247880
34922485
34960812
35002329
35005743
35024821
35068854
35102144
35281906
35282056
35311981
35356231
35382048
35558299
35612734
35889438
36061914
36202230
36206513
36267784
36274427
36326690
36349214
36503572
36661553
36730016
36842488
36861427
36915387
36996752
37015910
37124134
37236210
37274372
37309760
37355562
37406604
37633237
37814073
37967219
38060360
38183307
38197505
38257894
38563208
38703964
38871963
38898569
38940601
38960079
39015070
39137809
39382136
39400377
39603471
39696546
39766409
40138695
40391913
40452109
40482506
40571429
40722781
40728052
40778934
40814394
40823153
40849497
40885669
41256847
41677106
41712390
41734852
41822509
41852483
41883662
41897938
41910828
41984970
42223051
42306030
42378594
42570647
42629517
42653688
42745002
43019844
43113437
43150695
43400745
43467624
43550920
43566362
43763425
44085717
44176021
44240795
44288337
44503179
44539231
44548081
44583130
44632073
44695838
44833979
45108061
45406456
45557775
45695022
45733030
45848336
46082228
46157108
46219303
46313590
46567495
46625318
46674667
46677420
46694260
46709994
46729585
46754440
46794733
46868935
47229006
47308490
47353326
47376576
47391994
47897360
48051197
48123045
48333788
48386328
48401317
48477351
48598111
48739673
48767619
48853806
48946384
48987578
49056003
49102629
49136745
49264908
49266227
49285141
49422351
49525811
49726719
49780607
49932734
49944495
50097887
50178164
50378453
50463923
50485256
50494321
50508925
50514665
50557993
50600285
50747516
50759012
51046843
51082062
51154885
51406255
51534846
51540785
51623009
51755926
51766685
52139967
52350413
52371949
52481548
52557179
52650860
52884753
52933214
52938885
53155345
53223199
53240631
53527520
53578327
53590130
53721234
53769573
53828711
54027506
54038128
54049699
54113647
54250428
54306254
54345719
54415390
54504838
54573334
54867268
54950282
55026782
55050078
55053807
55133464
55301446
55304241
55350674
55396079
55465044
55520570
55662637
55694930
55798839
56141354
56195926
56560043
56629398
56686206
56716297
56738028
56756107
56949170
57059943
57068176
57213804
57300682
57360318
57360865
57497408
57658863
57683948
57743728
57958646
58025990
58243632
58436266
58566471
58695179
58841079
59004715
59089078
59094050
59094843
59098946
59114726
59263964
59382931
59387168
59481803
59511408
59653864
59682066
59768675
60008765
60010087
60084675
60130646
60233736
60289949
60347614
60518199
60749384
60883345
60887483
61405819
61461025
61462756
61514978
61524478
61678897
61769753
61863788
61995934
62037122
62038202
62142655
62259686
62352956
62403880
62634291
62717583
62763512
62775612
63218118
63250343
63350395
63429393
63459306
63491494
63766731
63871180
63937632
64136314
64173442
64213048
64248055
64256148
64292294
64422674
64431847
64577206
64587620
64776312
64805663
64889552
64907065
64947195
65161308
65346804
65401608
65422209
65600964
65734740
65747917
65815765
66033111
66135633
66234343
66340164
66342218
66394154
66459124
66493958
66574416
66599695
66616914
66704806
66746436
66823458
66908581
67033120
67230033
67338691
67373982
67391727
67470040
67479565
67602565
67632227
67941729
67966204
68040856
68136490
68153896
68467779
68514244
68701344
68860961
68921832
69017177
69064039
69140547
69184732
69234558
69366735
69517868
69582625
69742302
69817172
69860629
69878907
70267941
70298981
70348769
70398763
70403818
70597455
70699865
70752064
70795825
70802470
70826162
70831539
70909382
71367032
71583974
71772521
71799273
71960343
71962450
72069085
72342193
72426544
72651265
72734221
72910794
72932158
73007427
73015956
73039913
73103777
73474207
73640821
73660706
73837306
73936381
73979281
73985769
74062659
74164787
74464485
74498632
74503929
74570565
74581907
74694188
74727983
74919674
74958336
75033111
75035093
75172117
75191902
75336776
75412279
75462923
75671207
75702172
75774769
75811972
75824133
75962223
76000526
76110270
76372782
76417249
76451363
76452432
76671684
76735875
76884008
76956064
77042163
77066929
77200116
77399280
77408460
77558616
77716373
78031895
78224550
78361896
78484266
78568084
78720409
78737164
78800817
78831127
78916850
78968441
79150580
79278963
79377472
79556971
79605425
79614852
79716909
79892865
79901157
79958213
80084653
80221903
80564420
80575849
80670574
80678357
80777618
80869850
80881675
81208873
81278324
81316834
81438156
81529554
81819393
81892140
81912408
81946218
82071998
82159919
82304326
82469477
82496341
82550807
82601212
82729563
82768833
82920900
82935091
82972220
82979235
83116236
83229620
83479876
83512608
83613657
83878955
83916244
83978655
83980447
84199391
84323644
84376286
84436795
84494056
84618104
84639469
84645300
84741150
84876109
84987911
85108901
85121494
85153722
85272346
85390286
85425988
85498052
85531946
85665950
85682038
85820155
85825171
85828083
85868629
85876200
86275699
86281191
86302800
86324855
86368043
86424912
86489692
86638057
86800579
86820764
86895260
87071498
87203685
87484557
87904028
88269415
88325239
88538190
88549345
88667492
88811746
88943781
89048873
89053719
89122716
89124582
89248297
89253712
89381739
89499753
89708002
89736163
89828402
89860480
89984115
90384070
90437926
90514301
90609737
90638556
90839978
91153910
91193968
91242930
91306346
91385047
91395766
91438207
91498549
91575768
91625538
91877265
91888910
92061372
92190133
92201292
92205287
92205569
92260189
92319833
92322629
92343063
92343379
92459739
92484693
92625968
92767798
92778060
92920817
93037827
93086124
93220378
93623100
94038929
94110801
94389929
94516811
94527206
94832686
94863606
95358177
95474358
95599323
95890498
96227970
96263017
96296390
96356634
96455507
96507184
96587235
96622127
96630780
96803330
96870353
96872624
97041814
97136789
97179312
97223469
97228420
97316604
97350356
97352550
97395187
97411338
97937432
97955341
98056909
98122281
98257077
98318652
98738422
98779655
99032274
99140142
99172119
99430304
99433763
99529898
99561240
99585748
99701610
99725907
99803532
99985135
100065874
100261549
100412215
100479396
100524337
100578029
100664615
100703126
100775629
100802910
100822368
100824408
100865456
101035346
101074149
101093242
101199202
101236374
101249467
101251115
101314165
101360268
101585833
101717865
101785595
101823026
102001168
102020090
102173871
102317579
102535978
102741176
102761993
102802364
103011671
103033177
103255890
103269689
103347248
103521316
103608046
103638396
103819456
104366517
104388792
104495197
104524067
104659249
104717231
104758686
104988253
105108000
105143641
105144685
105150759
105235385
105350742
105377121
105439053
105640840
105803493
105988839
106012520
106213119
106231841
106246681
106279049
106394234
106501607
106601948
106611023
106714920
106733865
106794468
106800150
107149099
107242723
107369897
107667243
107713831
107746435
107754566
107822805
107831499
107886034
107955694
108140666
108141098
108182390
108265919
108398401
108559614
108613429
108702429
108806463
109012387
109071250
109073612
109220430
109620806
109671513
109755240
110120657
110124586
110220691
110363185
110382627
110455884
110604514
110653601
110733417
110833560
110856235
110930043
110943452
110990041
111048339
111072066
111076108
111249153
111429101
111500862
111592267
111779970
111813102
111845396
112003712
112201681
112282673
112599828
112630083
112647324
112665775
112734967
112818407
112927925
113002941
113058934
113102299
113217320
113365972
113496180
113501907
113634134
113752261
113772629
113821496
113905452
114327481
114393150
114405304
114419207
114473874
114727613
114731435
114768352
114872742
115041310
115155171
115278950
115284736
115294253
115323451
115330436
115418555
115738836
116081591
116186856
116191696
116375918
116795284
116948478
117048347
117172751
117230344
117253036
117376888
117387901
117497981
117510995
117595147
117691951
117724312
117815874
117818601
118012418
118179455
118351842
118606833
118637458
118641522
118653970
118690252
118771303
118798518
119020848
119110220
119193204
119243871
119420254
119596111
119823888
119889662
120055235
120072319
120183708
120579242
121079823
121101381
121262548
121376873
121513970
121560198
121598703
121654967
121765666
121873108
121930198
122061948
122073135
122233411
122530422
122600450
122670026
122708144
122744496
122751231
122863073
122936545
123133223
123215094
123452471
123655982
123964830
123981005
123993612
124267569
124361518
124437088
124616138
124913089
125125681
125274157
125306716
125350012
125365308
125464384
125558220
125738335
125911704
125968646
126264213
126371143
126488256
126508725
126615825
126640513
126834084
126861818
126899248
126903751
127400853
127514691
127552317
127570068
127794303
128514248
128630640
128680091
128778588
128904886
128991650
128995310
129142449
129167979
129238767
129390901
129522599
129549283
129799146
130063577
130072809
130169516
130250871
130340158
130482345
130514744
130718944
130772822
130895808
130936646
131113094
131177543
131273458
131278529
131414587
131512311
131639578
131661739
131788488
131863800
131878353
131953945
131977240
132102286
132403194
132785391
132871373
132950149
133089356
133127759
133241772
133498854
133616731
133936334
133942088
134014091
134097112
134221240
134262244
134332349
134441289
134612035
134882084
134958283
135238635
135385769
135417093
135877755
135965862
136019301
136022833
136233872
136247412
136291246
136523774
136672008
136763162
136787904
136887206
136967530
137038451
137066442
137089894
137176140
137189697
137208383
137281536
137349542
137486260
137509119
137542913
137560131
137630230
137784507
137893121
137926527
138026759
138211295
138237235
138250468
138307823
138363682
138460374
138468308
138485340
138635630
138646957
138647345
138780190
138821363
138944284
138999126
139041783
139095769
139213814
139237117
139391088
139534301
139632200
139702016
139749402
139970751
140100687
140451172
140584967
140587462
140593102
140640461
140734283
140747816
140778595
140844372
140860160
140953923
141020698
141181924
141233365
141331622
141341594
141398059
141613621
141638483
141721574
141740688
141876415
142086333
142266430
142530017
142585997
142703826
142729510
142782496
142850295
142882139
142892641
143104089
143247189
143267074
143620934
143695958
143758979
143803164
143862670
144171801
144207265
144339693
144476543
144501901
144564776
144615583
144759642
144887103
145282041
145291939
145417733
145501878
145504818
145584153
145681816
145808361
145908772
145931344
146107287
146142232
146400879
146472986
146578462
146599365
146604853
146696256
146994683
147349994
147367111
147664283
147722747
147773890
147888186
148166249
148214000
148323579
148341543
148352316
148364342
148748025
148749340
148778950
148814458
148820282
148851906
148910851
149038736
149065606
149104220
149379380
149608069
149610431
149691038
149820802
149821532
149952060
149976290
150035823
150224354
150342861
150447694
150728362
150732902
150861444
150976133
151084083
151169471
151425906
151632051
151684185
152004152
152176048
152230892
152267040
152321490
152330220
152353830
152390591
152397266
152437329
152593930
152654915
152842891
152845589
152915299
153003062
153040118
153080717
153363453
153404735
153604504
153704718
153708987
153741729
153815613
153938033
153983908
154045669
154185870
154187804
154232272
154314356
154354329
154369112
154486276
154486573
154546972
154938492
155207135
155218910
155277782
155372811
155691481
155725153
155913220
156052710
156072803
156286889
157021814
157048852
157206747
157241685
157306591
157334291
157348635
157358348
157465483
157585574
157610522
157731377
157735233
157738779
157960316
158052932
158195993
158273622
158289397
158298077
158466923
158602948
158617896
158622403
158965280
159026367
159091094
159193205
159291532
159386739
159474680
159604824
159610121
159670502
160088794
160375010
160520956
160530285
160687534
160690093
160727005
160741300
160914143
160960050
161084770
161197092
161197307
161200906
161235697
161253371
161417392
161445577
161490805
161588168
161622770
161694960
161706718
161744490
161754248
161779463
162389301
162392812
162496880
162510899
162537026
162551928
162565689
162638702
162702813
162722828
162858842
162887166
163148049
163197632
163273885
163321800
163352890
163617148
163670012
163881825
163902238
164133055
164212851
164218744
164263310
164491732
164530327
164596054
164622519
164625734
164673937
164860536
164929174
165047829
165180175
165426890
165473914
165631230
165767890
165853792
166003785
166117479
166257352
166301600
166368501
166394167
166395624
166451346
166633514
166697102
167029135
167179943
167272104
167296022
167390320
167420336
167443759
167582036
167646128
167687894
167701459
167726546
167745294
167901690
168298920
168498683
168510185
168555873
168577414
168795162
168872686
168933915
168947703
169150073
169248493
169393787
169442122
169471964
169528318
169613955
169618756
169710509
170039826
170068248
170112033
170112838
170262078
170455478
170540994
170561879
170570442
170813164
170939488
171136984
171137280
171431278
171450867
171531448
171644041
171702104
171722267
171734801
171792865
171819954
171826484
171868324
171920525
172037803
172057936
172112292
172208355
172303013
172346381
172547405
172612725
172651783
172828807
172868765
173452317
173953164
174035813
174123943
174191228
174211527
174263272
174325803
174450211
174688506
174746118
174747102
174820918
174857431
174858324
175044102
175273539
175299846
175385090
175441383
175601193
175653917
175732982
175785853
175854535
175867034
175945561
176003377
176029732
176049052
176124918
176382378
176408601
176441852
176532660
176637688
176837733
176846582
176886209
176923260
176990530
177218424
177249160
177266602
177299310
177306226
177371371
177596227
177658149
177670620
177823604
177944236
177981949
178108636
178272229
178498600
178592172
178689230
178714103
178767388
178778146
178933127
178985416
179100452
179206182
179214694
179283862
179332129
179538985
179583600
179792030
179883650
179946871
179973230
180068482
180133381
180164854
180646007
180664473
180939234
180976756
181203606
181553471
181716530
181816879
182260772
182576027
182853247
182928061
183055212
183076438
183086029
183198632
183397541
183399658
183422172
183465242
183527261
183895273
184025134
184181240
184281652
184411881
184463185
184562465
184633905
184663376
184751008
184757396
184812244
184907511
184993642
185127129
185181007
185218293
185406805
185707771
185777185
185779740
185934019
186056332
186200375
186247130
186327728
186347870
186387613
186634110
186741164
186858712
186964877
187063554
187065940
187156645
187237805
187394640
187481942
187653161
187681619
187721512
187836351
187891834
188030108
188170171
188196724
188690390
188791372
188811181
188944681
188953918
189043693
189143356
189241435
189258844
189292186
189312598
189637200
189856998
189926149
190022396
190120924
190145947
190255686
190415146
190441741
190486601
190649848
190848815
191090539
191272168
191310598
191435334
191484598
191515309
191595896
191869095
191874413
192000497
192048891
192082918
192164903
192281244
192392519
192407191
192665455
192669510
192863751
192903932
193095176
193134099
193200698
193236674
193236940
193265403
193453628
193490364
193705367
193861263
193867214
193948842
194028702
194058643
194101760
194144709
194187555
194282378
194356469
194383249
194392326
194412489
194671934
194693431
194715611
194737007
194788324
194875450
194953557
195052345
195236595
195355200
195422041
195453071
195458245
195592133
195629832
195688879
195720718
195766410
195829755
195925217
195940815
196027571
196252597
196299934
196329592
196419075
196678380
196769126
196805509
196868299
196918855
196955880
197128492
197156104
197366017
197397055
197418492
197981841
197984159
198119959
198468723
198517318
198754293
198836997
199248879
199260246
199262758
199341565
199380423
199395667
199624197
199636053
199644368
199739630
199753739
199927833
200069016
200133594
200139226
200156470
200173568
200181438
200253506
200338580
200675936
200908247
201056474
201103624
201138574
201263157
201348511
201391299
201487805
201587063
201748286
201793845
201808268
202220681
202228485
202297417
202314242
202405428
202418445
202517983
202745796
202993812
203137581
203195216
203369327
203391513
203414363
203532897
203733795
203819451
203900534
203995059
204052785
204079318
204091840
204199953
204232789
204490538
204625991
204638800
204652871
204682115
204700284
204766245
204889052
205017292
205060835
205118547
205703851
205717738
206077372
206181914
206185173
206276583
206361158
206522945
206542238
206721134
206740729
206816782
206997057
207001251
207109502
207160430
207224849
207250015
207460855
207540442
207628820
207639942
207727534
207738638
207779171
207785752
208214614
208329698
208418518
208423374
208437552
208444695
208455152
208589505
208676735
208778567
209079460
209125669
209188665
209225745
209301582
209591838
209627669
209699685
209842544
210212306
210251703
210368119
210403461
210745621
211067487
211267811
211272465
211286957
211304154
211423611
212161796
212399299
212432690
212563033
212726418
212973516
213095025
213220098
213322310
213788584
213909074
214363902
214552175
214557323
214649795
214814676
214883344
214898768
214930498
215101939
215125442
215129581
215236081
215287464
215382730
215567053
215579345
215588139
215649030
215699693
215764970
215951894
216070111
216144309
216204817
216263334
216376106
216411886
216619507
216631031
216837366
216890058
217003035
217283451
217502221
217640074
217667446
217875753
217877658
217995285
217999415
218002914
218075881
218162326
218181629
218511363
218644802
218658460
218683841
219065888
219296057
219390311
219401799
219481241
219505196
219576978
219607563
219710585
219725354
219742870
219855852
219902901
220062286
220069606
220095253
220095285
220116819
220138112
220415473
220431399
220551423
220567569
220589833
220667917
220684152
220799214
220822128
220848594
220902337
220974090
221059232
221137992
221292511
221357842
221361540
221393225
221477947
221645893
221681331
221766346
221880444
221933289
222267704
222395314
222457585
222644691
222653461
222805606
222856531
222898259
222992220
223122756
223164249
223180915
223251474
223416634
223568853
224153501
224199505
224359661
224408884
224486525
224493720
224788191
224847447
224896964
224926672
225016962
225140620
225156568
225206319
225323224
225507127
225575666
225627172
225745444
225764941
226041255
226081125
226084995
226318647
226363637
226620001
226795227
227082042
227255561
227532773
227633024
227750393
227760470
227871910
227989440
228002442
228195112
228234992
228270129
228715717
228735873
228757383
229000152
229068237
229102079
229212175
229237954
229443473
229565941
229701810
229749842
230113518
230408800
230706911
230917525
231213432
231217424
231241160
231410845
231428430
231517170
231543147
231605460
231866382
231927008
232091601
232219938
232466845
232509251
232563345
232756240
233296436
233309126
233563840
233749200
234142746
234209962
234288403
234359623
234657630
234767694
234790232
235053067
235142598
235287790
235472934
235720218
235742217
235929962
236288929
236303117
236307473
236335983
236429877
236493942
236583480
236740155
236861087
236870589
236973938
237001242
237049810
237128352
237214266
237799737
237861917
237890466
238019740
238081354
238116337
238416464
238485011
238633480
238655891
238748415
238770556
238814448
238824391
238984136
239180388
239292668
239329787
239341127
239376964
239483887
239556791
239620493
239715836
239751368
239948695
240089138
240113805
240154522
240361306
240446905
240566656
240649476
240669785
240767227
240769438
240779795
240798948
240993133
241115745
241340464
241424153
241585334
241645925
241808159
241864774
241906225
241960706
242094823
242122060
242376380
242380264
242562585
242646722
242656929
242694850
243092170
243232054
243422276
243499633
243590524
243669673
243753025
244020095
244056690
244221826
244296500
244427295
244438844
244440893
244505679
244545345
244807501
244851359
244882669
244974014
245049517
245103155
245111597
245217680
245405837
245467055
245543017
245650182
245698693
245833208
246091528
246334832
246383384
246413839
246443132
246502243
246778929
247136145
247278859
247379999
247393955
247398599
247521384
247540739
247617420
247627540
247741997
247784301
247870398
247997626
248153689
248199277
248221877
248276498
248443907
248467398
248502183
248543479
248616381
248669010
248884406
248970105
248991155
249130166
249305688
249313685
249522497
250045516
250105029
250200146
250318360
250402733
250487267
250716796
250780550
250897190
250954517
251142024
251397982
251609393
251744478
251756762
251810723
251920191
252156466
252210621
252331035
252505912
252698459
252908451
253036670
253104656
253132859
253561074
253590354
253681675
253784800
253813233
253828243
254020645
254041397
254083614
254440291
254492703
254582351
254652507
254676215
254739745
254743309
254899336
254941442
254979764
255022849
255033848
255097642
255339964
255356174
255570957
255648757
255839911
255866487
255982413
256016806
256111113
256245297
256450517
256476145
256819526
256858873
256996729
257001365
257120895
257239744
257253247
257368641
257591233
257604634
257710296
257777666
257899844
257928932
258111222
258248599
258419156
258457815
258637875
258703609
258777488
258917964
259074411
259198946
259271065
259305833
259361204
259376182
259378182
259393930
259543379
259571962
259618113
259741903
259931116
260036327
260065472
260104762
260141278
260351486
260372683
260471320
260497206
260514410
260548378
260653382
260667771
260716422
260739350
260762083
260865970
260958844
261125880
261135734
261183747
261220315
261329838
261429258
261432028
261449736
261471562
261498111
261612002
261642078
261656503
261695652
262435205
262518173
262573575
262645853
262656055
262759101
262846935
262848418
262866809
262875177
262932483
262977634
262995058
263188208
263438118
263516243
263554181
263712001
263733904
263802050
263834871
263900251
263904194
263932924
264117872
264150614
264247500
264317522
264415351
264680096
264759966
264967115
265084466
265094306
265163323
265231580
265256740
265424256
265453451
265842664
265857850
265953671
265988404
266172290
266188009
266323031
266398983
266407125
266415650
266423359
266435554
266501079
266932912
267138318
267284439
267401759
267622496
267745656
267901483
267906437
268097454
268152425
268234580
268432285
268435603
268577007
268587473
268610267
268670289
268895524
268998432
269083066
269189319
269353924
269602133
269649369
269733633
269785606
269806806
269844746
270033012
270270372
270341679
270352963
270455102
270616440
270723391
270756098
270773018
270996772
271015022
271021952
271059310
271125689
271181195
271222789
271271741
271458443
271466740
271508880
271567161
271599282
271712536
271844081
271862498
271886196
272067170
272344137
272444982
272452751
272505321
272663718
272894188
273061463
273093527
273252044
273324897
273419557
273520381
273556759
273577778
273615749
273641716
273706604
273709827
273783739
274162622
274472672
274518587
274562298
274658039
274816066
274862041
274927627
275055507
275085357
275089753
275183428
275211051
275278396
275373067
275413414
275610853
275614378
275619269
275642063
275695366
275714373
275888440
275928725
276041376
276234658
276235587
276279645
276321595
276360576
276741103
276794601
277159268
277186999
277205289
277436506
277450456
277503806
277595233
277649377
277710289
278053837
278091526
278519803
278576215
278959040
279037739
279122100
279472212
279488018
279512346
279591269
279652833
279803316
279855809
279944589
279949091
280058154
280137246
280363606
280498991
280723031
280815817
280969887
281012561
281081381
281109502
281125977
281278814
281313080
281395407
281463088
281479517
281548090
281548953
281580058
281650209
281688548
281881552
281954033
281978001
282005400
282166600
282188785
282314466
282354534
282497936
282585815
282640436
282702589
282733858
283090649
283126821
283205923
283221986
283276386
283315267
283461243
283488178
283496359
283568948
283593243
283603733
283743258
283877385
283972647
284049014
284327209
284420992
284568247
284634813
284683640
284826139
285318122
285544170
285783107
285846311
285885214
286131810
286233919
286474357
286521592
286650095
286717972
286852054
287191836
287222543
287426972
287580012
287637206
288010474
288142002
288209372
288269124
288348491
288758514
288866422
288916747
289028223
289039340
289053091
289093343
289152278
289322922
289569469
289651836
289679022
289700331
289719563
289739895
289991075
290091156
290135653
290264637
290475351
290578735
290644093
290778162
290789961
290826123
290850422
290943434
291002359
291022307
291048429
291061059
291180213
291246593
291305935
291337224
291352943
291395991
291427087
291547480
291608571
291630615
291642199
291666483
291797648
291805304
291872648
291968350
291994641
292314575
292410207
292438505
292523275
292827226
292888154
293005283
293037255
293058485
293069654
293104659
293118298
293206742
293249512
293292378
293335257
293353794
293682168
293863290
294047071
294082987
294163635
294207052
294215603
294233103
294368977
294390974
294427808
294441652
294442434
294599938
294664655
294698559
294718466
294775988
294929977
294934614
295120121
295187754
295382294
295394566
295518078
295592463
295619782
295631621
296130290
296186083
296260450
296328444
296442296
296480821
296542439
296607752
296635565
296744305
297128642
297317454
297320925
297323082
297572570
297642570
297815118
297831171
297903768
297971271
298045290
298165365
298349180
298593129
298604928
298623883
298625491
298777879
298972709
298999777
299190481
299232423
299239675
299242824
299322272
299535962
299606857
299816161
299915212
299918005
299934689
300044821
300238006
300267364
300330530
300417079
300574596
300708880
300823369
301190771
301267443
301469638
301776817
301886510
301886549
301946301
301949926
301983171
302169569
302231211
302272498
302283845
302388733
302416557
302473215
302501661
302537104
302608599
302688480
302753861
302849461
302938137
302951884
303061453
303120866
303304740
303332494
303333554
303446180
303692238
303861081
303915674
304040557
304050174
304233940
304300680
304304505
304466950
304572580
304581102
304749268
304777938
304853961
304859167
304870103
304878004
304879199
305054047
305083386
305225843
305242549
305275479
305408880
305428030
305473280
305564403
305614431
305738064
305751288
305802312
305989650
306127789
306137371
306208781
306228609
306478589
306611337
307218901
307475334
307704344
307976266
308204256
308353362
308354287
308672246
308706222
308775425
309275911
309356889
309385268
309423060
309442289
309490373
309543415
309807253
309902623
309953403
310036440
310088704
310352088
310380251
310408919
310519418
310537209
310637650
311025374
311064456
311084459
311222022
311445136
311590988
311667827
311750261
311778913
311885719
311942762
312014609
312048143
312124927
312131462
312249069
312392329
312463163
312467732
312499868
312720822
312767876
312868470
312963914
312976191
313101716
313244157
313270440
313288678
313304779
313451848
313490873
313553374
313994937
314032299
314032947
314097521
314169783
314286377
314514830
314553463
314748323
314814577
315022240
315025359
315242792
315430058
315930689
315990089
316185988
316192332
316202861
316270157
316344756
316458967
316554003
316733328
316757982
317049907
317116799
317122518
317391037
317451695
317497163
317562616
317583989
317741759
317747995
317810131
317848813
317977938
318164394
318327296
318352905
318466058
318541930
318634332
318649450
318652403
318667938
318824524
319548399
319656934
319892097
319947846
319989005
320394016
320448602
320455976
320737666
320963650
321018451
321020245
321130311
321337615
321401837
321497114
321699516
321806587
321969879
322044027
322076641
322172465
322338953
322352454
322772120
322895470
322913417
323201051
323514916
323689001
323749857
323776963
323810725
323826432
323916846
323952496
323961576
323968861
324120421
324125349
324273014
324329612
324367202
324605697
324846609
324914898
325110686
325131028
325135828
325202905
325540080
325629820
325633674
325638445
325735962
325768276
325810710
325856725
325916899
325931251
325937022
325989096
326027388
326227873
326286478
326312613
326404662
326600483
326670225
326742599
326783913
326844990
326865450
326986297
327122083
327241908
327295429
327952069
328169063
328207798
328356315
328370172
328717308
328788291
329024595
329294603
329531675
329633474
329658408
329688623
329717149
329798746
329895442
329953134
330021068
330058793
330091084
330125188
330144861
330154521
330185805
330251998
330471174
330475685
330724357
330849442
331056549
331297585
331362417
331440938
331645327
331736560
331753419
331825288
331844942
331845702
331937421
332074403
332154022
332183766
332224547
332278194
332344570
332795499
332832756
332887533
333571627
333590607
333710282
333716140
333756074
333800901
333867379
333896889
333942276
333944718
333986326
334098001
334292598
334359499
334372059
334531811
334576134
334582241
334773395
334794614
334890705
334937239
335378441
335403897
335407055
335503671
335510447
335635723
335687953
335732091
335780552
335817144
336044517
336206539
336387377
336433093
336556979
336587155
336732499
336767844
337012003
337012065
337014634
337164735
337195530
337231985
337386062
337431625
337451068
337469783
337528093
337592700
337841947
337993490
338005323
338026368
338206561
338219833
338288759
338302286
338389704
338482391
338540169
338643906
338847171
339109835
339182423
339308909
339323173
339358965
339427029
339644340
339688862
339727706
339731675
339786675
339910123
339928799
340125991
340136298
340327426
340328625
340433688
340473249
340651185
340828393
340964660
340983200
341032324
341127245
341352583
341464267
341510930
341580936
341612718
341748074
341891335
341907967
341983764
342018981
342025827
342039574
342157734
342324499
342330763
342489646
342741809
342756070
342765894
343141127
343159742
343204133
343221247
343365923
343551261
343821553
343900027
343989121
343990994
344249420
344258715
344506086
344593381
344700529
344755976
344799345
344915589
345002803
345198534
345473547
345484270
345527040
345593815
345612897
345750152
345911106
346317942
346404558
346417505
346451166
346466037
346691200
346725200
346763410
346771765
347043933
347261957
347306890
347348656
347501668
347553379
347667530
347774209
347850731
347967905
348180633
348193389
348203768
348310254
348861738
348876942
348966659
349093857
349118090
349422581
349480880
349714803
349726485
349744205
349852191
349954628
350158753
350268970
350358556
350422101
350544920
350561527
350591944
350907825
350935238
351099796
351310597
351367191
351382713
351387396
351396841
351609757
351674954
351685067
351689983
351948154
352055472
352091090
352114315
352392129
352446330
352453822
352674869
352722200
352763259
352839980
352869950
352950258
353096117
353184720
353198247
353407499
353733297
353947318
353950338
353966008
354072333
354106807
354148515
354158303
354208416
354394328
354474040
354504035
354630523
354865968
355019909
355040701
355072453
355182958
355216519
355226907
355368044
355595065
355720240
355763540
355800952
355875896
355927010
355943906
356158563
356167470
356200580
356566074
356620416
356792192
356802527
356821712
356936010
356957809
357002791
357103760
357420320
357473364
357473829
357705978
357781467
357896956
357940565
358017748
358019896
358203070
358318815
358415950
358465726
358675091
358716991
358738666
358759241
359068771
359119985
359248995
359643707
359850964
360063360
360178425
360411344
360563531
360638940
360712810
360752703
360830793
360840833
361031131
361165061
361172992
361269269
361354960
361444855
361777583
361806710
361878694
361983047
362021415
362139978
362209979
362281591
362296721
362320812
362382178
362660046
362691529
362749628
362789830
362969549
362993763
363003205
363026331
363086877
363153763
363253373
363258166
363493518
363560112
363583258
363614070
363720347
363726182
363740097
363867449
363908201
363954120
363994981
364099856
364278413
364342639
364343390
364411321
364444011
364762676
364782622
364812863
364866937
364867596
364941678
365024688
365117228
365220666
365222043
365329867
365364435
365505074
365512802
365638677
365671038
365679823
365722902
365773147
365779000
366075946
366087872
366137677
366232938
366285755
366312911
366332557
366407156
366447491
366517481
366959304
367080645
367152559
367286671
367471540
367565573
367593200
367770138
367774635
367861917
368402369
368452832
368660444
368662152
368833180
369138635
369356080
369401403
369417582
369433998
369520810
369650382
369656861
369709034
369755975
369950856
369952432
370014021
370221792
370230358
370368229
370428358
370477027
370541577
370621610
370711151
370713366
370718151
370764117
370786052
370991708
371083326
371368227
371398523
371536695
371584169
371788166
371833548
371834050
371872249
371994725
372325740
372457413
372458426
372643929
372717846
373037317
373179539
373316258
373374409
373694594
373705626
373732328
373853379
373878625
373895174
373898390
373955121
374000103
374070103
374135760
374148165
374159580
374304024
374307252
374387290
374456727
374477275
374573573
374819217
374928839
375118919
375181229
375277279
375334593
375446724
375471275
375606333
375611689
375622887
375773508
375812555
375834412
375858591
375898868
375912921
375916809
375941520
376029187
376063195
376077815
376091504
376214347
376240622
376422754
376517981
376557483
376607073
376667275
376672247
376880017
376931670
377016978
377046552
377068871
377108639
377132104
377223453
377249007
377301969
377309657
377352087
377474835
377595758
377600859
377727064
378125913
378168833
378237327
378326224
378342492
378415642
378470897
378485790
378562399
378666215
378831962
378933529
379168488
379427481
379469739
379523468
379598426
379705074
380035233
380049554
380144383
380174147
380239167
380248419
380377893
380405473
380476524
380552616
380903983
380963926
381143634
381166581
381225178
381278929
381489223
381545488
381583957
381647832
381701946
382042531
382225660
382314441
382378136
382560354
382884280
382919065
382925546
383038241
383126169
383251295
383428993
383439579
383447176
383469745
383506680
383741925
383803814
383881559
383930019
383963914
383971101
384233363
384243214
384264362
384365878
384366943
384401347
384673132
384793833
384869477
384986399
385038219
385208330
385604138
385682586
385685074
386204626
386533985
386538168
386666973
386734647
386755554
386769207
386960906
387092644
387109774
387141700
387141798
387202058
387217456
387307116
387408203
387542477
387757167
387843027
387849118
387898876
388182076
388202394
388223081
388242984
388561358
388611656
388616600
388652282
388675989
388777571
388807265
388884538
388889637
388920622
388962276
388994853
389040957
389208257
389466056
389613109
389920427
389952450
390049699
390286301
390337164
390370127
390384221
390478541
390508978
390673508
390674395
390713571
390721204
390768194
390837529
390931499
390939352
390979696
391010225
391042751
391178156
391338136
391492488
391869499
392006213
392090326
392231035
392296646
392334805
392377596
392419114
392565153
392599732
392649869
392654395
392859808
392896262
392938858
393034680
393110612
393160607
393274658
393555019
393563376
393579164
393659439
393809525
393873195
394283189
394392203
394462200
394613457
394647791
394706581
394782049
394825272
394834665
394969181
395125231
395253328
395454071
395645308
395931255
395955555
396120994
396170783
396253218
396435427
396485204
396512808
396532302
396594009
396715453
396814887
396837450
396902333
397253185
397314141
397365942
397466073
397591361
397609406
397661715
397722151
397805987
397980112
397988372
398194601
398205450
398240967
398316086
398324802
398634290
398849346
398901835
399072923
399130493
399236680
399311224
399711785
399813290
399817854
399864946
400143571
400218925
400227250
400309540
400438818
400492833
400566450
400635952
400741713
400747022
400785356
400830423
400885484
400906924
400922450
401036346
401065678
401097816
401410377
401438131
401441907
401564121
401564219
402095484
402159296
402356854
402362500
402396860
402480646
402582947
402878648
402912993
403047818
403165692
403396161
403412941
403480847
403604753
403771015
403825138
403884729
403955914
404011560
404097058
404179600
404341856
404358480
404522481
404648374
404648932
404656151
404749622
404781901
404834766
404847018
404894567
405133946
405246018
405396712
405409621
405455096
405477400
405553042
405559033
405651909
405666274
405861707
405875219
405946685
405948104
406083724
406218984
406221777
406232571
406242096
406268382
406303668
406469712
406710175
406724229
406761443
406872025
406978858
406986312
407143891
407304780
407421194
407616745
407620462
407636882
407776700
407830595
407982281
408037826
408285736
408589819
408814067
408921061
408963917
408993233
409201468
409410813
409425246
409546011
409574302
409576020
409605204
409664363
410150012
410662419
410703959
410802167
410807848
410920575
411039662
411151463
411226948
411360787
411488640
411616767
411657860
411739445
411784345
411805714
411832295
411857512
411940769
412050515
412155885
412190494
412250837
412280122
412392742
412571436
412692668
412954632
412959575
412986219
413000056
413063688
413178551
413202527
413381532
413492330
413638793
413710955
413862316
413873666
414262167
414284911
414324509
414330975
414331042
414425787
414629042
414680130
414725721
414816219
414830225
415219842
415430963
415438268
415776663
415881226
415904402
416118644
416312432
416859141
416915865
416922965
416963897
416968424
416983551
417028576
417101088
417151147
417488487
417580665
417758982
417790462
417845348
417927245
418078503
418096547
418100943
418104707
418199606
418393933
418426770
418432423
418500215
418540971
418548182
418572040
418742920
418843016
418918406
418949247
419023463
419091238
419157802
419376839
419443487
419787954
420074050
420101017
420251739
420264702
420267139
420316149
420647768
420712516
420759512
420811587
420903927
421035708
421183275
421240688
421268981
421772119
421844314
421963232
421966996
422025305
422068951
422086549
422093838
422110982
422157071
422160754
422166433
422220342
422228158
422563733
422618958
422717545
422840000
422896186
423259539
423337912
423369451
423505423
423585938
423668587
423846510
423852559
423976856
424169634
424195293
424204540
424435362
424583764
424635485
424659671
424978069
424996813
425069159
425147943
425177295
425180987
425260839
425262893
425294979
425310912
425315119
425351754
425716429
425733371
425738218
425741263
425935320
425956465
425998168
426216964
426258749
426283459
426451294
426465442
426518358
426603357
426686400
426854297
426895114
426930969
426962710
426974888
426978283
427011643
427058784
427068084
427147049
427259995
427349037
427383832
427914390
427975530
427985694
428078451
428127918
428195634
428206168
428276148
428429188
428433458
428462471
428464861
428667367
428865288
428921521
428946643
429108990
429236804
429279197
429469843
429540814
429576510
429672395
429772947
429884407
430040590
430185292
430263526
430320314
430492727
430503877
430751751
430799116
430838088
430846759
430853084
430913251
430947327
431085717
431254967
431388641
431427267
431466009
431592198
431812268
431871831
431945718
431989104
432177189
432232871
432364976
432402116
432408080
432460432
432524456
432591896
432618451
432889200
433037845
433272468
433310798
433326930
433445181
433593622
433594997
433603088
433848303
433848351
433876747
434149629
434220429
434233155
434258519
434312606
434336987
434416302
434473443
434535982
434780789
434905194
434924018
435098241
435098782
435136431
435231474
435408958
435486221
435501440
435508577
435575802
435627791
435636081
435769255
436050241
436205104
436291986
436352298
436385212
436627409
436691034
437273508
437321990
437403070
437462938
437541923
437573994
437956835
438052257
438164609
438259251
438384514
438446241
438545646
438670221
438799174
438865317
439097487
439149613
439203479
439203811
439263134
439274468
439301733
439398054
439491254
439892640
440116949
440151263
440359270
440383229
440502729
440566670
440632228
440691541
440704458
440800337
440967478
440995582
441061463
441080153
441103947
441162992
441290361
441376743
441523937
441524869
441528212
441587608
441647549
442161393
442429732
442444762
442634443
442698019
442791905
442901433
442910610
442988910
443359388
443455809
443621952
443691337
443820584
443835529
443889419
443903839
444149915
444176382
444347746
444620624
444626925
444899922
445022397
445065794
445150445
445182248
445221189
445275648
445748598
445757633
445774834
446082570
446164893
446173511
446183120
446297717
446377581
446618149
446657286
446957789
447009754
447152948
447155713
447231403
447311708
447461665
447632626
447680484
447745600
447771048
447910605
447986217
448077328
448143711
448236086
448286006
448439081
448556555
448617874
448698643
448699462
448953242
449012475
449070858
449088405
449098962
449100268
449125866
449498872
449586012
449625493
449672047
449753963
449879626
450095860
450162200
450245776
450373746
450392935
450549186
450654258
450815209
450821162
450885214
450908626
450996955
451006074
451133796
451220233
451224883
451274966
451287139
451316687
451541488
451598388
451726339
451814892
452091748
452148564
452474063
452534791
452574692
452796534
452810290
453261646
453266997
453282111
453466198
453602437
453682052
453696129
453808921
453969785
454106956
454129277
454147129
454207905
454324344
454495695
454521349
454550626
455020382
455034554
455224419
455308996
455314454
455368627
455370975
455483424
455778785
455823718
455848275
456054432
456085669
456120233
456125289
456233771
456483942
456563824
456683254
456849960
457166992
457539144
457569108
457613703
457736026
457829725
457909909
458003942
458196559
458612704
458823918
458898660
458999112
459098187
459100603
459423911
459490709
459607551
459639560
459875808
459922816
460087971
460091538
460114483
460318004
460366414
460390393
460418528
460522951
460556823
460675429
460699061
460760091
460889774
460927979
461161250
461214019
461327095
461517504
461544624
461863928
461907305
461907920
462328335
462397587
462400193
462467749
462556650
462706198
462804658
462831808
462883622
463116024
463177224
463180336
463245985
463310122
463344503
463482389
463496637
463538597
463600422
463674791
463678402
463868549
463984060
464034108
464108491
464149835
464420373
464427017
464470699
464520256
464582814
464588721
464601367
464629141
464642583
464676632
465088019
465263388
465281750
465299731
465360018
465393079
465459192
465459331
465606312
465660649
465930314
466270204
466465258
466517847
466742893
466781001
466800889
466866335
466985399
467062636
467234216
467261545
467388035
467473813
467522680
467573783
467582523
467642226
467672524
467685117
467701700
467731974
467813948
467945611
467971766
468057654
468424561
468426088
468431732
468663300
468686849
468694817
468767048
468907854
468917217
468991196
469174791
469211291
469240558
469289117
469363169
469533685
469578839
469619062
469628516
469694110
469909178
469950469
469999896
470127246
470129041
470224310
470238132
470566232
470566614
470687353
470766531
471042030
471176294
471218393
471252838
471487087
471639845
471788980
471860176
472010684
472052333
472344357
472470366
472525970
472566945
472573996
472588201
472755870
472763710
472821845
472869763
472910479
472974655
473005807
473054638
473242147
473308390
473503997
473507752
473561342
473636063
473769936
473831032
473913894
474022779
474306151
474357042
474438799
474459541
474508500
474630180
474640085
474660665
474688663
474729060
474730081
474818231
474939703
474942915
474987347
475057206
475096272
475119638
475255200
475445381
475458168
475528868
475696085
475852573
475880419
475903650
475939826
475955600
475956025
475958836
476392057
476739352
476791396
476952897
477051487
477070305
477117613
477359872
477382685
477415877
477522388
477654580
477796613
477900622
477906688
477942544
478038309
478521744
478523477
478590009
478635141
478685887
478707613
478778823
478855902
478913039
478937240
478949506
478994824
479103211
479529820
479538514
479538990
479704846
479784135
479854273
479981673
479999535
480188994
480190984
480191238
480251571
480293801
480360780
480407915
480414106
480750478
480782616
481168052
481169045
481292853
481793645
481947134
481958827
482080421
482159099
482184002
482457414
482562132
482612041
482627656
482690911
482919005
482949448
483116408
483184615
483277834
483459040
483636030
483667755
483849551
483891884
483898512
483931253
483944757
484017081
484025451
484112917
484328927
484394173
484407586
484587201
484599044
484602660
484606836
484634075
484670650
484957457
485017219
485314745
485429213
485448305
485512772
485695109
485708349
485763421
485880171
485895670
485932044
486051983
486076532
486163014
486226788
486270898
486545118
486935000
486940915
487012539
487056836
487057081
487060318
487420794
487428987
487436654
487493674
487594732
487674897
487794954
487838379
487883491
488096594
488176879
488266320
488346190
488395802
488714801
488811148
488908413
488999933
489011274
489062492
489073068
489138573
489246662
489303122
489328869
489600393
489724062
489946569
489967155
490280992
490433953
490460675
490481475
490558670
490647802
490650473
490650531
490705031
490806455
490816412
491324421
491325327
491397519
491626452
491689859
491826724
491846934
491874605
491940531
491951739
492025601
492063128
492256055
492390946
492411931
492469211
492566724
492574160
492615295
492698594
492779454
493050718
493101740
493139765
493194266
493207362
493243727
493380454
493396659
493662938
493814068
493846314
493862801
493977209
494115564
494201701
494208869
494384566
494566426
494585593
494587880
494682558
494776335
494791205
494815637
494844846
494876939
494953722
495035629
495063110
495147160
495307694
495418943
495550077
495592987
495761006
495822983
495840488
496125479
496328904
496508188
496544676
496698422
496868138
496930791
497004860
497118197
497144378
497271016
497283739
497496661
497605958
497657482
497669878
497840127
497847644
497888741
498014888
498346101
498376057
498428226
498643707
498686566
498741194
498960006
499089902
499104840
499119678
499132946
499431205
499440392
499471404
500151640
500216239
500350745
500381128
500383247
500423532
500480448
500555472
500602992
500691591
500752519
500811159
500818297
500971457
501048217
501077851
501118775
501191986
501318212
501579711
501590102
501780993
501844476
501859675
501927937
501942954
501991895
502069263
502240676
502253369
502255407
502259668
502414995
502470256
502479932
502537536
502559676
502582303
502671274
502875420
502991177
503062464
503064563
503068083
503197727
503205151
503483050
503488235
503492349
503754877
503755549
503801735
504040496
504153037
504214605
504243682
504272618
504305785
504306908
504449723
504772053
504969174
505042757
505096327
505151660
505273581
505387537
505557139
505785098
505933700
505963485
505973083
506098739
506177331
506267260
506405229
506685824
506719172
506722084
506745944
506798457
507096759
507145637
507178948
507292037
507361455
507363760
507431722
507481996
507582642
507707674
507735236
507748847
507923506
507971056
508368168
508489238
508521263
508558454
508564336
508696698
508708772
508730935
508747165
508862014
509069779
509170965
509271624
509371420
509423298
509567550
509678487
509748585
509794563
509822110
509828381
510353659
510381857
510518878
510557241
510920579
511117396
511185988
511195881
511219754
511261268
511378795
511386226
511441595
511455583
511470051
511574006
511576099
511955056
511981300
511986332
511996673
512226968
512332779
512360598
512399711
512451056
512748054
512906458
512911505
512960746
513090493
513165251
513250092
513582806
513603369
513604494
513656651
513701825
513748515
514014889
514018409
514086225
514087798
514188564
514302525
514629634
514639600
514750071
514857627
515339937
515399914
515458135
515475871
515628817
515686799
515703677
515870722
515980086
516060375
516151467
516189114
516200114
516222833
516682330
516786217
517018042
517056253
517340635
517545304
517667728
517791269
517859872
518248216
518336005
518351456
518357311
518413098
518440944
518602271
518941175
519071272
519127326
519284776
519303075
519453988
519490646
519539444
519554130
519636052
519671363
519686021
519786806
519973113
519993320
520064081
520143012
520195775
520261274
520312580
520329850
520373332
520419504
520569942
520652655
520871510
520943684
520991737
521090347
521128328
521161569
521298942
521595093
521870202
522130584
522200619
522283388
522406752
522575625
522580184
522688393
523051124
523233589
523331537
523396677
523400160
523476287
523502700
523555738
523568725
523827572
523931564
523960975
524201221
524279440
524389884
524453288
524654155
524842707
524981157
525039788
525080566
525082409
525174352
525266564
525517213
525727817
525969094
526010470
526184283
526215850
526501878
526526889
526548443
526565536
526604888
526643295
526826928
526931212
526979086
527015275
527588715
527588882
527979075
528021967
528083015
528083214
528129201
528316123
528468858
528482612
528517321
528722298
529036621
529181195
529225429
529372083
529384435
529498323
529610214
529849928
529960954
530024112
530161049
530220154
530306885
530506624
530530484
530625793
530664439
530672583
530813016
531105575
531131651
531164231
531298481
531342033
531417986
531422878
531499604
531636505
531671778
531807274
532278511
532314904
532472954
532604148
532635577
532643207
532703629
532818823
533108781
533143547
533180613
533241658
533325066
533498089
533861439
533876811
533966964
534068626
534151101
534304078
534389396
534424169
534432345
534463249
534536959
534630677
534853652
534895790
535128763
535197212
535295205
535332439
535382380
535400869
535432117
535649270
535734451
535739912
535900684
536005134
536150371
536222427
536519113
536557611
536627961
536632183
536801856
536806289
536820615
536909135
536952449
537068437
537106665
537547278
537593097
537602014
537630472
537653487
537671352
537720607
537826929
537834864
537845404
537845696
537884511
538033923
538183654
538223909
538295000
538295994
538477989
538504450
538615905
538747076
538870831
539006727
539018149
539072493
539195025
539285894
539382884
539415031
539454024
539542290
540030046
540294455
540638138
540756898
540850983
540921946
540966987
541060382
541096062
541254944
541361652
541412347
541542634
541568955
541578168
541593247
541652595
541682327
541682339
541868294
541940595
541957502
542120692
542325896
542601986
542730623
542739018
542797087
542839684
542866923
542884111
542926834
542935291
542956785
543095757
543107022
543117592
543283898
543291645
543348601
543688921
543698224
543746532
543810405
543896430
544005994
544098287
544107396
544322910
544406249
544450541
544552229
544613339
544663502
544704777
544736886
544921854
544946755
545045131
545054774
545128512
545259634
545345230
545655810
545678435
545834010
545894541
545921935
545966756
545980242
545981179
546281347
546369763
546382269
546442072
546444126
546907943
546977973
547021543
547075110
547161927
547357545
547444833
547604304
547674402
547850195
548163249
548217713
548268042
548317371
548504806
548512345
548516330
548592103
548618191
548656200
548677535
548739173
548781554
548992856
549070458
549426699
550003986
550113884
550417865
550525238
550590918
550604393
550798518
550824236
550867167
551099727
551163128
551236108
551380608
551399609
551581337
551664921
551757013
551878473
552105109
552138281
552317567
552514563
552664672
552768138
552802970
552965114
553120285
553316151
553362067
553408433
553583311
553660809
554000443
554040620
554063269
554233365
554278384
554391590
554418077
554566073
554651546
554698296
554775835
554848159
554939058
554945297
554980063
555054098
555280626
555356320
555414286
555533662
555542576
555802688
555854323
555880706
555951566
556026414
556110267
556170900
556173752
556181435
556201579
556262421
556263817
556309198
556323085
556536235
556611137
556735244
557335592
557534504
557694715
557956842
558067330
558093216
558270377
558399253
558567356
558582518
558673603
558839855
558861133
558869217
558970696
559064567
559174438
559289392
559402155
559414281
559557463
560023151
560124040
560463662
560483021
560486682
560541893
560586856
560728353
560782363
560812560
560912030
560938046
560966191
561005605
561228876
561240517
561247930
561315525
561398950
561428490
561536605
561683425
561687757
561807960
561814168
561866903
561943545
562066974
562178246
562192800
562225306
562290880
562306197
562479697
562592658
562792381
562935026
563174152
563231265
563265416
563301467
563436875
563771919
564170404
564215185
564244593
564277166
564339303
564339381
564376090
564387337
564392163
564493973
564593306
564741405
564855270
565323070
565326303
565356886
565429622
565431764
565459166
565511197
565556694
565582393
565671167
565734681
565745803
565858172
566396523
566401635
566504241
566512710
566774870
566813060
566889884
567291836
567303041
567357268
567662038
567807788
567883069
567964223
567973745
567975628
568043217
568227775
568313899
568533036
568586416
568850797
569025506
569223753
569322498
569323325
569380251
569438034
569516193
569555457
569696058
569757526
569950179
570141472
570144962
570155526
570280389
570282857
570381757
570419255
570428100
570514899
570623998
570902146
570924642
570969654
571147172
571195252
571200620
571295386
571445107
571456563
571463272
571503439
571570011
571780770
571799544
571930386
572012835
572025195
572059371
572067948
572082287
572279477
572426455
572450785
572458344
572508102
572573118
572646519
572650819
573047669
573230314
573547164
573619743
573684844
573784431
573927151
574050933
574096547
574109199
574118833
574129513
574178745
574265653
574271144
574347200
574408774
574527046
574985270
575119493
575136423
575136848
575140798
575190803
575288473
575312217
575777990
575778137
575885195
575988163
576103182
576223219
576278667
576307838
576554794
576578596
576601671
576640111
576716654
576907188
576941617
577145504
577199909
577288469
577563647
577587034
577662990
577971835
577973812
578052990
578059962
578176165
578307121
578507774
578541231
578933732
579119359
579368636
579431010
579778401
579855990
579937651
579952925
579969808
580100121
580222412
580391259
580424900
580543818
580599642
580800371
580808229
580905786
581003215
581048614
581158494
581168777
581407546
581494991
581550826
581979964
582010997
582072533
582286489
582379269
582447763
582491362
582522127
582601950
583023232
583133138
583141875
583715113
583761497
583855144
583889257
583889445
584025744
584120990
584124714
584247763
584345865
584368166
585003511
585012330
585028765
585071466
585116883
585129512
585196888
585283592
585294470
585320615
585321712
585619452
585625888
585638039
585669280
585849288
585933848
586058717
586082393
586276407
586354682
586462691
586779926
586839826
586856152
586907408
587032179
587042725
587187026
587365692
587799310
587895905
588033635
588051553
588129677
588332770
588552395
588593333
588615560
588810424
588851019
588989342
589012818
589017450
589170540
589280550
589311407
589383019
589444961
589501970
589524748
589626479
589640960
589861411
590151947
590281677
590330407
590484165
590638512
590832142
590912837
590982888
591051313
591244384
591266985
591278669
591309667
591337333
591455876
591532488
591771632
592212007
592405927
592445842
592689547
593070933
593077970
593234836
593256821
593343796
593637357
593750123
593949313
594209467
594383308
594481805
594714523
594719397
594819853
595265059
595344648
595493038
595561263
595623581
595688239
595859790
595954398
596034022
596043942
596244657
596455314
596481218
596713667
596726154
596845727
596860758
597021886
597233265
597253240
597538665
597770268
597813406
597880601
598301829
598339727
598341219
598504463
598610283
598669034
598751782
598751992
598964135
598974224
599299237
599531059
600006309
600007117
600051957
600071740
600114950
600186129
600190819
600511522
600745704
600771007
600839620
600982075
601000977
601253451
601262647
601306245
601348549
601350718
601370057
601405331
601418012
601512427
601709528
601947063
601982743
602295382
602441588
602481963
602629992
602641265
602690416
602784281
603061199
603226707
603253972
603299441
603636161
603674369
603771847
603776674
603784391
603924167
603981524
604043581
604048168
604218012
604332326
604351485
604552722
604613228
604755936
605031313
605156875
605230725
605278576
605377605
605669065
606155327
606159541
606170206
606413630
606517466
606582072
606629511
606673610
606675313
606700272
606753189
606828351
606977713
607168002
607244625
607365377
607370253
607377012
607485287
607491896
607719824
607724281
607810222
607846482
607916010
608189863
608211943
608320553
608337660
608464864
608539378
608765697
608862676
609206033
609286380
609295897
609320004
609636454
609822083
610017369
610067569
610437157
610444233
610636240
610864592
610923249
610990468
611109754
611110336
611215519
611321911
611361689
611582468
611612021
611629530
611794913
611953957
611962548
612060638
612063975
612231426
612232969
612424624
612458852
612642644
612721391
613259408
613347160
613676699
613788954
613905867
614108475
614112546
614124499
614164860
614317303
614335375
614383385
614487544
614491194
614649069
614734751
614743442
614837150
614918935
614994807
615347748
615360328
615437569
615856796
616024728
616030709
616066838
616108425
616289879
616350106
616352857
616387691
616391008
616453004
616507097
616628793
616677706
616746063
616791913
616881566
617111310
617203323
617230721
617331456
617495146
617688900
617764920
617831359
617842712
617946308
618002768
618071576
618075803
618258974
618365206
618382347
618400708
618484256
618503392
618545446
618636486
618660960
618915963
618918963
619060046
619320079
619323073
619502560
619685274
619707049
619726737
619843638
619885033
619915713
620223204
620292412
620403612
620476344
620480282
620531372
620540412
620630768
620717927
620900577
621173013
621199686
621216744
621374960
621398142
621445276
621486175
621572939
621673567
621843093
621872110
621892961
621899137
622011337
622315042
622483299
622497577
622679303
622816590
622827184
622830028
622862151
623055388
623059739
623060589
623087103
623125938
623203668
623400612
623478624
623714784
623770107
623831516
623962409
623978172
624024153
624185684
624364977
624365557
624387893
624467147
624613809
625102860
625118742
625193937
625234191
625320664
625618796
625619934
625813035
625957484
625961563
626017153
626038832
626206039
626339938
626562066
626617775
626621814
626738382
626754403
626843909
627051013
627069213
627069832
627094453
627268608
627334915
627340482
627453726
627489291
627654775
628016508
628072370
628097218
628455549
628481446
628558297
628648931
628767940
628787872
628790404
628915129
628976885
629293317
629329340
629390283
629418826
629477203
629536453
629600724
629841598
629845221
629908401
630010720
630268982
630317416
630321272
630351535
630380199
630598996
630682116
630710675
630763073
630897970
630913336
630915815
631212731
631255576
631272648
631352067
631564716
631669134
631800618
631850034
631910625
631947172
631989292
632048642
632051561
632054667
632197420
632216737
632338113
632394988
632490956
632651298
633033890
633364569
633441007
633533830
633829130
633887245
633913003
633924348
633951934
633996898
634192884
634271151
634296214
634467649
634526706
634677311
634810401
634811749
634817504
634904390
634960881
635016390
635057207
635065968
635387712
635400680
635446804
635447909
635506155
635602802
635694384
635875400
635886843
636074681
636150045
636150085
636196260
636212325
636265645
636300136
636332795
636350886
636494045
636591010
636595975
636812760
636979270
637011984
637125047
637128154
637263582
637315483
637353235
637475309
637518893
637585087
637596044
637715179
637739086
637883388
638090807
638147401
638150142
638195243
638290481
638300936
638311671
638547337
638685333
638815076
638886590
639049274
639052976
639083076
639141197
639356211
639396945
639509970
639510720
639589897
639622527
639710997
639795910
639827898
639833640
639874133
639875994
640066905
640283197
640284311
640320128
640596436
640630244
640704725
640782261
640917025
640990171
641022268
641029635
641105238
641333909
641369828
641772799
642067215
642178816
642233002
642254677
642400138
642502286
642701018
642752443
642893569
642944660
642958878
643006850
643174054
643184646
643271330
643488879
643510217
643761391
643984969
643993690
644057693
644061877
644144729
644160455
644341482
644435207
644442170
644478578
644499877
644529029
644639769
644653118
644699583
644845748
644846484
645004744
645006247
645077663
645090255
645100138
645122096
645210367
645223094
645269083
645625420
645794099
645884267
646250236
646691448
646960764
646995804
647012908
647113806
647116128
647165405
647404935
647417436
647487753
647490302
647502684
647686178
647707428
647741342
647806217
647859789
647921645
648137708
648249821
648288342
648354728
648454574
648595847
648652489
648779525
648798563
648972756
649135151
649177811
649202686
649288773
649313456
649368918
649553513
649665495
649723514
649724038
649821249
650017630
650018308
650237753
650343038
650396433
650468061
650528388
650561194
650697643
650701018
650736801
650928526
651027213
651293559
651307192
651745967
651821119
652058188
652096324
652235543
652547328
652562874
652938389
652971426
652989950
652995740
653018435
653039135
653058484
653166645
653276548
653281845
653427631
653575012
653684889
653795186
653812488
653815945
653820272
653936624
653978091
654160532
654371183
654510455
654717999
655272855
655311716
655448525
655509850
655538396
655577973
655582742
655787503
655989412
656050067
656299885
656408922
656496615
656603684
656613573
656684938
656732034
656780645
656782438
656803202
656940655
656974990
657005324
657053955
657151498
657153628
657439084
657587609
657666515
657685405
657887159
657888715
657977378
657997281
658022226
658235671
658296416
658355488
658442691
658474446
658739158
658850113
658911727
659041139
659046057
659169074
659376951
659662900
659703532
659777722
659847390
659915858
659969564
659979632
659982420
659988352
660093593
660114810
660359185
660627758
660655900
660749393
660909911
660937682
661040554
661116234
661283240
661324671
661420989
661491890
661663338
661778047
661886208
662342728
662374166
662437122
662512214
662700340
662723195
662812136
663055711
663065456
663133482
663232857
663408818
663428825
663553288
663643589
663710462
663736784
663746501
663865827
664046378
664053301
664447000
664724897
664881136
664947360
664956959
664983931
665105193
665187811
665320627
665356753
665528397
665632814
665917055
665944035
666200715
666218784
666418953
666560218
666565186
666703338
666745158
666759937
666805864
666986766
667095598
667171136
667268649
667285624
667469045
667489499
667551348
667575910
667714328
667790536
667818025
668032017
668048750
668127405
668139708
668326598
668426418
668677839
668679916
668698496
668735817
668911969
668986410
669014040
669237609
669436074
669480582
669535346
669796389
669835737
669879280
669922115
669970919
669993830
670146338
670209587
670230082
670236952
670240484
670503303
670522517
670524920
670561505
670632225
670720132
670727670
670825531
670969462
671005501
671161642
671470859
671564402
671750905
671890111
671921830
672207779
672467958
672502350
672548870
672648095
672665312
672683420
672873350
672906796
672965491
673136033
673222177
673237072
673285042
673311931
673423773
673427059
673481865
673576343
673587289
674212307
674540135
674655465
674774923
674815760
674970043
675076775
675147328
675152986
675154576
675238402
675286463
675504252
675514937
675529313
675722142
675739922
675755754
675870337
675959086
676026048
676046691
676051501
676081369
676359507
676369588
676392198
676617209
676713127
676826025
676862245
676872128
677223124
677224711
677238899
677252819
677310570
677390307
677569192
677908976
677913672
677951870
678032966
678043866
678052866
678189472
678337897
678464790
678587553
678606523
678746649
678835354
678892350
678936930
678999179
679119277
679180699
679436442
679437204
679611447
679707501
679753533
679925300
679941561
679993079
680638837
680700512
680747148
680878989
681015996
681059769
681199577
681529121
681655530
682238805
682308515
682435401
682623169
682631440
682975399
683273145
683452494
683469782
683524726
683640400
683646111
683855881
683977581
684046430
684152256
684159574
684254605
684306200
684369233
684397191
684636613
684681711
684884598
684891621
684978214
685124638
685265874
685379949
685396246
685758021
685764037
685841001
685980597
686157229
686228071
686323844
686561045
686696840
686786525
686862576
686896857
687131657
687421379
687666556
687815240
687851776
687988867
688016296
688160591
688208100
688284456
688288001
688328944
688635634
688657026
688903747
688944536
689220127
689277133
689398033
689415819
689542096
689768504
689894427
689895702
690038594
690106391
690572843
690646448
690674383
690696467
690750927
690832339
690897924
690902022
690981048
690989963
690997886
691043312
691049543
691064274
691158111
691209229
691212175
691382414
691414343
691623677
691702177
691708601
691786620
691848233
691961370
692039184
692292858
692331714
692444725
692461388
692503265
692506856
692519680
692531659
692727506
692813183
692822893
693109434
693116445
693146178
693164485
693252112
693309610
693325429
693403986
693728965
693744948
693766513
693789416
694086548
694243238
694249563
694291792
694423785
694436864
694469166
694548382
694656608
694777817
694813438
694830858
694878681
694910784
694980989
695037296
695189536
695287676
695488725
695503632
695608105
695859524
696003921
696097694
696111239
696283707
696367901
696785850
696876906
696943439
696950141
697095235
697103949
697171491
697248791
697560343
698134442
698202319
698415341
698502479
698614055
699061733
699317166
699408163
699497359
699750601
699838570
700080246
700105403
700145825
700291460
700293063
700330327
700436776
700444899
700456926
700644679
700662551
700711696
700726008
700900926
700975024
701166016
701178419
701240085
701317616
701425314
701454082
701503856
701716496
701766490
701775160
701880877
701958336
702137313
702178840
702323644
702455232
702456727
702538217
702561365
702564199
702765792
702847292
702881535
702997522
703006927
703032423
703091546
703099423
703130444
703306513
703446436
703506244
703536686
703704714
703769675
703825999
703904121
703923531
703990499
704084281
704290529
704333065
704594399
704642977
704659931
704684592
704704887
704722780
704727032
705099370
705147757
705192866
705351831
705354451
705423150
705544223
705596699
705630205
705669664
705710869
705836252
705875783
705875998
705934544
705969410
706016061
706049933
706133141
706267916
706369717
706416004
706620626
706869196
706940005
707002742
707010254
707121033
707328353
707331350
707519073
707520008
707584701
707850352
707924285
707945984
708021272
708100940
708263687
708366027
708582165
708833857
708882814
709212684
709237910
709254871
709323744
709402833
709624999
709717894
709724509
709811992
709874916
709963352
710241798
710247967
710482343
710533254
710685266
710687471
710703626
710836670
710998795
711034050
711036782
711065313
711093643
711179132
711220008
711264441
711297256
711353490
711357390
711513989
711605757
711690920
711784679
711902777
712010646
712013524
712077977
712119554
712228600
712297492
712448725
712570472
712985654
713068008
713192081
713305802
713335795
713374349
713570403
713719400
713788376
713804751
713810691
713908374
713919636
714135006
714163347
714577841
714690885
714841739
714886059
714923243
714951484
715100390
715357792
715407863
715487946
715534613
715714149
715912064
715958793
716026970
716050033
716146023
716208292
716218135
716290853
716345813
716404514
716517529
716517602
717026333
717049295
717090795
717100467
717159139
717262072
717358036
718060017
718107114
718200832
718221575
718441789
718479432
718482090
718488758
719087135
719233737
719403767
719479908
719526242
719692982
719701573
719762275
719878295
720086166
720108508
720179737
720254640
720411623
720593290
720605142
720724118
720732415
720735208
720865358
721024023
721080586
721113245
721293652
721347580
721441217
721445616
721542148
721600186
721864245
721981074
722121334
722199306
722232206
722242568
722299575
722314980
722410207
722505017
722535548
722621285
722715260
722715480
722717983
722894583
723114930
723224059
723236540
723414093
723650738
723696369
723751399
723797517
724054870
724097585
724120447
724192734
724239866
724241018
724272818
724334290
724427972
724497789
724567396
724589002
724596765
724655704
724706029
724790281
724810069
724832014
725071799
725307826
725322161
725465323
725523027
725760510
725931312
726250411
726258668
726360927
726368096
726382791
726385534
726585529
726609446
726612921
726797664
726847835
726875337
727042401
727064002
727174177
727212997
727248980
727249664
727285420
727308522
727324512
727592193
727700845
727734106
727827760
728125086
728350805
728468706
728503084
728611815
728723040
728737223
729068591
729121018
729368142
729406055
729589080
729640023
729778153
729845956
729976702
730012718
730302280
730312756
730448700
730490132
730609285
730842616
730849422
730927892
731103827
731115834
731356638
731366526
731433384
731522429
731667029
731840908
731953243
732059279
732179590
732238906
732250938
732327286
732383898
732420606
732442323
732671307
732686326
732763158
732784355
732784415
732793849
732803871
733032739
733271577
733313284
733440012
733707401
733814792
733923081
733995973
734009125
734022192
734126316
734302734
734334109
734496181
734805862
734820138
734829239
734898844
734945274
734955930
735021323
735022792
735164715
735337333
735428739
735439199
735562526
735695320
735761102
735994540
736079818
736193641
736236605
736424859
736426187
736751803
736771422
736926677
736950214
736964797
737066375
737092898
737134644
737163880
737252269
737293674
737416605
737488695
737598962
737652432
737790607
737833182
737892162
738148845
738192446
738256616
738281262
738380618
738483114
738501048
738528010
738593545
738762548
738803465
738840214
738989158
739024024
739131121
739151418
739187780
739273413
739533140
739597189
739737405
739778742
739799708
739908376
740082590
740380033
740392915
740396922
740431416
740596175
740605869
740650272
740728605
740735130
740753890
740821294
741046089
741395943
741485802
741578440
741579011
741701786
741744308
741934627
741954238
742033398
742183674
742776876
742921938
742968028
742996059
743140387
743199439
743315058
743382888
743419589
743456208
743482628
743652272
744015114
744445015
744675717
744836562
745030758
745074964
745226691
745379743
745464866
745502263
745506182
745759407
745883027
745902823
746009812
746064625
746066130
746074892
746315014
746393213
746645477
746843945
747008051
747030691
747072366
747109560
747158082
747289064
747324124
747553965
747617918
747649624
747687197
747862112
748137492
748564505
748626338
748656812
748689537
748706878
748771066
748776230
748840818
749192566
749300238
749437518
749578844
749848334
749879349
749938642
750145905
750340776
750352607
750512371
750608064
750632791
750647475
750684307
750703990
750761202
750787498
750826394
750840785
751184375
751285735
751350146
751444213
751450846
751558263
751570701
751665485
751790296
751836568
752089699
752235798
752366372
752559743
752561396
752590406
752592539
752682606
752754412
752954295
753155450
753222129
753420627
753440947
753539280
753550569
753649954
753657616
753670637
753880604
754056672
754067322
754102864
754134469
754201472
754292523
754438185
754539887
754551135
754577041
754913642
754953232
755089833
755121330
755132182
755260906
755359844
755559321
755593501
755602283
755848236
756017124
756126872
756164258
756307186
756354450
756366223
756442116
756454926
756505688
756597463
756768187
756797588
756853553
756926015
756974150
757003461
757018056
757032554
757097495
757248021
757354370
757358693
757556408
757588584
757621286
757860879
757865983
757919221
757922560
758270682
758297430
758331565
758514537
758568698
758848225
758857921
758925532
759003268
759076480
759117068
759236559
759242308
759280231
759295707
759312271
759447515
759909456
760063621
760237298
760242339
760394520
760450752
760619788
760628433
760704503
760721232
760804656
760999588
761004987
761024557
761176871
761194683
761214372
761845018
761955867
762197034
762252610
762280267
762444773
762660373
762718218
762827872
762963718
762987182
763186359
763445309
763670777
763741377
763817500
764090549
764255816
764259036
764266345
764519153
764567105
764635192
764673217
764725684
764997863
765150707
765204552
765247091
765310842
765451363
765514090
765732355
765779492
765839974
765993266
765995306
766085453
766102351
766283784
766413625
766643009
766719387
766912424
767025933
767253564
767314384
767567965
767748664
767821719
767871601
767915009
767931596
768015664
768083483
768244869
768346949
768393497
768584717
768692167
768767560
768864678
769024907
769178656
769342045
769623993
769648686
769650075
769904531
769987777
770152611
770185081
770346521
770456560
770470083
770682723
770776429
770915946
770991176
771142190
771228097
771278736
771354514
771505589
771609238
771632191
771722876
771750511
771806297
772156155
772177299
772259718
772283265
772498725
772598182
772649019
772662358
772663501
772679304
772684101
772771360
772822035
772912788
773064988
773252359
773567305
773639788
773689410
773775755
773786031
773935023
774029738
774129536
774143257
774227819
774408980
774709854
774796724
774986042
775186445
775231984
775250699
775289897
775331693
775394530
775505164
775809760
775846002
775895538
775914207
775995464
776023268
776073457
776117826
776189609
776260147
776463548
776473562
776514887
776630519
776660808
776805520
776829269
777106342
777172396
777178833
777500693
777680115
777719457
777892039
778120073
778304407
778493445
778754310
778775407
778945812
778949612
779054181
779335325
779468699
779539196
779660269
779722878
779743556
779747366
779870131
779980369
780629583
780836721
780950540
781004074
781193089
781194541
781242864
781360760
781363653
781457092
781590194
781610572
781950116
782127876
782192586
782259705
782265161
782370240
782399147
782482731
782506713
782633250
782691282
782746789
782833887
782870792
782895149
782979352
783062560
783223112
783420025
783726431
783756703
784206094
784483118
784545168
784610341
784681583
784727990
785022363
785072172
785154161
785189184
785229402
785315710
785322585
785476498
785706112
785711373
785965916
785976457
786000596
786095621
786120089
786530303
786620385
786727455
786728408
786824582
786829426
786830605
786844924
787009720
787149865
787149958
787172829
787229004
787247019
787284945
787470197
787492471
787622967
787850395
787939097
788040792
788124306
788157908
788194209
788283658
788404701
788468884
788640359
788695393
788715222
788759687
788775199
788936592
789109975
789185663
789218996
789225725
789229507
789295070
789336762
789439212
789447540
789554551
789562696
789663256
789742803
789951049
789967375
790303508
790467928
790530983
790880295
790937884
791133453
791188363
791328174
791340973
791372425
791952801
792022628
792067450
792083719
792125732
792163798
792265107
792340266
792366020
792368080
792375964
792420882
792427471
792575600
792651389
792897486
792901947
792979846
793043731
793055381
793304571
793323425
793328906
793411798
793425350
793426557
793490393
793503868
793590648
793870690
793977873
793992681
794019300
794208179
794211899
794263676
794351541
794480518
794531274
794632047
794772515
794845259
794874504
794965985
795094275
795265859
795336483
795408186
795533983
795566502
795735864
795844204
795860635
795887756
795895110
795928324
795980164
796067888
796110841
796179030
796194124
796252701
796752944
796834952
796868355
796892196
797194803
797215946
798140475
798567648
798850254
799009629
799605766
799736446
799844604
799987370
800124601
800234323
800255669
800316875
800383765
800395289
800428299
800659654
800696114
800820238
800823478
801190536
801220456
801229824
801332138
801358292
801609915
801669224
801783470
801980894
801990877
802101137
802152653
802232908
802344458
802574945
802648798
802708975
802752302
802783284
802788126
802837369
802992871
802999849
803060446
803108638
803403812
803403948
803450827
803508837
803540117
803785976
803787099
803817466
803824630
803903336
803943911
804050727
804264182
804346317
804499086
804599750
804644347
804734715
804829837
804837367
805007857
805019867
805151116
805152660
805260908
805372198
805609789
805673174
805780588
805884065
805972372
805985677
806038866
806050940
806094131
806108506
806152338
806253069
806328647
806429979
806470507
806553398
806567105
806608775
806621799
806732046
806787752
806878114
806916366
807037560
807147445
807378515
807565915
807574232
807657043
807696499
807776957
807835110
807870099
807911253
807936445
807956063
807973601
808087987
808121141
808165313
808185359
808253310
808335568
808431827
808451224
808658039
808693999
808857127
809162591
809202689
809267343
809364533
809510712
809780498
810060396
810279786
810503036
810697314
810766878
810906427
810934941
811022666
811188870
811494563
811685984
811743744
811833120
811980395
811995700
812076881
812141566
812214707
812359231
812389154
812429095
812799634
812830817
812997549
813412312
813506571
813776722
813793141
813855633
813900676
813908869
813914805
813943313
813981804
813981940
814085881
814178430
814204531
814206620
814234168
814260796
814307454
814374018
814435663
814552390
814611672
814856142
814890587
814973690
815011714
815035165
815130209
815463623
815550986
815692678
816276066
816629955
816729110
816908816
816965926
816966871
817102088
817159483
817180507
817214594
817293769
817342311
817374093
817612096
817769412
817907412
817963670
817976230
818063167
818076198
818180371
818566221
818670589
818856506
818868889
818923417
818972843
819195639
819378164
819380593
819456617
819468898
819516431
819565412
819635639
819879754
820119471
820360560
820455820
820479670
820655525
820679385
820726006
820740671
820779614
821030914
821081017
821128983
821145873
821213749
821321424
821455704
821517928
821639009
821679728
821973614
822063165
822081680
822097285
822127416
822163635
822219976
822294209
822345247
822392329
822457910
822519032
822524016
822553952
822628347
822728202
822758489
822861576
822888152
822929425
823236968
823252160
823252543
823328984
823631246
823753285
823975188
824092552
824212919
824242890
824314275
824336108
824465089
824848725
824898895
824911308
824921546
825009178
825029828
825173064
825226783
825334825
825646139
825754583
825833091
826142814
826204618
826269829
826312750
826481959
826667850
827054174
827138182
827147777
827158405
827314214
827424554
827561691
827607354
827644526
827780843
827805089
827889234
828003767
828130630
828149958
828341197
828482625
828516804
828578935
828756730
828788713
828898844
828917098
829281316
829289571
829536559
829793846
829917826
829958784
830002128
830283745
830358014
830406278
830517664
830543619
830614821
830650232
830659350
830716925
830809746
830929601
830978031
831408667
831428115
831455658
831460880
831491446
831613043
831753383
832082469
832261278
832307740
832342042
832350653
832638024
832832679
832840600
832845646
832875441
833028021
833126116
833382303
833616128
833674213
833784928
833901616
833913277
833914864
834001418
834105897
834331611
834494266
834723941
834790522
834983682
835001497
835054965
835056179
835146694
835160631
835200726
835513010
835805158
835911158
835959018
835984378
836003707
836069359
836101850
836175625
836353344
836498084
836630658
836697887
836708462
836923804
836987100
837049979
837373167
837525433
837570832
837595521
838109458
838154896
838166992
838291669
838350260
838370482
838447578
838473777
838644063
838798329
838828160
839362503
839436084
839604685
839679269
839823243
840068078
840113469
840386835
840517866
840601282
840670436
840781673
840791368
840823731
841034590
841037519
841217057
841228213
841289703
841403828
841592446
841786669
841864769
841937799
841970499
842000653
842003015
842093871
842113829
842155310
842282465
842309864
842331193
842555206
842706278
842725283
842738297
842758319
842836245
842972489
843207525
843227952
843258944
843271805
843457311
843468467
843474901
843490985
843678105
843754655
843860539
843865082
844008751
844204251
844356434
844356594
844403661
844426674
844654172
844675218
844827500
844909220
844961853
845061744
845114986
845308134
845332180
845549281
845774064
845785604
845798665
846020088
846064151
846086378
846134953
846145631
846160055
846162879
846281244
846304008
846308327
846340074
846360542
846391633
846683247
846769954
846884217
846955862
847077661
847138292
847394296
847421181
847515460
847606046
847676295
847702733
847836928
847836980
847849580
847869448
847940328
847986940
848151304
848324000
848338141
848363209
848518270
848526119
848599469
848632311
848670974
848690378
848870197
848944364
849305995
849401638
849418974
849436055
849513651
849556838
849643838
849684648
849772177
849775410
849846860
849870536
849884372
849915482
849937902
849984370
850006616
850061842
850269025
850288409
850288540
850579912
850597851
850609713
851110927
851142335
851152650
851210377
851296844
851423396
851424523
851635652
851711501
851794420
851923733
851993484
852226930
852235484
852259678
852306815
852312318
852336939
852369496
852372380
852374140
852702695
852740319
852982126
853234605
853440499
853450632
853466433
853642534
853645999
853750851
853877081
853878278
854016044
854375344
854382993
854414254
854554083
854589350
854822574
854837991
854874873
854886674
855063936
855150319
855495213
855572489
855595109
855899472
856127541
856130938
856223325
856402512
856447086
856473291
856564081
856625420
856765992
856966276
857056496
857254145
857258680
857488129
857509766
857555954
857563026
857701791
857873570
857926916
858397411
858438155
858468886
858583777
858834512
858890314
859043871
859105317
859144130
859269839
859286621
859305363
859382065
859495752
859641032
859710577
859766377
859902231
859971809
860060174
860149213
860192982
860277016
860394432
860423742
860493143
860701229
860863604
860951805
861081829
861346137
861416383
861447579
861491729
861556109
861623002
861972736
862044871
862121201
862136015
862225557
862421286
862447997
862531592
862634727
862727285
862736917
862750598
862768806
862804858
862863675
863012421
863030552
863168614
863311709
863431358
863472480
863497445
863544257
863576394
863685677
864025486
864191351
864413242
864433578
864508216
864543673
864608785
864722623
864772258
865090495
865320151
865482606
865665764
865904090
866311547
866387287
866406532
866432563
866499500
866547444
866642517
866929236
866985954
867000798
867108805
867143559
867167319
867189205
867606073
867629785
867630558
867784396
868066924
868076536
868082284
868102151
868259004
868286114
868321602
868488712
868738942
868751196
868784660
868858211
869064530
869234896
869317471
869417157
869482238
869758628
870328698
870339875
870403402
870425946
870740157
870829165
870843552
870860892
870909866
870980838
871029585
871230502
871273859
871382764
871396874
871590083
871595994
872016775
872024253
872214032
872228811
872312196
872567327
872645369
872692147
872763848
873016325
873071012
873076021
873317540
873438815
873616623
873728440
873770529
874032956
874188912
874409939
874458253
874465411
874484491
874537623
874789113
874833590
874879282
874926773
874955199
875001224
875025465
875099862
875374251
875437009
875456720
875463288
875503217
875517798
875525086
875538695
875562084
875955193
875993868
876081422
876133731
876272410
876352702
876528209
876756545
876932600
876992016
877156668
877185427
877475747
877878417
877914177
878389846
878728120
878896673
879013649
879229853
879285013
879465413
879540584
879892242
879926485
879999139
880006175
880237680
880467729
880620790
880711433
881155864
881246503
881309719
881333890
881527339
881560400
881637253
881730443
881741530
881810026
881848163
881987616
882017590
882158308
882291396
882551551
882605035
883123370
883262097
883270806
883401948
883418870
883630376
883730228
883797126
883852605
883937564
884065382
884088838
884107089
884263946
884271558
884332684
884440417
884513439
884787883
884824458
884833530
884899401
884941381
885434222
885615323
885723219
885799216
885871070
886004345
886021874
886022850
886053058
886113372
886204034
886346211
886382140
886458768
886504132
886641673
886732638
886838023
886948958
887044690
887115765
887126827
887133589
887245290
887300495
887356680
887375030
887520887
887615391
887853771
887874676
887879519
887991793
888261018
888314515
888433994
888484384
888763130
888802288
888835161
888870896
888914678
889106009
889242554
889484841
889601950
889734485
889906750
889936715
890055501
890121701
890322401
890370317
890375816
890392805
890447588
890609453
890636036
890684440
890688348
891022703
891089026
891144667
891193921
891454497
891515583
891642779
891743929
891802106
892044530
892077714
892099134
892118429
892121694
892126312
892135331
892180641
892263508
892349175
892432200
892696160
892696391
892778867
892792131
893186867
893373234
893401531
893469456
893558269
893727260
894038357
894077161
894119718
894178142
894215449
894346862
894387293
894451591
894645210
894705249
895284477
895306452
895343262
895369693
895438968
895440993
895611664
895630665
895735002
895798954
895808224
896024283
896050569
896059810
896225212
896448093
896464776
896583067
896599352
896635332
896639516
896690174
896695184
896731734
896777214
896872262
896976274
897040231
897076957
897101106
897123063
897304751
897370713
897426643
897507081
897539112
897607285
897712723
897738437
897806442
897811500
897856604
897871167
898140363
898382146
898402263
898501751
898536096
898631524
898641201
898693346
898723147
898841157
898936632
898988316
898994325
899073093
899111528
899137121
899198485
899310740
899434542
899621355
899792417
899849546
899874729
899890320
900007612
900174510
900254506
900280936
900322593
900645603
900755357
900776613
900820686
900877176
900921378
901009355
901404579
901488661
901626877
901652668
901813190
901867143
901992262
902117323
902125996
902212749
902244742
902352298
902482119
902570949
902751100
902916490
903024473
903296505
903434983
903703238
903739762
903884201
904014428
904040091
904309566
904342343
904443458
904445017
904587779
904797716
905039806
905115791
905366019
905372843
905449649
905455505
905558388
905559919
905629598
905742217
905804520
905836490
906105460
906240536
906246131
906330472
906385304
906439982
906697687
906714596
906820961
907026877
907214782
907350268
907685181
907768797
907942923
907942934
908053002
908133915
908168749
908194960
908289727
908392687
908688059
908705068
908846745
909011155
909084335
909123416
909540705
909588513
909690035
909724806
909773525
909880491
909911313
910110193
910141927
910159081
910361547
910399450
910478365
910492602
910604470
911077649
911289415
911456242
911523386
911781664
911793719
912018361
912033001
912042680
912099061
912115676
912275414
912361189
912766731
912921417
912980428
913118571
913231797
913269141
913412163
913447049
913508944
913810310
913924200
913953437
913986426
914088568
914419162
914440588
914495380
914495901
914549616
914660874
914714613
914762049
915543244
915572995
915603125
915754093
915826033
915906109
915920359
915950029
915976540
916147843
916281281
916357065
916405341
916477150
916550592
916608152
916612234
916858586
917168336
917273044
917317816
917332729
917400603
917531569
917632451
917660178
917682248
917828612
917867958
918046369
918141179
918159673
918269941
918654767
918815800
918976594
919052112
919054954
919065751
919132424
919330026
919335162
919375705
919472553
919628773
919827504
919978903
920085944
920235713
920299230
920371614
920428752
920508835
920542601
920558824
920573515
920837732
920856023
920946145
920993076
921222154
921501802
921558578
921594440
921698753
921709442
921776811
921792629
921814082
922011275
922091500
922130218
922152477
922212407
922340417
922435897
922625464
922816941
922948898
922994808
923039834
923105710
923137029
923163234
923190863
923196984
923216918
923262500
923399434
923467102
923488466
923507254
923532349
923577018
923629322
923699023
923771899
923862582
923942676
923960230
923997510
924012126
924071953
924226328
924269653
924300968
924395643
924496369
924537052
924726119
924728374
924863805
924988326
924991871
925019221
925135949
925192536
925250146
925265639
925481479
925487980
925653402
925680687
926005018
926303853
926413355
926686863
926710613
926770237
926820713
926930427
927045194
927049813
927068037
927076229
927111179
927231717
927328973
927518438
927564852
927653851
927688608
927851301
928361480
928417762
928495752
928602137
928655861
928725837
928818556
929313647
929391002
929406140
929416320
929456527
929873417
930032438
930070171
930237689
930534195
930623039
930693642
930848022
930894120
931066299
931201224
931219455
931284978
931442574
931591263
931754484
931808782
931913564
932044824
932200247
932271309
932354044
932407848
932494713
932500906
932503414
932543835
932631757
932631937
932780133
932910473
932990635
933009959
933401445
933458585
933754548
933796195
933853579
933876534
933906843
934296919
934449476
934673972
934730662
934806712
934893331
934975089
935053474
935064425
935205690
935339547
935491912
935498019
935524748
935778477
936026544
936051819
936078950
936093036
936186645
936190691
936210764
936291088
936380515
936420750
936473822
936483811
936595425
936660607
936676837
936747151
936888490
936962936
937072644
937298248
937551468
937558749
937595503
937713721
937723462
937744716
937761410
937796102
937855219
937943380
937973775
938087353
938124368
938140788
938184054
938199436
938266446
938333025
938371406
938384236
938417149
938453885
938492873
938582775
938729942
938997366
939057343
939100521
939191275
939245266
939361920
939459566
939490243
939546242
939662890
939719640
939721747
939741737
939768238
939859938
939870811
939895531
940034631
940417323
940516134
940526402
940610101
940694169
940729470
940746403
940993132
941118088
941126939
941168029
941263995
941326493
941416606
941444706
941557395
941765580
941814801
941999033
942082428
942086627
942109738
942341028
942352993
942451449
942519301
942598208
942734469
942785358
942801331
942807973
942833591
942907224
942943788
942969338
943031877
943188790
943261928
943279567
943383704
943503192
943533868
943589087
943621020
943696388
943705873
943884358
944145049
944333303
944343314
944346979
944391966
944418700
944439130
944982799
945151574
945217656
945223615
945416698
945655315
946023938
946153945
946207523
946223509
946340160
946501248
946618869
946784614
946951667
946983974
947020287
947190776
947207565
947229229
947325567
947480271
947498895
947513367
947563336
947574967
947761840
947785910
947969775
947988996
948005693
948236496
948339765
948467121
948651027
948744154
948774168
948816171
948889928
948978974
948982224
949156277
949177091
949409541
949613091
949627024
949888870
949989905
950071708
950073960
950108503
950205399
950253362
950448705
950451022
950692107
950914535
950920824
951060800
951095665
951248614
951275498
951357176
951423845
951427983
951699742
951737018
951763030
951795869
951891950
951926581
951928398
951951358
951984984
951993295
952100605
952112116
952667149
952743317
952746835
952820105
952919233
952926449
953062836
953262390
953314127
953501978
953662843
953707696
953857608
954067977
954264396
954278028
954435292
954497729
954621486
954672611
954905573
955039459
955112923
955197368
955374335
955484778
955524454
955581744
955589223
955665408
955837313
955968655
956113157
956612685
956655628
957134939
957272911
957354381
957777918
957843503
957953140
958610772
958704804
958759092
958770292
958868927
958938004
958964766
959069647
959225723
959292890
959468664
959486167
959525787
959554524
959650283
959693726
959760516
959785350
959815800
959826718
959928334
959986992
960180707
960501845
960503573
960530047
960635156
960782204
960873917
960915208
961139841
961228478
961391643
961513055
961742803
961810727
961823642
961835401
961994603
962058146
962239303
962542159
962617228
962674167
962723414
962742299
963042122
963244218
963262895
963287020
963432389
963586552
963612501
963663557
963693213
963850426
964032175
964166713
964219929
964247924
964265898
964303369
964377346
964627962
964740372
964970011
965033030
965051897
965080137
965093077
965284802
965432649
965476034
965583188
965940251
966070565
966092336
966139261
966594851
966728743
966814030
966953799
967018541
967156209
967508957
967874942
967908727
967922845
967965517
967980390
968134378
968158888
968232648
968320590
968506243
968751320
968789706
968819183
968899743
968926184
969068194
969211019
969265838
969340378
969366680
969370037
969388412
969415384
969654035
969669255
969930453
969973421
970006666
970045140
970242620
970260947
970284566
970290530
970294750
970414502
970729058
970755688
970867776
971101694
971126379
971176182
971424906
971662012
971663751
971681876
971715635
971744454
971804374
971812176
971872679
971978712
972041398
972066248
972069233
972144841
972165576
972226624
972425754
972458680
972638950
972691563
972840245
972963307
973033037
973140342
973187213
973238118
973258208
973324671
973347916
973351142
973377375
973381848
973408951
973419889
973507524
973535210
973688680
973718954
973738032
973920822
974158692
974166066
974175389
974225008
974288519
974592572
974743534
974767982
974780037
974852425
974972958
975105785
975225568
975282384
975313675
975437721
975475419
975631588
975717127
975842925
975861304
976064612
976183838
976189825
976399999
976538900
976543600
976808981
976826905
976827412
976871104
976954976
977015480
977228692
977471492
977562113
977628939
977635089
977647998
977701878
977772750
977874913
977947674
978313093
978470676
978765822
979038624
979358966
979535508
979545134
979640667
979660789
979829697
979830862
979881962
979883407
979991418
980180865
980208624
980600079
980782807
980939694
980942977
981018006
981110808
981300545
981485795
981516924
981626982
981629009
981668881
981675421
981788631
981833262
981857606
981858697
981892650
981925974
982150097
982190462
982239215
982668063
982942021
983013864
983025688
983133892
983169118
983225531
983348282
983483946
983548574
983575446
983620646
983670882
983776832
983812787
983914834
983974827
984035105
984090558
984138431
984234612
984286624
984296300
984326563
984452770
984538563
984572017
984606862
984740937
984950610
985049165
985063760
985115147
985137440
985399980
985465681
985480110
985490964
985651170
985805314
985836097
985857707
985903568
985992467
986044733
986263704
986723812
986925338
986941019
986973195
987092840
987189891
987331065
987368062
987388804
987414276
987501455
987523985
987549595
987592533
987618904
987721807
987897281
987957629
987971555
988120550
988312964
988480787
988758111
988958156
988974658
989183751
989214732
989238796
989241003
989262356
989594580
989627398
989638123
989648673
989696229
989889163
989894016
989977408
990168257
990466129
990526834
990577661
990586038
990632351
990724597
990738986
990739073
990970515
991109327
991174609
991240339
991255848
991419901
991557910
991769404
991826797
991987909
992097802
992107822
992157238
992323652
992351053
992424666
992768429
992834032
992929628
993035447
993291848
993350698
993388735
993520322
993619598
993993028
994093919
994097638
994162159
994226868
994305871
994357185
994564266
994737232
994955900
995075276
995141742
995144460
995152542
995170989
995227444
995310203
995359388
995412906
995621424
995636501
995691733
995792711
995992374
996247015
996256722
996317760
996341150
996432705
996458993
996462904
996634083
996726801
996734091
996948446
996996770
997006257
997086373
997317222
997317684
997354823
997378470
997415557
997419522
997505990
998358950
998388051
998394513
998477870
998504079
998515683
998524812
998716999
998858955
998964707
999067731
999102619
999194061
999260244
999358310
999362938
999405080
999458803
999481212
999610930
999667109
999812288
