40591
362550
363353
757153
897990
968804
1018924
1153740
1212046
1362467
1650029
1650720
1728715
1966255
1968100
1995181
2005823
2106935
2283524
2440521
2533882
2696189
2798981
2835823
2997596
3071735
3131073
3206544
3308814
3332213
3360620
3453791
3540055
3666804
3719596
3977707
4188267
4430700
4470443
4485887
4567270
4666960
4715581
4949070
5050501
5053147
5223312
5240868
5353174
5524398
5623580
5802646
6045857
6050310
6181902
6197655
6266084
6484551
6486434
6584706
6621096
6784858
6815503
6873706
6891019
7153049
7437881
7634093
7729255
7731181
7819374
7829531
7866005
8012597
8131523
8147598
8177519
8299749
8395080
8804564
8917707
9137155
9157909
9282965
9298917
9433838
9477432
9553377
9756678
9909889
9917402
10189684
10317915
10535431
10560055
10578580
10723248
10867558
10891100
10926649
10994326
11084176
11148885
11151031
11162277
11178048
11198118
11369505
11400784
11415777
11474882
11557167
11742003
11759972
11808230
12367058
12556692
12558858
12569117
12676060
12750015
12861311
12907002
13013937
13308336
13468968
13531835
13552291
13754050
13834632
13879380
13904243
13959434
13993416
14239911
14241622
14292986
14326066
14352476
14431625
14577089
14585829
14622744
14864407
14899300
14900332
15106839
15134291
15209605
15361435
15405276
15490444
15526415
15586013
15605753
15732734
15783815
15817152
15821229
15837969
16285800
16317899
16435961
16505003
16623866
16739401
16758158
16838246
17144688
17145664
17346627
17434495
17556361
17558617
17705844
17809045
17948974
18071443
18319741
18517355
18550926
18574093
18588044
18612610
18678858
18867414
19247757
19551320
19610347
19610498
19746010
19773916
19919352
20003378
20107731
20154270
20485626
20492247
20498312
20521623
20548527
20826654
21008536
21041585
21106820
21151582
21733046
21769693
21851438
21881716
22065936
22283005
22361084
22489072
22513783
22795698
22806865
22861024
23497458
23639687
23692726
23720132
24111187
24206357
24206487
24338632
24403824
24411698
24428816
24530742
24590760
24640274
24788321
24827127
24830617
24841191
24866674
24869299
25067419
25292660
25323922
25442611
25532527
25714354
25737149
25887815
25943657
25977796
26057792
26068075
26133012
26148176
26148209
26308059
26360555
26551334
26582726
26785806
26803663
26887562
27331171
27485661
27504764
27515070
27530376
27605359
27781810
27935232
28278447
28304667
28388400
28441296
28543156
28691138
28756159
28906863
28908149
28940071
28943958
29046061
29144890
29159828
29202444
29208340
29312873
29329583
29331098
29360388
29360664
29460378
29481147
29572420
29638346
29663704
30377184
30494440
30647507
30670238
30714202
30792485
30905886
31023190
31102678
31260511
31486724
31731834
31784270
31815121
31842763
31878421
32225999
32519276
32690696
32871899
32933852
33096847
33116301
33225049
33315245
33449099
33656791
33919132
33987024
34043093
34144862
34204061
34225764
34246586
34279149
34335774
34602527
34616693
34634147
34667730
34673448
34734160
34924671
34973161
34992045
35063084
35358393
35368151
35605683
35623644
35787062
35881455
35958710
36251379
36261145
36308520
36320910
36579802
36740874
37096962
37134782
37177296
37459292
37464060
37540565
37765208
37846756
37961099
38116878
38122926
38265876
38363386
38396866
38425792
38602806
38642980
38721754
38730911
38783674
38827439
38872679
38951393
39183018
39347374
39409251
39521164
39540030
39556314
39689559
39744100
39778345
39943732
39962103
40191635
40470251
40489431
40571723
40688308
40723813
40742680
40968067
40969862
41041117
41238737
41378081
41713603
41804431
41835834
41952264
42100911
42274951
42354741
42448853
42513775
42702034
42705726
42908545
42999472
43021266
43038962
43049953
43077723
43234817
43301221
43690536
43771168
43834868
43837370
43930829
44080178
44209078
44465441
44526682
44531138
44531819
44721130
44847359
44889217
44949383
45116263
45153322
45281371
45432563
45529730
45548566
45678790
45686771
45805943
45875264
45920180
45939628
46008452
46058411
46075750
46295059
46356454
46361960
46465178
46502206
46594984
46676657
46702627
46847509
47039757
47274698
47396494
47831489
47936808
48034794
48035670
48130048
48184722
48243362
48255681
48283887
48365657
48474730
48616491
48625389
48698677
48805041
48893579
49041185
49048919
49162992
49168452
49416577
49423118
49465817
49477505
49493000
49619840
49867333
49896367
49990877
49995242
50390411
50417874
50572597
50591663
50608017
50633912
50714015
50872514
51053983
51296395
51365365
51383698
51479341
51541345
51590629
51601238
51618792
51681481
51755835
51861766
51982524
52055401
52105096
52193697
52306340
52394198
52401337
52555432
52561990
52707476
52857236
52890426
52979958
52991377
53055566
53104058
53134828
53261497
53325998
53454324
53461866
53469492
53498086
53502072
53574109
53626658
53665525
53684348
53751311
53758695
53764260
53795760
53887379
53935506
54041974
54152044
54180255
54201859
54271330
54752946
54766657
54877925
55029088
55172365
55287514
55337552
55341870
55502723
55639356
55718642
55846776
56014573
56143728
56267989
56580403
56677309
56798419
56999191
57275641
57321051
57377698
57386334
57487875
57531296
57538181
57561290
57574295
57614753
57674059
57683459
57713850
57763245
58015380
58018160
58089579
58125556
58202841
58241735
58316498
58754710
58785183
59335875
59431744
59616925
59703296
59709061
59855612
59979382
60050586
60152372
60252430
60330056
60582624
60603389
60676754
60752288
60884560
61046510
61147641
61163218
61308448
61429817
61477096
61534311
61611816
61785248
62235815
62555382
62580608
62869635
62923891
62978138
63210428
63219172
63268611
63312766
63334409
63353480
63431846
63514647
63597488
63805429
64124391
64237231
64312822
64663415
64672589
64774418
65034786
65363734
65526107
65582035
65588156
65590809
65636252
65914694
65954419
66179656
66222770
66295702
66423320
66481362
66548540
66557502
66656849
66771778
66936365
66951688
66983425
67111415
67154265
67239741
67301680
67367845
67481474
67528035
67544654
67587138
67686982
67703966
67940565
68071410
68116315
68123924
68154398
68157076
68187815
68290970
68358724
68387882
68551370
68573168
68924129
68988211
69117097
69278239
69387071
69398767
69760954
69818327
69926689
70096470
70148709
70195789
70287925
70290500
70363085
70409473
70554071
70629990
70810957
70959822
71066781
71084140
71283766
71309410
71354149
71393216
71408189
71424118
71516945
71839280
71864729
71897666
72156675
72219602
72423085
72434595
72578212
72670435
72734052
72991734
72996594
73016251
73301778
73359624
73595198
73641090
73648616
73652166
73672190
73787696
73800345
73892778
73962073
74103204
74113941
74247224
74431179
74628716
74712934
74721032
74831426
74869803
74950575
74960746
74982092
75432522
75586135
75661861
75842515
76002319
76129428
76301755
76313310
76489394
76527513
76550132
76576677
76648790
76651496
76669988
76708845
77020796
77034181
77152611
77177243
77216663
77220066
77262059
77306147
77439044
77779007
77943400
78018929
78628267
78745750
78976966
79236899
79604111
79617704
79629219
79718842
79809167
80006187
80150579
80159682
80484692
80648943
80789041
80846565
80897087
80932895
80983846
81224060
81272895
81506027
81570829
81776824
81791868
81861165
82004513
82021914
82079039
82095991
82141031
82165547
82260481
82306751
82315533
82562354
82633465
82687462
82770845
82962742
82977066
82986075
82990499
83064032
83302221
83346648
83452354
83566039
83578163
83720857
83909948
83993902
84160033
84279735
84467160
84498756
84828140
84899524
84932679
85006036
85009323
85193329
85474835
85704432
85767729
86305638
86323457
86328623
86502574
86731170
86745200
86759248
86933470
86986842
87037958
87122211
87251845
87529776
87618441
87637659
87743235
87814907
87947219
87980815
87998552
88054378
88442149
88520713
88613738
88642534
88856132
88884137
89273704
89352435
89353186
89849370
89990224
90003244
90290693
90357735
90378634
90455849
90537952
90788351
90820855
90830706
90889321
91122632
91127518
91434150
91492277
91664865
91727048
91899455
91951105
92118837
92232299
92281741
92330525
92365684
92366051
92481514
92499774
92662793
92766263
92832458
92870171
92889375
93029496
93098582
93820342
93836547
93875823
94016891
94050762
94135149
94142161
94226037
94488464
94511493
94789791
94827734
94919009
94945514
95036592
95259105
95263779
95402364
95413040
95454947
95501899
95697068
95767885
95823303
95873307
95925082
96016532
96024254
96157281
96176588
96213456
96214426
96361810
96391331
96445308
96452023
96526182
96619681
96782568
96894822
97158748
97167523
97337148
97380394
97428812
97566909
97798800
97880213
98254804
98281740
98287599
98293580
98506319
98537025
98571384
98863591
98944573
99448004
99527378
99529161
99619175
99718878
99879946
100125002
100133587
100262825
100469085
100647390
100720485
100777476
100847709
100938242
100952507
101199592
101314517
101350051
101510655
101588613
101615712
101853602
102133227
102484912
102513563
102670288
102764915
102828155
102921322
102930000
102946929
103075566
103120346
103404525
103572550
103650498
103680154
103687055
103741330
103788680
103883973
104080229
104177740
104211785
104248479
104378117
104392459
104507683
104534678
104550387
104710492
104792986
104982801
105063240
105074755
105106971
105328669
105522061
105581649
105586861
105682975
105764401
105852370
105910222
106013683
106145679
106161500
106240486
106338859
106375864
106427081
106539210
106684605
106955770
107043441
107063189
107392292
107404916
107425593
107552401
107660691
107762349
107777787
107910840
108010382
108186893
108315371
108319220
108322809
108355547
108393897
108496255
108554489
108556977
108689878
108810013
108849165
108950588
109122401
109148879
109197452
109235193
109246041
109345600
109367439
109469628
109488391
109492782
109606813
109609837
109737626
109795053
109997957
109999731
110018456
110097277
110174616
110219041
110317560
110419777
110504457
110784433
110834678
110896690
110984361
111177124
111201745
111455922
111459410
111843808
111883201
112098431
112335711
112457464
112508765
112523088
112571756
112699300
112755684
112755923
112758157
112816627
112934432
113028454
113122640
113205567
113208870
113242831
113256581
113500541
113513950
113768375
113826043
113896121
114066407
114275400
114280169
114367416
114452291
114460317
114577260
114701368
114876487
114901812
115041734
115139124
115150241
115282036
115405230
115471355
115567803
115572844
115590800
115612874
115778958
115794369
115831490
115856686
115984933
116338289
116363687
116459414
116502248
116955703
117113649
117316716
117329269
117345103
117414963
117435587
117461912
117473605
117514872
117714872
117789290
117839514
117970698
118041507
118195070
118271538
118351032
118455834
118460250
118470994
118532783
118533244
118644174
118693207
118906503
118922051
118972149
119029030
119140403
119380248
119501948
119523873
119539741
119604614
119609269
119634537
119661964
119730433
119798247
119798297
119846867
119858331
119869912
119945375
120049919
120127033
120187957
120233886
120283474
120293283
120472090
120552548
120617654
120621652
120711123
120711249
120719133
120727229
120740548
120863847
120869860
120902631
120956807
121092125
121139729
121321582
121470046
121492979
121859336
121888796
122313755
122387802
122485652
122562329
122739410
122770519
122900459
122946263
123030070
123087678
123090915
123100775
123134525
123176854
123291500
123601084
123624597
124032740
124080216
124313797
124438531
124521078
124540771
124577490
124869505
125142967
125168146
125565534
125913825
125931719
125957290
125980952
126096549
126183307
126508439
126560417
126605936
126687411
126707794
126795482
126812552
127032544
127150127
127192452
127745482
128297403
128334018
128501797
128517824
128609756
128630362
128740818
128920912
129084322
129101225
129362636
129409892
129521336
129851401
129879617
129984046
130087442
130293144
130304277
130332324
130415630
130477164
130495198
130553152
130625355
130699265
130746060
130788009
130904409
131067045
131381660
131386528
131493229
131583094
131614036
131653120
131677400
131753552
131758884
131833798
131883627
131960006
132019243
132130025
132148193
132155995
132212857
132215918
132251352
132269999
132496283
132585116
132603792
132697985
132770764
132896593
132946615
133005025
133025603
133041394
133101262
133189296
133245946
133341617
133563887
133682957
133686298
133705527
133793921
133796507
133842403
133971528
134278872
134592218
134593198
134604907
134674502
134735493
134847324
134861403
134896397
134957218
135217422
135342002
135445714
135575545
135643396
135645755
135697212
135745403
135747215
135762788
135768701
135869837
135949593
135965007
136061271
136181280
136210127
136242960
136323338
136513030
136783293
136860718
136860915
136980866
137039016
137197703
137368031
137396507
137441467
137566135
137680083
137795005
137800159
137870921
137915031
137931765
137960149
137968994
138110385
138354922
138413117
138556945
138612332
138682685
138785040
138830248
138963038
139010950
139161833
139298285
139318358
139590342
139595287
139637647
139660477
139681620
139810789
139846415
140186828
140386231
140423761
140517828
140604452
140747189
140816940
140862085
140938861
141039641
141130323
141350277
141420230
141461773
141549558
141563287
141614843
141765301
141945625
142009711
142131806
142161512
142264255
142269702
142274326
142367821
142374141
142382037
142418479
142428354
142506321
142545785
142615094
142657371
142793426
142922382
143032638
143091718
143096366
143216057
143274188
143285039
143511254
143516328
143518376
143655350
143796212
144083856
144211447
144230167
144246252
144421786
144449622
144543079
144764332
144818969
144918198
144960385
144991725
145006036
145040641
145045270
145173681
145319238
145378380
145424722
145460366
145632940
145813323
145974955
146284790
146306539
146414006
146521401
146595467
146623557
146683380
146753894
146945492
147017205
147035348
147102530
147266927
147466843
147508001
147742986
147979378
148028021
148082469
148112701
148163646
148282724
148299636
148313780
148382353
148426903
148565416
148969839
149006041
149101277
149148880
149471567
149588934
149864227
149877302
150220949
150360365
150564180
150770616
150776413
150807150
150809397
150812059
150834211
150884654
150951814
150989604
151106830
151232564
151622967
151683142
151708757
151712546
151740077
151839260
151960398
152386097
152413727
152744582
152760008
153018067
153327808
153510232
153885237
153900172
154004000
154036722
154078085
154110041
154329037
154355030
154380377
154416193
154448079
154493026
154576568
154651850
154682265
154833759
155178469
155183222
155371092
155411755
155445023
155525167
155526127
155526531
155560176
155656822
155705348
155725766
155778804
156267142
156316800
156398466
156467366
156575099
156631914
156657511
156714419
156802326
156806572
156826385
157124296
157601025
157619042
157710776
157764616
157767331
157886654
157919737
158256471
158670334
158773691
158803413
158815652
158873740
158884273
158886525
158992675
159085841
159225773
159361682
159368049
159389150
159449793
159511440
159797482
159841547
159860669
159898244
160100107
160103550
160280977
160407191
160432403
160572096
160579245
160601796
160680819
160740697
160793087
160980286
161041101
161079814
161079860
161145412
161211843
161418045
161443103
161579202
161682802
161697288
161742903
161864129
161871696
161922565
162187120
162215353
162262544
162444546
162468856
162542540
162545484
162635456
162743811
162873048
163010448
163195970
163254239
163538010
163556911
163581081
163622224
164050841
164255477
164285217
164294354
164304996
164639362
164734562
164813544
164815495
164899312
165179162
165227010
165271603
165336987
165608546
165647351
165680059
165751238
165942511
166163697
166282842
166588538
166649620
166720049
166760897
166779311
166802710
166819123
166850517
166889321
167066155
167421934
167438921
167532868
167564093
167828135
167866659
167879514
168128992
168200033
168214283
168231941
168283537
168286338
168292991
168327611
168435876
168464681
168466740
168605538
168633375
168789874
168963837
169017907
169053954
169119419
169233081
169287624
169336467
169519383
169591395
170049253
170105337
170187730
170295892
170332296
170335814
170597999
170721582
170867168
170963401
170975709
171041962
171042839
171136639
171156466
171327887
171678757
171831138
171981451
172009413
172047714
172055417
172130848
172286485
172484768
172579016
172656416
172803645
172857227
172905813
173081614
173103429
173136358
173228184
173281588
173403148
173416157
173551571
173554176
173961615
174019402
174554971
174628259
174973377
175156500
175233549
175239747
175611347
175700409
175709173
175759147
175833746
175840340
175856899
175880348
176057432
176057646
176148843
176153127
176282084
176305504
176315866
176457264
176583253
176593129
176807702
176935037
177087405
177331117
177361257
177510698
177604907
177640579
177793440
177820147
177830675
177866645
177919830
177945444
178056864
178115658
178140805
178182753
178403277
178490017
178806851
178820245
178865937
178912012
178985603
179063845
179110875
179135836
179368416
179400757
179649713
179734571
179878394
179919790
179938806
180098174
180291600
180295501
180635457
180912585
180960905
180991572
181073154
181092011
181296413
181308844
181340518
181368209
181389967
181821722
181853403
182021972
182030548
182069421
182071965
182235060
182502593
182556481
182586470
182703148
182723959
182748720
182750701
182800571
182884464
182966324
183028510
183055273
183069888
183077140
183084131
183153620
183192234
183233909
183483746
183494208
183647322
183804605
183857287
183857780
183956351
183986506
184228408
184267355
184268644
184273094
184397101
184416591
184420408
184636916
184751095
184758697
184790671
184898110
185112119
185161198
185220600
185227153
185236245
185353488
185439827
185454648
185487501
185592894
185880027
185930247
185948508
186045920
186060588
186330311
186431364
186457963
186509745
186586206
186596172
186681581
186701398
186796396
186932831
187031884
187175512
187398408
187420884
187507477
187515888
187964454
188066727
188069507
188132010
188146956
188286521
188302259
188346185
188426513
188427193
188438870
188540838
188572103
188661303
188663662
188670764
188834847
188836850
188879693
188972486
189185843
189344237
189689084
189705406
189751469
189805060
189988520
190035695
190410365
190552503
190565317
190583745
190647725
191031460
191341752
191447323
191497820
191511750
191513680
191526125
191564397
191598710
191619984
191765614
191800359
191868239
192029778
192032218
192213319
192309214
192318129
192410557
192520804
192892454
193199722
193406604
193431591
193437021
193544878
193716628
193760811
193787470
193908754
193968652
194027043
194061130
194084961
194098603
194230740
194384675
194472593
194477044
194487114
194706283
194735803
194803748
194879689
194905102
195054205
195114705
195147396
195261598
195285102
195301433
195420467
195596292
195659681
195819753
195842823
195868541
195916074
196016953
196221810
196285668
196302970
196471481
196479941
196500284
196604374
196629611
196652999
196678339
196881295
197092744
197116086
197125656
197283567
197300965
197366746
197596319
197609861
197751770
197770334
197827577
197856298
198222352
198225083
198280122
198382872
198420812
198471936
198508311
198626691
198755068
198901428
198980932
199021199
199023754
199075853
199112587
199260061
199274814
199319406
199337638
199386869
199407952
199410098
199594771
199680846
199705718
199717083
200008902
200067674
200134881
200167358
200270732
200284486
200312901
200460201
200599994
200695754
200854741
200951102
201141926
201323774
201453496
201523228
201523915
201584090
201630636
201778822
202066272
202075002
202103410
202182954
202356591
202590006
202743577
202792487
202850772
203006312
203042195
203085058
203180003
203219817
203236028
203242751
203533984
203538747
203723979
203776430
203927647
203945870
203966332
204241532
204390714
204436010
204531679
204558654
204783626
205062100
205077584
205109575
205189919
205346332
205416617
205440495
205507432
205624255
206057467
206067125
206101706
206130123
206161213
206238225
206432985
206622164
206714455
206887839
207029760
207189209
207223707
207282835
207427596
207466460
207569449
207647302
207707240
207716366
207848601
207872632
208092960
208130750
208146959
208283649
208398364
208468887
208474200
208512053
208608567
208692809
208712112
208714403
208785982
208798464
208946148
209031314
209112533
209276124
209433754
209452045
209545432
209659938
209687716
209742622
209793307
209918232
209928076
210012843
210137945
210306122
210391121
210417082
210604587
210676745
210743938
210885843
211123807
211179174
211184451
211310534
211336884
211458530
211472127
211568193
211584394
211872185
211874451
211943658
211971873
211984663
212095944
212145950
212157815
212179616
212302016
212452817
212532207
212657722
212667121
212720440
212971741
213128367
213276686
213374580
213391219
213398591
213716059
213750005
213951443
214072487
214366524
214373223
214427348
214462567
214589260
214657398
214738511
214885632
214914955
215049398
215137003
215203433
215277443
215334117
215404065
215480451
215483495
215835585
215855705
215998247
216065374
216154000
216280996
216383192
216562718
216568772
216605606
216663423
216708058
216743545
217157999
217222724
217265752
217796417
217863173
218012138
218360314
218450970
218468180
218605540
218651710
218708165
219034557
219111435
219140242
219351703
219601647
219691874
219716906
219723117
219779730
219886140
219975592
220030116
220127229
220149538
220219735
220408395
220421523
220551223
220943303
220943811
221228856
221240164
221258746
221279526
221314636
221396747
221809131
221890458
221896745
221908231
221936570
221940937
221980268
222232286
222253403
222340335
222447755
222471780
222496554
222598352
222669990
222680091
222727646
222743148
222767253
222824927
222949428
223050080
223099369
223110676
223130145
223171142
223199409
223466460
223509495
223993960
224009466
224041636
224154022
224288851
224303704
224596831
224633261
224817270
224849256
224891242
225135943
225148661
225476458
225586155
225708150
225726434
225790286
225804063
225898478
225912004
225942262
225977222
226204622
226225275
226285112
226287616
226371757
226412846
226416241
226454795
226480201
226544971
226564344
226761780
226827059
226864020
227014791
227029828
227058763
227139995
227140406
227264251
227287731
227302585
227488158
227939981
228009624
228010247
228045172
228149041
228228282
228456040
228484626
228521531
228570861
228586559
228714176
228727460
228744778
228756705
228769139
228771104
228856768
228866651
229599804
229734776
229747547
229968518
230133128
230139530
230397244
230466293
230482562
230573240
230700551
230709736
230844360
230860556
231005582
231309768
231352885
231670079
231679557
231883523
232028782
232059757
232073165
232177255
232222284
232322244
232354472
232625410
232692681
232944467
233000805
233028183
233051610
233101812
233147875
233279376
233443109
233469592
233633757
233688754
233775767
233837168
233860842
233928911
234102976
234326354
234402608
234492407
234530823
234703821
234743258
235019362
235056518
235059070
235115547
235168220
235386785
235622275
235903580
235925409
236395228
236414387
236440134
236536182
236714690
236788648
236963284
236992841
237088796
237094111
237306018
237799224
237899358
237928972
237963912
237970008
238033517
238086822
238089381
238097418
238144280
238254932
238361935
238406406
238477208
238553147
238624714
238757734
238843312
238902533
238955245
238987751
239356649
239385207
239581530
239618397
239638415
239691811
239701514
239731755
239856342
240097237
240159105
240252209
240299489
240443610
240444792
240473926
240476424
240593788
240638909
240660945
240670710
240921624
241064066
241621722
241644985
241700416
241743267
241940149
241992104
242091748
242164444
242210559
242268679
242277889
242528480
242687295
242736731
242792233
242806680
242815632
243063324
243262058
243424756
243478478
243555736
243845127
244050062
244052487
244403220
244502513
244740751
244871005
244945293
244973611
245080704
245092199
245433957
245480816
245491986
245513092
245605052
245681923
245736422
246038508
246064154
246159097
246186167
246275094
246279427
246582295
246764747
246797071
246906673
247002585
247110424
247175198
247193975
247254966
247488776
247492126
247496626
247509230
247511797
247544295
247557742
247558005
247693287
247903885
248025512
248046061
248078828
248153055
248200034
248254548
248367695
248450628
248458115
248656621
248895443
248943385
249171889
249178127
249192385
249610380
249696272
249771358
249846531
249874699
250024628
250082870
250284086
250289285
250438952
250485030
250511226
250632938
250829444
250860687
250910131
251431744
251456477
251686020
251695156
251717226
251719757
251916319
251925126
252197273
252209332
252422092
252497851
252612870
252839748
252890745
253118050
253118980
253297666
253493289
253557021
253830484
253959905
253982413
254043460
254186927
254207400
254225748
254274961
254307859
254341502
254719487
254734378
254820397
254873306
254944317
254999454
255001604
255207793
255211683
255551603
255611905
255662053
255759320
255762884
255766360
255782957
255844158
255883891
255891300
256268274
256283836
256362719
256418264
256457935
256466624
256474936
256515646
256585311
256621427
256636892
256655797
256668079
256729767
256749314
256828086
256928927
256931941
257004380
257013839
257019269
257037074
257053012
257064354
257198977
257270984
257394428
257538927
257583402
257626503
257771497
257936848
257969919
258054902
258068151
258166078
258220389
258416173
258591599
258602227
258729116
258729817
258751670
258961726
258966923
259032564
259468291
259709787
259775988
259809465
260089904
260113776
260118148
260199104
260224562
260227393
260312695
260505391
260618038
260740709
261106058
261180657
261290305
261309680
261432506
261512283
261766729
261791483
261950868
261989217
262479300
262687346
262711727
262865460
263014182
263067810
263125247
263242437
263365017
263831583
263871245
263982082
264062408
264331138
264954090
264991178
265071511
265271906
265276593
265299060
265438305
265463935
265595215
265623502
265631039
265750561
265921236
265949618
266010843
266075964
266094896
266113878
266152567
266153372
266275729
266542788
266668854
266704096
267025977
267338610
267411731
267422835
267462818
267557568
267722526
267728091
267806613
268032830
268088824
268326952
268384863
268443502
268458684
268474979
268595816
268768884
268910758
268986822
269130336
269162907
269211167
269269799
269535800
269880061
270033837
270046536
270216720
270274461
270454807
270611065
270754704
271220290
271292717
271350860
271425721
271581021
271729182
271787429
271921437
272014568
272126993
272157842
272287453
272299853
272353968
272480497
272552351
272602620
272758332
272763174
272890420
272946185
273189950
273212124
273365682
273488528
273598886
273615451
273818940
273979830
274306429
274358596
274457745
274504388
274591710
274904429
274987826
275015685
275670067
275726049
275932105
276185911
276381844
276682887
276702607
276704466
276755876
276801523
276822563
277142116
277200552
277287185
277323296
277601263
277640603
277762915
277917773
277919245
277928218
277958172
278006354
278008221
278141472
278198406
278205139
278266696
278290210
278423181
278556111
278589454
278621811
278751980
278798523
278886707
278900771
278949645
279046909
279087653
279141483
279175160
279189258
279305608
279584003
279598586
279854014
280103025
280234473
280257896
280284819
280311499
280722795
280774364
280818968
280906515
280915942
281106584
281162659
281166702
281209590
281496084
281635228
281739926
281786353
281843436
282008538
282104539
282227223
282229427
282258742
282307992
282328437
282367623
282375481
282452081
282552000
282610392
282611014
282636281
282650920
282665848
282686376
282852871
282888281
283078295
283079320
283307022
283413262
283456129
283596516
283610407
283827446
283911761
283916285
283935781
284267454
284334035
284336406
284417743
284504326
284661539
284962591
285085980
285238109
285281459
285345689
285410744
285427618
285443846
285501582
285898458
285975881
285978769
286125195
286246278
286265395
286305908
286543766
286552684
286755634
286967203
287062011
287188276
287294292
287452605
288028742
288139458
288304466
288443519
288478344
288615044
288841220
289005596
289209005
289245734
289257304
289318466
289353098
289364554
289574098
289704579
289843856
289880901
290013823
290103399
290219338
290231354
290329012
290541496
290865603
291188744
291220398
291220918
291387405
291403394
291760997
291882339
291925721
292125938
292494070
292501464
292693781
293112249
293147994
293248555
293283821
293569771
293570879
293653333
293654984
294166275
294197656
294246812
294329244
294441323
294540622
294587926
294595215
294659662
294670903
294675217
295023056
295053554
295086238
295239339
295277320
295372160
295390455
295797038
295799674
295844845
295943704
295981603
296069981
296130018
296160420
296351827
296427688
296561211
296754755
296758756
297056881
297176080
297245696
297301165
297314636
297528322
297615840
297691174
297829357
297989673
298145674
298342826
298403537
298411732
298537233
298637768
298959811
298966304
299112891
299155866
299254692
299256855
299270482
299348330
299676658
299721932
299799251
299807089
299817503
299862520
299894202
300040439
300103813
300259836
300453615
300476062
300495858
300549240
300609648
300743506
300791970
300840941
301118501
301166860
301417655
301451508
301585459
301931375
301933194
302045145
302188535
302194119
302284913
302330121
302521370
302605127
302853806
303048408
303081045
303115159
303154328
303455558
303502781
303506960
303508392
303549581
303587740
303654572
303969565
304087682
304100040
304403932
304453025
304758514
304805364
304879609
304924238
304982517
305155910
305204270
305288231
305294825
305313674
305449917
305926108
306106189
306181812
306268544
306402417
306408489
306432279
306470448
306607123
306650860
306698196
306721596
306773422
306900619
306978146
307351181
307448015
307936115
307978085
308010829
308101681
308261668
308382982
308511273
308690505
308993289
309130709
309163772
309319677
309425414
309627584
309711131
309865678
309903795
309949351
310156641
310388429
310433331
310890762
311027637
311257497
311352455
311575854
311717116
312031035
312229213
312319551
312385926
312452275
312553435
312707747
312776647
312876540
312921058
312980420
313067378
313177813
313434693
313453211
313565031
313601099
313781100
313835813
314038596
314279651
314456856
314497655
314514032
314649029
314875229
314947875
315038035
315143268
315330197
315400391
315441683
315483684
315639810
315734909
315738499
315808974
315942219
315963887
316053689
316514209
316553783
316943586
316967613
317485416
317487374
317642190
317659987
317760041
317885470
318011136
318047284
318096033
318096606
318171333
318172993
318428025
318503845
318572095
318577225
318727705
319152436
319311391
319386747
319490116
319521341
319542558
319587928
319596223
319650850
319662310
319784064
319992929
320138632
320161894
320226422
320522134
320588773
320592476
320677177
320721474
320727257
320749255
320933034
321045985
321081129
321233577
321235300
321251747
321366375
321423149
321473482
321504034
321551821
321665528
321682087
322309620
322345780
322415701
322527464
322853281
322971249
323063709
323215847
323220709
323261809
323446249
323458307
323579057
323734848
323880291
323986999
324120078
324219485
324598495
324731231
324797219
324896941
324905620
324919138
324975586
325241315
325287184
325491142
325649757
325659868
325821845
325958646
325961849
325980696
325990045
326039672
326236568
326313024
326559614
326720087
326746488
326799493
326922077
327132581
327445216
327461731
327525151
327668183
327798749
327835780
327889312
327950156
328017807
328065158
328165309
328176534
328269146
328490392
328693416
328776947
329232971
329233186
329338619
329390140
329965248
330005888
330057664
330070847
330088754
330107271
330149942
330179129
330182255
330472788
330555918
331106768
331227358
331288118
331384579
331399800
331411050
331662691
331707954
331760430
331891264
331956115
332176837
332227944
332232779
332287793
332321819
332335488
332606337
332654988
332770127
332835025
332888304
333017008
333193133
333271333
333282556
333574959
333584998
333648514
333696538
333761858
333873294
334103317
334185096
334294403
334415767
334503229
334723505
334981172
335083888
335141210
335217631
335308222
335590047
335794945
336060255
336217471
336379779
336572967
336617380
336641512
336784161
337033671
337332387
337410248
337416052
337509245
337681524
337686883
337720095
337731677
337777213
337863355
337866882
337911331
338032271
338072278
338101479
338162879
338216522
338230300
338417671
338628352
338951379
338978746
339013173
339476889
339485677
339526505
339577919
339617075
339691633
339701150
339862533
339952128
340145004
340225066
340246881
340507396
340587413
340587994
340592394
340635756
340679416
340883134
340995528
341284189
341407277
341471539
341712119
342064090
342294265
342363529
342630873
342805391
342905334
343012016
343144975
343228991
343435630
343609791
343718163
343733843
343818200
343875359
343908178
343919825
343923137
343928693
344128037
344271210
344377569
344399726
344408286
344574759
344595415
344623021
344721264
344876916
344969417
345029162
345075705
345135001
345178148
345199703
345287548
345413179
345477216
345683607
345689478
345838861
345894196
345921227
345965639
345975519
346312575
346316984
346415424
346450618
346865656
346873358
347092714
347099857
347453606
347520368
347602019
347607285
347643723
347808866
347847453
347930868
347972334
348142302
348290015
348359155
348717603
348881030
349789094
349797014
349824854
349899907
350073750
350103682
350173229
350404551
350451420
350569675
350652962
350678413
350738019
350883450
350972310
351041374
351070413
351125568
351205190
351406056
351490837
351719480
351741907
351772387
351882263
351886709
351945795
351987622
351999070
352093685
352100422
352334771
352439825
352448015
352675545
352753303
352854521
352904124
353075903
353250688
353288311
353338094
353514136
353574446
353696534
353748753
353785551
353918684
354350548
354354699
354641054
354649634
355013506
355102699
355103817
355626252
355712713
355751319
355917006
355934964
356201369
356249170
356251485
356305787
356543506
356584332
356817480
356882688
357068736
357077383
357138183
357304480
357406667
357406813
357690532
357720359
357945964
358014643
358085267
358129510
358209270
358226819
358308799
358467958
358504654
358925011
358940287
359028447
359112056
359113485
359462823
359639783
359651483
359712926
359810571
359880241
359880450
359890945
360114632
360133707
360337934
360414773
360580065
360603058
360621891
360658475
360684337
360709979
360811296
360971244
361011297
361016971
361042111
361156812
361248821
361375844
361451792
361539644
361588087
361627597
361779216
361781443
361871559
362112817
362303886
362604517
362692828
362768416
362774672
362821522
362930277
363074450
363553410
363569510
363584616
363607579
363687167
363707180
363728188
363885728
363925706
364246242
364431283
364440187
364479944
364585099
364664883
364839802
364922385
364945701
364968773
364983007
364992154
365097053
365186039
365338326
365412391
365560171
365562610
365665679
365868085
365875179
366099989
366495759
366622319
366624415
366685876
366789658
366818498
366927350
366997974
367341584
367449526
367529431
367610862
367796294
367850762
367915220
367981884
367986679
368100189
368267302
368375077
368392262
368414687
368521526
368522634
368704892
368917892
369118028
369185540
369292914
369483138
369687868
369747740
369819623
369893365
370071130
370090506
370267533
370327399
370372453
370372881
370436089
370570939
370713176
370761208
370779843
370979713
370979966
371096844
371158932
371222107
371259334
371461355
371600559
371629189
371634615
371936513
372305834
372377744
372487236
372863701
372932821
372983450
372998667
373064521
373113891
373120359
373166440
373190682
373279530
373401300
373415742
373777858
373929997
374059843
374089301
374140931
374172000
374176577
374192863
374289914
374565156
374759105
374776143
374805033
374905941
375271133
375281227
375520878
375546025
375549016
375641930
375725915
375729594
375738557
375820000
375832978
375914981
376021996
376108248
376115051
376195066
376349278
376467969
376486203
376561895
376631570
376710567
376874224
376881845
377180587
377192848
377206772
377320428
377411081
377923118
378067691
378201995
378224875
378331180
378421069
378554780
378557783
378770752
378820014
378874136
378897193
379000713
379025356
379052764
379169695
379249608
379439987
379475402
379511554
379655544
379755205
379896812
379958956
380153733
380191566
380318477
380544925
380729531
380774338
380853125
380894659
380936389
380954719
380955096
381014903
381058406
381078760
381133860
381478447
381534669
381724552
381810961
381868079
381965150
381979660
382210048
382310730
382397292
382535285
382548067
382566415
382642059
383006002
383100242
383143613
383281125
383352708
383416051
383440234
383526458
383644147
383757700
383789187
383860522
383896689
384058124
384224369
384285374
384286747
384439551
384444095
384518651
384534658
384632436
384681902
384695611
384928074
384947807
385205035
385232136
385779938
385848442
386121783
386140960
386185248
386338209
386372833
386459429
386478966
387191218
387288885
387300077
387412561
387647252
387756197
387823394
387866547
388119993
388177225
388193198
388206490
388354316
388442956
388496541
388554070
388632149
388653503
388667548
388691321
388817896
388841055
389011879
389054773
389244712
389321393
389580334
389894261
389985371
390052500
390067909
390188722
390301363
390320655
390584526
390692002
390786989
390859438
390881936
391029491
391147880
391213023
391231579
391249387
391290462
391479717
391566153
391980974
392010849
392091021
392102686
392209705
392224108
392319992
392371353
392595236
392737921
392818165
392867073
392924217
393254798
393262748
393303943
393325986
393511729
393572650
393741275
393830399
393905928
394038902
394084823
394094595
394383290
394690129
394690319
394848102
394941331
395179494
395368944
395548082
395561602
395614924
395658380
395881654
395960460
396026609
396160331
396266955
396419826
396527547
396540027
396631501
396860412
396941856
396970319
397176031
397244197
397259788
397519272
397560658
397708383
397802015
398116186
398404115
398439565
398544571
398569710
398697012
398749977
398935275
399146901
399286419
399552470
399777717
399779852
399787490
400268350
400441092
400536178
400625029
400716764
400727917
401021387
401107299
401193144
401367794
401412609
401536877
401590371
402058623
402079867
402300875
402649244
402777581
402971573
403066094
403264948
403290400
403363361
403617272
403688896
403937150
404006844
404210806
404472610
404565210
404610733
404612693
404626892
404652224
404746852
404854645
404970720
405036353
405321090
405411388
405413312
405502199
405508818
405814943
406025547
406263003
406283968
406296621
406403009
406494839
406620500
406744745
406823761
406876324
406991861
407386189
407502308
407537448
407608566
407633102
407791428
407833013
408038845
408101414
408482579
408555782
408616571
408854862
408863910
409022514
409067954
409068690
409091522
409156809
409385738
409668706
409768517
409881955
409942977
410020792
410064882
410278290
410339304
410674311
410687724
410786919
410918075
410968659
410992820
411036462
411468719
411531018
411549102
411633677
411675423
411757533
411786506
412106886
412191798
412236511
412266435
412316599
412383872
412438538
412492263
412717185
412883783
412936490
412946225
412955950
412968994
413057985
413059201
413062049
413298851
413339047
413388748
413390034
413528304
413535397
413605991
413674477
413682745
413782925
413784672
413800313
413816916
413862715
414056838
414081568
414095889
414120551
414175354
414286504
414725659
414876721
415099456
415333313
415333516
415512551
415614459
415639635
415748749
415787804
415887465
415952646
416165528
416266442
416301906
416399004
416403093
416419078
416428176
416438360
416642659
416800871
416894742
416907069
417265896
417431887
417589392
417827050
418055431
418101592
418106727
418180152
418262391
418327891
418648600
418808595
418814878
419001047
419192232
419302821
419317728
419461161
419462488
419506949
419526118
419745622
419746624
419824935
419841523
419936927
420205552
420209757
420209843
420235576
420448901
420683634
420891440
421015158
421016385
421163437
421202954
421213571
421222532
421241514
421313692
421456535
421769019
421992427
422108210
422203754
422226998
422418361
422429108
422529229
422700357
422850038
422884796
422891481
422956435
422984384
423239625
423700204
423762083
423767794
423841845
423900285
423905098
423933897
423948505
423972604
424086727
424101285
424180920
424203854
424495934
424567954
424670118
424679982
424774169
424878135
424960779
424976308
425015234
425017215
425085716
425086288
425196214
425447433
425469175
425471453
425719793
425953018
425974696
426025159
426164091
426205678
426493897
426573742
426604153
426917266
426974576
427165248
427211442
427244816
427280091
427304975
427429464
427604034
427812951
427848682
427892210
427933522
427999464
428048945
428172493
428183396
428200198
428204819
428243920
428273361
428286635
428314501
428517829
428649858
428874232
428911991
429053826
429124182
429147220
429201564
429214203
429248546
429279499
429461159
429752719
429800110
429854982
429940320
429953387
430007256
430103702
430140160
430151942
430312515
430544207
430703683
430824995
430935839
431018248
431021150
431089771
431090303
431204470
431243862
431356734
431375177
431402987
431443266
431537909
431771144
431807266
431907689
431916671
432088412
432184040
432289627
432291612
432295345
432449203
432465383
432487630
432535628
433191596
433228212
433323868
433428045
433509441
433652191
433730598
433824806
433889522
433972928
434052932
434097224
434131381
434225581
434242215
434249715
434363704
434493374
434579740
434622578
434636150
434745937
434804440
434979560
435058055
435149271
435220711
435246639
435434562
435454979
435513285
435547601
435557397
435787477
435830430
435858809
436133362
436163920
436242686
436440035
436473869
436517684
436808629
436955023
437086422
437360232
437423238
437424704
437625097
437673093
437773666
437788254
437860762
437991869
438097311
438230032
438445006
438648016
438661409
438666059
438669716
438829245
438852324
438923239
438974743
439116809
439207671
439476767
439477096
439480603
439592957
439674637
439778693
440028509
440046233
440264235
440389632
440590669
440619485
440630064
440753955
440827473
440872989
440928380
441278335
441298051
441327422
441471621
441507747
441537477
441614417
441635314
441684129
441818072
442005893
442131283
442151038
442159790
442241947
442354240
442477261
442499959
442582110
442639134
442655768
442688512
442689762
442814473
442924278
442930811
443086334
443163616
443185223
443205552
443254289
443617183
443687184
444070061
444111155
444123953
444155901
444181084
444381298
444480234
444519856
444532046
444637986
444730590
445106260
445317661
445372482
445419214
445498541
445507820
445523916
445590366
445790890
445827113
445855189
445932371
445983816
446101163
446167660
446397771
446522844
446566994
446570028
446622588
446642308
446645818
446683250
446795769
447098839
447116081
447284472
447393094
447453291
447929802
448104307
448148858
448174665
448272157
448363929
448432935
448494868
448498298
448528509
448610489
448632981
448806498
448831584
448842551
449047132
449201887
449401420
449451078
449470310
449536229
449675705
449759185
449930304
449960025
449990336
450049647
450233091
450306476
450644215
450685797
450754346
450972583
450980376
451027864
451099015
451327458
451342238
451363710
451369825
451702313
451790424
451804558
451858100
452002179
452011761
452254482
452321126
452404220
452424063
452521068
452642514
452658805
452695313
452769279
452847338
452871167
452968665
453139276
453298594
453303885
453357715
453408143
453475842
453511891
453568054
453781911
453803244
453870729
453876892
453913711
453997744
454009530
454185632
454236964
454335130
454379752
454470613
454511161
454562585
454565615
454748958
454833847
454922699
455199323
455467032
455491798
456082374
456102673
456106102
456336171
456610442
456617807
456618019
456766161
456853913
457021121
457033701
457106976
457107995
457145650
457153261
457161971
457241090
457354779
457410580
457635658
457663493
457863452
457963449
458026887
458039480
458225933
458309621
458338783
458527802
458598148
458665118
458773694
458879347
458879664
458966202
458971501
459034945
459105629
459296032
459553799
459718792
459952271
460149700
460384843
460448109
460757290
460829640
460867407
461196915
461669654
461710143
461777394
461801735
461813107
461979856
462346395
462484265
462674821
463085872
463105958
463183070
463258135
463353281
463360886
463376452
463390943
463513947
463575883
463578234
463605120
463759767
463827183
464034077
464124610
464370577
464400201
464542070
464549727
464672692
464804974
464941712
465187346
465312050
465324494
465429793
465439697
465551413
465646988
465790752
465797494
465933885
465957401
466008717
466049031
466079931
466101307
466101366
466187964
466290851
466293770
466313918
466509264
466546861
466701796
466710242
466712904
466823733
466897768
466970589
466973847
467236263
467466760
467631633
467776303
467979360
468053359
468344814
468509278
468576943
468736321
468783644
468859589
469026431
469339702
469448290
469646670
469707363
469753247
469795269
469917580
470184488
470411222
470436296
470476983
470520904
470588016
470714702
470740177
471054757
471055351
471107739
471169014
471272765
471399934
471409441
471581795
471668056
471765771
472048466
472223300
472302843
472471490
472479411
472642858
472717906
472868013
472923531
473102094
473295303
473508970
473580403
473643431
473702353
473806684
473846164
473858988
474035136
474060566
474157090
474273346
474322546
474579273
474657167
474687381
474939803
475003208
475207587
475278909
475687548
475783902
475864872
475971575
476045032
476116554
476128836
476197081
476233609
476407332
476496878
476517353
476608199
476705555
476733428
476779896
476782285
476899286
477100705
477266663
477274963
477390868
477554107
478144457
478167500
478307085
478337249
478746415
478869798
478891362
478963413
478982268
479217666
479264531
479334553
479636785
479834392
479877061
480023033
480067195
480197624
480229796
480357278
480660090
480681176
480892003
481013821
481014662
481019561
481051164
481322020
481528291
481589653
481601937
481709126
481767293
481805666
481861511
482024081
482038488
482041874
482343576
482448301
482821694
483032507
483206588
483350890
483906979
483928420
483985214
484017796
484022823
484036851
484068265
484259379
484698664
484866545
484991174
485243159
485343489
485499776
485527379
485638234
485652950
485724867
485936650
486274375
486525678
486526103
486558582
486801180
486839627
486857030
486865594
486939998
486973355
487112473
487238033
487245294
487446716
487552119
487658750
487742104
487760463
487843590
487925223
488041398
488185332
488305580
488310353
488337031
488400856
488442816
488486446
488521208
488604852
488607562
488640243
488650506
488742991
488822691
488855985
488974082
489381427
489435697
489463578
489478663
489722947
489724867
489760170
489834398
489966119
489992101
490281649
490368569
490437681
490458796
490586517
490603673
490654335
490678778
490785534
490930009
490980071
490990631
491088761
491265609
491279140
491297812
491327573
491349211
491451561
491528878
491616177
491629973
491664895
491948869
491995079
492341706
492403689
492554812
492833678
492836425
492901151
492934425
493122338
493288069
493373653
493479281
493955905
494044272
494065406
494185201
494268852
494342702
494377307
494405263
494431403
494573177
494647205
494669586
494723247
494879690
494945049
494991615
494994979
495166803
495170486
495243210
495288888
495351916
495484840
495576912
495630075
495712903
495773353
495810524
496257112
496288740
496540262
496547765
496703777
496713836
496726149
496802209
496813910
496853044
496967873
497289293
497334302
497372606
497415112
497444466
497595503
497960135
498247596
498350358
498387132
498408232
498494540
498542386
498743961
498806185
498958257
499044271
499112617
499190780
499276677
499479621
499608195
499623160
499858234
499930217
500019115
500173180
500266682
500380213
500432871
500586399
500614198
500659291
500770286
500878819
500916423
501114097
501127694
501161859
501261515
501546336
501682299
501725844
501836889
501861785
501899467
502013891
502096084
502212273
502264374
502308833
502339303
502347057
502450498
502547981
502562954
502642434
502863540
503141137
503338136
503371521
503654545
503758618
503778557
503787977
503946791
504147800
504576082
504588063
504717258
504804461
504829667
504915555
504939193
504951752
505050749
505080576
505173897
505227958
505366177
505574686
505617933
505685982
505836129
506015829
506052906
506181080
506239143
506254938
506351679
506541678
506543862
506553000
506577865
506631080
506682371
506737824
506889404
507032284
507210889
507293374
507296789
507842578
507857905
507994145
508075604
508130383
508212498
508343942
508394558
508406971
508497010
508674573
508708488
508890266
509114042
509155639
509213723
509483706
509560969
509718936
509842703
509899751
509900760
510007175
510057790
510117771
510572911
510595443
510758141
510785535
510959505
511269639
511393440
511468932
511580095
511707894
511827283
511951480
512129237
512172178
512264090
512457094
512498103
512617805
512629587
512797432
512974424
512989511
513212327
513235506
513423011
513455812
513703190
513786190
513901717
513938266
514053215
514388821
514446424
514465893
514470126
514661509
514678284
514688806
514732150
514732329
514775719
514867747
515163041
515203656
515325691
515358988
515421976
515657676
515718748
515729137
515833831
516029304
516099204
516127842
516486668
516500951
516553892
516743516
516865475
517046905
517261713
517272571
517281665
517510120
517729972
517739666
517753185
517910344
518005031
518064593
518070763
518202619
518274931
518312360
518472361
518498833
518537402
518555096
518581633
518664236
518713631
518745010
518745068
518773611
518789291
519011585
519057738
519268282
519336707
519340328
519343812
519411265
519560156
519665689
519665747
519721937
519925111
519990862
520162481
520164923
520224339
520439849
520522250
520606267
520675938
520689958
520847092
520956783
521047053
521144639
521165041
521561888
521646134
522043001
522316198
522386137
522527594
522857983
522969337
523066033
523128604
523267632
523292789
523390564
523580104
523598261
523634737
523808256
524044936
524196885
524202840
524352457
524391652
524504971
524549388
524729319
524829706
524874053
525037164
525053605
525086314
525255071
525283222
525284301
525478959
525484638
525575109
525587115
525793056
525810014
525871795
525916940
526024680
526186263
526293368
526352024
526386058
526419731
526541693
526576820
526979894
527052074
527085657
527090909
527156902
527328859
527347739
527408658
527444318
527453825
527476256
527769549
527879328
527942629
528015789
528079102
528109882
528116224
528141809
528196565
528207228
528376910
528433747
528611766
528629205
528678125
528950179
528950844
528962988
529198772
529359207
529382809
529674703
529725869
529777568
529814102
529906589
529944865
530024151
530025591
530098631
530146012
530210654
530403646
530554768
530929612
531238729
531400029
531532309
531558721
531708468
531731781
531762542
531871053
531947429
532014254
532219706
532266182
532327638
532329622
532536139
532621786
532699641
532849198
532928091
533112824
533147321
533220809
533276361
533278054
533299385
533358016
533441890
533637980
533705211
533808092
534020115
534049619
534073120
534113795
534302895
534312795
534325501
534421006
534492749
534585780
534592085
534619790
534642308
534695998
534822665
535164985
535173084
535209310
535211093
535240654
535298305
535311552
535431271
535622915
535629644
535836786
536029887
536034265
536046598
536160900
536292079
536395846
536405798
536463073
536662609
536832102
536962043
537007387
537187136
537266828
537339492
537372353
537515773
537643850
537688125
537924098
537962419
538028627
538056959
538057620
538117645
538569565
538581450
538680893
538797330
538798612
538802907
538969555
538992254
539088162
539089249
539145030
539288297
539500753
539593426
539706433
539741840
539753269
539759235
539782829
540110388
540184038
540582570
540679741
540757953
540818725
540826433
540949170
540963747
541269525
541309063
541602679
541878690
541913764
541941549
541965519
542012855
542192637
542377240
542974088
543012689
543030534
543038869
543092408
543139698
543411946
543631053
543651177
543802380
543890456
543989318
544069789
544243547
544323541
544380032
544450779
544500885
544554476
544623152
544825042
544993869
545167457
545370541
545378484
545438003
545527933
545819545
546080083
546240960
546387625
546423817
546649193
546681797
546773097
546864187
546989836
546992397
547011388
547032957
547192265
547262953
547324008
547445340
547490151
547566605
547646506
547773939
547822620
548044402
548142550
548176696
548296014
548392987
548591798
548730605
548778020
548897896
548941837
549116303
549236361
549801039
549847698
549986402
550064094
550152465
550156117
550372288
550556779
550609259
550666178
550838884
550852727
550911941
550979957
551091568
551102239
551215209
551252454
551355174
551385992
551518796
551538230
551687207
551727389
551862823
551899594
551914086
552227081
552448480
552478695
552531775
552580108
552657975
552686149
553059156
553061793
553066389
553073220
553158719
553238190
553311495
553430685
553473021
553482187
553486628
553561719
553741251
553783141
553803675
553919693
553936446
554004787
554037463
554109595
554208790
554292630
554532700
554659876
554665233
554677595
554678587
554748582
554846390
555022323
555052224
555119205
555238466
555268687
555290102
555473319
555633324
555909439
555944773
556021589
556074281
556076582
556142770
556258855
556407952
556941267
556987586
557239402
557248724
557492421
557541325
557571479
557607485
557621853
557792595
557798457
557843043
557963804
558065568
558148806
558478238
558531737
558803043
558857481
558992366
559193131
559206844
559219254
559265387
559357818
559433782
559456399
559466390
559508242
559781609
559811464
559814166
559816201
559896885
559901340
559910326
559921992
560009058
560053145
560054872
560202409
560515508
560691378
560718328
561144896
561222604
561329276
561347801
561385582
561421599
561500200
561669102
561669583
562213893
562253582
562430900
562470878
562542639
562590522
562597440
563209066
563254731
563419001
563455371
563548756
563582680
563705116
563734298
563762259
563780988
563785955
563928661
563935882
563989230
564064984
564407053
564459729
564595002
564743031
565109633
565147751
565210242
565310683
565323455
565360705
565374309
565397284
565590141
565622690
565676690
565753388
565823450
565970629
566004381
566032813
566165016
566201497
566468601
566564520
566691790
566975300
567040890
567051330
567084832
567189693
567271329
567281661
567436487
567668697
567733388
567752346
567831279
568045970
568343613
568669952
569013159
569043416
569178405
569185878
569229334
569300983
569671716
569923525
570008192
570060024
570180271
570197722
570416016
570436686
570608640
570671823
571103552
571153257
571219367
571391622
571540393
571599365
571726877
571793444
571809184
571941016
571957175
571984616
572190039
572225377
572228297
572343224
572634001
572825013
572881379
572928885
573183982
573458909
573608906
573963992
574055657
574076852
574321932
574363846
574443786
574797274
574878540
575081792
575219115
575991412
576115774
576132139
576217308
576282566
576285610
576323543
576463511
576472046
576500792
576585742
576590316
576621413
576825533
576952071
577007399
577246633
577332518
577363489
577365000
577386357
577399116
577750034
577846214
577856382
577992627
578166753
578253838
578261616
578278289
578281085
578335305
578476636
578547671
578593639
578809010
578949353
579105931
579211907
579428001
579436760
579437189
579681204
579832807
580003506
580146539
580178485
580388101
580406060
580474628
580540239
580609357
580626214
580638156
580660853
580902963
581009098
581085751
581212868
581357250
581602244
581643835
581684056
581692460
581708638
581764876
581811961
582003942
582007412
582119588
582135930
582220991
582229526
582306983
582362146
582438782
582489064
582492017
582628935
582874276
582890037
583141729
583235019
583250483
583726771
583770437
583908954
583927461
584215696
584354945
584391532
584411203
584421928
584498498
584628627
584676655
584700769
584756822
584809197
584871012
584925356
585358048
585381072
585481994
585494947
585672083
585681682
585786476
585827748
585920276
585952286
586021920
586080163
586229613
586300773
586306809
586403701
586446543
586688439
586716221
586737297
586823475
586834608
586910118
586952730
587004091
587057937
587097384
587114356
587304613
587326614
587392713
587525830
587581274
587595785
587733416
587813568
587820588
587897389
588033621
588042920
588145403
588169632
588252753
588331027
588409406
588908541
588952518
588956297
589034693
589337866
589365473
589406545
589407077
589421645
589753948
589813072
589876435
590020324
590164333
590290724
590330180
590342627
590389990
590504064
590521004
590553163
590721949
590795315
590877611
590992459
591026972
591406450
591462815
591487728
591506241
591678558
591731654
591806445
592059990
592135391
592144739
592148616
592207713
592344865
592437778
592460719
592594681
592652817
592760304
592839867
592917024
592945462
593026245
593072282
593102098
593206259
593271386
593366053
593462400
593466402
593488087
593609513
593824725
593859224
593898501
593910321
594116149
594171605
594259081
594308320
594529771
594545552
594547022
594700870
594708440
594788075
595055450
595230143
595332239
595378957
595856165
596077437
596183674
596209962
596250926
596297191
596435613
596674771
596710071
596832191
597414203
597479040
597546431
597663869
597693023
597766912
597786035
598039931
598138200
598196116
598238864
598311877
598387788
598610971
598687147
599268160
599283124
599474601
599525332
599850615
599892408
599916180
600136495
600347234
600466427
600618078
600666994
600782230
600801457
600843845
600896787
600913431
600913716
601100396
601108112
601132854
601246261
601270227
601377214
601434892
601634663
601654363
601777538
601808991
601845445
601902299
601980502
602079598
602158365
602179548
602275485
602327369
602398411
602432105
602475153
602505195
602546500
602625435
602636652
602664353
602696525
602706211
602784932
602943269
602958080
603166891
603206221
603229950
603282839
603287713
603506853
603626686
603851841
603930476
603979203
604198044
604249159
604271338
604273016
604530609
604611881
604625289
604653251
604682586
604719998
604872210
604986781
605085370
605258040
605258900
605292301
605393135
605429520
605801386
605872688
606104510
606129219
606132923
606191134
606509306
606597669
606988388
607077920
607113227
607181225
607290062
607792780
607843987
607928723
607998460
608024293
608078829
608116269
608334780
608391471
608496704
608545499
608630864
608655619
608674403
608714206
608791947
608882286
608994195
609040246
609130898
609251821
609371736
609446148
609640740
609733165
610009251
610019087
610059043
610091807
610186987
610245638
610339981
610517925
610565798
610996139
611102917
611109559
611137560
611139309
611190392
611238762
611301793
611526868
611576007
611748679
611828883
611839749
611865780
611898689
611952337
611953069
612219290
612274160
612388943
612515086
612527577
612529289
612589507
612664453
612667660
612687203
612756578
612781413
612828204
612840299
612846517
612848193
612865102
612909944
613161675
613273143
613346385
613361002
613787326
613822057
613869365
614029469
614434437
614742666
614909212
614962696
615028267
615139795
615227430
615273151
615552032
615598250
615671823
615696490
615719658
615738340
615752238
615773822
615818162
615875295
615879968
615887816
615963550
615990501
616132863
616145850
616509369
616640548
616809430
616814755
616831235
616884947
616997733
617016516
617040954
617109211
617320659
617389711
617499562
617564278
617751504
617815305
617990449
618037367
618108616
618110334
618195156
618229094
618232722
618310654
618438841
618461180
618488703
618724556
618730556
618782879
618821649
618893143
618913170
618933406
619024541
619032255
619130238
619147740
619186399
619190770
619338980
619351305
619427593
619547903
619592098
619666433
619676379
619729161
619758603
619837752
619910595
620145878
620174013
620190349
620438896
621019436
621072730
621218625
621306006
621355161
621375038
621391553
621627943
621639878
621887494
622098312
622360329
622429774
622492154
622536267
622541350
622611132
622632962
622764114
622803655
623015203
623022095
623049148
623101474
623132742
623326153
623363313
623472853
623490742
623513639
623587310
623610264
623614520
623634154
623680992
623874537
623946396
624055996
624085009
624289456
624307633
624333884
624345352
624356928
624407487
624508563
624592400
624624285
624645086
624697169
624889608
624948783
625083189
625091997
625115924
625145404
625160860
625191509
625204412
625241864
625243668
625342937
625527442
625830573
625832853
625854103
625909656
625922894
625958280
626035587
626101289
626110839
626434525
626491018
626504820
626573748
626680212
626748851
626861398
626911978
626948441
627005617
627141625
627164607
627181903
627260549
627267175
627514191
627551814
627692281
627716190
627766177
627842682
628029547
628114459
628220043
628247443
628309354
628387254
628494782
628542776
628580461
628831706
628838269
628987824
629106089
629129098
629247396
629296155
629539321
629596788
629627595
629682725
629710066
629750010
629945308
629952440
630034020
630077918
630251571
630303113
630334510
630479737
630500295
630504835
630692023
630821053
630962593
631042132
631707393
631757626
631794749
632359436
632429625
632663747
632700913
632785052
632832909
632859385
633256142
633328280
633463823
633484833
633682905
633751895
633781343
634079691
634083950
634218078
634288472
634305289
634328645
634778763
635044905
635070566
635445117
635750658
635831569
635838937
635929610
635993917
635996191
636357023
636533644
636554901
636659990
636665601
636754787
636788766
636942721
636986822
637154410
637168577
637356725
637480706
637517361
637764497
637789381
637962133
638105902
638230675
638475471
638698407
638714619
638827308
638915150
638928974
639202408
639274874
639292536
639297791
639338695
639354026
639506932
639966096
640293802
640304979
640316945
640346797
640397445
640465405
640592633
640773268
640782468
640964615
641084604
641175941
641214837
641320870
641736689
641780110
641792751
641978359
642103465
642355677
642409370
642452093
642452886
642744337
642896178
642973450
643156939
643163163
643207474
643227360
643450544
643461015
643723829
643796353
643805313
643833100
643901952
644049256
644121010
644160137
644217572
644271374
644605437
644622698
644704242
644725489
644877121
645014631
645115798
645205243
645405313
645503634
645672238
645687292
646064256
646158631
646435175
646537968
646549095
646684099
646711992
646740508
646938816
646984105
647054484
647057259
647092642
647370296
647472544
647585779
647717294
647752499
648092563
648135777
648142408
648326484
648591867
648605820
648644655
648648178
648711973
648722310
648821086
648843222
648870788
648885226
648915581
648951042
649089451
649308219
649475148
649522987
649561380
649602280
649641550
649692285
649734487
649851494
650047348
650093260
650220102
650289820
650303755
650329926
650330269
650419611
650429285
650469843
650603364
650679707
650690677
650757476
650840875
650870096
650991450
651083846
651366679
651366994
651385880
651407653
651689740
651767807
651781491
651818191
652309942
652414479
652425481
652532625
652631461
652656731
652752913
652898789
653012584
653069192
653097595
653157256
653273169
653455900
653579086
653732954
653784899
653827986
653978838
653980691
654242540
654246939
654340672
654627030
654847130
654961230
655015828
655172122
655193495
655193909
655275807
655406126
655458807
655556434
655612843
655624565
655662525
655711206
655711862
655760438
655817203
655884811
655958116
656017561
656031830
656235582
656240467
656263355
656271626
656324411
656415535
656447897
656607896
656661311
656670815
656732476
656782017
656783175
656791946
657028386
657048117
657070031
657128040
657235457
657276080
657403808
657489295
657572040
657679355
657726384
657813561
657841703
657979296
658011969
658019486
658087592
658286382
658300350
658441887
658523463
658537996
658574318
658724995
658795354
659181393
659277934
659288715
659491265
659503487
659573585
659669674
659863227
659878671
660160705
660227956
660514545
660556839
660715969
660734306
660767070
660877984
660924473
660958885
661020620
661108853
661315495
661455474
661638678
661982871
661990769
662053151
662079314
662112551
662183550
662231931
662285024
662828394
662829507
662840894
662971724
662999673
663155512
663255816
663280831
663322433
663532362
663536875
663755262
663850543
663867141
663916021
664056485
664078394
664132702
664242914
664270039
664648651
664797496
664885038
665003934
665067613
665070006
665143772
665312118
665450118
665523674
665528303
665742598
665921646
665945172
665978041
666018065
666079128
666226533
666230101
666242656
666355434
666429552
666458668
666499997
666707323
666775970
666981067
667072738
667081747
667125509
667414949
667557144
667682982
667693185
667898902
667931794
668154320
668173554
668295439
668322571
668328787
668395841
668412816
668417636
668454282
668481428
668536778
668603656
668631509
668680794
668742186
668795933
668881325
669123319
669183397
669212255
669280325
669316235
669412701
669502285
669822643
670110730
670163701
670229309
670389902
670744572
670924806
671105786
671181490
671247414
671358877
671371106
671383722
671610600
671629031
671676088
672293681
672640916
672694268
672742304
672758229
672769372
672865024
672974701
672987513
673143366
673253449
673268040
673540223
673659821
673742689
673805633
673839970
673967197
674111423
674150948
674342533
674380808
674451215
674628216
674860808
674953690
675017509
675045964
675205322
675403295
675420300
675482354
675587969
675593484
675758524
675758975
675871104
675889268
675976716
676085662
676345581
676346445
676562284
676640866
676755425
676872914
676957344
677183190
677281794
677422899
677512821
677704806
677830756
677876431
677881772
678030098
678283535
678432362
678491109
678664797
678687634
678912582
678934643
679188342
679227404
679284174
679306558
679386915
679396288
679438058
679517928
679541969
679896015
679910388
679948744
679961050
680557398
680588274
680646154
680654688
680656627
680667834
680986778
680998954
681057813
681121777
681150351
681281804
681395846
681666052
681675112
681774329
681967775
682015633
682109534
682168013
682270952
682522019
682523398
682613165
682618384
682628295
682631791
682666754
682708819
682949732
683258864
683640669
683695876
683775242
683808484
683920955
684194382
684214391
684252867
684473363
684543911
684869830
685155428
685219922
685277014
685323132
685481184
685504433
685909393
685918128
685919979
685962118
685981885
686158380
686361638
686392446
686653559
686904265
687069700
687204066
687299673
687319007
687371280
687396185
687484415
687567120
687808059
687862883
687882668
687979237
688007523
688037121
688237337
688272429
688291524
688317589
688338736
688347753
688437822
688669362
688812637
688922866
688956800
689172429
689583447
689694707
689754914
689825305
689868696
689894964
689936058
690040742
690048479
690104452
690121742
690184215
690241077
690408519
690462818
690465682
690593334
690705840
690777715
690783108
690818045
691000151
691577907
691679598
691766445
692019788
692040615
692097266
692190298
692577040
692673994
692684855
692713689
692815226
693044154
693066918
693109492
693259003
693269593
693361206
693471615
693573377
693613609
693634214
693735449
693751008
693807984
694020433
694072241
694185435
694188758
694226338
694338417
694389043
694602470
694614160
694794953
694862332
694941500
694969207
695046376
695327380
695371541
695401194
695438609
695482431
695532120
695720731
695816428
695838631
695897371
695901727
695983878
696120134
696130982
696194019
696199017
696214094
696387143
696422677
696495826
696604890
696851361
696875460
697017287
697295018
697425166
697448896
697465653
697576124
697617585
697770489
697897428
697948938
698001612
698014090
698183973
698253674
698271165
698428378
698439394
698518230
698587897
698591254
698598481
698709642
698796111
698928084
699091214
699151814
699254589
699360683
699387895
699555941
699591322
699604587
699644356
699675884
699856504
699954787
700051902
700122729
700191142
700260049
700339655
700512098
700566923
700663281
700825267
700973072
700996416
701006244
701064420
701130834
701466257
701688633
701727283
701754526
701758528
701787880
701900153
701970701
702218083
702253530
702426069
702466067
702519642
702623890
702658929
702762468
702803639
702965524
702984230
702996775
703262291
703292354
703317143
703331666
703390645
703425934
703428776
703466319
703542007
703740038
703746387
703822339
703848664
703882211
703924754
703979487
703991325
704006971
704027732
704110728
704210250
704224129
704395857
704396709
704427256
704571492
704583574
704686118
704780590
704799192
704822021
704943285
704964193
705170036
705199701
705386658
705641009
705644867
705702053
705810951
705943381
705975336
706101137
706109263
706271241
706308770
706405413
706475717
706567063
706612296
706620309
706851597
706941378
706990944
707259866
707370500
707404680
707587973
707651874
707679950
707697041
707700450
707722207
707802486
708001436
708021233
708031497
708123458
708227526
708246699
708460928
708519449
708576061
708613643
709118946
709125844
709142991
709181131
709218733
709360516
709436572
709562005
709718110
709782705
709846161
709878097
710022446
710093834
710293608
710348337
710383285
710608492
710723978
710919579
710926852
710996203
711009015
711104502
711150242
711250484
711250867
711363948
711666758
711689018
711718367
711745257
711755805
711790741
712046902
712272295
712476143
712483350
712635316
712739569
712745868
712809899
712910699
712947529
713026832
713052879
713116849
713180564
713246597
713464049
713536338
713779282
713910149
714001623
714440140
714483777
714705787
714721896
714823173
714860841
714929568
715254585
715257817
715338040
715359549
715413296
715508088
715536069
715556832
715654630
715692140
715841386
716019164
716104918
716198055
716383833
716897352
717143188
717159249
717321549
717398278
717445208
717486946
717605978
717610926
717694190
717707843
717850126
717898595
718038340
718039258
718121852
718472559
718519059
718541431
718612313
718626961
718667181
718691832
718946859
719011340
719052405
719059874
719081228
719086309
719162480
719181284
719193867
719220932
719253039
719380846
719562728
719702326
719707118
719812154
719873370
719903021
719934911
720047957
720113712
720123337
720123763
720278690
720571160
720590291
720617331
720657328
720915509
721010650
721066177
721229640
721322856
721390629
721390657
721453165
721592189
721720002
721839215
722115260
722152287
722220269
722321570
722324542
722440631
722444058
722500287
722534363
722611708
722898076
723184570
723198711
723258395
723269224
723440010
723451606
723474109
723505871
723593246
723751482
723968077
723988019
724062480
724075738
724187265
724317853
724378310
724392382
724400141
724411233
724505311
724600056
724667919
724963872
725163666
725455580
725630208
725954570
725954858
726086353
726127293
726172052
726263840
726309338
726394511
726516132
726537485
726678944
726791847
726799129
727029274
727167215
727211615
727521290
727577454
727585028
727830448
727897050
728027637
728142456
728146162
728189207
728363774
728474607
728651324
728738787
728866542
728935804
729019985
729131821
729178314
729472907
729517467
729584441
729675993
729876849
730047036
730097658
730111810
730149689
730249994
730329899
730332569
730456786
730519082
731018596
731067099
731117079
731146838
731205600
731309572
731525473
731667283
731688245
732100451
732123952
732220445
732322788
732683538
732687998
732778268
732798706
733083469
733167953
733185639
733258578
733519798
733650430
733655303
733924068
734028587
734097656
734112852
734182649
734429125
734530300
734586481
734653447
734732286
734785441
734944396
735019323
735061967
735062745
735294523
735594908
735631142
735676532
735770060
735852915
735867299
735923422
735967316
736002042
736039118
736307850
736636960
736854591
736883750
736905370
736955321
737116738
737170869
737258173
737823497
737837230
737976001
738003589
738035137
738082456
738154052
738169720
738262847
738472071
738502977
738553582
738583723
738793248
739009804
739062576
739116200
739315554
739347750
739593850
739645259
739665410
739823376
739825654
739840622
739921230
739970447
739998712
740105350
740184515
740477449
740774940
740941058
740972003
741166314
741240974
741341465
741402864
741584320
741597991
741685602
741723135
741999547
742013069
742020201
742037197
742052224
742094371
742158426
742171499
742732773
742754773
742939178
743100866
743137549
743478580
743545063
743546917
743649801
743713969
743738052
743744774
743765899
744184752
744281330
744470245
744509647
744581445
744701454
744725035
744779281
744885825
744975281
745072321
745093839
745243113
745285552
745352710
745447056
745493511
745591291
745713366
745781487
745837067
745885165
745954601
746132399
746253288
746340076
746378369
746406777
746470640
746536595
746738878
747013155
747023000
747085579
747147825
747364978
747377106
747397463
747460728
747762147
747783250
747995480
748035730
748089512
748162809
748228627
748338109
748565270
748624516
748686837
748864492
748956846
748987401
748995428
749000433
749015993
749264964
749285294
749302231
749510977
749752795
749765529
749826401
749836725
749881975
749947011
749985245
750035169
750064825
750084888
750269947
750377610
750554115
750609976
750698713
751044375
751093424
751324656
751414415
751545887
751618735
751703876
751830222
752113141
752141243
752378216
752450046
752556618
752609958
752638241
752678948
752689464
752704302
752784403
752830181
752838991
753180315
753299181
753410759
753563692
753676129
753842188
753870790
753970338
754082621
754158834
754196279
754225376
754417814
754588463
754648363
754664721
754813999
754842149
755056279
755181496
755217517
755295062
755636145
755709144
755710894
755724863
755782336
755852278
756065901
756131191
756241504
756255893
756304234
756333588
756339773
756420930
756479244
756780950
756795889
756834673
756919506
756979731
757118276
757237788
757344519
757405600
757759997
757942302
758045366
758086082
758229032
758288826
758376898
758412443
758529870
758694285
758799006
758961241
759031545
759090287
759147009
759180253
759377059
759467596
759556782
759690866
759692009
759729835
759745212
759778706
759884853
759890529
759935854
759974456
760199606
760257721
760321380
760325071
760368807
760409433
760451690
760505959
760518939
760555607
760665312
760693289
760711505
760844470
761165256
761221342
761253260
761695900
761768494
761797357
761813126
761971921
761987542
762016329
762079624
762169849
762218562
762226267
762240110
762340573
762366369
762406850
762448174
762470427
762571013
762822465
762837352
762959301
763372213
763396640
763405363
763414706
763454726
763480987
763515649
763536910
763638503
763783803
763828817
763964750
764040445
764099503
764200685
764229257
764296428
764421836
764662402
764677624
764709336
764723998
764929242
765160372
765534907
765550753
765706535
766054195
766090157
766227986
766319112
766447612
766485806
766500311
766619770
766628642
766705035
766717561
766893146
766899597
766989478
767011607
767030312
767207258
767256218
767433361
767568340
767785290
767994268
768220728
768228219
768304316
768325099
768387258
768410435
768500142
768506555
768822686
768847565
768951290
768994203
769140284
769174588
769189314
769409147
769625960
769639934
769736711
769750851
770220746
770408661
770417136
770496230
770613672
770675695
770775566
770874934
771001560
771266342
771422374
771640595
771734278
771937794
772112118
772152042
772233040
772302990
772337542
772410703
772606604
772637888
772858240
773270001
773274982
773296759
773449593
773509084
773569423
773610643
773802156
774165005
774290508
774325086
774376021
774496698
774614964
774694411
774925891
774942524
774979142
775016623
775094498
775132234
775284038
775520156
775522399
775527298
775618166
775625125
775745477
775805163
775835290
775911981
775954560
775979718
776133980
776150932
776165680
776198535
776346461
776623065
776648927
776918881
776921575
777230619
777355767
777509657
777512555
777736566
777876603
777968591
778037402
778044612
778243294
778328637
778348433
778428542
778453253
778713223
779040044
779099111
779127164
779146855
779181826
779240973
779381392
779484318
779584483
779617093
779627187
779635791
779704673
779984740
780032902
780536032
780749651
780876140
780902576
780941870
780955589
780968202
781086799
781111390
781431058
781512380
781846087
781892733
781893250
781949620
781988827
782041214
782637772
782725732
782959822
782995979
783300274
783326577
783361797
783375413
783526657
783628475
783711080
784090779
784113052
784139802
784359114
784664380
784913834
785039375
785040189
785076709
785303694
785355295
785464750
785564954
785581399
785677552
785699800
785805563
785883743
785963475
785994580
786454794
786523821
786531212
786821798
786936217
787041625
787136309
787209665
787230986
787583932
787653753
787686600
787695016
787745870
787746765
787826555
787936424
787979511
788075668
788136242
788136653
788313688
788342087
788415308
788481103
788560301
788615020
788706492
788780205
788914176
788950399
789006372
789221175
789225896
789233627
789429673
789459757
789493263
789508822
789671599
789719575
789741767
789767792
789859212
789924455
790165105
790299642
790748141
790822637
790957990
791139033
791225725
791304891
791342668
791415903
791585583
791658491
791816721
791835230
791987651
792220133
792327546
792411439
792845833
792914893
792921427
792955101
793356077
793481045
793519947
793597068
793617673
793854985
794286383
794344210
794500549
794592430
794611881
794615980
794630905
794942222
795069434
795273741
795316842
795349744
795353843
795419341
795691168
795805323
795842741
795866147
795903560
795987803
796072046
796269590
796304612
796492168
796657272
796756482
796858826
796861604
796916860
797125663
797193238
797194397
797198395
797203249
797334296
797388175
797453252
797468391
797837517
797855245
797865909
798184142
798375691
798433637
798568470
798609011
798703669
798759960
798868324
798929210
798947261
799050503
799436659
799441072
799528369
799622184
799814502
799993521
800064183
800093972
800118489
800139325
800258645
800262588
800370521
800430596
800506533
800579620
800865715
801036060
801036847
801104821
801139711
801182833
801334642
801372215
801395488
801634588
801678902
801716628
802050190
802126907
802134933
802199064
802267408
802374462
802761640
802784967
803058493
803588194
803685115
803705193
803737048
803904026
804044600
804151307
804288914
804452447
804602428
804687939
804881896
804941735
804954151
804998787
805036562
805070009
805074270
805162067
805211688
805251234
805420105
805451705
805511502
805634379
805669407
805743298
805757358
805980549
806033096
806192861
806253451
806326366
806393686
806499816
806673027
806673987
806688481
806706489
806804011
806836203
807007451
807022608
807055269
807118858
807250981
807270747
807308639
807335391
807360379
807389086
807698871
807700977
807947133
808110789
808121025
808246843
808309525
808447989
808482331
808569693
808624573
808718579
808837297
809080400
809327950
809385377
809415932
809505314
809620101
809658650
809708532
809733212
809917545
809924078
810046558
810048288
810284784
810528622
810677833
810971317
811076525
811168977
811197566
811580752
811668099
811678258
811698154
811723168
811733123
811922740
812055088
812252211
812708014
812736580
812848753
813036092
813132838
813262506
813341284
813378443
813420695
813547293
813649929
813780354
813854589
813926085
813948648
814037523
814050482
814421305
814575894
814597053
814607849
814640812
814665624
814841829
814859992
814975316
815348818
815436307
815612809
815820985
815841030
815862006
815924684
815966716
815982559
816015467
816110445
816206900
816259812
816277176
816353503
816481470
816497241
816504448
816609295
816648911
816743563
816782100
816883828
816939748
816948538
817220707
817272564
817302524
817355905
817371265
817492662
817592624
817637572
817805781
817872007
818032762
818068478
818075275
818105466
818108548
818271770
818554837
818665812
818893546
818973669
819087425
819585131
819741577
819757358
819762684
819804619
819863808
819933714
819962509
820259087
820260999
820317194
820503768
820544241
820574152
820714519
820716841
820762676
820900566
820919436
820956780
820976412
821052672
821123299
821193857
821265259
821390531
821459346
821574579
821595322
821611883
821839228
822050779
822148775
822287185
822290799
822316991
822463601
822554834
822859564
823038936
823186735
823445449
823483814
823500308
823589539
823632923
823675895
823941357
824225478
824251054
824282938
824320217
824501295
824578719
824633752
824685708
824861154
824919878
824953873
824988868
825081178
825106002
825121987
825131366
825232172
825244150
825273356
825373855
825420686
825542397
825754187
825872644
825897084
826138270
826177621
826302331
826354167
826396849
826559900
826609150
826635249
826657553
826658024
826935708
827017802
827091390
827136439
827204207
827317262
827372943
827403190
827472924
827740347
827837795
827959090
828015801
828023422
828129510
828247074
828251564
828536078
829077641
829493831
829734581
829734929
829736265
829787084
829931063
829982245
830289752
830744533
830874457
830936610
831128240
831424808
831436729
831721798
831741069
831883453
831925252
832020270
832037510
832159019
832377246
832412043
832449803
832529779
832667714
832687347
832761507
832929813
833046019
833417707
833465654
833550747
833617465
833679418
833865549
833984043
834095229
834283246
834365618
834597261
834811291
835010574
835242237
835323454
835490446
835498462
835509731
835757213
835915514
835949450
836059767
836065196
836094733
836115736
836117260
836293354
836393220
836748117
836852129
836882065
836908713
836954751
837010090
837251160
837540190
837562359
837587339
837673086
837804638
837818630
837854263
837883625
838087566
838326639
838384018
838387443
838614214
838942432
839028235
839170427
839436926
839507952
839604688
839700255
839776510
839860913
840030904
840076473
840090573
840231525
840311816
840317459
840375836
840611307
840820553
840845924
840991857
841011866
841052957
841135587
841185928
841292471
841369888
841798073
841868386
841884756
841910421
842064229
842167977
842172541
842190958
842455501
842458556
842469264
842552162
842571719
842676303
842718007
842798126
843055539
843305039
843321354
843396926
843459287
843492386
843579226
843616769
843660666
843795162
844273983
844280411
844411558
844534697
844810458
844906251
844918368
845025343
845133862
845241111
845328778
845357223
845567581
845666828
845681997
845850245
845936208
845979314
846059405
846099060
846192348
846624501
846692974
846743455
846882360
846923410
846926461
846974014
846979528
847011314
847057755
847114490
847195448
847271531
847355905
847426695
847431691
847593460
847673993
848043607
848109799
848129279
848215898
848230632
848284216
848293406
848509699
848533130
848562466
849064197
849233552
849573204
849582830
849587681
849613775
849625245
849663355
849751390
849848058
849969520
849984248
850030187
850057055
850087393
850141286
850245540
850323395
850349165
850424935
850435336
851133746
851433904
851499589
851657972
851676567
851708168
851876554
852090433
852220189
852371552
852500021
852562721
852588434
852719186
852757068
852781817
852890679
852943146
853088497
853093189
853096509
853128385
853237472
853269447
853555375
853636069
853683173
853754659
854007711
854217883
854279540
854323324
854516023
854556188
854830537
855354758
855368564
855546072
855555668
855611338
855799262
855867379
855918764
855981751
856097196
856272652
856376085
856393385
856421417
856502450
856656661
856681636
856850114
856977142
857026812
857067031
857114032
857284104
857314918
857397937
857455114
857670800
857955871
857961477
857977805
858025753
858074065
858352371
858518418
858687442
858697413
858935123
858978882
859009082
859171793
859224988
859227191
859354690
859615351
859693529
859726802
859766582
859968823
860178346
860353467
860403261
860534390
860664896
860694855
860828552
861105398
861139377
861238619
861344416
861415425
861580055
861699831
861701686
862005912
862054894
862156126
862278079
862293601
862302811
862343013
862577549
862634771
862659214
862814086
862838949
862950674
863112746
863220512
863380486
863575228
863587020
863683121
863859367
863995918
864015192
864054432
864057739
864529801
864567269
864581107
864693305
864781795
864794694
864836748
864909156
864941588
864988941
865052366
865073699
865451213
865453394
865454356
865466239
865557000
865719378
865721504
865752257
865752835
865819949
865871748
866063115
866109768
866116422
866134180
866332491
866359244
866455447
866462805
866546113
866640531
866660578
866666890
866748472
866796890
866852955
866973883
867064493
867145848
867288397
867303760
867342540
867492214
867602253
867630447
867740864
867950441
868003306
868256808
868257228
868460815
868737234
868807430
868907754
869284799
869406818
869451275
869468329
869537042
869775925
869856524
869863535
869948242
869989140
870020113
870070365
870114578
871089380
871252085
871445949
871810330
871879907
871966653
871984652
871996213
872023761
872154517
872175274
872346934
872389492
872422635
872554251
872624829
872850186
873004728
873067216
873175959
873193582
873266387
873310246
873482695
873489952
873573123
873623340
873863028
874073266
874132852
874138231
874264313
874347757
874451129
874456525
874568900
874579569
874651982
874727322
874751294
874844285
874875889
874912778
875006320
875128603
875261398
875443628
875459393
875667761
875704405
875843189
875926356
875932185
876034809
876223978
876262760
876285161
876293859
876316121
876381502
876425878
876516049
876553216
876564480
876607264
876802948
876864840
877437596
877463771
877619841
877637298
877651280
877711576
878024392
878032075
878043842
878160310
878201041
878310328
878529757
878686032
878693211
878996093
879024056
879312014
879344441
879651572
879676805
880070402
880207081
880263654
880579322
880667696
880674613
880717184
880861071
880904168
880988001
881011653
881043393
881117496
881187847
881332521
881397716
881443031
881596976
881724031
882186858
882281361
882360099
882374582
882524130
882627472
882868180
883058718
883068865
883085480
883102426
883141300
883194068
883440498
883450931
883561225
883617463
883851853
884001404
884364704
884376348
884457564
884470369
884541666
884770864
884822255
884977805
885063484
885109429
885449461
885527888
885559242
885609305
885616432
885647498
885655589
885753791
885817189
885877123
886153898
886155723
886207295
886222070
886321394
886322345
886445378
886556952
886613035
886815035
886821531
886908248
886956263
887152238
887216348
887225523
887274594
887281956
887307937
887463516
887465501
887512315
887660418
887850727
887947329
888042427
888287283
888541199
888631271
888677601
888877004
888982585
889122648
889235105
889452141
889528371
889654127
889684085
889984348
890083523
890101043
890285195
890356588
890358860
890760007
890910790
890947279
891028096
891145006
891151267
891215392
891329984
891639183
891759269
891768256
892026974
892094273
892177722
892213589
892268494
892532287
892546462
892547936
892652173
892754492
892836948
892872592
892917959
892988506
893017438
893102440
893203564
893225015
893247952
893310615
893564493
893720866
893903355
894139300
894382585
894413576
894708814
895195401
895245994
895300306
895382200
895458464
895499964
895656810
895737692
895974003
896044273
896088551
896103031
896168472
896194319
896315002
896327027
896373418
896461005
896714810
896722270
896869162
896877984
896885305
897011167
897177530
897450702
897541158
897547811
897593326
897681511
897712811
898091359
898124312
898126062
898218297
898242325
898310773
898321090
898520545
898533520
898571611
898771568
898856342
898929814
899001471
899113123
899272167
899274260
899283409
899321378
899358619
899390714
899463892
899497714
899499081
899507424
899536524
899557128
899582395
899883438
900138021
900138554
900397535
900553800
900594757
900611163
900676919
900781310
900877293
900929950
900975637
900980927
901236571
901274687
901301525
901376249
901594692
901596600
901634541
901681046
901694942
901917185
902196451
902408968
902455254
902605251
902654846
902673820
902712683
902736194
902924729
903044340
903084795
903200122
903225158
903284613
903427934
903611186
903640504
903764010
903776135
903904111
903922637
904014282
904054761
904116507
904161521
904285482
904286189
904469930
904512011
904561671
904849040
904850741
904931934
904973452
905180854
905260064
905322402
905471447
905572947
905577194
905655930
905659852
905743304
905785390
905787563
905910739
905929675
906238011
906324221
906447097
906463410
906552866
906740170
906820481
907037037
907113442
907125372
907283243
907387481
907433922
907456940
907523316
907739613
907752494
907806884
907897850
907979232
908307501
908619555
908639019
908660998
908934365
909053994
909130820
909319238
909423544
909563780
909584380
909621698
909714945
909758818
909808429
909864730
909930348
909934336
910232788
910381344
910410968
910417429
910538431
910540039
910582757
910608020
910637794
910820188
910881291
910887369
911017724
911066638
911112049
911216503
911361349
911432068
911487755
911706602
911759836
911829094
911956857
912076392
912244134
912246806
912306238
912320937
912332021
912488643
912493256
912543235
912562777
912873274
913123068
913268667
913281486
913283356
913295733
913343032
913372340
913402963
913532800
913632493
913640064
913660828
913674941
913691497
913705588
913749941
913848696
913912927
913950451
914238072
914298433
914305742
914312686
914498940
914561306
914625270
914634772
914636271
914702333
914723994
914815200
914902531
914967913
914975806
915191094
915271151
915387028
915391479
915468432
915534846
915559581
915628155
915680158
915773701
915991976
916017260
916123441
916218586
916268878
916301077
916409306
916523791
916546944
916588803
916946630
916989099
917107140
917202979
917312193
917457339
917531673
917730349
918029214
918111944
918151056
918156251
918182263
918394575
918418301
918555173
918668426
918708866
918850279
918862469
918878510
918933204
918962712
919059187
919153185
919245395
919251619
919380586
919390662
919401803
919434871
919442491
919497273
919503700
919536325
919688802
919717059
919843205
919874685
919911722
919937022
920069955
920108213
920120062
920233788
920243355
920279470
920432752
920443908
920487885
920510530
920587224
920600205
920622180
920680995
920689352
920863425
920950200
920967342
921096598
921172409
921198269
921319915
921422827
921492322
921553061
921560240
921582501
921740531
921750321
921786395
921897998
921908686
921963066
921978603
922090854
922113692
922184034
922235708
922238218
922248275
922396028
922457605
922508834
922666206
922693523
922701556
922822522
923324041
923325118
923468310
923469471
923547441
923711147
923796620
923880957
923934142
923970423
923988954
924008834
924329956
924482740
924654620
924662192
924667855
924832132
924866775
924999491
925001804
925093079
925163688
925202549
925455165
925499488
925648229
925754666
926136331
926195701
926356295
926460797
926674487
926831176
926857456
926866651
927210713
927294570
927323948
927374486
927410106
927458714
927461327
927495048
927581160
927747098
927865629
927928816
928190938
928230426
928252615
928416741
928600881
928688196
928850102
928890153
928915671
928943539
929319307
929326363
929481882
929588499
929616547
929660735
929663564
929669512
929711883
929925079
930038188
930039804
930062192
930261308
930275777
930370311
930394839
930558848
930561372
930669011
930729266
930776087
930885738
930927401
930954055
930970471
930981509
931095907
931134325
931157271
931165258
931564908
931737386
931802725
931878587
931925347
932028050
932129903
932149318
932150926
932188299
932300017
932406980
932486281
932587439
932721810
932817948
932851646
932917574
933023945
933033101
933263320
933310816
933346697
933389343
933393145
933561928
933840103
933912379
933991267
934041295
934080515
934220545
934370355
934476759
934562475
934759072
934831195
934838518
935064910
935131432
935135470
935191485
935236414
935575601
935696087
935750558
935838235
935870906
936191911
936217540
936218791
936328423
936347416
936402502
936406584
936416840
936506790
936530104
936549423
936654399
936768589
936770813
936812018
936931145
936942923
937061799
937184368
937195590
937204434
937273274
937312217
937391790
937419121
937555207
937593866
937773378
938163976
938170150
938274007
938286910
938434162
938466504
938652098
938726753
938769269
938989212
939006920
939318456
939356820
939466170
939685096
940004705
940081491
940183505
940368696
940476405
940881165
940893535
941418109
941455798
941457179
941587253
941588812
941608034
941626785
941681277
941750160
941817621
941838645
942174186
942215681
942233175
942275332
942365366
942373873
942455660
942506001
942599533
942655981
942725948
942861682
942959220
943038150
943100622
943112300
943216950
943508961
943798256
943865764
944075986
944623079
944639614
944689446
944712670
944804498
945022873
945144786
945171528
945235033
945254498
945296467
945472905
945534192
945605545
945680598
945703964
945822348
945832161
945851446
946109538
946226100
946563221
946671791
946680044
946734668
947229860
947274626
947436467
947469557
947695122
947858664
947883279
947885117
947894809
947991087
948114885
948328436
948381668
948427117
948446189
948463363
948522173
948626731
948705216
948717019
948748457
948899337
949054183
949162025
949242395
949314187
949592476
949767143
950103033
950112192
950229008
950229822
950252088
950364838
950398834
950467305
950487356
950497521
950564438
950658842
950684656
950737052
950752164
950835975
950922138
951084607
951109860
951145575
951331419
951348346
951608010
951624983
951740723
951783274
951791671
952038677
952072804
952131931
952167309
952198813
952476726
952488924
952638409
952667794
952750810
952911666
952914998
953045577
953093138
953341151
953381924
953461556
953520042
953586667
953650505
954136842
954146831
954230438
954358347
954404227
954473189
954540438
954555984
954641364
954718589
954901238
955032185
955282890
955358039
955375271
955596332
955629345
955771994
955810716
955931465
956144417
956436673
956705017
956718266
956772697
956954173
957028863
957147937
957432314
957432610
957500692
957660298
957676964
957692752
957965178
957968072
958001214
958238891
958264219
958270949
958290523
958300370
958511528
958628452
958859460
959003129
959120599
959155867
959414726
959647642
959652863
959671046
959688719
959693119
959746603
959774768
959778116
959783455
959862023
959984854
960035436
960035898
960198492
960707030
960713083
961012967
961021729
961062131
961466876
961634327
961702145
961757496
961761735
961851894
962104774
962118408
962164880
962348691
962366209
962376258
962391303
962402682
962492858
962536676
962593433
962925766
963173471
963271336
963274201
963375726
963401894
963512383
963573508
963598174
963711895
963836401
963965667
963982248
964031354
964264890
964294927
964323382
964372462
964728287
964894839
964997848
965163568
965500911
965504896
965580564
965632968
965911218
965920414
966177258
966186360
966328847
966414540
966437021
966503865
966878444
966964805
967122863
967166113
967221222
967386271
967441417
967452779
967554779
967604381
967663186
967740265
967800686
967848198
967871545
967931993
968031404
968037555
968421018
968459002
968487527
968659942
968669664
968900378
968914881
968975797
969005733
969179786
969212144
969249427
969277631
969301334
969478618
969511303
969534127
969636174
969638286
969738636
969862844
969873324
969934524
969936075
970044325
970048063
970207753
970255701
970286455
970335468
970335717
970533294
970572116
970614792
970668208
970702162
970727049
970846707
970982939
971015133
971043963
971215310
971581839
971633846
971802643
971941646
972134655
972155793
972235095
972280913
972286384
972461077
972498028
972505838
972525953
972613973
972797026
973193521
973329598
973404905
973431231
973449804
973531758
973548691
973592997
973631951
973951409
973959369
974211110
974232679
974272672
974349152
974371516
974536091
974544849
974579552
974621013
974756859
974840381
975034505
975038555
975048675
975213750
975448465
975517222
975581418
975590648
975663605
975681392
975723651
975872912
975894973
975949284
976038919
976160567
976174172
976494707
976577405
976722990
976893603
976988316
977134713
977199148
977209968
977317791
977360664
977418118
977451836
977470273
977575998
977653577
977784228
977923130
977923456
977974930
978012101
978275234
978302942
978367166
978784852
978863902
978889084
978902524
978984247
979041772
979074985
979086804
979123116
979184483
979196735
979302850
979423450
979449763
979491648
979633630
979730667
979772649
980005641
980037848
980075281
980135062
980179587
980625828
980724497
980834944
980843663
980906509
981211757
981229078
981331864
981492089
981595190
981646948
981720340
981890733
982000713
982008374
982057043
982231706
982348254
982360871
982432126
982478865
982564385
982587509
982814004
982831912
983193635
983259671
983578656
983657851
983884408
983943972
983963956
984049296
984179662
984258676
984323816
984391787
984476874
984665744
984699305
984973398
984977428
985099581
985116176
985322238
985568714
985583092
986089603
986118185
986139120
986219358
986469791
986484247
986491622
986505835
986571283
986721193
986745395
986923408
987037429
987374984
987526831
987529289
987546482
987576825
987621959
987684700
987701088
988038701
988148293
988340285
988393024
988483653
988576226
988692308
988725118
988735562
988851111
989058546
989073616
989143016
989258505
989265540
989269302
989378207
989503061
989507032
989550299
989891912
990279386
990310720
990338817
990427058
990465679
990487813
990601172
990777011
990837987
990848233
990875554
990886969
990890231
991081729
991182180
991256447
991295577
991306995
991319114
991398943
991540543
991665115
991860984
991925856
992012183
992061304
992212325
992370844
992444664
992540815
992548715
992926383
992928223
992970040
993084421
993167834
993206420
993339628
993619522
993645333
993653069
993760372
993903519
994000220
994109523
994119740
994255872
994260901
994271660
994311129
994452674
994455053
994787921
994953605
994979375
994981587
994988769
995085902
995228350
995305972
995955199
996207195
996213866
996363723
996391736
996509557
996535973
996766864
996899475
996917431
996943223
997335458
997579653
997601546
997695399
997827526
997902320
998156590
998293741
998400807
998511105
998646311
998946099
998976547
999051672
999208382
999258013
999261068
999322022
999653463
999687179
999886483
999947124
