436577
471043
479123
552367
642048
773326
923564
956488
993554
1124976
1174443
1276811
1730664
1770848
1849683
1892870
1923487
1986723
2195617
2321154
2321875
2763734
2886550
3104185
3106423
3232339
3294364
3529916
3605578
3623547
3694336
3873985
4134279
4182169
4261823
4417791
4418983
4489465
4536761
4616923
4667636
4702503
4863187
4966831
5193251
5196782
5262035
5540568
5633730
5649630
6055172
6106204
6511791
6519711
6621623
6836958
6856075
7033043
7109091
7233007
7277372
7553016
7567470
7779561
7846763
7890930
7896483
7961161
7963405
8094083
8134856
8202991
8220226
8239524
8603741
8735629
8773156
8866569
8922379
9268908
9345010
9502004
9562396
9576399
9784327
9872083
9969761
10251967
10441014
10554511
10576254
10672678
10780176
10791118
10999067
11175156
11223716
11477992
11501191
11502962
11509296
11596985
11779980
12008689
12090167
12154641
12289170
12726234
12837833
12906821
12942685
13210635
13382353
13631000
13803849
13840169
13847468
13878311
13881966
14051299
14261451
14305936
14484892
14500488
14503062
14631962
14649537
14705646
14711515
14776752
14847949
14866129
14973621
15044130
15131799
15205447
15286591
15364434
15388539
15407240
15445065
15751287
15761053
15899673
15938826
16020658
16147088
16259801
16307784
16340566
16433619
16496928
16497870
16616740
16724562
17223031
17275964
17343220
17430397
17435145
17519908
17530620
17621567
18024914
18045445
18248815
18508415
18512398
18579612
18688957
18876711
19003418
19167115
19193688
19316058
19404612
19444878
19472425
19485160
19500998
19514169
19633485
19886739
20009202
20209627
20223784
20297174
20483822
20547052
20554975
20585642
20629884
20907479
20950817
21154986
21303597
21455351
21485438
21668459
21697478
21730759
21790022
21861177
21962679
21971679
22036799
22172322
22194588
22271505
22306049
22357298
22688538
22711045
22877011
22980698
23214691
23590774
23627427
23660425
23775009
24209502
24238220
24391413
24556128
24605253
24799571
24800588
25000554
25047874
25060226
25135313
25298171
25399123
25412709
25569931
25648473
25665056
25691163
25693068
25897293
25952406
25975165
26019979
26286694
26303259
26355622
26625426
26689277
26747560
26935224
26989562
27162700
27200039
27227532
27386411
27523742
27690846
27696352
27802905
27847425
27847754
27895491
27931521
27972407
28091262
28105722
28351071
28432576
28443968
28447068
28486504
28683415
28720280
28738401
28768242
28917993
29210202
29351620
29420694
29462006
29808024
29963484
29979960
30032464
30045021
30196047
30406700
30526454
30534154
30555362
30604698
30735556
31086924
31156624
31411973
31522729
31727323
31960406
31961356
32309082
32790379
32811740
33007496
33298912
33425696
33457792
33597654
33886609
33956301
34018159
34072586
34156493
34250390
34296739
34360576
34554658
34578367
34613339
34978773
35004607
35058256
35131043
35380724
35465941
35497776
35520724
35555063
35621037
35631456
35648820
35713560
35852760
35994645
36037728
36219081
36230262
36265041
36340139
36565357
36753116
36793747
36970849
37052807
37175429
37195507
37227082
37242558
37402657
37449795
37495072
37565035
37612064
37689858
37704438
37768582
37870262
37970808
38123341
38125246
38187284
38200356
38272746
38462992
38539914
38595775
38798434
38885878
39053080
39056423
39135472
39191032
39212686
39230391
39339797
39534596
39719723
39741822
39763751
39839225
39870692
40090768
40156662
40401949
40507060
40533604
40543825
40646237
40669773
40787703
40824545
40944809
41029606
41079990
41087386
41270692
41320709
41360902
41569504
41571076
41776721
41793337
41835506
42204905
42329011
42338059
42362205
42780778
42917672
43049020
43061809
43145727
43182194
43288175
43294569
43428169
43487864
43522450
43608247
43621600
43817295
44326784
44328125
44352110
44477794
44669194
44678254
44720342
44743445
44881698
44949424
45050140
45072671
45086500
45303089
45303144
45333286
45636097
45880469
45904155
46043011
46112299
46255359
46335714
46458597
46558292
46730656
46852186
46881228
46962739
47009151
47158972
47360894
47404289
47428237
47428605
47438256
47541808
47761563
47828620
47924047
48301909
48425590
48477182
48636413
49170215
49456135
49475955
49495750
49542585
49548538
49554312
49567273
49607706
49725837
49783220
49868350
49871865
49904408
49935679
50596804
50787515
50926872
50964326
51011235
51171639
51180689
51384537
51575999
51941419
52146039
52362172
52407945
52618543
52830443
52869383
52903906
52912115
53093681
53100994
53257659
53319763
53328200
53402567
53417794
53525650
53580352
53621885
53668791
53766370
53839045
53877848
53966693
53977496
54078128
54148488
54269996
54524414
54566716
54596987
54623513
54726490
54926154
55150749
55219090
55259335
55336393
55342777
55453503
55512594
55700732
55716021
55726741
55881940
56000886
56025267
56197171
56396586
56442433
56456308
56475488
56573134
56695518
56719586
56767860
57060837
57248052
57255312
57466102
57473589
57509115
57527059
57555660
57583395
57633340
57680731
57899832
57926587
57999011
58011166
58029319
58105859
58139884
58227541
58360177
58668827
58810242
58951651
58952685
59033277
59342131
59361701
59402038
59503199
59555536
59586289
59774596
59788554
59815851
59901962
60123079
60145850
60474432
60539762
60539917
60544483
60561546
60750988
60872293
60924996
60939145
61050336
61057943
61274063
61276093
61511660
61633676
62065993
62164410
62425666
62455452
62566093
62656574
62780048
62830805
62879075
62881732
62893564
62939571
63374652
63476382
63682893
63762268
63919042
64064373
64624023
64714273
64860888
64935024
64988650
65021424
65035854
65040457
65212598
65293867
65381491
65586864
65652266
65709067
65846027
65853468
65861870
65953038
65982110
66089798
66441339
66479846
66529564
66715383
66939783
66944230
67223990
67260262
67262329
67385890
67733201
67774240
67999173
68144196
68195512
68226961
68558620
68621456
68679011
68736524
68745572
68817235
68842736
68851184
68911636
68961525
69059390
69122669
69220194
69278598
69460908
69561230
69682940
69904826
70434448
70521594
70601229
70784842
71117940
71185995
71198242
71199033
71224101
71250806
71348485
71367837
71392705
71558689
71959988
72084136
72088559
72149956
72203574
72453249
72507269
72547721
72577700
72677538
72746292
72777122
72804739
72833879
72866365
72927813
72939724
72985052
73392210
73548730
73565834
73581222
73667182
73738775
73884172
73888913
73989262
74214703
74645768
74718000
74846059
74876293
74934940
74978996
75166116
75196744
75237165
75259941
75271752
75493152
75610773
75893500
76006300
76548071
76590074
76627666
76663539
76740113
76774623
76920415
76934160
76941213
76962083
77030825
77049617
77183258
77304715
77363441
77535451
77550512
77567313
77601914
77709016
77740833
77830780
77909398
78028804
78190149
78265112
78324783
78330388
78404188
78470317
78537121
78691138
78762290
78802825
79030608
79124392
79142942
79175614
79231524
79594705
79669987
79766101
79774377
80144872
80179216
80250470
80275157
80283649
80305303
80306036
80363648
80455901
80541226
80628221
80744348
80785248
80889997
80901523
80914770
81365699
81441088
81550472
81846886
81864948
81916882
82105286
82180188
82270031
82284301
82322506
82440870
82482184
82624858
82797306
82938528
83048837
83062558
83090966
83159549
83362510
83632252
83646008
83708213
83730320
83993019
84243817
84332074
84423143
84696044
84801926
84840657
84993835
85177946
85452150
85506641
85530187
85556669
85637157
85707139
85738474
86179432
86184902
86267396
86407080
86478439
86493445
86507703
86554902
86561386
86782363
87087345
87129578
87234897
87263035
87294262
87352301
87405689
87715890
87977829
88053118
88240745
88318177
88319490
88359036
88502059
88572236
88798776
88829600
88941941
89054485
89107685
89193860
89262350
89265285
89334541
89411521
89476096
89567269
89580209
89602638
89618817
89721494
89800701
89808991
89855392
89929022
89988992
90059505
90134961
90227699
90324865
90338698
90364801
90441549
90600277
91188745
91203898
91307358
91462315
91569503
91638695
91678852
91822337
92020911
92068040
92144824
92302395
92307136
92376055
92393938
92413401
92602935
92646958
92735404
92753013
92820653
92911985
93209242
93220222
93227094
93296937
93306191
93320022
93375498
93411241
93533670
93574958
93645447
93722435
93937707
93986412
94026511
94028220
94096680
94168802
94387163
94487578
94630965
94884582
95375996
95446823
95783716
95798175
95931098
95951561
96030256
96114537
96204594
96371527
96492532
96515933
96586801
96730116
96768776
96826725
96834321
96924315
97082322
97240891
97281065
97553510
97619151
97695350
97725289
97733609
97828810
97910489
97989605
98053616
98154973
98413912
98438312
98474119
98549852
98577570
98596118
98644423
98841369
99012210
99232468
99410672
99448091
99464092
99468627
99592398
99665152
99735404
99784615
99795302
100076398
100197108
100245409
100301782
100442076
100667930
100805412
100942900
101009081
101048601
101128217
101228104
101317946
101377578
101405932
101631521
101812973
101929888
102021465
102023915
102162393
102283655
102292393
102360110
102387584
102457551
102516606
102556840
102650304
102728229
102994979
103058384
103111747
103117768
103219783
103535465
103543712
103733933
103756288
103831893
103962985
104046074
104102413
104120652
104387889
104408756
104425400
104571077
104585644
104695373
104866704
104923428
104929185
105065503
105074111
105243582
105254916
105268151
105347492
105439050
105771386
105812686
105931034
105943474
105957152
105972139
105991848
106054488
106656260
106790135
106998429
106999796
107055932
107172687
107282645
107348200
107405196
107470311
107587247
107610048
107676255
107865172
107868776
108150156
108465452
108531290
108776077
108847722
108877676
108974234
109005507
109031189
109276344
109349816
109484091
109750503
109834540
109935099
110118151
110265740
110413008
110542909
110752007
110924762
110951242
111143371
111380576
111489551
111520492
111741552
111833068
111987582
112112128
112142997
112169589
112293923
112305439
112320648
112530108
112605567
112926229
113053598
113079039
113085170
113422942
113712266
113816938
113850658
113945806
113953466
113960758
114111283
114260991
114266035
114274082
114538682
114747696
114818478
114859407
114880465
115070984
115359042
115403262
115552220
115710911
115733416
115769475
115804202
116004165
116007527
116144413
116241125
116267710
116479523
116519119
116521744
116644800
116719184
116764693
116862349
116969139
116986201
117001018
117021179
117035924
117053169
117152122
117299825
117301445
117377653
117792343
117836623
117869927
117916949
117931294
118117527
118125100
118174089
118308945
118360727
118725857
118755516
118820467
118888542
119067627
119080691
119109536
119147844
119153098
119203769
119671276
119773489
119816102
119949230
119954670
120101518
120126051
120145627
120179527
120254649
120419053
120497334
120564371
120738348
120820755
120832097
120858807
120953804
120991188
121035442
121166714
121177883
121249254
121430671
121462093
121480241
121491345
121715376
121779015
121933037
121940261
121978918
122048356
122095012
122161446
122165269
122375210
122552090
122871483
123128065
123317301
123416544
123427223
123430660
123480078
123589281
123810854
123875767
123937356
124187655
124440768
124478544
124546497
124566370
124570960
124577014
124696490
124730646
124940782
125037628
125119213
125154660
125276464
125566466
125767088
125863702
125954626
126190043
126412652
126451903
126586177
126609059
126636133
126775530
126876765
126924804
126941656
127093737
127104736
127390369
127526453
127683411
127762069
127787667
127833572
128010620
128030232
128032787
128086024
128597286
128624750
128670798
128694434
128738666
128849512
128917578
129122309
129313391
129398893
129399858
129580516
129586722
129755268
129851037
130025543
130191752
130340543
130342730
130378068
130587119
130654966
130730021
130791947
130999207
131023170
131069294
131079935
131088474
131095443
131137469
131179131
131219354
131260899
131329780
131503995
132088957
132246810
132351549
132402943
132451918
132958248
133083375
133088936
133090083
133095682
133161764
133289239
133361655
133385481
133507053
133684123
133932616
134376184
134411991
134511242
134645564
134712860
134718104
135063349
135155537
135156983
135212371
135362265
135394395
135447438
135453694
135843998
135964988
136011805
136055021
136088005
136264534
136351651
136432246
136799851
136819414
136908249
137341149
137368258
137450166
137597548
137714356
137759326
137796128
137870778
138160738
138207056
138249626
138483777
138544774
138562987
138669418
138759034
139375528
139397008
139447381
139459226
139564193
139570130
139733164
139738849
139840403
139892434
140508178
140638919
140736341
140820445
140845544
140901071
140934564
141148930
141201565
141511775
141522950
141559821
141659997
141678061
141773925
141801662
142002917
142010607
142128941
142395874
142532043
142772940
142798250
142919483
143474518
143585331
143664082
143690901
143750916
143885210
144296297
144330117
144368680
144408926
144444870
144485451
144590235
144648376
144748687
144971888
145035650
145087392
145167127
145662588
145667206
145890696
146075534
146193868
146216397
146247311
146465126
146528842
146536841
146588442
146798399
146885955
146960843
147557083
147637436
147737267
147810100
147900679
147970192
148152821
148183516
148335647
148401030
148443395
148462808
148470833
148527851
148550211
148550731
148552166
148829146
148865198
148897154
149408587
149517333
149637770
149688438
149737457
149776149
149911411
149992956
150206226
150235091
150256127
150286176
150374250
150456241
150474164
150540784
150549758
150674632
150869929
151001835
151109703
151112582
151172389
151239003
151503949
151809813
152136897
152166811
152202374
152230670
152263760
152431898
152507902
152572508
152614741
152618045
152644956
152749711
152934120
152988812
153005222
153118083
153361454
153396723
153482976
153592536
153597333
153821208
153920200
154029155
154202149
154398119
154488248
154616881
154667227
154673884
154955963
155038181
155062274
155170630
155240242
155375171
155375583
155470650
155546819
155608160
155693799
155862494
155910779
155993842
156035903
156122325
156445514
156602142
156609233
156610378
156667695
156916306
156952051
157018058
157159135
157183621
157197151
157225709
157232481
157250568
157301946
157406612
157410862
157722148
157776562
157904434
157988338
158173833
158330225
158524135
158559366
158756407
158843699
158985281
158988555
159007184
159091574
159133034
159310527
159354126
159398691
159550941
159569495
159596808
159662774
159687556
159700048
159717240
159717319
159901382
159931243
159977302
160019862
160048631
160138765
160212888
160431762
160529384
160896095
161008559
161059789
161073176
161110592
161123617
161208452
161221988
161530620
161580043
161627874
161635806
162005908
162032044
162117478
162180006
162196387
162420023
162501329
162551698
162578679
162603684
162661648
162716805
162834408
162904908
163003380
163181055
163328471
163417807
163553765
163611956
163628228
163716049
163784736
163997778
164025774
164066039
164218391
164313427
164367947
164385326
164593887
164616525
164722626
164775204
165045075
165096161
165178899
165205148
165313324
165317588
165937536
165948345
166028146
166033453
166115804
166135181
166205503
166353621
166378074
166588414
166615705
166748668
167025158
167145507
167172081
167219678
167373354
167608325
167692423
167692470
168002067
168083503
168280844
168351380
168414550
168483961
168614697
168641875
168784801
168803249
168874726
169088748
169177352
169305583
169654913
169878310
169911930
169998549
170292880
170373423
170551705
170626657
170704609
170753808
170759213
170850152
171004444
171134432
171247136
171573901
171770996
171787019
171817250
171825477
171914836
171919728
171977071
171986993
172137956
172192231
172353126
172373902
172604807
172789313
172847866
172989224
173022664
173132001
173169897
173332122
173378578
173437790
173631946
173658061
173701272
173820832
173838781
173841922
173872257
173893577
173938665
173988658
173990089
174168598
174216157
174318423
174453402
174632751
174656240
174662974
174806548
174808537
174865484
174894730
174971649
174995734
175038615
175109862
175110613
175173275
175451244
175680285
175885598
175988170
176426329
176538734
176615607
176667802
176811176
176819021
176824424
176933378
177035267
177125012
177256308
177657353
177691121
177769889
177866855
177967711
178105678
178151292
178287170
178409200
178436948
178465634
178506812
178582859
178672084
178755768
179065727
179088802
179093748
179301089
179315530
179422715
179595789
179700384
179711947
179765398
179863925
179909828
179935183
179987128
180108836
180164687
180368897
180398881
180406111
180407982
180416922
180510174
180511276
180513640
180517530
180563207
180629328
180682464
180713409
180749822
180877190
180912299
180946948
181003408
181003935
181023471
181060832
181236115
181307765
181317636
181324652
181488245
181593510
181698825
181937331
181992972
182102382
182337544
182405464
182455196
182473295
182504784
182616229
182741119
182783546
182873519
182892907
182984540
182995895
183064233
183179247
183240464
183351653
183525444
183538369
183541091
183853613
183861238
183874513
183985638
184083301
184178710
184498368
184577892
184600014
184646146
185030052
185082045
185280608
185318579
185384381
185428932
185468442
185593853
185607090
185627321
185724603
185790628
185801248
185886801
185948226
186138740
186270127
186292137
186341927
186675561
186735024
186783488
187000419
187024181
187069439
187123483
187149235
187188596
187363590
187365508
187387137
187391693
187456759
187495580
187524498
187621162
187656189
187666723
187790208
188104296
188191317
188242766
188315273
188413480
188535771
188657653
188759053
188790038
188880024
189035531
189058391
189103006
189170955
189475661
189659759
190104578
190130133
190167892
190199930
190227759
190390058
190486447
190695499
190789254
191110365
191159427
191184082
191617790
191625832
191679167
191737347
191767851
191909036
191944505
192022949
192153120
192267958
192352301
192446701
192500596
192638309
192642539
192668049
192708354
192722406
193014505
193023685
193081069
193155745
193283962
193333630
193522016
193734816
194069905
194117843
194257383
194347203
194367740
194391876
194399577
194411629
194423528
194774211
194775050
194823737
194878746
194893315
194893555
195031616
195152122
195233755
195446722
195681385
195730304
195743568
195769505
195771782
195801872
196026077
196160249
196203843
196271688
196277637
196318985
196340457
196376032
196420683
196456420
196463296
196493309
196660018
196693828
196700839
197173987
197219252
197275024
197341646
197427239
197506099
197560306
197705869
197799184
197912681
197948744
198146276
198149751
198155064
198214325
198373484
198403723
198406054
198460557
198616337
198650923
198676408
198785601
198826173
198999532
199137922
199288501
199346287
199504005
199620206
199643434
199694303
200026238
200182986
200350051
200457430
200747533
200802480
200874857
200905526
201028807
201116416
201246369
201288217
201317074
201498453
201724122
201734867
202007395
202196992
202202960
202283458
202321368
202647657
202928800
203138152
203256202
203305028
203328853
203507609
203618490
203640558
203788078
203804964
203993330
204100332
204205888
204345412
204398441
204419450
204421105
204507740
204627660
204734060
204748507
204754912
205081093
205228012
205239528
205347420
205421180
205521941
205571416
205819272
206001508
206005771
206048679
206163846
206172192
206325059
206521079
206592022
206627501
206743678
206849245
206888914
206979095
207062979
207077599
207145431
207214814
207432618
207630848
207638643
207969783
208007540
208009058
208060889
208189355
208253946
208273849
208283710
208358216
208676674
208710589
208723841
208887043
208944223
209016300
209184681
209251360
209417659
209735844
209822755
209908762
209987288
210052938
210229325
210347844
210384362
210503500
210557106
210680626
210811418
210815406
210818922
210903885
210924157
210981055
211119193
211131704
211203642
211266225
211621326
211731520
211780180
211867809
211983244
212004168
212127754
212204486
212234193
212292039
212402582
212432969
212453500
212487072
212666906
212718940
212758479
212859239
212885212
212947730
212959792
213086253
213480158
213524169
213607715
213694379
213712970
213741071
213745805
213912919
213980033
214017162
214200312
214412129
214505291
214576529
214577284
214615434
214662027
214693438
214811767
214815738
214856815
215029244
215110648
215119467
215186589
215318738
215397154
215482810
215643979
215857686
216379830
216447535
216640924
216989533
217026159
217053819
217132320
217268833
217580940
217836494
217841339
217845213
217953578
217961466
218032331
218047434
218120377
218144655
218232970
218239245
218247891
218346240
218632154
218677505
218738025
218792322
218825835
218914205
218942433
219184935
219281766
219385777
219513717
219545583
219760290
219801335
219946774
220087214
220172671
220181537
220283998
220484005
220493302
220495386
220506717
220569232
220671587
220718431
220788462
220919088
220960293
221100143
221135802
221138831
221324298
221434729
221448202
221452816
221497164
221696087
221756294
221806072
221814851
221940980
222121448
222212576
222226909
222277029
222594765
222599760
222826118
222918028
223099727
223153424
223296135
223339093
223352684
223359219
223518334
223571873
223608236
223705870
223806464
224081414
224272040
224328401
224479418
224567370
224586603
224649752
224652206
224701656
224839735
224845129
224911249
224928962
224943264
225106564
225167722
225251989
225313535
225401175
225499614
225764329
225845330
225869542
225982523
226063864
226111551
226226486
226329195
226368812
226521185
226556469
226582701
226655008
226663164
226695226
226716218
226846380
227004677
227005203
227013093
227226866
227427830
227727835
227762230
227953291
227991211
228016202
228190547
228329585
228365727
228693009
228993528
229075869
229099797
229201304
229307788
229367266
229440832
229480685
229560938
229583079
229640846
229714646
229924737
230350583
230424198
230486414
230515579
230792559
231136062
231154309
231166027
231167951
231258341
231276366
231376480
231435680
231445734
231559774
231564896
231794998
231876132
231886401
231904747
232143894
232167519
232213762
232289250
232378993
232393626
232415383
232457597
232482712
232498312
232658940
232725618
232734039
232942799
232957621
233191380
233341543
233433169
233454229
233515010
233588028
233975290
234032816
234035996
234126223
234173509
234192391
234235305
234273888
234385827
234489330
234692563
234809687
234853060
235015237
235167195
235447326
235558110
235624278
235651881
235780457
236120657
236294269
236321587
236448359
236531099
236634364
236705324
236745168
236762120
236884128
236906733
237015964
237018534
237158510
237221800
237250145
237279261
237279434
237303210
237331794
237367695
237432981
237631758
237697884
237756220
237768346
237819708
237951923
237978303
238141784
238142817
238315586
238436681
238463471
238604517
238618267
238734906
238796232
238828105
238916665
238982715
239071329
239255199
239319610
239399285
239407921
239477877
239486408
239551204
239552028
239707449
239947517
240022022
240224251
240293989
240339255
240387104
240438011
240523748
240731791
241032279
241148126
241232417
241300507
241368549
241443040
241772992
241783168
241789845
241813432
242010022
242019262
242023634
242331932
242393475
242582047
242616376
242736707
242820316
242894378
242931811
242991759
242996487
243200886
243213044
243342687
243355662
243467585
243534502
243773490
243802382
243948724
244181885
244350350
244360717
244363327
244404648
244409689
244440825
244737799
244757492
244785266
244883811
245163803
245202379
245216635
245237262
245578173
245728815
245794947
245824396
245934537
246079332
246279804
246516894
246524521
246738489
246748452
246780642
246811189
247044963
247065002
247228165
247245724
247355485
247390685
247637125
247724854
247757417
247803527
248213301
248351922
248472892
248604913
248644577
248668933
248850809
249044176
249128117
249213023
249268013
249318632
249377833
249445676
249451733
249540380
249552287
249697204
249707575
249722666
249731040
249849514
250043538
250241092
250255040
250281753
250562765
250649610
251026808
251107217
251137310
251217806
251298051
251391835
251688695
251946487
252328151
252567007
252658852
252674864
252755398
252880636
253123071
253143595
253261919
253300613
253426509
253457823
253534873
253690269
253696024
253770248
253862031
253904543
254020303
254359043
254411194
254443849
254533229
254573067
254599272
254671448
255379401
255397328
255429624
255531109
255658179
255739549
255871903
255874836
255880600
255887943
255990207
256075005
256180068
256192969
256201269
256449773
256472640
256505516
256583962
256731595
256818969
256927330
256940329
256985505
257032538
257165605
257186364
257218963
257369642
257483924
257533916
257546957
257619194
257776444
257902911
257905039
257908487
257960370
257992939
257999426
258121388
258122204
258130227
258164696
258238880
258324426
258367221
258430533
258515653
258545538
258546156
258632307
258670215
258804516
258841528
259011319
259076210
259185431
259242514
259246858
259256364
259292862
259425945
259833313
259845318
259863545
260032067
260108071
260159649
260265835
260315097
260333852
260388974
260520295
260597544
260726270
260734444
260754261
260811965
260951785
261026032
261055890
261109698
261195578
261234276
261239226
261277319
261285200
261377466
261448908
261468157
261548562
261611776
261755869
261928446
261944498
262078094
262601984
262796913
262852154
262856527
263040573
263134242
263191399
263238017
263295653
263447864
263481788
263746087
263755048
263795280
263887020
263924339
263936636
264015235
264167617
264230524
264288659
264350378
264354337
264493251
264824541
264835752
265050559
265191263
265251498
265275224
265401776
265482453
265575996
265577333
265667307
265692543
265729041
265744757
265795316
265938405
265970570
266148524
266236281
266319314
266350780
266388505
266544768
266629960
266736630
266757406
266844434
266882305
266990864
267016803
267228551
267270106
267519906
267579432
267636560
267818798
268022961
268247496
268402114
268501707
268549878
268582595
268874951
269010644
269020006
269042999
269081493
269104806
269114842
269199092
269213806
269314728
269410673
269624876
269640753
269852052
269870589
269902758
269961571
269974288
270056667
270061819
270085740
270160112
270167447
270168952
270196547
270287079
270381330
270448220
270644393
270912570
271121233
271182938
271208665
271286638
271625090
271654280
271669718
271670297
271685944
271839995
271841746
271888921
271906538
271935002
272008788
272307403
272328605
272335866
272366314
272430815
272469251
272537067
272656132
272759076
272815875
273302509
273335531
273335700
273532929
273594225
273659779
273937195
274078006
274213143
274265874
274274293
274323168
274333359
274355712
274392590
274496143
274869104
274872238
274895155
274896387
274904444
274907750
274999296
275004812
275066174
275097314
275464204
275803453
275937749
276164094
276185388
276193937
276451183
276742674
276781648
276792251
276806236
276895123
276930999
277391880
277777147
277857516
277873796
277922802
277936716
277945414
278145098
278620870
278681807
278712822
278793677
279081311
279172016
279286370
279436427
279532351
280104106
280145590
280338810
280515246
280592155
280599006
280736476
280775801
280813108
281002371
281067043
281101751
281140326
281170584
281358975
281572141
281608233
281924829
281928711
282059445
282147700
282290366
282356090
282449236
282455505
282490870
282595384
282669642
282802052
282985703
283066556
283102932
283136606
283160892
283296065
283339603
283396620
283508504
284107689
284163354
284172791
284176661
284266816
284387098
284428868
284691587
284708120
284732951
284746111
284849085
284922689
284923864
284940429
284970877
285018033
285040591
285043303
285094945
285116514
285159111
285228948
285231597
285353993
285361016
285520889
285629875
285659987
285838529
285857293
285944579
285968250
286141151
286545095
286591709
286661906
286663765
286921550
287184940
287343136
287414730
287501489
287543136
287696501
288193880
288245874
288335545
288639996
288835115
288886693
289062541
289166031
289168286
289339872
289364413
289423376
289497032
289526568
289609980
289772792
289870304
290016161
290363202
290438873
290476825
290526207
290710923
290763990
290768637
291103551
291160407
291411507
291575019
291785611
291904676
291952634
292062625
292433833
292568296
292686767
292749914
292779793
292984748
293187449
293197650
293233856
293254034
293431894
293544151
293845110
293996083
294009157
294073896
294147174
294159258
294205671
294264375
294354507
294377367
294467964
294486367
294641377
294753394
294801701
294934042
295122983
295248051
295411444
295627488
295758675
295977857
295992965
296004000
296171859
296221445
296243781
296356994
296575818
296614821
296934973
297173527
297227487
297227803
297316904
297332765
297491432
297652146
297684585
297875064
297963375
298011507
298076242
298302765
298396777
298475622
298487331
298552748
298576194
298703669
298750892
298762416
298767133
298820048
298917528
299297515
299458611
299502842
299636969
299641429
299708767
300338980
300596462
300696729
301049151
301204801
301221067
301238329
301245124
301297586
301311380
301325310
301407458
301720091
301826758
301936424
301970379
302025989
302031033
302054261
302087375
302245048
302356408
302390196
302407829
302494799
302535405
302654386
302833500
302902571
302924492
302975595
303035294
303044410
303133697
303198742
303216176
303236989
303238423
303260493
303287909
303348243
303409731
304076436
304097982
304312483
304396317
304436264
304486627
304539550
304604335
304913347
304988790
305001064
305078189
305091292
305183106
305224038
305319480
305364300
305459778
305535657
305832463
305897243
306300516
306302375
306330039
306427339
306612795
307003327
307012587
307059266
307167012
307237682
307343464
307367410
307407266
307479433
307596549
307766908
307841425
307884629
307940482
307966157
308077442
308123084
308294993
308295183
308502674
308580207
308598038
308746028
308778681
308893526
309131221
309163061
309374887
309395919
309433471
309580393
309765843
309835211
309894273
310011683
310019799
310071600
310263541
310352542
310364725
310369865
310388153
310532308
310618304
310669523
310710762
311068571
311213215
311320830
311324062
311382403
311664686
311694332
311837770
311860383
312120941
312136800
312211809
312216773
312288983
312345992
312372272
312382231
312413427
312453130
312536854
312572013
312719418
312940373
313099549
313108313
313286760
313333020
313468882
313546813
313683375
313720541
313817574
313896316
313975220
314080713
314144872
314231937
314266413
314291073
314301538
314399581
314541707
314873794
314907703
314963308
315007825
315024850
315054499
315106901
315141441
315305115
315353350
315547567
315548722
315693613
315806465
315877759
315972231
316043952
316088390
316110184
316321007
316368358
316464470
316506226
316586130
316813301
316919442
317152213
317266333
317367627
317482263
317535108
317669355
317779420
317973977
318079747
318095739
318103378
318112373
318198431
318506510
318580309
318647766
318741884
318812398
318885542
318906328
318958426
319096865
319197071
319341408
319415064
319461557
319495395
319691940
319832201
319964184
320014670
320103482
320121706
320167515
320276586
320306280
320383109
320444358
320526183
320543291
320597775
320718210
320848939
320861476
320918125
320997717
321143133
321179225
321589742
321664662
321756538
321995827
322234257
322257746
322489971
322504214
322661846
322709529
322712657
322842738
322868080
322935549
323043169
323128243
323317251
323460185
323464963
323672652
323862459
323922200
323931406
323962171
324021779
324073082
324073155
324217583
324801938
324820626
324861520
324906632
324920897
324931966
325023797
325061630
325268073
325278447
325411779
325588788
325632406
325653861
325995014
326026246
326030474
326162813
326169672
326183497
326380970
326471729
326520668
326584120
326877379
327068468
327082662
327168723
327245688
327274281
327308338
327436464
327445448
327473470
327516352
327628029
327736747
327823618
327832496
327978741
328098805
328151507
328164315
328306337
328362382
328451983
328634890
328656312
328700915
328700966
328811786
328820373
328848633
328902798
328916300
329293651
329320769
329347968
329575391
329642763
329680342
329869830
329911042
329918697
329956830
329986928
330013412
330153200
330252970
330479796
330526322
330564513
330716430
330727593
330858325
330968651
330988903
331124259
331177157
331195928
331234182
331253931
331273710
331343269
331347017
331654155
331754960
331916668
331921599
332169065
332279782
332368724
332387693
332772014
332960262
333046936
333269601
333411816
333578017
333620244
333645178
333776551
333777807
333789914
333795899
333802846
333843889
333900630
333933734
334017362
334094143
334445061
334501026
334519041
334596185
334644933
334662717
334765391
334781359
334845755
335012808
335018510
335057071
335078083
335175388
335205758
335209400
335418946
335443831
335579175
335635293
335660192
335877602
335891372
336266128
336312306
336487245
336536351
336760582
336830573
336865120
336995626
337088729
337095417
337370068
337385024
337476794
337652010
337692117
337710371
337811793
337892362
337912992
338041936
338105407
338111714
338111764
338137327
338468692
338700235
338789094
338984606
339113286
339175647
339397934
339484481
339673427
339928858
339944215
339951733
340047136
340088587
340268724
340319145
340502696
340888935
340936060
341153833
341296231
341492863
341577775
341586412
341690840
341732466
341904981
342114020
342441650
342454147
342610728
342780754
343030324
343035166
343110094
343112966
343119790
343167552
343401507
343431945
343466396
343633807
343673830
343839361
343864111
343979263
344118986
344135870
344221079
344678369
344679176
345131029
345321967
345806286
345836811
345990898
345991600
346023622
346185127
346247996
346480790
346554926
346605852
346705529
347079863
347192550
347544943
347654799
347929558
348365686
348386002
348439898
348577998
348578961
348627093
348633315
348873489
349117568
349505103
349510994
349667169
349701539
349814099
349843912
349952105
349977486
349982709
350001135
350187352
350347859
350447708
350471522
350638960
350783835
350883240
350932055
351031796
351194561
351352269
351385676
351400017
351546706
351742885
351785377
351810451
351833897
351878126
351902608
352026012
352115710
352124325
352167655
352218412
352312014
352363824
352374761
352414367
352553790
352583924
352683044
352749336
352783677
352788913
352825254
352943011
353103278
353286579
353340737
353414240
353419155
353425672
353438712
353675416
353828300
354008125
354146978
354158922
354213757
354230038
354336471
354404776
354440213
354671856
354959644
354995504
355124428
355297190
355302542
355381123
355383583
355609640
355647172
355804609
355819011
355854066
355916033
356083453
356206468
356314532
356395667
356534597
356609016
356690364
356693132
356893054
357051842
357144575
357177084
357218483
357424770
357503553
357536370
357695539
357959149
357998175
358076072
358394770
358568139
358625704
358689584
358708527
358943144
358970071
359126243
359284153
359363197
359472769
359545420
359609414
359807701
359825804
359887779
359956745
360049750
360085061
360089275
360228613
360247409
360270942
360422337
360451430
360504820
361003952
361014319
361048906
361055529
361200689
361201351
361321158
361463447
361494472
361598381
361606522
361733184
361744463
361868818
361877221
361898457
362117780
362148835
362500589
362841463
362921353
363280847
363528781
363618873
363678794
363748653
364142746
364275001
364338301
364351699
364453603
364624546
364870145
364998732
365125956
365244584
365267797
365271861
365307440
365362364
365391416
365480383
365586326
365827296
365907362
366005452
366117189
366198513
366250737
366356295
366436881
366534330
366660891
366672259
366699759
366731912
366772156
366955406
366973666
366990022
367026736
367220367
367232685
367255389
367258089
367315775
367546006
367568682
367582758
367655715
367706256
367729778
367730726
368209981
368302691
368506904
368655633
368900883
368944917
368999963
369042033
369119370
369123105
369149164
369166835
369212883
369498607
369505675
369637196
369685073
369706530
369825050
370003515
370070858
370124957
370266953
370559467
370630391
370701307
370776676
370927831
371152389
371191905
371375267
371399847
371529676
371546047
371609440
371797271
371849045
371992656
372061577
372291459
372296567
372362477
372473989
372597612
372610007
372639620
372877776
372941408
373168255
373313099
373362305
373439671
373504013
373507760
373610675
373635119
373739010
373896843
374006878
374286147
374461952
374479175
374500854
374676993
374683562
374695568
374697401
374717754
374728776
374970558
375036081
375083694
375128505
375185311
375196464
375353691
375676268
375709458
375793118
375878818
375898265
376004219
376096443
376159001
376223590
376312873
376438497
376490585
376513484
376621400
376807694
377149251
377176139
377232954
377288550
377380169
377414497
377752335
377866022
377906904
377975701
378004013
378142653
378222481
378258527
378307059
378512325
378611272
378627687
378808273
378864368
378944448
379024714
379166224
379393700
379423234
379455283
379471148
379476325
379538915
379547268
379599907
379734892
379838453
379937360
380119851
380181786
380246188
380558040
380729059
380890986
380987234
381005524
381012126
381136733
381208223
381281271
381398632
381598958
381734866
382046048
382320947
382352809
382469712
382483654
382553251
382909261
383011176
383023879
383070257
383153634
383171219
383453184
383498810
383517517
383538881
383624576
383708859
383896806
383976338
384028846
384529573
384539717
384591789
384690452
384703985
384893069
385115268
385152825
385155049
385166900
385168169
385171620
385220428
385364563
385397459
385572226
385618825
385689919
385711591
385840748
386045455
386241102
386402131
386407295
386702852
386712099
386808901
387375962
387446086
387544362
387602232
387800473
387937347
387947842
387979279
388077066
388171816
388205061
388376142
388431976
388460957
388483965
388544976
388757095
389022027
389075045
389136567
389169858
389285436
389504069
389590213
389628435
389661288
389702418
389987222
390072142
390185826
390240772
390290952
390435456
390547098
390749297
390766775
391225548
391396482
391470114
391749718
391753424
392028358
392035338
392228368
392373341
392379166
392448030
392555944
392559541
392646777
392742573
393067406
393255928
393435892
393512026
393537217
393574264
393626024
393960471
393966946
394182067
394211689
394367729
394446357
394526124
394576928
394649157
394786826
394851533
394936031
395001787
395047180
395080808
395230899
395305910
395433208
395715469
395886267
395954640
396039013
396133017
396257623
396342312
396348043
396412928
396413896
396480820
396674358
396738768
396815580
396942391
397066448
397080629
397137105
397151661
397163745
397168997
397187986
397283332
397286793
397299203
397388431
397548475
397616214
397623342
397664045
397673644
397785829
397812405
397817522
397990789
398017037
398028696
398069553
398135208
398154743
398600416
398686836
398780970
398854629
398868514
398928791
398979492
399152048
399209934
399232759
400107504
400215614
400243150
400253814
400258766
400544996
400645618
400783289
400934359
400964235
401175289
401300136
401329004
401345535
401365553
401394433
401429910
401605334
401678250
401874543
401906416
401909892
401914358
402078298
402110348
402264861
402333918
402336934
402352825
402371633
402440777
402448379
402466448
402478262
402526531
402538099
402968383
403152809
403221153
403344428
403511318
403708087
403865389
403882275
403918092
403989879
404148004
404159291
404432263
404457062
404566411
404984729
405021635
405317985
405321413
405452056
405515382
405547439
405622063
405735937
405821941
405903965
405905239
406025961
406064091
406099176
406240124
406344924
406467950
406559516
406622968
406793093
406945172
407077965
407096031
407328387
407445087
407494127
407572933
407664821
407677410
407832110
407922612
407928350
407964762
408232560
408282256
408291609
408380805
408594374
408751120
408824157
408906943
408949902
409046246
409110631
409215550
409249015
409314900
409700234
409948934
410106325
410151583
410152223
410168094
410277786
410343134
410368151
410472069
410511893
410523040
410613076
410657093
410740589
410961168
411049127
411076924
411196580
411200205
411200644
411348303
411369003
411627200
411738017
411754289
411792469
412177460
412189931
412292113
412349053
412358621
412393242
412640934
412819981
412996837
413113741
413184442
413510480
413723533
413897841
413943757
414187876
414285896
414645915
414685244
414787380
414816213
414844756
414873347
414930006
414959330
414991160
415207473
415238866
415275826
415290501
415416224
415505269
415582576
415691613
415807086
415879007
416165643
416175065
416289186
416549019
416772436
416780592
416800572
416834457
416922907
416924527
416978856
417054907
417370963
417636377
417682394
417791975
417885867
417950123
418442864
418469193
418517826
418518493
418520660
418626253
418634295
418645934
418764280
418823420
418863597
419041783
419147386
419195056
419213112
419324827
419386107
419538582
419625522
419682778
419736848
419840567
420221197
420306818
420672410
420848341
420884029
421201775
421275435
421298524
421520495
421561155
421694069
421787635
422001481
422054235
422072404
422179787
422230571
422319216
422347637
422406727
422435325
422590800
422807506
422836225
422853682
423127004
423328249
423441660
423478041
423497208
423776027
423823323
423891712
423902119
423987763
424016158
424100856
424140446
424180642
424262803
424293275
424367079
424462020
424548430
424607361
424745156
424753333
425136830
425175393
425242589
425279527
425461389
425506670
425605934
425644401
425936677
426166065
426242475
426247451
426364598
426738693
426876643
426878976
426948926
427221377
427652164
427817949
427851705
427882226
428036193
428143205
428323671
428565701
428567015
428649348
428939426
428973644
429034539
429171781
429300975
429334299
429351601
429837033
429863247
429917658
429981976
429994955
430018845
430046909
430289342
430304744
430450940
430545500
430549125
430563376
430808082
430868692
430889214
430912682
430946594
430956278
431017343
431044770
431224564
431227330
431314893
431452680
431546642
431678655
431934657
431949866
432048259
432108082
432161768
432438200
432461720
432585009
432912283
432914093
433049283
433199821
433220331
433276774
433335187
433336079
433478290
433550748
433583285
433585572
433613300
433689048
433701322
433789996
433925895
433982864
434052463
434071712
434311148
434522304
434590521
434604978
434703342
434824098
434913501
435066937
435137837
435252565
435751683
435939763
435982614
435985193
436361155
436645838
436662195
436782031
436918431
437059525
437062320
437131814
437339085
437426052
437546184
437689311
437777634
437891928
437904471
438041540
438071752
438075906
438085061
438365370
438410289
438471564
438506562
438631329
438660147
438715945
438722282
438770041
438822622
439287956
439291892
439416159
439567835
439578609
439600753
439611194
439628807
439631856
439907148
440007596
440075430
440094023
440114827
440135455
440150417
440290655
440540657
440662631
440691383
440842092
440880684
440955388
441129788
441841403
442120403
442154921
442344904
442833582
442876640
442876863
442946280
442997948
442998764
443036927
443068520
443434372
443494115
443505445
443773012
443878742
443950735
444181884
444500642
444555054
444790647
444948920
445015501
445042590
445134003
445137820
445176820
445194306
445323727
445332318
445398621
445493428
445785477
445900896
446013334
446016168
446066569
446075047
446218186
446250292
446323727
446877781
446943947
446958823
447002860
447064907
447071283
447190735
447244333
447401489
447461393
447480017
447604920
447647411
447776949
447901010
448063020
448141248
448168283
448196861
448329790
448338184
448418055
448491575
448812614
449068199
449176951
449354964
449389663
449608117
449661100
449686488
449709288
449791529
449920346
449984694
450109574
450302141
450312893
450416341
450438525
450451910
450481485
450625730
450749031
451002590
451254407
451341086
451415240
451472803
451549537
451628179
451830074
451991055
452066058
452476160
452537996
452796923
452852072
452984987
453038108
453318746
453335855
453491914
453588063
453875694
453956811
454007441
454230325
454239412
454335892
454613301
454723097
454749612
454755801
454981696
455235262
455312223
455315938
455338511
455371483
455414314
455501688
455552892
455800375
455899447
456007034
456023595
456039291
456138995
456202558
456400642
456417244
456514101
456613900
456629202
456680330
456763337
456826064
456915343
456998096
457025509
457101671
457112226
457362360
457475803
457530218
457629148
457646346
457696175
457871729
457872751
458170472
458183248
458227348
458572339
458601873
458607298
458610572
458741665
458808488
459042792
459094087
459209086
459211014
459426054
459627016
459643481
459973938
459991914
460017335
460244412
460347215
460372246
460415060
460428563
460639644
460666123
460674582
460790180
460801244
460953799
460955439
460978908
461221869
461523297
461592216
461602849
461606286
461757421
461899012
461996665
462058520
462085896
462088386
462249197
462259798
462356439
462468907
462514806
462617357
462640946
462671707
462701384
462793750
462985104
463022080
463028904
463114018
463132727
463334915
463605039
463775319
463970816
464036799
464042933
464375408
464417791
464434719
464621585
464642236
464683595
464719543
464763389
464885049
464962229
465009066
465009087
465069650
465119490
465123406
465264852
465341130
465391414
465536081
465628805
465648857
465720887
465764306
466123858
466155726
466701914
466862714
466965140
467311832
467462336
467573582
467581690
467690212
467692848
467840755
467862788
467976635
468020314
468188661
468214239
468227196
468294739
468295711
468703250
468860572
468879736
469106784
469159948
469339429
469357804
469504626
469530096
469557709
469625004
469976999
469986495
470027074
470102455
470207088
470229391
470251984
470266227
470280094
470370125
470386554
470512437
470610904
470883654
470904807
470959106
471003058
471010275
471165604
471233978
471354405
471398830
471453936
471488611
471758413
471866095
471903674
472272288
472381219
472383225
472522905
472710003
472712087
472759582
472802085
472925943
473001943
473121609
473138039
473284155
473468672
473738732
473751990
473866486
473872672
473964093
474087368
474143301
474233944
474354423
474403665
474476611
474476644
474609012
474695820
474774123
474791629
474861581
475009453
475024756
475084346
475380192
475400919
475675296
475713812
475848170
475889634
475975210
476127237
476405799
476578644
476652850
476799663
476903879
477118030
477133975
477235862
477245059
477305790
477360304
477455982
477460354
477467099
477562785
477659647
477886278
477920903
477970312
477991825
478303420
478463650
478486533
478618326
478655657
478991216
479038859
479063253
479238299
479254580
479302451
479328590
479355527
479427962
479437962
479506043
479674065
479686818
479761220
479978533
480291082
480465842
480518487
480573478
480592587
480752678
480824234
480865145
480922295
481219236
481389453
481402269
481508727
481527158
481548976
481671262
481743796
481893714
481958266
481983030
482400104
482435276
482476895
482707917
482791884
482891309
483006537
483079419
483087509
483099815
483412315
483417396
483418424
483450137
483537699
483637892
483664952
483918807
484010293
484102851
484103641
484175114
484200562
484267863
484357947
484493245
484597217
484965542
484978420
485252171
485297511
485452338
485482822
485513869
485567928
485574328
485757916
485790084
485892495
485968115
486042936
486091898
486142785
486271657
486361654
486375125
486419869
486465777
486521409
486548627
486561983
486694573
486867452
487217432
487310644
487631497
487722052
487729101
487766991
487975986
488400443
488437360
488474075
488540090
488701597
488762721
488804501
488982751
489553425
489906145
489915283
490059590
490269464
490320367
490335605
490423111
490429709
490500469
490551379
490867248
490927930
491100993
491381509
491460745
491649678
491679354
491693331
491756473
491822847
491828347
491874918
492078038
492386032
492516468
492582711
492625543
492678491
492771330
492793538
492818449
493041788
493063078
493232366
493286484
493292456
493349489
493429524
493435161
493697316
493721708
493752241
493752244
494001213
494209346
494241916
494320817
494474087
494666129
494751838
494771749
494856500
494865768
494892962
494961003
495149006
495620907
495747110
495824093
495894850
496052884
496082367
496214913
496236362
496237924
496337503
496405679
496438963
496448805
496544508
496631955
496716242
496750962
496961416
497022221
497225569
497261068
497319883
497420063
497434216
497459450
497545476
497558595
497630653
497667033
497704823
497779897
497829063
497918747
497940087
497952949
498092834
498197974
498276152
498329326
498386105
498481402
498492167
498706250
498762767
498768252
498882449
498966154
499006660
499235218
499245830
499263549
499433348
499777375
499844263
499942053
500073952
500094863
500186409
500191084
500292568
500296781
500515469
500632553
500652223
500870107
500902140
500949059
500960537
500999808
501096969
501124707
501289111
501332432
501405783
501444072
501470701
501477022
501633963
501653022
501657096
501677552
501720794
501794146
501804272
501964923
502014198
502072629
502100494
502113051
502138715
502185140
502274486
502330723
502395469
502528525
502626479
502780096
502838325
502847263
502863338
503221428
503312557
503367169
503421931
503448041
503546620
503565034
503639096
503677217
503932372
503941134
503966701
503988844
504088967
504222828
504291358
504303819
504481332
504629419
504709352
504737872
504779206
504847180
504871851
504942597
505025542
505124425
505226438
505408030
505517423
505546898
505610862
505876224
505885522
505912010
506020324
506108501
506194997
506302621
506303948
506409639
506552922
506587320
506626731
506711349
506930652
506987650
507061281
507366618
507388422
507448083
507463958
507530371
507594871
507686706
507689416
507752782
507805125
508065538
508151110
508245890
508272217
508360228
508468513
508553684
508622155
508650387
508854365
508939570
508982775
509047382
509069309
509280496
509335708
509963299
510019347
510057873
510088714
510107337
510343072
510469526
510547107
510643775
511275493
511372704
511419622
511463394
511503271
511584794
511618552
511621352
511653105
511658138
511698620
511789438
511805848
511836919
511951793
512005507
512191724
512562235
512566640
512592250
512694829
512756873
512801757
512897767
513046696
513047964
513061419
513061456
513141636
513430050
513601966
513793766
513973975
514039957
514091789
514317383
514394978
514796208
514935217
515214735
515430454
515439119
515440027
515654939
515711897
515783196
516079373
516124119
516576559
516614970
516759084
516780827
516953924
517055075
517224005
517225472
517442456
517531157
517577124
517716807
517726668
517795960
517909406
517945829
518029712
518047705
518052810
518310735
518361981
518377453
518382763
518522631
518536729
518561892
518593427
518708939
518783099
518919077
519014244
519021162
519195389
519252271
519311114
519367593
519369184
519468961
519547887
519660136
519682990
519707314
519856849
520053576
520140540
520157019
520158937
520195350
520221552
520255537
520277420
520312726
520393368
520669339
520732685
520735889
521134040
521465076
521626090
521668363
521989188
522020202
522079719
522164327
522428771
522476922
522570992
522670732
522708068
522780870
522825051
522880514
522914270
523310990
523327985
523345512
523432881
523740449
523924143
523961145
524093442
524099244
524167422
524201428
524210097
524229369
524244404
524342492
524439159
524534715
524593731
524667554
524792436
524920489
524930229
525049810
525166524
525268256
525351495
525354580
525450997
525622977
525633430
525722130
525774952
525906033
526357412
526402716
526533889
526872472
526874993
527235584
527367631
527376454
527401362
527420295
527572165
527600399
527619795
527673017
527959608
527959868
527969846
528105548
528133513
528195696
528399022
528431245
528565050
528911181
529094764
529102345
529173019
529175801
529532037
529564924
529694825
529706323
529781041
529802287
530015762
530016069
530163978
530301942
530331408
530393724
530425392
530439327
530620939
530729141
530734907
531180377
531297957
531298003
531396770
531450772
531693692
531791061
531998928
532112154
532115116
532209326
532256708
532326019
532424290
532510268
532565246
532664641
532715361
532754721
533083928
533136345
533184533
533191269
533219199
533374772
533454818
533487974
533718365
533826134
533894014
533940582
533971381
534013791
534093526
534137899
534271252
534577051
534590320
534645377
534688630
534756113
534761186
534857035
534886504
535023147
535047112
535222224
535252548
535258052
535495726
535561726
535647830
535647869
535728636
535856405
535878656
535902780
536112649
536142821
536197626
536300700
536367670
536447479
536466589
536501776
536573680
536639465
536644013
536813622
536919423
536983343
537142464
537193704
537419178
537498823
537596124
537970021
538007175
538020996
538031781
538047901
538135763
538171572
538220374
538273290
538330698
538347529
538536781
538647751
538670539
538672323
538838097
538860222
538871567
538993614
539025254
539183434
539241408
539517467
539601469
539744960
539820006
540124821
540185510
540212177
540226811
540274207
540314720
540452542
540634569
541148400
541228022
541266034
541322859
541467952
541596462
541629515
541701544
541735905
541762351
541767927
541829771
541888771
541924214
541926077
542389945
542410912
542469709
542611486
543031243
543048755
543284894
543305561
543357822
543609473
543686836
543744866
543763435
543785512
543793743
543946975
544100955
545037348
545066713
545126592
545128272
545196673
545316512
545342460
545382776
545455334
545491899
545661074
545726872
545827691
545839511
545877570
546032001
546038118
546189041
546303923
546577880
546633900
546711578
546780780
546794986
546817923
546829396
546883181
546911864
547120205
547309398
547679400
547680302
547766248
547816853
547818184
547852052
547893563
547901504
547940736
547947768
548024456
548076398
548378995
548393892
548423977
548496573
548722281
548797679
548846575
548865180
548888737
548945946
548950695
548956598
549026258
549048972
549079074
549107042
549107506
549124997
549206548
549381734
549423076
549447457
549461430
549494671
549569577
549570728
549756322
549799303
549827967
549849047
549856752
549862945
549938159
550100483
550101708
550188097
550225901
550518404
550551046
550572986
550589621
550617022
550617504
550786411
550855698
550899072
551145049
551257048
551560070
551651889
551679127
551699717
551728639
551755378
552002252
552032691
552127966
552185429
552391645
552777424
552808915
552861941
552874635
552882634
553175190
553186388
553202306
553315841
553526181
553545585
553585260
553829855
553866404
553981328
554088848
554197275
554236464
554242734
554302051
554556629
554739012
554768236
554847800
555199682
555338636
555349929
555392111
555537381
555548951
555577942
555626376
555670728
555778864
556160820
556257470
556330432
556526215
556726843
556795637
556836779
556841031
556916560
556949680
557172668
557357315
557359146
557408995
557423254
557528947
557600559
557800805
557947113
558058749
558068322
558125075
558147517
558261592
558534154
558548385
558601511
558604744
558750642
559053084
559297173
559333617
559451545
559468462
559511413
559547105
559564804
559652798
559881323
560221911
560241503
560317657
560354342
560374968
560413469
560553418
560576188
560888943
560958655
561014592
561046476
561290348
561399802
561423181
561483299
561512583
561628022
561665024
561753775
562045861
562052607
562139628
562228581
562264308
562274411
562649640
562672268
562710684
562901379
562905949
563124468
563129949
563133283
563168856
563577955
563607814
563787683
563797359
563888774
563997557
564138637
564139158
564265919
564295227
564327517
564361532
564390285
564500954
564504637
564562032
564665083
564687773
565028328
565138198
565178236
565209133
565267439
565501476
565506862
565613852
565821891
565959830
566075206
566092823
566269703
566359756
566371908
566533541
566559317
566655833
566663659
566789542
566928653
567035228
567116399
567204097
567385740
567507159
567569181
567593766
567785234
567802543
567859511
567903028
567961736
568118928
568222698
568309163
568548331
568740273
568808164
568939059
569198279
569562506
569572675
569597944
569615759
569618810
569698283
569845990
569882246
570026184
570038854
570045562
570075542
570137109
570195739
570366540
570431015
570648853
570714221
570758117
570777693
570826176
570917460
570918424
570964939
570988631
570999920
571026067
571083443
571172176
571428782
571578566
571584735
571584938
571649684
571688798
572057192
572192485
572229641
572384813
572416119
572447289
572521376
572615103
572660862
572782683
572970636
573192810
573222811
573227544
573325883
573584226
573606427
573676329
573721347
573963111
573973827
573988076
574396232
574504959
574652889
574658282
574840714
574982069
574987456
575000947
575048083
575124520
575260704
575292831
575340545
575344520
575368360
575805829
575806828
576104641
576138798
576247459
576388147
576519424
576690734
576693793
576782287
576825206
576836239
576965417
577021423
577033879
577193323
577254381
577269265
577432380
577447000
577511615
577553913
577585155
577690138
577905823
578011850
578183328
578199049
578263247
578355602
578498443
578681613
578820389
578932121
579210985
579230295
579283120
579344334
579580284
579695240
579712003
579824475
579997008
580088190
580102587
580163915
580224552
580405803
580558588
580611702
580634083
580729691
580879536
580941774
581015351
581025998
581065529
581480103
581697341
581731462
581744461
581921680
581961778
581971310
581998997
582037335
582148783
582369797
582445605
582596671
582687517
582943816
583262574
583280025
583608918
583653088
583761882
583826132
583894794
584022601
584135512
584261032
584372024
584464210
584487813
584599795
584780310
584814904
584881437
584937282
585054440
585066855
585249399
585336045
585494677
585571138
585661518
585824102
586012509
586072842
586095364
586183411
586202447
586310702
586432178
586566992
586818904
587043924
587117757
587294058
587503867
587537209
587573545
587591430
587627220
587658148
587734720
587747966
587880270
587952579
587989790
588036215
588146784
588429428
588639227
588641603
588752036
589111294
589208767
589245856
589370095
589455234
589726581
589778683
589843989
590004242
590022101
590128486
590208327
590299030
590415480
590443158
590458537
590459640
590495210
590561496
590740252
590860598
590868562
590919124
590957412
591109509
591223373
591246593
591524256
591530376
591561932
591564495
591637700
591879278
591912121
591927467
592164384
592418441
592421899
592497581
592503717
592525263
592548094
592674405
592945025
593452725
593542151
593622445
593710350
593760897
593896295
594355183
594389899
594530273
594567680
594575492
594657149
594914564
594957424
595028821
595051973
595067044
595218379
595355431
595461729
595504266
595531442
595567128
595644641
595724037
595979448
596363786
596389993
596473880
596650820
596669117
596909078
597038073
597079525
597164846
597174258
597224073
597253443
597334673
597349753
597401612
597422306
597470768
597619230
597647551
597720412
597821503
598170951
598191529
598253562
598281007
598285807
598302510
598590256
598595297
598675012
598772119
599085215
599108043
599400409
599468755
599601157
599672302
599689903
599804633
599949063
600190731
600411326
600488497
600496324
600534313
600561799
600637000
600962503
601220068
601291908
601310532
601833155
601920053
601977786
602151520
602363623
602454340
602457225
602595692
602770696
602820352
602883609
603021436
603463703
603469250
603473204
603512689
603531037
603541696
603654487
603725424
603839239
603865913
604604520
605230183
605353366
605493576
605534430
605539986
605630767
605870620
605930919
605939727
606006836
606008628
606071207
606181338
606621931
606633603
606684361
607097003
607166131
607236498
607259045
607262237
607418794
607466956
607487629
607494125
607551748
607576742
607643883
607889031
608085321
608127080
608199124
608204102
608283291
608412681
608503009
608626540
608698143
608789848
609001920
609015445
609102503
609248462
609286959
609492387
609527986
609553378
609663659
609697738
609845823
609937236
610298188
610364584
610667917
610730575
610919906
611046728
611193929
611283163
611467228
611588794
611633890
611678200
612060447
612110152
612276712
612286005
612320447
612334151
612603554
612610283
612673653
612812766
612898682
612921229
613037983
613115492
613390577
613517609
613564361
613569257
613622775
614025111
614053195
614231154
614294563
614351410
614445668
614482366
614485749
614779181
614815454
614922327
614940558
614988627
615055102
615102345
615124395
615292190
615330268
615346284
615356146
615408953
615425025
615459294
615494029
615664999
615766150
615815782
616055376
616469238
616513727
616569788
616680759
616770720
616805434
616835867
616855622
616860934
616871711
617239534
617321645
617429912
617471527
617493208
617508299
617533361
617542807
617711955
617746704
618289880
618474177
618480160
618560572
618823988
618856732
618920325
619082123
619800227
619857039
619952299
619980767
620240735
620309978
620525751
620771688
620881309
620923551
620961503
620969915
621028897
621130417
621227811
621345526
621423344
621429680
621582268
621585263
621604065
621606464
621927913
621972228
622058126
622208680
622427639
622458471
622549815
622611948
622645028
622741750
622876618
622958070
623067093
623186683
623235463
623324026
623374154
623448879
623547843
623588485
623703752
623765968
623935029
623946395
623956424
623967199
624000727
624126186
624162356
624403093
624456798
624531940
624706782
624710090
624712750
624833405
624982636
625190105
625479580
625531908
625610933
625619222
625620873
625621321
625621402
625685295
625772200
625818982
625844878
625942125
626088610
626545135
626560686
626629318
627086514
627121217
627386036
627522668
627522703
627781179
627851514
627877627
627879482
627926010
628012787
628196175
628342307
628346508
628350174
628505181
628510867
628515509
628518928
628539747
628726755
628760310
628767045
628876374
628911673
629006700
629019761
629075473
629183080
629232351
629392892
629443439
629478891
629648317
629689329
629771988
629883156
629888981
629926914
629974712
630060015
630106610
630191664
630268253
630279643
630433834
630463129
630611251
630668837
630690953
630865251
630896389
630907632
631031745
631355381
631360066
631556172
631707432
631826112
631931459
631985338
632130432
632169236
632252105
632329469
632916758
633124595
633224668
633230726
633271918
633573491
633602313
633613314
633702129
633710599
633848291
633946785
634237974
634331646
634387294
634457755
634831324
634841362
634939027
635237871
635326865
635447854
635462183
635557756
635576468
635684109
635728357
635735843
635746420
635752772
635977199
636089645
636144419
636148515
636198973
636263951
636355868
636563783
636605481
636605875
636693378
636826144
636863856
636908522
636926413
637049554
637426570
637514646
637770941
638042172
638389024
638517950
638715174
638771523
638806811
638934091
638956003
639015019
639048551
639093028
639141715
639426638
640049311
640057062
640097576
640172765
640191152
640341101
640383603
640481636
640652248
640781810
640970400
641088448
641182091
641394075
641408711
641459827
641462872
641478568
641507170
641598292
641627105
641862593
641924396
642077265
642097205
642142145
642316074
642322854
642483951
642485618
642577831
642694658
642716879
642719070
643068017
643157381
643167850
643213252
643566291
643631578
643706913
643786174
643923488
643942043
643978455
644013527
644129521
644242514
644479765
644489399
644785359
644890234
645044790
645233401
645291062
645432352
645440685
645512652
645641110
645938738
645985290
646136607
646209813
646343564
646392343
646441948
646455126
646484099
646663450
646668555
646783383
646838313
646995359
647091412
647198611
647418389
647454270
647639320
647829606
647937543
648168567
648417710
648557362
648558339
648593760
648799335
648855717
648906004
648981929
648985025
649132990
649233681
649328080
649380352
649429150
649429240
649441752
649561857
649675091
649751415
650006806
650070794
650073357
650109841
650119329
650183606
650257851
650827876
650882073
651006787
651007769
651200796
651257045
651265565
651643537
652154562
652167955
652453008
652561450
652661741
652773060
652815639
652819538
652870973
652907054
653066951
653128824
653145787
653218980
653227117
653266799
653306831
653524354
653553014
653581090
653965588
653969452
653984105
654067044
654067874
654151168
654201552
654306649
654319112
654418842
654462287
654570508
654576804
654613226
654696977
654709473
654850316
655000578
655011553
655029133
655032361
655047157
655280858
655682717
655695520
655883542
656014203
656108986
656179702
656292211
656303902
656308457
656341426
656421548
656514612
656653892
656734033
656948063
656974061
657329450
657523554
657536429
657687247
657733850
657776022
657909972
658203656
658340297
658389596
658744834
658770040
658791888
659071595
659136105
659327069
659337110
659706396
659707121
659816553
659839992
659866839
659998998
660246797
660301344
660326329
660487021
660554976
660688025
660901718
660915869
661041867
661083133
661182663
661252614
661319770
661334548
661424613
661459967
661620613
661639925
661780729
661799384
661815707
661870489
661875364
661918136
662134060
662160601
662168493
662424422
662442879
662462751
662611135
662751329
662776961
662889087
663095986
663171765
663307515
663321591
663424809
663503427
663576683
663590593
663603493
663690326
663712107
663736253
663894751
663935876
664008972
664042010
664047329
664113674
664307361
664451298
664531904
664698325
664738448
664751826
664788737
664819722
664867614
664905575
664933946
665046920
665128900
665185200
665199477
665445618
665519797
665925966
665989341
666327482
666419462
666662663
666665837
666794418
666853134
666950328
666968712
666970524
667139486
667301250
667481605
667759877
668484477
668532145
668927429
669010084
669135163
669208096
669234478
669293673
669324368
669329101
669344845
669587031
669645031
669714950
669735488
669918050
669985198
670028140
670308377
670340891
670399306
670419977
670601969
670609211
670784405
670878239
670974312
671054350
671073297
671111949
671166447
671257380
671332450
671359405
671465835
671468567
671546937
671629378
671738898
671748366
671812296
671837350
672143148
672236912
672566043
672679662
672705300
672721861
672975546
673111643
673165358
673316500
673387651
673419541
673541602
673781193
673875648
673998173
674159982
674425778
674539233
674543914
674551935
674576361
674618977
674645388
674658897
674852454
674879444
674911665
674967690
675033736
675075145
675172945
675564354
675593350
675776744
675910662
675915897
675972492
676161891
676570427
676854004
676858013
677042848
677083703
677334303
677359111
677416861
677583313
677597995
677654635
677763336
677770540
677778612
678089277
678192612
678285586
678554911
678662607
678811203
678922635
679050194
679115563
679202501
679303908
679554701
679564019
679634910
679648457
679753842
679885731
679926570
680040435
680043702
680107116
680368684
680859859
680922213
681065715
681090785
681289969
681429868
681438912
681730238
681772479
681801643
681890922
682032664
682134915
682146007
682180814
682206621
682209750
682233011
682287768
682296725
682464781
682481370
682586005
682722277
682953889
683186906
683250943
683366240
683455625
683484914
683666968
683693752
683737149
683941630
683974328
684079965
684089075
684093965
684149445
684328809
684345711
684626710
684737152
684811957
684828483
684828893
684835606
684986160
685278011
685325813
685384341
685427174
685564616
685588078
685616606
685693572
685868889
685905836
686010987
686038473
686220449
686289580
686375931
686413127
686552926
686587382
686750397
686771398
686794455
686817195
686917526
686962511
687089194
687124455
687268745
687371531
687381525
687458489
687602684
687722064
687823748
688202236
688222211
688542485
688553875
688739207
688784313
688791080
688863993
688909132
689071805
689074961
689155378
689476059
689784793
690002697
690103653
690320110
690369202
690623308
690697089
690707924
690722140
690723574
690809083
691037801
691064299
691122073
691263774
691480413
691527389
691717470
692165457
692224773
692263822
692314041
692401299
692464950
692607208
692696665
692720707
692766914
692977161
693078994
693185802
693347554
693439938
693482699
693569787
693577545
693670356
693789222
693838950
693864616
694538217
694555104
694809308
694868844
694894249
694997368
695012113
695070716
695125673
695139813
695214851
695269474
695274169
695369677
695387158
695662159
695874325
695893376
696080780
696113401
696396882
696402783
696418933
696439109
696485029
696516793
696561826
696662265
696887462
696932157
697011719
697030642
697073669
697149880
697184670
697228658
697261392
697309998
697350966
697382743
697413184
697670625
697680049
697989350
698028683
698064406
698183002
698222019
698222119
698231811
698312319
698360422
698502050
698771594
698957947
699190600
699268429
699313860
699347393
699465616
699592407
699773752
699921523
700330740
700446987
700475425
700752393
700756838
700768848
701153443
701373222
701377319
701413485
701887623
701904976
701986666
702256376
702271222
702365654
702454533
702528327
702571731
702596755
702702570
702879975
703004545
703013471
703061846
703117706
703222627
703353835
703500923
703640420
703952993
703979360
704074809
704185596
704201457
704315261
704477487
704534052
704760793
704906775
704983615
705165595
705286973
705327544
705645203
705687459
705830022
705869883
705915369
705919485
705939384
705985821
706001081
706091253
706130122
706395063
706425106
706534341
706641449
706650917
706751326
706847406
706888568
707026640
707412610
707479516
707494534
707506313
707540878
707662861
707701119
707746327
707752273
707786140
708078232
708118682
708394542
708617525
708624499
708631235
708714204
708738345
708744586
708831489
708872147
708911388
708916670
709166775
709241965
709253092
709273564
709344561
709408731
709423636
709435261
709443767
709482958
709829545
709876300
709938564
709975251
710011732
710213934
710234624
710417590
710501885
710563080
710563982
710888572
710948882
711116937
711223001
711364253
711426719
711430162
711573458
711687050
711793606
711958479
711984885
712129576
712286079
712395130
712473085
712608250
712912512
713037445
713111361
713113334
713141341
713263038
713272527
713287434
713390794
713411500
713478357
713513085
713515437
713578985
713730984
713746573
713851629
713855923
713861278
713916289
713946433
714032482
714055056
714346853
714828407
715090775
715161317
715216186
715216333
715553409
715890782
716030441
716051271
716083098
716389362
716615055
716634933
716941969
717001429
717020183
717238436
717245512
717258034
717305188
717351979
717403783
717436381
717448977
717623977
717672013
717915676
718049675
718114489
718144818
718549122
718619787
718694248
718821912
719044860
719173840
719215948
719228228
719232056
719277595
719440540
719446363
719859693
719868989
720014018
720263980
720370269
720491463
720571735
720588887
720765761
720946485
720994472
721367183
721410845
721699768
721762218
721877353
721933241
722091338
722188966
722223074
722495226
722662616
722674426
722752470
722813325
722891691
722902485
722947271
723044092
723139701
723158106
723229842
723264998
723574541
723593386
723609016
723675748
723733041
723752207
723820212
723961016
724226049
724229009
724289027
724425116
724439017
724543332
724551306
724851928
724907224
724934290
724957974
725031432
725316481
725599692
725717602
725818410
725845204
725931717
726024339
726072838
726202728
726202945
726244658
726274935
726321827
726457787
726517247
727036217
727110624
727167634
727258390
727263005
727488501
727749367
727754491
727787693
727819736
727983634
728111071
728188223
728293576
728374944
728502886
728532370
728560645
728576099
728600167
728716998
728941359
729228039
729375004
729416113
729600494
729617488
729917861
729966546
730115167
730204493
730247564
730426710
730518158
730659653
730871868
731167228
731183000
731226718
731237274
731237493
731297757
731431198
731501865
731666781
731803658
731976226
732179769
732180703
732343262
732391001
732504359
732506194
732709943
732710664
733158442
733169662
733239084
733339629
733406603
733477220
733513640
733568548
733598338
733610487
733641967
733654776
733654830
733760412
733972848
734001326
734135599
734253972
734300391
734422191
734439410
734476581
734668351
734775002
734901612
735006021
735075960
735185801
735322399
735361050
735512967
735760198
735800132
735841808
735926186
736259911
736326642
736326717
736504814
736645590
736735309
736911022
736914613
737061313
737186620
737280358
737380823
737715973
737794340
737899997
737930833
737947259
737977825
737993445
738073571
738248941
738285800
738326938
738410319
738474784
738525670
738584117
738598011
739363045
739444124
739467080
739658716
739661456
740105567
740170362
740452462
740483460
740500796
740604972
740645980
740650682
740720002
740759616
740780951
740815818
740987200
741043884
741063615
741105832
741166495
741223744
741318235
741448533
741449958
741475284
741791459
741879239
741895842
741968786
741993946
742245507
742699563
742947274
742961430
742976649
743111126
743134016
743154118
743193568
743449754
743647121
743653686
743687520
743807400
743878384
743904881
743958508
744236916
744571988
744576538
744591432
744712115
744918220
744974761
745026642
745041957
745213793
745315877
745460259
745624860
745683338
745702502
745861199
745899212
746006319
746222894
746351812
746357789
746463302
746538193
746543670
746585180
746624437
746686762
746707972
746720000
746746569
747189221
747329469
747470566
747669945
747717509
747883232
748444973
748460755
748522576
748960828
749043098
749250194
749352128
749428605
749450410
749459895
749531743
749769444
749873300
749882129
749893137
749944082
750026751
750094289
750406895
750441784
750472854
750526500
750535824
750751985
750769213
750924210
750926322
751091203
751133051
751438511
751558083
751635335
751643703
751650289
751691400
751705780
751783529
752162799
752249519
752268595
752395298
752435609
752447204
752493791
752700719
752716865
752725473
752929753
753391889
753562482
753641407
753814242
753826395
754204450
754346714
754522941
754570443
754625535
754645022
754686858
755006428
755107019
755353696
755399218
755449885
755671530
755880702
755912984
756022636
756185333
756220915
756324349
756404839
756471452
756544859
756697182
756858128
756965598
757265839
757443147
757453324
757536567
757584359
757596210
757721558
757777504
757787508
757815868
757841936
757861748
758111246
758200191
758401875
758450502
758461596
758519010
758646471
758847653
758927257
758963530
759079975
759086477
759136635
759174603
759307641
759402562
759425014
759535354
759629022
759665734
759728051
759783897
759890726
760041895
760141330
760163028
760240614
760252941
760266129
760372110
760403753
760427796
760527497
760671073
760677459
760852587
760972762
761351971
761391941
761784865
761798236
761904756
761918019
762002473
762154163
762261747
762364177
762369673
762370247
762532844
762622455
762838055
762943983
763087817
763099807
763258176
763424785
763531819
763626666
763783202
764071878
764128503
764150379
764275007
764318415
764347230
764491967
764506720
764564069
764631931
764743245
764767238
764799528
764817466
764850256
765104238
765136622
765329883
765387794
765496183
765527175
765756870
765868278
766128362
766161393
766296721
766415830
766470716
766505579
766616411
766637846
766691821
766760993
766854102
766902266
766908531
767157295
767175287
767215952
767225075
767440535
767535469
767598412
767680736
767869133
768007840
768143658
768306592
768311253
768447074
768454237
768511447
768713975
768798550
768864450
769236899
769367631
769385978
769455113
769531416
769639212
769714351
769811522
769867632
769874820
769927551
769999425
770028820
770147310
770282950
770306821
770339398
770386620
770561345
770726485
770961741
770967201
771236741
771424477
771440719
771532313
771679025
771755607
771759487
771775440
771855445
771867052
771884779
772308849
772570365
772676713
772717459
772809799
772942508
773062113
773112083
773113071
773131079
773183275
773198683
773292376
773706735
773803344
773907045
773952722
773967842
774013266
774202544
774262330
774291211
774404708
774449785
774491431
774544031
774789401
774889173
774891550
775087322
775155972
775277577
775353507
775410343
775425367
775654337
775706154
775767311
775924680
775953565
776024604
776031076
776039255
776165458
776355229
776392632
776408514
776538843
776707098
777023986
777287049
777379967
777478147
777513929
777639792
777734871
777889413
778059363
778061293
778223105
778331876
778981458
779027273
779119138
779183580
779184801
779246178
779408016
779498869
779604368
779617646
779787548
779832392
780106777
780435546
780497626
780507342
780583629
780662382
780760691
780784853
780793028
780821090
780962633
781036741
781064631
781129113
781175917
781298090
781381923
781411835
781467019
781610300
781799407
781895135
782037912
782207859
782257202
782530042
782597405
782650487
782752370
782830858
782924875
783005028
783099186
783209392
783293400
783369883
783469921
783483470
783526164
783660076
783764042
783881409
783903417
783959225
784109387
784117605
784124461
784202535
784267877
784306378
784352952
784435858
784463558
784554457
784697850
784770327
784909812
785013073
785015182
785216466
785357839
785394025
785661186
785686063
785687495
785688629
785691111
786049447
786063896
786070695
786180862
786300780
786426387
786494134
786552783
786554691
786969486
787262783
787318185
787361215
787398427
787497230
787618415
787673446
787732263
787824855
787847196
787899503
787970625
788199727
788362623
788679580
788749817
788974556
789100562
789183333
789283133
789415857
789636818
789653671
789662035
789707141
789837792
789865060
789890222
789949278
789956593
789980450
790040678
790070612
790100432
790251082
790327654
790349050
790503943
790660673
790674839
790878981
790887283
791105963
791302875
791375074
791513284
791629008
791896783
792049611
792084443
792105611
792142320
792197430
792198042
792274363
792317626
792371158
792556003
792748798
792766073
792981055
793127094
793154634
793192564
793573759
793604289
793730523
793804085
793906357
794098255
794326106
794414331
794534595
794580688
794730160
794800150
794926818
794978218
795155392
795182875
795197194
795208004
795237517
795328805
795447364
795484395
795643584
795677975
795829022
795937919
795951486
795980091
796017202
796100768
796159177
796274333
796365523
796369250
796656406
796687880
796694553
796730388
796742983
796880758
796963638
797039237
797090450
797119263
797186558
797245421
797406341
797471173
797478878
797490961
797576521
797595945
797693698
797797533
797837224
797867158
797903271
797914012
798023309
798126843
798152777
798233135
798325344
798359109
798367970
798428497
798474827
798509685
798572882
798774212
798917525
798971655
799056430
799092002
799113437
799203642
799258261
799264368
799498982
799565736
799630862
799633249
799634915
799655606
799773037
799838443
799908918
799928420
800066746
800115178
800136559
800157997
800162173
800197696
800254812
800288703
800604199
800753375
800808935
800825180
800852777
801050783
801055928
801087469
801388056
801410394
801439445
801444998
801463138
801571017
801620936
801697429
801895816
801955224
801956566
802229173
802412381
802644523
802676828
802868060
802941927
803050742
803179940
803182611
803234439
803458261
803469031
803478709
803731457
803801098
803803915
803839131
803912360
803962839
803976178
804041469
804126448
804180486
804287972
804461305
804536393
804570805
804580305
804678630
804731112
804862766
804955535
804967259
805071170
805207029
805226109
805248482
805334060
805641439
805857678
805900030
805987732
806169022
806436925
806477903
806653460
806804196
806955228
807185007
807268700
807283516
807701462
808033625
808254832
808331305
808340046
808356483
808453688
808507404
808595420
808656226
808783757
808787186
808797696
808821096
808878949
808926787
809126305
809211373
809272791
809429866
809527129
809743040
809887272
809924718
809941690
810090647
810105905
810169823
810216246
810227035
810508887
810569926
810679583
810780205
811036109
811095388
811165340
811367975
811397905
811422296
811619170
811647715
811676527
811678816
811686683
811694187
811741260
811939211
812116174
812233741
812496870
812664994
812843498
812873470
812974697
813049729
813099456
813190654
813202369
813718353
813719267
813803387
813931770
813950466
813991414
814043813
814262918
814276998
814322678
814332273
814482354
814486790
814602668
814692514
814901362
815001633
815269617
815347928
815479383
815545584
815631251
815646901
815653571
815722954
815851173
815857719
816004939
816015496
816045801
816054192
816280563
816405057
816500632
816571883
816645937
816682379
816684835
816942205
817005487
817024071
817223694
817577177
817630518
817693759
818145103
818253730
818364395
818507249
818519312
818549700
818589606
818595101
818609374
818661041
819062685
819140038
819195212
819249483
819344428
819428935
819554359
819663425
819715850
820111851
820127633
820217304
820258233
820260468
820421923
820490646
820692182
820755276
820853820
820923496
821008572
821129819
821322202
821369034
821601175
821654216
821657065
821788500
821791022
821906537
821982616
822017089
822209295
822281617
822302619
822318568
822341528
822349082
822370108
822530621
822560436
822563720
822603490
822639498
822657762
822728136
822737367
822745013
822763676
822791932
822841891
822868733
822948813
822974954
823030887
823342800
823363929
823383301
823420510
823453448
823675436
823725808
823976685
824047014
824167988
824349046
824481359
824855396
824914457
824955868
825029631
825045454
825072380
825078347
825240311
825524338
825759383
825829546
825960196
825997089
826103481
826171773
826430467
826515592
826838742
827012792
827199690
827229625
827343582
827375847
827622847
827712777
827755227
827765944
827829186
827954406
828010236
828120778
828276751
828468374
828497170
828582899
828627441
828669591
829061363
829093270
829149194
829159984
829275234
829536166
829809123
829812536
829837626
830054913
830277354
830288421
830291464
830485191
830804601
830913519
831044054
831172397
831227444
831232620
831322422
831357957
831401977
831740714
831754728
831767703
831807305
831964322
832072998
832277512
832350317
832431783
832449013
832734454
833007761
833040989
833045305
833199737
833491740
833515902
833610211
833706032
833718897
833741897
833759375
833825069
833972103
834170731
834289577
834340342
834411502
834677203
835078387
835233006
835299497
835394586
835515425
835591542
836041191
836178622
836347499
836500436
836576508
836604807
836636894
836700448
837180760
837313013
837365854
837471961
837621312
837657303
837684319
837818660
837838205
837879882
837890385
837891385
837975962
837981357
838031585
838076570
838154467
838228342
838260366
838364602
838365660
838461708
838559340
838668746
838703863
838719761
838746484
838821775
838823499
838852027
838918551
839161744
839263780
839316081
839317950
839501855
839520551
839624907
839807069
839839136
839966911
840004902
840170666
840263139
840318545
840365967
840634570
840731171
840810418
840900617
841043346
841049491
841139042
841233355
841267425
841272174
841376262
841401366
841404675
841535748
841580080
841821570
842196747
842487140
842584942
842654864
842658856
843061818
843083961
843111480
843279188
843960859
843974202
844059936
844143687
844145793
844166611
844179364
844368940
844454639
844761062
845221441
845269913
845490361
845493451
845519039
845520897
845524947
845546314
845793457
845898172
845919034
846202864
846227120
846465762
846487784
846521349
846668653
846918899
847043080
847099682
847225210
847299588
847370478
847549000
847566454
847649879
847752615
847811583
847971279
848007474
848055879
848136680
848310966
848444209
848529766
848940783
849014963
849186304
849320903
849335086
849763219
849844069
849885263
849966845
849980670
849990263
850043890
850103045
850113872
850177861
850189795
850343023
850394267
850611619
850612188
850703365
850942854
851076597
851142279
851146138
851174853
851203470
851259262
851460182
851599910
851625563
851685031
851780576
851822570
851838899
851902378
852033391
852110811
852382455
852403187
852448208
852584498
852606214
852668392
852687311
852764411
852873380
853107047
853385399
853392768
853424399
853496264
853558535
853584534
853644708
853673589
853822659
853980885
854002802
854177904
854519290
854531988
854562346
854657467
854945405
855043322
855080956
855122899
855228450
855255635
855301676
855509578
855687114
856040975
856142369
856194921
856237085
856324351
856328951
856353923
856446289
856468879
856533360
856565738
856677013
856721026
857044205
857136710
857211668
857287448
857403506
857556577
857845601
857939283
858052647
858122265
858150962
858179201
858339639
858436555
858578063
858962165
859198072
859212234
859380961
859499153
859588427
859723539
859818093
859918495
859961545
860287940
860397448
860532423
860570810
860583393
860725510
860784372
860791719
860871503
860948565
860958937
860978691
860995980
861100491
861292828
861440216
861446523
861450972
861479839
861480362
861531601
861581046
861755173
861795757
861812158
862245315
862252591
862291491
862340139
862511830
862658926
862660457
862747867
863105302
863139583
863591499
863604943
863658185
863990714
864210925
864313601
864357741
864517086
864639058
864847856
864899851
864928288
865007901
865045025
865091249
865118257
865216525
865280875
865319340
865408106
865641689
865754848
865806751
865874957
866239041
866306369
866483144
866609805
866631139
866681220
867332328
867456708
867577668
867815878
867837762
868149909
868227031
868304757
868352023
868443465
868496879
868522601
868523019
868528523
868653828
869281942
869336081
869735055
869834746
869922914
870033662
870111825
870157969
870162029
870249847
870263408
870320983
870488133
870683318
870872579
871083925
871426941
871490693
871512302
871558221
871590355
871602129
871690898
871803151
871832226
871838301
872006802
872109901
872201869
872260970
872300385
872376036
872423466
872633258
872733308
872742059
872815363
872957633
873085375
873150931
873215715
873291011
873318391
873477364
873523998
873709545
873776084
873791484
873824073
873871716
873915871
873974560
873983389
874053151
874099285
874320343
874345141
874416066
874503376
874531913
874590971
874708375
874711428
874767883
874869572
874873189
874878368
875067616
875089288
875094428
875185511
875206931
875267305
875275024
875312697
875485618
875491535
875494189
875549139
875589653
875719994
875839012
875932468
875937524
876067138
876329623
876391874
876406122
876430493
876794295
877068674
877180320
877248780
877341220
877409329
877460681
877520922
877636327
877676743
877691659
877858492
877875013
878000459
878435901
878475017
878625804
878683246
878955872
878990507
879107460
879299515
879422527
879451431
879489597
879509832
879576574
879711257
879786366
879882276
880067835
880145104
880264681
880290471
880293967
880362043
880431824
880461306
880521301
880608300
880719600
880790416
880795216
881044337
881130126
881182299
881185841
881203993
881236730
881312553
881343803
881398707
881572613
881582215
881982236
882056037
882112826
882122159
882129005
882349005
882358867
882421367
882537557
882563363
882661896
882669837
882685577
882819233
882820961
882838071
882847469
883087410
883242700
883279041
883324211
883346596
883357620
883372935
883492118
883509254
883707619
883736230
883787649
883848333
883917483
883933600
883935477
884195546
884283219
884340846
884438354
884487311
884695842
884759135
885023049
885153003
885227850
885349484
885593004
885594390
885643969
885704955
885956387
886145434
886512471
886757454
886813431
886905429
887600103
887633182
887765465
887844122
887936774
887968882
888219464
888520261
888736163
888750309
888806479
888901733
889003500
889035948
889100692
889403684
889445835
889527871
889529557
889681474
889728289
889890475
890024168
890024264
890059227
890180814
890240501
890298890
890507037
890627605
890737124
890772112
890918949
890985186
891022826
891197875
891247959
891361173
891400590
891416175
891680067
891702172
891767130
891871727
892082830
892145351
892158464
892350523
892541537
892564365
892634359
892915193
892995651
893046632
893243292
893280279
893624188
893765853
893772115
893782304
893868479
893933939
894038294
894182000
894611389
894675242
894715268
894728751
894800977
894806720
894959348
895000904
895041880
895075279
895092512
895108548
895148719
895180723
895212288
895250328
895267074
895602296
895622112
895687545
895693532
895773204
895941699
896047349
896051879
896067051
896112090
896348819
896374167
896383416
896741079
896758910
896770233
896782369
896822610
896822699
897024916
897113238
897178631
897348347
897425724
897501927
897516317
897606342
897853709
897857108
897921608
897997185
898201904
898410665
898449802
898474890
898582260
898591134
898615798
898647227
898654802
898689968
898733488
898810513
899133222
899251455
899270670
899307453
899603496
899748034
899943748
899954410
900042299
900215134
900439111
900579436
900654509
900656846
900705934
900726659
900779582
900925593
901169444
901283129
901298351
901394349
901508058
901544950
901577895
901680678
901761822
901769207
901769599
901837618
901953255
901972095
902023022
902137801
902288800
902292882
902305497
902316362
902480941
902717467
902939412
903034631
903120849
903419559
903529812
903576654
903631251
903844024
903877914
903929226
903956710
904013009
904622696
904704501
904891565
905018804
905160347
905425542
905451122
905648095
905823714
906084288
906272742
906290229
906294648
906403691
906572777
906603466
906697099
906902616
906921527
907366544
907474881
907580555
907825335
907929666
908030499
908058721
908113623
908151034
908269653
908443373
908478531
908703036
908705267
908786008
908842334
908873495
909088683
909137382
909205168
909212439
909300130
909342209
909497818
909527549
909573325
909588133
909695141
909858360
909994478
910000440
910175441
910208751
910216051
910228834
910269300
910282744
910481489
910487149
910661916
910676057
910751006
910845496
910918078
910976503
911002192
911184848
911217428
911370091
911546595
911584810
911691133
911796643
911896501
911927298
912124914
912170889
912205179
912257993
912295186
912342330
912446806
912496342
912519988
912661870
912780415
913027166
913037574
913094807
913110555
913137330
913249514
913519475
913566356
913648368
913834712
913967607
914014895
914044777
914089010
914306082
914318352
914464400
914470593
914503953
914612183
914723756
914787947
914988939
915002001
915042588
915174304
915211316
915354575
915362397
915364117
915395928
915700317
915858214
915880013
915907216
915997252
916173241
916236745
916285552
916421637
916622076
916655561
916763843
916770409
916891602
917081721
917111100
917168428
917171255
917184601
917193891
917466576
917526204
917719301
917758337
917760882
917908550
917909750
917918577
918301218
918498261
918553940
918587216
918759765
918867125
918917036
918936003
919003239
919017721
919113088
919265270
919455817
919522333
919526370
919598769
919609696
919639555
919686347
919718277
919758940
919783286
919795703
919876526
919957379
920101827
920121603
920144481
920375014
920546168
920591812
920634735
920701675
921040098
921068574
921082942
921137275
921178497
921275233
921540992
921590341
921802667
921911645
922007127
922131474
922272986
922285186
922358615
922405170
922434890
922529090
922723961
922860889
922887178
922906509
922920469
922929399
922951980
922993485
923319000
923441224
923453809
923570290
923678517
923746358
923757989
923777080
923862999
923975870
924407271
924679710
924749416
924942147
925193535
925224292
925323973
925348131
925600557
925659147
925700963
925717101
925958691
926146093
926169281
926466730
926577825
926726132
926849753
926854567
926947315
926982510
927098272
927204646
927305384
927348711
927414400
927443590
927501741
927511394
927596018
927644256
927729209
927846751
928186913
928188307
928501860
928539652
928544885
928601167
928738880
928741400
928827410
928926305
929219402
929239002
929395568
929614695
929765428
929771277
929997615
930229628
930298616
930315558
930329916
930643167
930744153
930898004
930967755
931042473
931055524
931094664
931159500
931190152
931347769
931417597
931451989
931671652
931707342
931830002
931860420
931906909
932086314
932088895
932231920
932275548
932441288
932478000
932481883
932559559
932764343
932827770
932888349
932901909
932964935
932971533
933048247
933161145
933269822
933458613
933884981
933937607
933956313
934082387
934165441
934261843
934383796
934552280
934588831
934631350
934830036
934972362
935149436
935311835
935587580
935730580
936140594
936194753
936452352
936629108
936735767
936946655
937026253
937162636
937529406
937580026
937586737
937617921
937916816
938027491
938042154
938080865
938240398
938350316
938493398
938939165
939015210
939122168
939213462
939265422
939287334
939319821
939386069
939486393
939517808
939534106
939559514
939601549
939670226
939955340
940003486
940060122
940077144
940131439
940218769
940297052
940308338
940465310
940479828
940598006
940972886
941027192
941050054
941126408
941621283
941623416
941642640
941657944
941723728
941741170
941758312
941927993
941952315
941976856
942052930
942064213
942176784
942231820
942314513
942336838
942547218
942601156
942713736
942928105
942991475
943009739
943048914
943148346
943174222
943270756
943366287
943394021
943405828
943409132
943486295
943504824
943692207
943695713
943786830
943788612
943999007
944091129
944313917
944317356
944339333
944346284
944388452
944398068
944412941
944441902
944752064
944798421
944801743
944878405
944882764
944897680
944924520
944998896
945079797
945104857
945268508
945437314
945469387
945516753
945541986
945673039
945723951
945915121
946050817
946195347
946371886
946380492
946465553
946523697
946739301
946753660
946759085
946764372
946797235
946994998
947113035
947136756
947271793
947314022
947346544
947684116
947825541
948035390
948122997
948215094
948247147
948309433
948539466
948551998
948743228
948761764
949047528
949093022
949114887
949144519
949162165
949303094
949455386
949535444
949651256
949695061
949782141
950160236
950564941
950586422
950650742
950799441
950903522
950922163
950931829
950965532
951034173
951107398
951198129
951295312
951403232
951455295
951774608
951784767
951824701
951838222
952009530
952063807
952308342
952427407
952514656
952797703
952929359
953102988
953166996
953250129
953284790
953457126
953491469
953571537
953773736
953787581
953791885
953813262
953885351
954495067
954510991
954624404
954664477
954706741
954770282
954788288
954832952
954894408
955021625
955030479
955265672
955420787
955474383
955477165
955525315
955562048
955798007
955884149
955971987
956094424
956126772
956241666
956385568
956387458
956422124
956603292
956608818
956620094
956756995
956852718
957087295
957100459
957284460
957330133
957405018
957467387
957570104
957591213
957782411
957816264
957822689
958127052
958395638
958519054
958538983
958616887
958620985
958649316
958651660
958688380
958904719
958937935
959021082
959110311
959113862
959209657
959236233
959502783
959712076
959739742
959914904
959924542
960094135
960138878
960200760
960209119
960528938
960691912
960718790
960751548
960779612
960805083
960816638
960960339
961156004
961490262
961505070
961508774
961696847
961734880
961881640
961997491
962337190
962391622
962447656
962579874
962614686
962634187
962767580
962937799
963074997
963110320
963165127
963166896
963319051
963351141
963367584
963397846
963576943
963771233
964173745
964207985
964392056
964519498
964562986
964572079
964587501
964631528
964641301
964804755
964843960
965026536
965250014
965271531
965383182
965812951
965894264
965923775
965925538
966077008
966205515
966284799
966314142
966423962
966575090
966580313
966745619
966745867
966934633
966989072
966989320
967089337
967158959
967171652
967714946
967792953
968116503
968152733
968158131
968340686
968357844
968480368
968714789
968787981
968844104
968875996
968974436
969397763
969568119
969673938
969685415
969814967
969997462
970006394
970070151
970146452
970221067
970267096
970274783
970346379
970389696
970472739
970520959
970538443
970547497
970614649
971018784
971185094
971287976
971341699
971367592
971402075
971742166
971860201
971881944
972043912
972317330
972321209
972352942
972494476
972513183
972753345
972833925
972880073
972941390
972963695
973006613
973064258
973142360
973500727
973575782
973593141
973674608
973777925
974147136
974171386
974431717
974456240
974485798
974485938
974518997
974538973
974942170
975110411
975156516
975182211
975193225
975246824
975387221
975446295
975991637
976525589
976725017
976794267
976847389
976923783
977090352
977304437
977441932
977594245
977601533
977619427
977635827
977713804
977928632
977987150
978113404
978318956
978351531
978422508
978496445
978539836
978557949
978775487
978786413
978802926
978822337
979184772
979294706
979442468
979620704
979879626
979893177
979984473
980095388
980095604
980174189
980244995
980255420
980371867
980375748
980579707
980675162
980675210
980908289
981023955
981087077
981361488
981409415
981767360
982082552
982236697
982336084
982981101
983172505
983406668
983543160
983781324
983884737
984068971
984443044
984461163
984478365
984500434
984537513
984690380
984700123
984766568
984944988
985055678
985126013
985210508
985315732
985391112
985488607
985534911
985766209
985905052
986015963
986181495
986252299
986266498
986623260
986706302
986754330
986830335
986833093
986996471
987052084
987204335
987232977
987259598
987262540
987308613
987324316
987379456
987385658
987550048
987721608
987732165
987779284
987858324
988124493
988158154
988187780
988214139
988319676
988477149
988530375
988560599
988745711
988954959
989168399
989360175
989366136
989568262
989605801
989632169
989805986
989907581
990000491
990058847
990128112
990135040
990182242
990198925
990283798
990367772
990732980
990797201
990800151
991019270
991340520
991375517
991529877
991635920
991682625
991689858
991764609
991848357
992121058
992198472
992305425
992510605
992577790
992597334
992663438
992725236
992860724
992871587
992894498
993030700
993195820
993712471
993792083
993812192
993835079
993887011
994159030
994162470
994296768
994298195
994347219
994353062
994479202
994639349
994678144
994686020
994707221
994713825
994784859
994810324
994830621
995025850
995153283
995205053
995322694
995329877
995380799
995388070
995424721
995482574
995513588
995661413
995847931
995929410
995934759
995961611
996399523
996545447
996613153
996678427
996709163
996853591
996898450
996953395
996963623
996966600
997211110
997320883
997330458
997360784
997579670
997624189
997690383
997739183
997748400
997864034
997978519
998553396
998591684
998712188
998738583
998784314
998990024
999205267
999263482
999301802
999658439
999659813
999778455
999907265
999964896
