59320
79629
609593
632119
807751
910594
946402
1068088
1089743
1186420
1244224
1254645
1293873
1402124
1548361
1595251
1596593
1737602
1793618
1848287
1974060
2070135
2347357
2407435
2426469
2565323
2707620
2849858
2861042
2958048
3015432
3106753
3150970
3214414
3375133
3448416
3484738
3569827
3621521
3664133
3680983
3816090
3956278
4097796
4252282
4317313
4363009
4465299
4588997
4731182
4809922
4877543
4937756
4998232
5226997
5281401
5323906
5335212
5538199
5601380
5706367
5794302
5893696
6115387
6162381
6245124
6317416
6326233
6395823
6624510
6651871
6760201
6790553
6824901
6945009
7040415
7141176
7297374
7363308
7382854
7494750
7582838
7722242
7800600
7817459
7854582
8034962
8161180
8234088
8339471
8389836
8631103
8729389
8879946
8953686
8965510
8980524
9018404
9142069
9307078
9471650
9555213
9636137
9896414
10118980
10548076
10566079
10682973
10906385
11040818
11058147
11109843
11197454
11264572
11302348
11363859
11446793
11617224
11712206
11860273
11932922
12132379
12162451
12517989
12649210
12659585
12716091
12779397
12801361
12807184
12908108
12920470
13198218
13738271
13816558
13932194
13938003
13965496
14093612
14109837
14138713
14280435
14301633
14486361
14584073
14608196
14661977
14689793
14734018
14997962
15168510
15283152
15297043
15324735
15892787
16006013
16011394
16391273
16417519
16419809
16424746
16429911
16459434
16840761
16936615
17039197
17154805
17402712
17412355
17414239
17448774
17455537
17485631
17527910
17529182
17604923
17661698
17731608
17760151
17915084
18030586
18073674
18125102
18183999
18459549
18514122
18704179
18778221
18900759
19025015
19111037
19154765
19157357
19234615
19314747
19428295
19461216
19511447
19520578
19530765
19607659
20023405
20302591
20364432
20437792
20454422
20589377
20825169
20947070
21138360
21243285
21290072
21477374
21585662
21720302
21802730
21890616
22125148
22215653
22250360
22536033
22715480
22991363
23044441
23073249
23135564
23223759
23235600
23393774
23919155
23948111
24074648
24332008
24558028
24638600
24670521
25157575
25244276
25254161
25294154
25346750
25399789
25400989
25420150
25467725
25588787
25613622
25637309
25641708
25755587
25780589
26107945
26128321
26143939
26168967
26244419
26273851
26327856
26360855
26536237
26686586
26742636
26843307
26855896
26920099
26925176
26926837
26986898
27029514
27060141
27111649
27113828
27183239
27238591
27331569
27338539
27413835
27483625
27605915
28016766
28039424
28445608
28445747
28587818
28603594
28772267
28953185
28966057
28975129
28983422
29067736
29169334
29260818
29329486
29352437
29367002
29533751
29547868
29585851
29828559
29926286
29944855
29967751
30557532
30672473
30688406
30688976
30699902
30752225
30947306
30976128
31028696
31162023
31334264
31378181
31586224
31599355
31715726
31771558
31796835
31836762
31954716
31978436
32040932
32125974
32293004
32461915
32653512
32786335
33022142
33040181
33237068
33385051
33579349
33581283
33591281
33740416
33887071
33905774
34033017
34048422
34115879
34117418
34171586
34243490
34393932
34422021
34464969
34504136
34809196
34987917
35046323
35064204
35094565
35108205
35220612
35257920
35323263
35415523
35534397
35580009
35583421
35591329
35768296
35768319
35858951
35924910
35977066
36016487
36034879
36249533
36465525
36497548
36544615
36610392
36725025
37017468
37069549
37224405
37349079
37368568
37495179
37744539
37794502
37846231
37887308
37904413
37958964
37972781
38294596
38306439
38544270
38622875
38629970
38656197
38666545
38704031
38779405
38893187
38896376
38958590
39027642
39245047
39255359
39258605
39357236
39360314
39481448
39499130
39586757
39590793
39596666
39803680
39930048
39932937
39979561
40360328
40421623
40560804
40623558
40643104
40744722
40821368
40907774
40916125
40925060
41168018
41201937
41311433
41335903
41395009
41497586
41581566
41583822
41701354
41744904
41809497
41846780
41948174
42084225
42106343
42315586
42600327
42628741
42762990
42772881
42945633
43097309
43160022
43360727
43473127
43555096
43694691
43761552
43765810
43829680
43853253
43895252
44053345
44215066
44373351
44668853
44704892
44731411
44748876
44759167
44850237
44867078
44897382
44987950
45182407
45760959
45843535
45850032
45906115
46078823
46126458
46148069
46234194
46239710
46526028
46628135
46699500
46774240
46871554
46940135
47151799
47162086
47274821
47298927
47316168
47573780
47653442
47660203
47841018
47917040
47918051
48125242
48404313
48422218
48663170
49119902
49246930
49832554
50081428
50161263
50300103
50301555
50468201
50504217
50622648
50797666
50798373
51119750
51270785
51621429
51654688
51802192
52048858
52128662
52133033
52239342
52354211
52354492
52386004
52526691
52578615
52685608
52878080
53020570
53043413
53085351
53185071
53459657
53532955
53535345
53542810
53653344
53695382
53785350
53806528
53811118
54005651
54201279
54213819
54260289
54371937
54676621
54687869
54772683
54779459
54827829
55131679
55139266
55241770
55468728
55477424
55552923
55940248
55951117
56197045
56275668
56353214
56565013
56654860
56705205
56731784
56744219
56755490
56909364
57035781
57102172
57173086
57188892
57256652
57293804
57397332
57434363
57531110
57793012
57906229
57917219
57970414
58014419
58047012
58419703
58426058
58761805
58860031
58935436
58992197
59162494
59288053
59300609
59442263
59447355
59533670
59566544
59657877
59779948
59780267
60139496
60245520
60251461
60272629
60305203
60392796
60394403
60458695
60501887
60734372
60959712
60991507
61010296
61041472
61301114
61361861
61392396
61870575
62029016
62031769
62090328
62122890
62227256
62459908
62676577
62793769
62890092
63072076
63136662
63155089
63214658
63284997
63395453
63399593
63473528
63502631
63631234
63777109
63905570
63955824
63969696
63996842
63998137
64034974
64092340
64211113
64249176
64275391
64287977
64350513
64532179
64582888
64638993
64947001
65081763
65154518
65166107
65208897
65258383
65296662
65341776
65368758
65394721
65545562
65565918
65677432
65716479
65855201
65855836
65909073
66056494
66498542
66513562
66630523
66664681
66810542
66864277
67000258
67069573
67371632
67680503
67778683
67844711
68122876
68260393
68335921
68469692
68479188
68493649
68637495
68650529
68681086
68965714
69087750
69374334
69542794
69542935
69604262
69673714
69791263
70105666
70145316
70207749
70356648
70365458
70454369
70597791
70695663
70745822
70977909
71038851
71331613
71424737
71543241
71847987
71978103
72038319
72054094
72119723
72220835
72231209
72319050
72429007
72435025
72501394
72601833
72848264
72965401
73109635
73239801
73307919
73390956
73419929
73456208
73601675
73728662
73768982
73816661
73822339
73934682
74115982
74236794
74245968
74514421
74520172
74612787
74708469
74727163
75001942
75047696
75179189
75380874
75469325
75541395
75630556
75905332
76019825
76154402
76276525
76292696
76361707
76406195
76413174
76558008
76603555
76639050
76645899
76978640
77063901
77337384
77387280
77540325
77675585
77704979
77766093
77920418
77933751
78042070
78105293
78137582
78236911
78238608
78273343
78479266
78488842
78705293
78752043
78961507
79036880
79237368
79361729
79395064
79719665
80128826
80138121
80237910
80292978
80315765
80412540
80514368
80529010
80557550
80568053
80767726
80971028
81165749
81259812
81260088
81419616
81421763
81460539
81527960
81671663
81825227
81913477
82081939
82083597
82093475
82119744
82165386
82209986
82224643
82257067
82359143
82540357
82677085
82882234
82943298
83002085
83181492
83251282
83348283
83486338
83696376
83754237
83789726
83795476
83870346
83879685
83922751
84018708
84030602
84047372
84095298
84622555
84646905
84705517
84715269
84779629
84791768
84942140
85006253
85034388
85050198
85254206
85350275
85547348
85574943
85613222
85636400
85760697
85764883
85793076
85819314
86008945
86167773
86170710
86247058
86249767
86298212
86333753
86372626
86430662
86557311
86663150
86671888
86730290
86791050
86816922
87053573
87055343
87093372
87101885
87187382
87263387
87283096
87308240
87498453
87707863
87902696
87941780
87967541
87996565
88036359
88149825
88212767
88296975
88386618
88433009
88499880
88774571
88808495
88933510
88960004
89032641
89114811
89197642
89206278
89381075
89425402
89426192
89605184
89768066
89819342
90038080
90140951
90175829
90200541
90213238
90469091
90591315
90860952
90997015
91147573
91238517
91534094
91765820
91777431
91792367
91812825
91992770
92025472
92049519
92209813
92251921
92397441
92427532
92458090
92697794
92734887
92884284
92925508
92974762
92985543
93097374
93124834
93170100
93221630
93263813
93375319
93436133
93453175
93601563
93665483
93806422
93828748
93880420
93930910
94023163
94185208
94607009
94652348
94681842
94735365
95029920
95066846
95170797
95186952
95209828
95212070
95348858
95402696
95461132
95511479
95716975
95720921
95935368
96231291
96299125
96388348
96533415
96722907
96867320
96921643
96958161
97047293
97220809
97236936
97322826
97370816
97454073
97515260
97652282
97725932
97731163
97822972
97952792
98006183
98026295
98050411
98085521
98223001
98225252
98226283
98535749
98589556
98771841
98791006
98801521
98930491
98940640
99027298
99071534
99078126
99116244
99355596
99445684
99528411
99633026
99664951
99771500
99801625
99830370
99885495
99909787
100105739
100278678
100281532
100304037
100392175
100433138
100494687
100842689
100931055
101023993
101043744
101162595
101165337
101240898
101324471
101433445
101433632
101689720
101740291
101914472
102014362
102093915
102307655
102405830
102497715
102520601
102535711
102556113
102684433
102713100
102781602
102860475
102900404
102945858
102993443
103138846
103216665
103316146
103393651
103487826
103600225
103700054
103732013
103792658
104427772
104428403
104595494
104737420
104737781
104752162
104926840
105096494
105292599
105339985
105544373
105723909
105757582
105827265
106287790
106341733
106637663
106733656
106774394
106829843
106853977
106876969
106945508
106959323
106967114
107004109
107018456
107037271
107149820
107170075
107224338
107416728
107455366
107546140
107610780
107697305
107724639
107814584
108089800
108154604
108230966
108353921
108487311
108672087
108774865
108776767
108868527
108926527
108996308
109052374
109241576
109261088
109441631
109449878
109566581
110057005
110306182
110407210
110473777
110501382
110560200
110654307
110916856
111080113
111120773
111121224
111227255
111283341
111296684
111430651
111523662
111713880
111824216
112112413
112149984
112279342
112606806
112731785
112745978
112854510
112916918
113068761
113075806
113105893
113194614
113269730
113278082
113324027
113747357
113803998
113820242
114091401
114261977
114302119
114366530
114599628
114875225
114876453
115076386
115694390
115929176
116003013
116033167
116128730
116170760
116245742
116308173
116353077
116385355
116468098
116497805
116536830
116594672
116728178
116748054
116788427
116900888
117029832
117113272
117181665
117246564
117558390
117599007
118095581
118152628
118190305
118192431
118347919
118361200
118426561
118493158
118705280
118726712
118735514
119217000
119244838
119361871
119507790
119594193
119747130
119869060
119992011
120073813
120074652
120093867
120176027
120322289
120503407
120618895
120651703
120767271
120805790
120817617
120832499
121425631
121523015
121595461
121635368
121918783
121960683
122039836
122111808
122154887
122264570
122424535
122519780
122521688
122555743
122672243
122688775
122822827
122868815
123121514
123286412
123342088
123433356
123440552
123513694
123525019
123531544
123539872
123561417
123725600
123843484
123942064
123946713
123989447
124103611
124164359
124345576
124426669
124523150
124579088
124647764
124658021
125021850
125161529
125312968
125354530
125449637
125572384
125645018
125683042
126037895
126071796
126290343
126380359
126435110
126527114
126577347
126635933
126650588
126700108
126723522
126942801
126997532
127134484
127199834
127212479
127223111
127249535
127448221
127564600
127624941
127673829
127693986
127782751
127836540
127861806
127913652
128004624
128109349
128133980
128174943
128180491
128215054
128215796
128322344
128358355
128581683
128591139
128821254
128844335
128882576
128938946
129124763
129153131
129163031
129246852
129369186
129394664
129480837
129570146
129641118
130169295
130474455
130509575
130741987
130792071
131001205
131051518
131116657
131280781
131396094
131633984
131673193
131742847
131773872
131968019
132197337
132264277
132464608
132540887
132643960
132747844
133019823
133142058
133176917
133184607
133321905
133449032
133480305
133772855
133928993
133961380
134005872
134040492
134094877
134187037
134269294
134359560
134417907
134422015
134472737
134477885
134645774
134966344
135002640
135032068
135047403
135087094
135252261
135491054
135584331
135604335
135717724
135737864
135976285
136283917
136323173
136528915
136764321
136841555
136845507
137181124
137188303
137204889
137305580
137384131
137493942
137572461
137641016
137663030
137706370
137735759
137907567
138098328
138138072
138176756
138192257
138306217
138341035
138503546
138506902
138527870
138546651
138553496
138570072
138617168
138662181
138794230
138957755
139240444
139446985
139555152
139670406
139904188
140170375
140183706
140268811
140285314
140377615
140379201
140754902
140757958
140856545
140877241
141172450
141296797
141300371
141365992
141375387
141447626
141638621
141676043
141754850
141791794
141975301
142174908
142260977
142430905
142499463
142506804
142514886
142572113
142842277
142856432
143040884
143104454
143241355
143282607
143302036
143410292
143610142
143683919
143798397
143826318
143851916
143938371
144051244
144066974
144804960
144900103
144934146
145032468
145285184
145323397
145405937
145702120
145762257
145790970
146011284
146285776
146391086
146590662
146681694
146749257
147281682
147363654
147542650
147616026
147651575
147866839
148074427
148075451
148249616
148396573
148437939
148642891
148694318
149080539
149102643
149108215
149118070
149484142
149537826
149684013
149795051
149804360
149810217
149820718
149925309
150217375
150237480
150580253
150585389
150622766
150660325
150754220
150841933
150976423
151024829
151140527
151167568
151254943
151260938
151275125
151275936
151298735
151370363
151427098
151569579
151615767
151873919
151992558
152281147
152308190
152413764
152691383
153081102
153096741
153240923
153402269
153427476
153579180
153814149
154072183
154108978
154325935
154349178
154447250
154597204
154798175
154841556
154873499
154896665
155054001
155131353
155237738
155279647
155329383
155471089
155631999
155819155
155920799
155982772
156039412
156154705
156527355
156899383
156976140
157028901
157071203
157133264
157209984
157596956
157753447
157912052
158202773
158247135
158346652
158358042
158673161
158858334
158876062
159052685
159063842
159093471
159213332
159221988
159230112
159308050
159515841
159713803
159716889
159846676
159922660
160084411
160105272
160126115
160214186
160272272
160286628
160290929
160426656
160452093
160499655
160563652
160613980
160694954
160710684
160887167
161072959
161097143
161189559
161191229
161284889
161392137
161540766
161634792
161751616
161814573
161836474
161902625
161939348
161943842
162000889
162034016
162253922
162272664
162303011
162303234
162357376
162565448
162644336
162770503
162777448
162892356
162918928
162990833
163013310
163040230
163063540
163128004
163350122
163384504
163403476
163466248
163468466
163611394
163755668
163900155
164169310
164349589
164423097
164468979
164567326
164583196
164704879
164902789
164964376
165047540
165130722
165424727
165437409
165440247
165545381
165644753
165649360
165686521
165826511
165938616
165961920
166096673
166469962
166470225
166495610
166897585
167155961
167211639
167315482
167329780
167423565
167442293
167660903
167967128
168032273
168070147
168205545
168366153
168481550
168532343
168722886
168815239
168838632
169078353
169190550
169211309
169242895
169397616
169435471
169579647
169624698
169761932
169904962
170121278
170155474
170434276
170592679
170971753
171015995
171025386
171131147
171252981
171253734
171378446
171456939
171470651
171506846
171640908
171654297
171686867
171971929
172048863
172155901
172199628
172320156
172448525
172515581
172521228
172783282
172815401
172831245
172869396
172971588
173102123
173178854
173311041
173328643
173339597
173394875
173400460
173414967
173514047
173536503
173806935
173903039
173917699
174018395
174231166
174363238
174394158
174456283
174473941
174844902
174884060
174921116
174952331
174982863
175070875
175080784
175169850
175353550
175434723
175622688
175646235
176030381
176153669
176194269
176261911
176289113
176295262
176599309
176611311
176636622
176692787
176740569
176847593
176960262
177042885
177063250
177073725
177074906
177352443
177440924
177748194
177757815
177899381
177907503
178005432
178147620
178277101
178281593
178433381
178480602
178515909
178645029
178660768
178730796
178784921
178885818
178938959
179071987
179075514
179078890
179110607
179129539
179265917
179281105
179296622
179307626
179379912
179381490
179398185
179418204
179465078
179467876
179506838
179529313
179757325
179828367
179943873
180152658
180160385
180268783
180385091
180680393
180967104
180986562
181059190
181131181
181145311
181169367
181262019
181369028
181494358
181504210
181732603
181963724
181974662
182068364
182079936
182190960
182194008
182225972
182341064
182346759
182460339
182637322
182853384
182855874
182894899
183073998
183146201
183282788
183399302
183538224
183755547
183791568
184064978
184085832
184137014
184163109
184290217
184343263
184515980
184623563
184835641
184849823
184942489
185013538
185021746
185559921
185582759
185629671
185720057
185759459
185795848
185867918
185946536
186045477
186077810
186093700
186146361
186447383
186468849
186475448
186475514
186509069
186519727
186618608
186720366
186821486
186873756
186884967
186897850
186940439
186949332
187080169
187099660
187123790
187240285
187275810
187341555
187342710
187443347
187583918
187796237
187926669
187931525
187936042
187976994
188310593
188382659
188443220
188537249
188541708
188558178
188628182
188745026
188774678
188775281
189002782
189007493
189197993
189267074
189300602
189338924
189428442
189432103
189558688
189587066
189592396
190075638
190170865
190171730
190219922
190295696
190360942
190448047
190460393
190470372
190487853
190555647
190590938
190840730
190895365
190915623
191008362
191201573
191296606
191399668
191423073
191455275
191505506
191541920
191637691
192064985
192549350
192561892
192717607
192858659
193145149
193236077
193387880
193424078
193728195
193740674
193757173
193802608
193874277
193957704
194018515
194067707
194070105
194442475
194447939
194747724
194811500
195103001
195173993
195250509
195270855
195563800
195734657
195739875
195742875
195809839
195954151
195954515
195967619
196318370
196355224
196491295
196843906
196985341
197006257
197053264
197200455
197293908
197634654
197820695
197992220
198020202
198027322
198065839
198072823
198194148
198436652
198564135
198572092
198723799
198844134
199078552
199093039
199167963
199177856
199230158
199239580
199267216
199285557
199335699
199450450
199713389
199731999
199797970
199890032
200087866
200223387
200271216
200488182
200506547
200734608
201106796
201321419
201383540
201515845
201612141
201998136
202112360
202115279
202262991
202396049
202571831
202675155
203024060
203252394
203282749
203309377
203334463
203862439
203942483
203963461
204411134
204527493
204713649
205089621
205140749
205171185
205173225
205252580
205343482
205346627
205362943
205371204
205444686
205608777
205840485
206026889
206067734
206288315
206429353
206430809
206442304
206556785
206676997
206960554
206973363
207211032
207237467
207255913
207282105
207317168
207480687
207493560
207495953
207845140
207867710
207871926
207923273
207950454
208023407
208273236
208283544
208381098
208412021
208530659
208674826
208677653
208772559
208917421
208947622
209020968
209119979
209150042
209170711
209232397
209273117
209394912
209502115
209806869
210079850
210135797
210287844
210544160
210640884
210772690
210933825
211135844
211161712
211325276
211405652
211459704
211468409
211687570
211856010
211881894
212321684
212362376
212368899
212434582
212466176
212558698
212684465
212731501
212776386
212854221
213280041
213335764
213406597
213464125
213522569
213529189
213631673
213657376
213770996
213865251
214017106
214030800
214053910
214380293
214396983
214411062
214440175
214466286
214567543
214667153
214729487
214735424
214853817
214960879
215086624
215122384
215161279
215351516
215373606
215545470
215799513
215802258
216059612
216272369
216421924
216572397
216593403
216643863
216817764
217130287
217652138
217771439
217786518
217867091
218395011
218559431
218608139
218633640
218636601
218670577
218690358
218814119
218914153
218997018
219001574
219147362
219465915
219537944
219696221
219721020
219727132
219741944
219956513
219992507
220038784
220270921
220288810
220331763
220421253
220487367
220555251
220838319
220866183
220934265
220958171
221059360
221089409
221100156
221116808
221119560
221306738
221321975
221493833
221501659
221581724
221609536
221691077
221699496
221767140
221800611
221802575
221828562
222162164
222224612
222253171
222371457
222471061
222557000
222637982
222647503
222681913
222777157
222915447
223263223
223316719
223325393
223388914
223435368
223531863
223534437
223540321
223608924
223641546
223713111
223715238
223788404
223851173
223882545
224057147
224075749
224096833
224304409
224339775
224513043
224533956
224625495
224892941
224952162
225050387
225093533
225179869
225565890
225743765
225774182
225801793
225990822
226070402
226103188
226388695
226391437
226564172
226698199
226733928
226767070
226799130
226833383
227006602
227217570
227341325
227501702
227557011
227618350
227666600
227672046
227716693
227739274
227875071
227986403
228032940
228103848
228325510
228480527
228556890
228564571
228622253
228668561
228711969
228723748
228813822
229062460
229530533
229537072
229599511
229662904
229663929
229696414
229704528
229934884
229937276
230062176
230146986
230277504
230444806
230539848
230590813
230613331
230632142
231483891
231489831
231490238
231880013
231970744
232077996
232135482
232172152
232407839
232408109
232478174
232485596
232550826
232641624
232835076
232873417
232914778
232926131
233002067
233044682
233087430
233087574
233139046
233154516
233154947
233211404
233243969
233306151
233335464
233387742
233433810
233535445
233677072
233700878
233706852
233769803
233787939
233900223
233993543
234022184
234160959
234248809
234297296
234355023
234380670
234399302
234413466
234428917
234475774
234762590
234835979
234858093
235018663
235260873
235327585
235373827
235466472
235493317
235548921
235877105
235880357
235884128
235885360
236095778
236230051
236316867
236318589
236416252
236481711
236560603
236583734
236683263
236720943
236993822
237068887
237142957
237368803
237421258
237555713
237558394
237851408
237888391
237950129
238089129
238355803
238380340
238591276
238695707
238704393
238708244
238732746
238823839
238824126
238828664
239182828
239215276
239304659
239611046
239632252
239951137
240026827
240106875
240107595
240215722
240268536
240383747
240388524
240527362
240668112
240712028
240742059
240880471
240920447
241077684
241116780
241276702
241560701
241562010
241694010
241814627
241901633
242093786
242308928
242371210
242397251
242611849
242782647
242864750
243002532
243120180
243153094
243448108
243541628
243595333
243634964
243713673
243854658
243880763
244002494
244038786
244070459
244382541
244417748
244420354
244440268
244521630
244626586
244657922
244697790
244893081
244922971
244932857
245184429
245230407
245441380
245565429
245592967
245595721
245908548
245952962
246070716
246255647
246336108
246354232
246379128
246380425
246502873
246626189
246774126
246774147
246777092
246823003
246853710
246948639
246958306
247016128
247057388
247109666
247134007
247299785
247369698
247414921
247468311
247563679
247569165
247672243
247808100
247841518
247870289
247930035
248005903
248038532
248054160
248087637
248118141
248135143
248254200
248437598
248517338
248595377
248669722
248690529
248722936
248728392
248966617
248969055
249009413
249096974
249265192
249431469
249435363
249496805
249532743
249566491
249778742
249794855
249874793
249918399
250120007
250477298
250487898
250498930
250934446
251005948
251131034
251132800
251215384
251339060
251422389
251455340
251474230
251643415
251662109
251738906
251876986
251986716
252006318
252048230
252050438
252189522
252221490
252242711
252254299
252557740
252600913
252644662
252888687
252910983
253085998
253139911
253261980
253310470
253440932
253494056
253671661
253672856
253736457
253965015
254066813
254089930
254393096
254538015
254688884
254764590
254834765
254872708
254908643
255200517
255210650
255217517
255258317
255331902
255476521
255492662
255500821
255673754
255920797
255983408
256051305
256318204
256737673
256775852
256820951
256857177
256893222
257033451
257060051
257171508
257174019
257180100
257243300
257280081
257348794
257355173
257375891
257397121
257416277
257509328
257530399
257680671
257855170
258005769
258017684
258141481
258235958
258310866
258346353
258463430
258466221
258501721
258770463
258779736
258885685
258912106
258957424
259115579
259261831
259386177
259396514
259565285
259679657
259864663
259864819
260013926
260059275
260072802
260439000
260496253
260637626
260645524
260696058
260697834
260743258
260948593
261124827
261170496
261201610
261229046
261245491
261377355
261429512
261440878
261647943
261660469
261702525
261705152
261711986
261712161
261867774
261969853
262043067
262096837
262323254
262416536
262512639
262790594
262804581
262864303
262952108
263009873
263022122
263134204
263164639
263181421
263240263
263276248
263306265
263351894
263418015
263497493
263689836
263702827
263811178
263962590
264015721
264371772
264375263
264425964
264659599
264756204
264827673
265029628
265075535
265120561
265203259
265247278
265408211
265451698
265612582
265718579
265786754
265960084
265981725
266103349
266621152
266630795
266648525
266688994
266768523
266806154
266971323
267088947
267262155
267314752
267376705
267385177
267388176
267450234
267506057
267837589
267845965
267927453
267955281
267966420
268156685
268165892
268332997
268561391
268575210
268744712
268898543
268989435
269001751
269127241
269269132
269443759
269448910
269463782
269574226
269596944
269658824
269699431
269704641
269713977
269763525
269778300
269954345
270156317
270156462
270185279
270369705
270422731
270478430
270510542
270734078
270751284
270814374
270846303
271034068
271052024
271091375
271159195
271406772
271691937
271741565
271757377
271800380
271887335
272337071
272536252
272565590
272772096
272870533
272903870
273024776
273058625
273186534
273190615
273224036
273312669
273599087
273634728
273715683
273734877
273761730
273872002
273995246
274074503
274096566
274124633
274191311
274215877
274390948
274486095
274499399
274624132
274632660
274641825
274680804
274906079
274916085
274946240
275030884
275057350
275095542
275105002
275141343
275337408
275971884
276022838
276034556
276289701
276334006
276559047
276680027
276784216
276823050
276934295
277244410
277283091
277344287
277428933
277527547
277695007
277793070
277865460
277884745
277923145
277942528
278043802
278088759
278337319
278408663
278423390
278447507
278473502
278567766
278598902
278614998
278763990
278901652
278943363
279005051
279005142
279233905
279265302
279271735
279384087
279422360
279466741
279514578
279536255
279709477
279780857
279852286
279929983
280077382
280196602
280267896
280303228
280387726
280434159
280453875
280661263
280693306
280724342
280795940
280972448
281087840
281134797
281323117
281323774
281401095
281417980
281439761
281439889
281440930
281521914
281618767
281625441
281760460
281776449
281886452
282062521
282145336
282158399
282227729
282236986
282339203
282571966
282658470
283255418
283265475
283287329
283375967
283466753
283500908
283568855
283855131
283979654
283988919
284168062
284378722
284396992
284443888
284504665
284579827
284589332
284675870
284731338
284835012
285004650
285154517
285211460
285347360
285420433
285487001
285506494
285656563
285733129
285737717
285808128
285976531
286122853
286183498
286229312
286230075
286263836
286340546
286378028
286390712
286459167
286477229
286551440
286572704
286825044
287002067
287029668
287189818
287236919
287307935
287462359
287509525
287512552
287737309
287774126
287818232
287945271
287978305
287983679
287984107
288104286
288259105
288374066
288374214
288398941
288544410
288635341
288695672
289080437
289084909
289276757
289384507
289620029
289651329
289710205
289827657
290018469
290159452
290664433
290755483
290899303
291094310
291206553
291406687
291439040
291591995
291605283
291623613
291741580
291744069
291762613
291808780
291889370
291982587
292092803
292343137
292387816
292411784
292486819
292786024
292806504
292928779
292933670
293292493
293737114
293767590
293886953
293941103
294064219
294139710
294166028
294290243
294357791
294389225
294523184
294632840
294709683
294724860
294797419
294822660
294895623
295164699
295187472
295192916
295332595
295502596
295674144
295836977
295881798
295895333
296004060
296057258
296218713
296251036
296546640
296581239
296821265
296932185
297020020
297135531
297164133
297289029
297552333
297664663
297710727
297865039
297889853
297998131
298455631
298519981
298536277
298687968
298814404
298817736
298830149
298932074
299063056
299425187
299545403
299752629
299843440
299873441
299881721
299927711
299976990
300250877
300343682
300471817
300786862
300796123
300842041
300939982
300978755
301123515
301170577
301196586
301241877
301326013
301404917
301556407
301584594
301655850
301775558
301808661
302014258
302061149
302264857
302288991
302289144
302312759
302434842
302456317
302728039
302744730
303198291
303364263
303390142
303434800
303460382
303467282
303496126
303543664
303640619
303712581
303777899
303779903
303781041
303881475
304086130
304564270
304594164
304617675
304619363
304647127
304680911
304774132
304801483
304963103
304992849
305045890
305335381
305452736
305501833
305614815
305647045
305808332
305986009
306267892
306341830
306373005
306573867
306842776
307100902
307107143
307227072
307307389
307415237
307422152
307423347
307451905
307483856
307548152
307562637
307741944
307875676
307983384
307990392
308032969
308121658
308213168
308257922
308311373
308322708
308392318
308399149
308474565
308582266
308607144
308859353
309029811
309195688
309375395
309426496
309436942
309526303
309677633
309693016
309699628
309730720
309844789
309864353
309901853
309942205
309950708
310130865
310143143
310164634
310294618
310379843
310602829
310635129
310670569
310678636
311048374
311049924
311054176
311063579
311123319
311164121
311350804
311409490
311503966
311630932
311670676
311691675
311753094
311757479
311808544
311812416
311891052
311932104
312153300
312236285
312311452
312367075
313245766
313276146
313288651
313467255
313597943
313616784
313618641
313706806
313774805
313782699
313811980
313819029
314379789
314485979
314933614
315013054
315082589
315118781
315174628
315333703
315352001
315419535
315466092
315618932
316134101
316140672
316165086
316283244
316362279
316402018
316413104
316631425
316633089
316874512
316936366
317009358
317014961
317147885
317183658
317184533
317297683
317481096
317565821
317759328
317842575
317981320
318399120
318440852
318558002
318623985
318656347
318707487
318745693
318856356
318932580
319026544
319114401
319200053
319315718
319452608
319459574
319495739
319866869
319921092
320286547
320365209
320473532
320761352
321095461
321174330
321214868
321216846
321302910
321421704
321595220
321724334
321742033
321904347
321910075
321922436
322080775
322100445
322102235
322156836
322216858
322289837
322339761
322661189
322838735
322858159
323223988
323287478
323391724
323451731
323514998
323551043
323677176
323705127
323974495
324100128
324126730
324165466
324174847
324580987
324729250
324868956
325162268
325273782
325398502
325440693
325469954
325556308
325569812
325669140
325783285
325833819
326065156
326082193
326200266
326235056
326366007
326488162
326502179
326603302
326768816
326780976
326800493
326941585
327063825
327196174
327251645
327408916
327481097
327726245
328019173
328037375
328142358
328167839
328350019
328402954
328577519
328820628
328940451
329029944
329044481
329107689
329287673
329392663
329507819
329878208
330012603
330171408
330302641
330575116
330684850
330745622
330835628
330863842
330897217
330898358
331068053
331082505
331427098
331433506
331660753
331988397
332026602
332135779
332153649
332207157
332218112
332311080
332448657
332601062
332606184
332685661
332844973
332885290
333001116
333382250
333443352
333757141
334008215
334060437
334305683
334366241
334368503
334521822
334643652
334679645
334719528
334781763
334831998
335028211
335292496
335337039
335508623
335685217
335891535
336047781
336206557
336331147
336396659
336464258
336634302
336751637
336754518
336803205
336923233
337176230
337365963
337376574
337681706
337776694
337918604
337962204
338005241
338015181
338148820
338169132
338191629
338341203
338412690
338601558
338653236
338826995
338961329
338973565
339019558
339070910
339134121
339207503
339414672
339497332
339498514
339612764
339628370
339647868
339670339
339785191
339881343
340021185
340036842
340124146
340249637
340300201
340320604
340470938
340496917
340655494
340772524
341256409
341329178
341544692
341870472
341871834
341900143
342157593
342158798
342312457
342324699
342359278
342435118
342952034
342960642
343129440
343253521
343298573
343424604
343626889
343804864
343844136
343919609
344023531
344064225
344405999
344411570
344460904
344578417
344707239
344758244
344820332
344907081
344931968
344984611
345021925
345072829
345080334
345215061
345251427
345285261
345336936
345340840
345395185
345590550
345703921
345766193
345816458
345820279
345883071
346013255
346040743
346302731
346307704
346395014
346427650
346454518
346507273
346736285
346754751
346867044
346901461
347019202
347170388
347403094
347430511
347701724
347719537
347780900
347809753
347819116
347885264
347895813
347949088
347950710
348062444
348107684
348122680
348290987
348320565
348377613
348420004
348453968
348498088
348592393
348687599
348725434
348747577
348901635
349132884
349150923
349277286
349279815
349295811
349358303
349473971
349499334
349646944
349738220
349824198
349934618
350017965
350069153
350536285
350625239
350635356
350744266
350783565
350825724
350855099
350912962
350989340
351054432
351078107
351657272
351693950
351704944
351983836
352039507
352116371
352127221
352140378
352143346
352164708
352189871
352224605
352274363
352463244
352843409
352957160
353055398
353145089
353162183
353188542
353237213
353262676
353265234
353269450
353429031
353527337
353586962
353637915
353640692
353702530
353768974
353919515
354004250
354103549
354197545
354309986
354457376
354784218
354930095
354977723
354992195
355008080
355017654
355077554
355209776
355281543
355328002
355482244
355534562
355579257
355601322
355697217
355706921
355765632
355787456
355855779
355903485
355970371
356075631
356120804
356210443
356343268
356489101
356547635
356570784
356601378
356643031
356791242
356791291
356811831
357150509
357182244
357232802
357375632
357435469
357488915
357624148
357693697
357733542
357846714
357911517
357936796
358044328
358182385
358229697
358263873
358339478
358544298
358601445
358715511
358748067
358748490
358814954
359188839
359206395
359222534
359380893
359436747
359458001
359472158
359770755
359817278
359969042
360008450
360034600
360638445
360890653
360905181
360946535
361064838
361223995
361248067
361265005
361303382
361571143
361633134
361666957
361954174
362081300
362093453
362188060
362313297
362390465
362483049
362597833
362637794
362713476
362729882
362773911
362838630
362966416
363051657
363949565
363990319
364005325
364068456
364347148
364405467
364408793
364422274
364480137
364490922
364618111
364626855
364726745
364765442
364775636
364886405
364932747
364945570
364997632
365038235
365112413
365310322
365405563
365496866
365566010
365748095
365849499
365982452
366046559
366370484
366395270
366812798
366996444
367044295
367081574
367128730
367290660
367299721
367444613
367591066
367753852
367905952
367960796
368242853
368295877
368405307
368444862
368626952
368642760
368680954
368720458
368912166
369083782
369117457
369154200
369197188
369225502
369417873
369444723
369579366
369622143
369635841
369706997
369973689
370166042
370552662
370597684
370664240
370826131
370868101
370955534
370965427
370999702
371094538
371179423
371440167
371442806
371513008
371648014
371855954
371953899
371994525
372046369
372063068
372132398
372220671
372227886
372304581
372317149
372520974
372593016
372604627
372643554
372655943
372673971
372869705
372972939
373165511
373220840
373302400
373501283
373523616
373637052
373662937
373734876
373847987
373898331
374033900
374103523
374184011
374268266
374485769
374513709
374560273
374618307
374872164
374998445
375200450
375230308
375240245
375531670
375618694
375696951
375803505
375835267
376020759
376163688
376220583
376842158
376941749
377075664
377211270
377488847
377503405
377627403
377658414
377731258
377804434
378099981
378186074
378202204
378206136
378346688
378616228
378674321
378918627
378969231
379006030
379032713
379114537
379251844
379331572
379505180
379588027
379589431
379633788
379634072
379968729
379983716
380285315
380314887
380471371
380628285
380709135
381039416
381131504
381175861
381226957
381304824
381320221
381465555
381605999
381813562
381953801
381983384
382275536
382299195
382389120
382400440
382433932
382739982
382889736
382919145
382931173
382991119
383150723
383160389
383252785
383386799
383509950
383554476
383598882
383827861
383875592
383976864
384103180
384176347
384235092
384271212
384289961
384299419
384474576
384529987
384554599
384585913
384610896
384728043
384742731
384830016
384840978
384995570
385241799
385347608
385476656
385785497
386057853
386065347
386075420
386115043
386159658
386622724
386627713
386945952
387029564
387130243
387184593
387193240
387515537
387534586
387675333
387691338
387856839
387949756
388207796
388292324
388400447
388436266
388687328
388742253
388770906
388813680
388832729
388841897
388865561
388908154
388937820
389032797
389165146
389176499
389612593
389706991
389711498
389747261
389815046
389895779
390058222
390072179
390116094
390250137
390252600
390341097
390394262
390466153
390563090
390572533
390645854
390765288
390823559
390841141
391022099
391086697
391115196
391230030
391310465
391365058
391451217
391516975
391578727
391666902
391965559
392080785
392295540
392522287
392675580
392794050
392834719
392899161
392930047
393073613
393095242
393172640
393226045
393322070
393343096
393530530
393536473
393648032
393994811
394119300
394121018
394163930
394242581
394258689
394275889
394454621
394598809
394648081
394714976
394837189
395080902
395259943
395376356
395443768
396007919
396020333
396242943
396447657
396466251
396659691
396782996
396812047
396942091
397057242
397375900
397441333
397633784
397653657
397753398
397770706
397815462
397841528
397890976
397914720
397919517
397990272
398358277
398447919
398455680
398570379
398658603
398666273
398768806
398773236
398799936
399052993
399079770
399460988
399538801
399543367
399548757
399646133
399657959
399755257
399857457
399902448
400078976
400184685
400200754
400268339
400444863
400541774
400582306
400702502
400723775
400784989
400846401
400869456
401046196
401150094
401198538
401320968
401346352
401363833
401364351
401545667
401902495
401906545
401956801
402012050
402107794
402392484
402485187
402488667
402561258
402806808
402842799
402948111
402976365
403049024
403107745
403165732
403298749
403802984
403905734
404002219
404068470
404145144
404282272
404386946
404429197
404528131
404631973
405024091
405084071
405170561
405396858
405541077
405749652
405801858
405852840
406301350
406383954
406558739
406558759
406592109
406656710
406749726
406791388
406824671
406860302
406941985
406942810
407064189
407162028
407353464
407443146
407504218
407525637
407551282
407622745
407648975
407763434
407770990
407974785
408164641
408194388
408213590
408250010
408501709
408576362
408635421
408669891
408727277
408811659
409144519
409171213
409305640
409332353
409351575
409411029
409465295
409792147
410101206
410239916
410296488
410446730
410521108
410559679
410623270
410626968
410713763
410801533
411012344
411508140
411561766
411589934
411890622
411970341
412104650
412149091
412174788
412376242
412412237
412668099
412784847
412819393
412944344
413064475
413202581
413311071
413384760
413462007
413468775
413508170
413642963
413680475
413710422
413953697
413984820
414125130
414186985
414279215
414309702
414461831
414472112
414646084
414741703
414838115
414839675
414919815
415230390
415491732
415510001
415591298
415648282
415789715
415825749
416168345
416203826
416344482
416364980
416665865
416767625
416866086
416942241
417028422
417046076
417275365
417280109
417469733
417482982
418022738
418119735
418353329
418470693
418562850
418580375
418609681
418656033
418919133
419010565
419091333
419174592
419190014
419199265
419296321
419435203
419675315
419678581
419812089
419852052
419879778
419969066
419984369
420493772
420549636
420550579
420698861
420881513
420920432
420953792
421134311
421367353
421415558
421493387
421862289
421935337
422363486
422407538
422457175
422495179
422504336
422616038
422747578
422750665
422910364
423207664
423416010
423510149
423727072
423773022
423945078
424149991
424158163
424172899
424276257
424307389
424434708
424445437
424520663
424578761
424607360
424770498
424852112
424944891
424952985
425312721
425444701
425466232
425588216
425932939
426190184
426217473
426379346
426437937
426442425
426469889
426486833
426736525
426798176
427099609
427355059
427504509
427549897
427569730
427768196
428095687
428183605
428241176
428257115
428321346
428350485
428418272
428481494
428529859
428539068
428658372
428660592
428786367
428788469
428891399
428893463
428929444
428958381
429024037
429192863
429472123
429608074
429673712
429731324
429855370
429927352
429993859
430078569
430108816
430340870
430355712
430363737
430544907
430588461
430794272
430894481
430996818
431022885
431042369
431105409
431140804
431165273
431171261
431242551
431284812
431328238
431513128
431533834
431620596
431786137
431860843
431869527
431988143
432048656
432093593
432112076
432346893
432420581
432460939
432463260
432478209
432687476
432734698
433005272
433006426
433024026
433152034
433195150
433297645
433358539
433383720
433491401
433620361
433671088
433821419
433865531
433987323
434098869
434120065
434125162
434145457
434184021
434271867
434545731
434569344
434615715
434709085
434919794
435196350
435292160
435427925
435767100
435877002
435974165
436060461
436227300
436244759
436422374
436640139
436872648
436903039
437330922
437366729
437387966
437450256
437769514
437832981
437897807
437902525
437938127
438104228
438250710
438411588
438420579
438452478
438681030
438711511
438843262
439136555
439257698
439403554
439420638
439508437
439587824
439635726
439648467
439805412
439824505
439925975
440151065
440194774
440295616
440455690
440460720
440759513
440855183
440950844
440961281
441117545
441192988
441227185
441411665
441509775
441650388
441928257
442133933
442445136
442532407
442806321
443148422
443161220
443221355
443340482
443381966
443458834
443475809
443554735
443644854
443961699
444247349
444254555
444575357
444579547
444834788
444853685
445008543
445060716
445152503
445196387
445410380
445412517
445414027
445419967
445437316
445561000
445719014
445947590
446215003
446259702
446394516
446534009
446569144
446607524
446640861
446642930
446755413
446828639
446890200
447084454
447145791
447259551
447363615
447652057
447768213
447774121
447847663
447849069
447870309
447894550
447908260
447914415
447982623
448013160
448111916
448263247
448459133
448777335
448948581
449049341
449140217
449523901
449589851
449618154
449626785
449684010
449692714
449787932
449912125
449975770
450114213
450325672
450479123
450507903
450565631
450628583
450632875
450648651
450804641
450970349
451388640
451421462
451435219
451558327
451778029
452051635
452090101
452212240
452335111
452467459
452676568
452742590
452780725
452804238
452874609
452878135
452878659
452900736
452955191
452987698
453150358
453156325
453172602
453329453
453358511
453470749
453503009
453673434
453753290
453755738
453902774
454003704
454021709
454043025
454074950
454328542
454364392
454455904
454545854
454681450
454894496
454978564
454989395
455057614
455117868
455226891
455250467
455298827
455516398
455524195
455806965
456004722
456009855
456047683
456049920
456055201
456161129
456177734
456273408
456380032
456406573
456672888
456738656
456904445
457065570
457084507
457108160
457216093
457423013
457638662
457886271
457949105
458053413
458141063
458303380
458519468
458575630
458660630
458704262
458823217
458907429
458918244
458930223
459044905
459101884
459255808
459406344
459462491
459576684
459634117
459777842
459936487
460166707
460208839
460249721
460408723
460484717
460525299
460641432
460739872
460777723
460974584
461131939
461150392
461165260
461240575
461378361
461492018
461583548
461852739
462087186
462264452
462524680
462584023
462619573
462631881
462734489
462793590
462814787
462846167
462859902
463015774
463348741
463452959
463542156
463570826
463677868
463727490
463747577
464129347
464346256
464358145
464441998
464494120
464503423
464592551
464754352
464862580
464931255
464952441
465078034
465084325
465084427
465678723
465712351
465922412
466041758
466151651
466163192
466182485
466303993
466321588
466340425
466451758
466755510
466879010
467049722
467109341
467364806
467453352
467483427
467534746
467712781
467727326
467857237
468037609
468079596
468210119
468219522
468259857
468275374
468346513
468697375
468908348
468915846
469267956
469277199
469280874
469323927
469327680
469339681
469395847
469405731
469466991
469570537
469855269
469899669
469970832
470043390
470265383
470350056
470382628
470385734
470616178
470840028
471098242
471151516
471222424
471468782
471493953
471578561
471639211
472196858
472202139
472482597
472489255
472862587
472874941
472898667
472949172
473116099
473139404
473146610
473332740
473503150
473556420
473613190
473752133
473956871
474017666
474055055
474150598
474173035
474291855
474469294
474737019
474747586
475308491
475405443
475553922
475666567
475751739
475761597
475823245
475883183
475944626
476052831
476143597
476524134
476550471
476723340
476805603
476902945
476994796
477008356
477294361
477347931
477427092
477451305
477862295
477885977
477935394
478097141
478130743
478142459
478216818
478248273
478424525
478494169
478514735
478601632
478683065
478701150
478702044
478778552
478886646
478962580
479042688
479069285
479076003
479133556
479220721
479435950
479505155
479594603
479654121
479689538
479717204
479786092
479908376
479987449
480021899
480043558
480130379
480276157
480413892
480439830
480472716
480511999
480542317
480800550
480921903
480957653
481034403
481131118
481316683
481406392
481523714
481600956
481632280
481723600
481799692
481949362
482017511
482081281
482212240
482297161
482384280
482442183
482468242
482521665
482523240
482527365
482832044
482843580
482862228
483044436
483048064
483052049
483162650
483222042
483276939
483453189
483485295
483494772
483655369
483950196
484048989
484057673
484082931
484179256
484241138
484273553
484681896
484703750
484822310
484934918
485020090
485039318
485042061
485080908
485097223
485208513
485244300
485266895
485355629
485383510
485574607
485690657
485778099
485823906
486000851
486012055
486022767
486037229
486118790
486517131
486527154
486569196
486739917
486816301
486817124
486856792
486930290
487181106
487343287
487387709
487689261
487697880
487771806
487857995
487961425
488057504
488171651
488250606
488380206
488493130
488528340
488593975
488661510
488779625
488822855
488984514
489039362
489272937
489313960
489555503
489588134
489706725
489729152
489976239
489987287
490238084
490483187
490722833
490751459
490832365
491030029
491045066
491051330
491123522
491537953
491592721
491656843
491776800
491972027
492028853
492058982
492136966
492141568
492154500
492300334
492311942
492321520
492443971
492560920
492705711
493025093
493112295
493127373
493301561
493339080
493389097
493429487
493506036
493655597
493735783
493772866
493784780
493914579
493996312
494095408
494130566
494145779
494151729
494283241
494381895
494435508
494540323
494782334
494820456
495036130
495160515
495171208
495286210
495352410
495627306
495788134
495832587
495914526
496066035
496197334
496479983
496739050
496855650
496992232
497243928
497309217
497638973
497654335
497686611
497761140
497801331
497855099
497891329
498448162
498522112
498800857
498889845
499056957
499196869
499309648
499568286
499584602
499584875
499689811
499711987
499776753
500006478
500072462
500220920
500223713
500323704
500687657
500727161
500824157
501007096
501052719
501324512
501520824
501673759
501704296
501704319
501772446
501795214
501923148
501930025
502002241
502035185
502429721
502476859
502638303
502998282
503004172
503061773
503095049
503098357
503147315
503201381
503413448
503456744
503501784
503665741
503725394
503975835
503996422
504168689
504223882
504277130
504285281
504359181
504413151
504464482
504468607
504553215
504781861
504803848
504841084
504888905
505015809
505180705
505298928
505315650
505315695
505381996
505450493
505479424
505507266
505819267
506024937
506065867
506228084
506416949
506425016
506515493
506670130
506724271
506751796
506800037
506803519
506831888
506868435
507133305
507213772
507356757
507495816
507674965
507746838
507784678
507960843
508372265
508445467
508473165
508656129
508859148
509142270
509253134
509297131
509446384
509471978
509474103
509594287
510029156
510187086
510206219
510242696
510268517
510394956
510415738
510480652
510503127
510741556
511185080
511275088
511375516
511581646
511673698
511777353
511898812
511972244
512068427
512295915
512453009
512518810
512655635
512793296
512839413
512876800
513103159
513206238
513226749
513314128
513412316
513430136
513595172
513627322
513733426
513853258
514260851
514287816
514336387
514484447
514680821
514705882
514799863
515056371
515169633
515230479
515652992
515689376
515740534
515742689
515770846
515962374
516124084
516128418
516167027
516297084
516641132
516699789
516712923
516714540
516771277
516988569
516992374
517055740
517131908
517336029
517365954
517401199
517728311
517734630
517807607
518062563
518100514
518117509
518264425
518266925
518408829
518486359
518822952
519034563
519130779
519300290
519501451
519620286
519644928
519672096
519755228
519870363
519911956
519930274
520062129
520264744
520373780
520405883
520487427
520527601
520672599
520678340
520856676
520944131
521042001
521047239
521399060
521416446
521547734
521550086
521745047
521750736
521791241
521819028
521896159
521965224
521976543
522105114
522165217
522175463
522229838
522242639
522286561
522375690
522455616
522498977
522499904
522775864
522793157
522897637
522971114
523025089
523102795
523227888
523496432
523603679
523619876
523631897
523694479
524108093
524179522
524381626
524391716
524471632
524540581
524606816
524634511
524668832
524827585
524972150
525104698
525241779
525373237
525380481
525483840
525513335
525889188
526003145
526199180
526242961
526269298
526277977
526401183
526594644
526632526
526635964
526704628
526730386
526790176
526832197
526897827
526945179
526995904
527121219
527208496
527454088
527546422
527549399
527594205
527602996
527701921
527722246
527857847
527914073
527929619
528050631
528101156
528130620
528180487
528390016
528553174
528571739
528801051
528837180
528909413
528917051
529077792
529132271
529226907
529237269
529241716
529263362
529401319
529436725
529517564
529567517
529572649
529778845
529786489
529843655
529966213
529990810
530179541
530202721
530432957
530553045
530790963
530815594
530948031
530976888
531238484
531308812
531372617
531375306
531380811
531682887
531950240
532035578
532044305
532061560
532070392
532105240
532148557
532184985
532334416
532418283
532566705
532582383
532736856
532918153
532926284
532937833
533000711
533024170
533370247
533383358
533397523
533405334
533705199
533716898
533743368
533746692
533786007
533803604
534075306
534241707
534453307
534550343
534701492
534703979
534804174
534807980
534839541
534912674
534970381
534986275
534992043
535019925
535323844
535378001
535378089
535468892
535684386
535806610
535973010
536016010
536149194
536216669
536284191
536463469
536477937
536565883
537175549
537238274
537241948
537333292
537476097
537652461
537839805
537953177
537967931
538099598
538150410
538218035
538232363
538316637
538550234
538568415
538714826
538789043
538865127
538929204
539024995
539132949
539243004
539349240
539506493
539740088
539751403
539760842
539965504
540051770
540243082
540358749
540377054
540809058
540873369
541059554
541331442
541453760
541481340
541489779
541541105
541664920
541689218
542095970
542229558
542280748
542293990
542296638
542342165
542355358
542432538
542458394
542499542
542590079
542855574
542950858
542995344
543014715
543184028
543540540
543659574
543668688
543710545
543738325
543834661
543903779
543996250
544103174
544193137
544322219
544453885
544461751
544531183
544633360
544929068
545216607
545263034
545447008
545472421
545591316
545795984
545823228
545989856
546011378
546057424
546110920
546251675
546382434
546391907
546517020
546635715
546760428
546876993
546968473
547047782
547260065
547292868
547327114
547459356
547719066
548210218
548450775
548465780
548513810
548628025
548747895
549037959
549153007
549167377
549257714
549426070
549426755
549447880
549503704
549852424
549863634
549896454
550144177
550157444
550338657
550347280
550351990
550356008
550370984
550393620
550532081
550559665
550615898
550660905
550717255
550736595
550761933
550884021
550968512
551034862
551114286
551143359
551158863
551204429
551205403
551380628
551396983
551468309
551504195
551606121
551615938
551709589
551729433
551816128
551930443
552022686
552039289
552259571
552318056
552426673
552480300
552533844
552788975
552812333
552859307
552964977
553170314
553255944
553304853
553391946
553510086
553834887
553893831
553901864
554214843
554415343
554434807
554516377
554520053
554526158
554566561
554601825
554644477
554728826
554955611
555015616
555091970
555122232
555385450
555590718
555697502
555814649
555831503
555850140
555997508
556153086
556156800
556231116
556390864
556407446
556418045
556875865
556883238
557117657
557231422
557394490
557668777
557750683
557859733
557898632
558003075
558013184
558204094
558365257
558381937
558573548
558635178
558703751
558737892
558756674
559122358
559239348
559426250
559446451
559550997
559583667
559603559
559608226
559644109
559735619
559756401
559773336
559918989
559986670
560128083
560247334
560708996
560821787
560830396
560840358
561048625
561069808
561330945
561611521
561705494
561865066
561950981
561994828
562395450
562421625
562613563
562735692
562833047
562846590
563043015
563179771
563244243
563270725
563434667
563489070
563604594
563684832
563808181
563984137
564036177
564166805
564237280
564262020
564291931
564337667
564342110
564414226
564421404
564471017
564548077
564881357
565049214
565099469
565134299
565283458
565331440
565361761
565430884
565638808
565667418
565846911
565878403
565880419
565886213
566014491
566019504
566049260
566107552
566222194
566319871
566331860
566375411
566403416
566507402
566674841
566961847
567032563
567126679
567244499
567406286
567407867
567412392
567550517
567575634
567617340
567704277
567831559
568086165
568509819
568519642
568612103
568772969
568811626
568834730
568890389
568924418
568999526
569043249
569071037
569108539
569214373
569349150
569395424
569541083
569574413
569575520
569733695
569805690
569829194
569973151
570129994
570345408
570375977
570415949
570452586
570489293
570556331
570573834
570762700
571030947
571260305
571369514
571447411
571455563
571484280
571531767
571654754
571681961
571711054
571759850
571769660
571776645
571823664
571916207
572209991
572221985
572268798
572485963
572500722
572715664
572778732
573142077
573201498
573239754
573296136
573412597
573463876
573729136
573773560
573910246
574064082
574190954
574238166
574359036
574561909
574633480
574651153
574666753
574768792
574807359
574870122
575078531
575162774
575189432
575324065
575449033
575531420
575577053
575578361
576003874
576065167
576169931
576333284
576405780
576563531
576732452
576780589
576809844
576890714
577020977
577098338
577272123
577480138
577685493
577687379
577717148
577781885
578038035
578203033
578324531
578417828
578462872
578534754
578657192
578778664
578959741
579072038
579259627
579303553
579316317
579338522
579405237
579713584
580005053
580042509
580083470
580218303
580321139
580374626
580534874
580621952
580636945
580646912
580855196
580994053
581163862
581331993
581366112
581403120
581449462
581836178
582125567
582283044
582355551
582358327
582417253
582618307
582698652
582713754
582754208
582775394
582807874
582809870
582834163
582897626
582950827
583057111
583111156
583271505
583433131
583553137
583851378
584028439
584103451
584176416
584254346
584285971
584403066
584425858
584547247
584623859
584763776
584939835
584991979
585001082
585095051
585169741
585367839
585378912
585407540
585471101
585484992
585576324
585850409
585863162
585948388
586211820
586318682
586324046
586339387
586404536
586450646
586529740
586579741
586691467
586919105
586922361
586958577
587145273
587175022
587259453
587383173
587473900
587527195
587899632
587929898
588001115
588037565
588296933
588298780
588359952
588479787
588603574
588661208
588689867
588695968
588701296
588786601
588813431
588822411
589025961
589063235
589092861
589162921
589175160
589248941
589269641
589283567
589798710
590120372
590131589
590172150
590577252
590623979
590714850
590942310
590996737
591116204
591117786
591139086
591341617
591367135
591839260
592115352
592139035
592198288
592235955
592331189
592484669
592550237
592573865
592646397
592677793
592802783
592876401
592915921
592970773
593212591
593306313
593312629
593603218
593712095
593741424
593810067
593946692
593984598
594269899
594377862
594532813
594792234
594935364
595007334
595102558
595222209
595311663
595317506
595368362
595581455
595686838
595723607
595755449
595863132
595864770
595934958
596082526
596211548
596265898
596541460
596560307
596563679
596574461
596617705
596742465
596776704
596876130
596935891
597200601
597222799
597380159
597467760
597719182
597827737
597869774
597975702
598069701
598256693
598418260
598508003
598643309
598793198
598820919
598913215
598924974
599061705
599184859
599218951
599294875
599519595
599572165
599725580
600038264
600141157
600321119
600378956
600403526
600410773
600492310
600571844
600953268
600956195
601282135
601339265
601342175
601359244
601481055
601485599
601582029
601589158
601721787
601732177
601775796
601821913
601893398
601992949
602138520
602207772
602439371
602518983
602520744
602562246
602637622
602812896
602831066
602887391
602964016
603074072
603240528
603242254
603471939
603612504
603645641
603761818
603804641
603896564
603940665
604005800
604125479
604170719
604395323
604624888
604838179
605070508
605099860
605234649
605277670
605393696
605395507
605764225
605837513
605905218
605953695
606360882
606375639
606419507
606537394
606550448
606592256
606658574
606707681
607000769
607270980
607324962
607553665
607575195
607577469
607584969
607654231
607667398
607741450
607804093
607817512
607929187
607953911
608320908
608402057
608491755
608545929
608843745
608882927
608950977
608968196
608975945
609102632
609279309
609505584
609912896
610108901
610161785
610222726
610253994
610296673
610417711
610625492
610684731
610760679
610775049
610795510
610882166
610933132
611023591
611254015
611281058
611433918
611474210
611507552
611722968
612020999
612328617
612510087
612535096
612581974
612641355
612666561
612821042
612932033
613058613
613128302
613187603
613225136
613645147
613874945
614034332
614076900
614140225
614247646
614317817
614395717
614422053
614461370
614542632
614632340
614762234
615195895
615255520
615306539
615352327
615553615
615566576
615606354
615709517
615715080
615825843
615870258
615971877
615982463
616826493
617175677
617271892
617371455
617563272
617660016
617686729
617854555
618006425
618218258
618250192
618407126
618487210
618803142
618861794
618866862
618923204
619039187
619061566
619073320
619103548
619160668
619186221
619321277
619322934
619419541
619422287
619424250
619550225
619719050
619772085
619833632
619961469
620225247
620492860
620540519
620593563
620620815
620628753
620644515
620672738
620763635
620833314
621029662
621032455
621060414
621065242
621311636
621362213
621405189
621437555
621600161
621655229
621740347
621838662
621900251
621913961
622030905
622084893
622103560
622328194
622669952
622838127
622930075
623032504
623057915
623065939
623070837
623079517
623146612
623357114
623512343
623831227
623833016
623913200
623921801
623948200
623980357
624473683
624525177
624553852
624638975
624651339
624654201
624828924
624862912
624964493
625209075
625261483
625346517
625357161
625513605
625552412
625632202
625947470
626089423
626135422
626153960
626214033
626364647
626699710
627116653
627225998
627282115
627486710
627559298
627566711
627686259
627713462
627782499
627797597
628036508
628086916
628110180
628345934
628429505
628667425
628771832
628802900
629007779
629021734
629442192
629534957
629554280
629597991
629734909
629737592
629753929
629836953
629911681
629914660
629917269
630014294
630036865
630303626
630345173
630371448
630395614
630435130
630485145
630646949
630647699
630767162
630799546
630821223
630975407
630976765
630988464
631045387
631129355
631168302
631231214
631429012
631609725
631713896
632023291
632304257
632354229
632357731
632522164
632552037
632588365
632726774
632802508
632988019
632992067
633064541
633070577
633162616
633189686
633268075
633307386
633718060
633745347
633817544
633850126
633871392
634060266
634133009
634231223
634439889
634458595
634607944
634688199
634727816
634803359
634820537
635011360
635018120
635123466
635170091
635498138
635535912
635562385
635864633
636007501
636166856
636167014
636353510
636463666
636472732
636622864
636623268
636632893
636665090
636703417
636761923
636883909
636895499
636914450
637094641
637170315
637350077
637490685
637563355
637596372
637808413
637856826
637879598
638010105
638043872
638078862
638264705
638338988
638483872
638528106
638532493
638795960
638869583
638907065
638980781
639011520
639016108
639046071
639076115
639185306
639286345
639321948
639477436
639668160
639822230
639889219
640032313
640042461
640056107
640189128
640295697
640483252
640623466
640879547
640984457
641030368
641235206
641327585
641474582
641506316
641532880
641580980
641588275
641952514
642031252
642221349
642266001
642359503
642539014
642757521
642783612
642899426
642930382
643025501
643129190
643252971
643306346
643351544
643352963
643486447
643582028
643664986
643689065
643781087
643810562
643869556
644026758
644189244
644199057
644343511
644413589
644612606
644784268
644861379
644975347
644987303
645103675
645117315
645178593
645576140
645631917
645640538
645759829
645833126
646017954
646432310
646434943
646469390
646657660
646764508
646818729
646851726
647358604
647369500
647481368
647531894
647643497
647651378
647665472
647665714
647922012
648013585
648148978
648341357
648380601
648403610
648563790
648663031
648864230
648867019
648896422
648926925
649030226
649031498
649103410
649110924
649189299
649208316
649261412
649267292
649304105
649544152
649578692
649719246
649747762
649862708
649916660
649951387
650027206
650176010
650326819
650430044
650504069
650743680
650750614
650782124
650828275
650895903
650917091
650958699
650975884
651236839
651266817
651357564
651361274
651537432
651723270
651797577
651813322
651881974
651964522
651965813
652108443
652282434
652360887
652363577
652444324
652589600
652712069
652729868
652745893
652883100
653073880
653115964
653243890
653322501
653367581
653480655
653707618
653795395
653931285
654017201
654242492
654371653
654427336
654564956
654750171
654828312
654918761
655016485
655038334
655042148
655147167
655215597
655326123
655350693
655387049
655486098
655538341
655602978
655627746
655648672
655667410
655836498
655933835
656094938
656317635
656388375
656417534
656798786
656816673
656859654
657034429
657099234
657335402
657484094
657627104
658049611
658314222
658411072
658476298
658492422
658673200
658827486
658863104
658898986
658911550
659015041
659042782
659110646
659319763
659422701
659501638
659568456
659633424
659994263
659994346
660039101
660124440
660128439
660273622
660476406
660540234
660637436
660992885
661221285
661430500
661521224
661589056
661616134
661859418
661973938
662022010
662098297
662100514
662159275
662243319
662284989
662342158
662461766
662591602
663050609
663240146
663304962
663342862
663354273
663411864
663484744
663485042
663515012
663522514
663577600
663607767
663756000
663768293
663784515
663918538
664056641
664067956
664202120
664209411
664560207
664630465
664735303
664851153
664869340
665009279
665127857
665217684
665286588
665301938
665799789
665843972
665908650
665984873
666017314
666042504
666047239
666064674
666082262
666091290
666268591
666398907
666412871
666423021
666499441
666560982
666652792
666664827
666675638
666702715
666712470
666719364
666829895
666894601
666941836
667095128
667127547
667136968
667177482
667292351
667448868
667868662
667961784
668042669
668189877
668453660
668579828
668714224
668888812
668975078
669048069
669070158
669124146
669153496
669162712
669306086
669354123
669388210
669412845
669550345
669565010
669584983
669638383
669736192
669773519
669893402
669916910
670038535
670077635
670079878
670170403
670256379
670438399
670486642
670504484
670523117
670564868
670720254
671165853
671228335
671561387
671668368
671755386
671794562
671861634
671909775
672045232
672199170
672426193
672458741
672705097
672758050
672873516
672883310
673088924
673129041
673342506
673623473
673667454
673807871
673824764
673863800
673875996
673892415
674042020
674119297
674265917
674291682
674344472
674524602
674707696
674746953
674795471
674796826
675123789
675167108
675243944
675315689
675330205
675445215
676009185
676040758
676052417
676080555
676145287
676228607
676433172
676727442
676810599
676831131
676937671
677165486
677339686
677391572
677558253
677815961
677849404
677937729
678082406
678238740
678281057
678368419
678508008
678632280
678830951
678840769
678863470
678901851
679075280
679092310
679171371
679195310
679246744
679279752
679328279
679349871
679371382
679685616
679806415
679842689
679844516
679898527
679979040
680156407
680168340
680197309
680537554
680657423
680687080
680733825
680764793
680932907
681089707
681322918
681331711
681429174
681432115
681575752
681721710
681735774
681741285
681846568
681863206
681873901
681879008
681961621
682097735
682295483
682424792
682550730
682631568
682757303
682835592
682962902
683025536
683045455
683083221
683281207
683425324
683540417
683639771
683663838
684261732
684341199
684430804
684510705
684534174
684594410
684763510
684815347
684824854
684934358
685276338
685276452
685290720
685369791
685399511
685522563
685761839
686234134
686255156
686490949
686498972
686542960
686626515
686671341
686676322
686703681
686805844
686920589
687019369
687093752
687162339
687237680
687288264
687334239
687357735
687389229
687493519
687564653
687696312
687782483
687805183
687869631
688035534
688208398
688234281
688236562
688237946
688248415
688284530
688404680
688444898
688460095
688560284
688640782
688829359
689054826
689112681
689263110
689357144
689429949
689607469
689648315
689715113
689837595
689858830
689924086
690034681
690126313
690220359
690241844
690258785
690287923
690831809
690891217
691010376
691023120
691399220
691590378
691611810
691699767
691713551
691792756
691813924
691954611
692009355
692029306
692227889
692695882
692722426
692862384
692993736
693010839
693071192
693195635
693568592
693580605
693733608
693830088
693884664
693885141
693914093
693979228
693981122
694225534
694312431
694425890
694468467
694490726
694854573
694868275
694904182
694954570
695005216
695303240
695409398
695476302
695539793
695711008
695724311
695791608
696045694
696070688
696109221
696115840
696131004
696201206
696309629
696310033
696319603
696538210
696689020
696839702
696847159
696870110
696873907
696904152
696916524
696955320
697390474
697431761
697459608
697557750
697622651
697775395
697888446
698309352
698346605
698374625
698409099
698415104
698720884
698784242
698862778
698899509
698939948
699340788
699701954
699827047
699889227
699955750
700046419
700059449
700092495
700146647
700209988
700212618
700288272
700304623
700345003
700430612
700494714
700668650
700686886
700712221
701132485
701192789
701214943
701336881
701355828
701616206
701801826
701897520
701906792
701923225
702000298
702229493
702364140
702397298
702430348
702434441
702440463
702540908
702693065
702805276
702848943
702893617
703231554
703306646
703374394
703426758
703559599
703580448
703730655
703759043
704365944
704466543
704861085
704897468
705124105
705154406
705221861
705570464
705719167
705876708
705965047
705983139
706216437
706309701
706343191
706359830
706686438
706782557
706842086
706866278
707004542
707283156
707409780
707601680
707803975
707816903
707824415
708051743
708068787
708100559
708300749
708320828
708334623
708433160
708592036
708618058
708623205
708748790
708750484
708771304
708779495
708850861
708854659
708996234
709029485
709041615
709152091
709312594
709320284
709366851
709417793
709451348
709542247
709812705
709834455
709854626
709932848
709983249
710134763
710273538
710310210
710516972
710654076
710742674
710780789
710822214
710930684
711023593
711028685
711095992
711296946
711734922
711900926
711905748
712115564
712159531
712269454
712411924
712461000
712514743
712597527
712608048
712628341
712644717
712674906
712688215
712690814
712929186
712973681
713022515
713213974
713556525
713558033
713594290
713802463
713806748
713827097
714052920
714148986
714369237
714377547
714397815
714548127
714551001
714596110
714713382
714803199
714830109
714877552
714942191
715105826
715149542
715330327
715523097
715790149
715829463
715846066
715974942
715996043
716186214
716214774
716305875
716506123
716801012
716887510
717071208
717308760
717317741
717707588
717790245
718072453
718118620
718134810
718149628
718188525
718202018
718262316
718296422
718345186
718380458
718531608
718580897
718664878
718665117
718684665
718713859
718721254
718924516
718960955
719078622
719118127
719160024
719425797
719443887
719584759
719624505
719888816
720046020
720411406
720563856
720568670
720619084
720824177
720842456
720993025
721063075
721089345
721169585
721466330
721504161
721639738
721904068
721910339
721919208
722017125
722039684
722136457
722289893
722336617
722532339
722676896
722811675
722987545
723173293
723259782
723355208
723623655
723750880
723752476
723779483
723902067
723903508
723980847
724208766
724227292
724306331
724322508
724375360
724506190
724580319
725257447
725311825
725316532
725322523
725366010
725378899
725569664
725577830
725664654
725722529
725732302
725848827
725917657
726066507
726203430
726270959
726322940
726520890
726546568
726720212
727292262
727513262
727588316
727632866
727637866
727641076
727748462
727806368
727846621
727850255
727855381
727903623
727920077
728090342
728199870
728210512
728246857
728274408
728278158
728429943
728435720
728488443
728542118
728588006
728688073
728751402
728753799
728921594
728926545
729061172
729204748
729248395
729315113
729516171
729553789
729628725
729671892
729725289
729739634
729753093
729765260
729793820
729895275
729972099
729976416
730129048
730198383
730395446
730505399
730618106
730680218
730924504
730974825
731092854
731166867
731299028
731328929
731478096
731626312
731753936
731841583
731858650
731890764
731924663
731955765
732071621
732290417
732495451
732653680
732701668
732750794
732776085
732881594
732968283
733073870
733394223
733435922
733441122
733693694
733899203
733901070
734031908
734147726
734292141
734394558
734435997
734509742
734645335
734843008
734876119
735117991
735118629
735554824
735585288
735751550
735946584
736035793
736219716
736598492
736696201
736783985
736892024
736926527
736974024
736998920
737017653
737300792
737322927
737866780
737885152
737946414
738451769
738475709
738681332
738742809
739088194
739170716
739266509
739330419
739379906
739410651
739425464
739517923
739561942
739663026
739912355
740050097
740294915
740333178
740454113
740490837
740633684
740830832
740853898
740875362
740937868
741286264
741335065
741367942
741415815
741501163
741838124
741852141
741876253
741958595
742084203
742202342
742430784
742739665
742770859
742987269
743187312
743193503
743226836
743263338
743268671
743386657
743462582
743582281
743651642
743693998
743796395
743836915
743878471
744076973
744206969
744218307
744286206
744432826
744579690
744675228
744753789
744782467
744831091
745023429
745109982
745150809
745299588
745598197
745784385
746248136
746371506
746426799
746437088
746498932
746514989
746518603
746606274
746645632
747083908
747264573
747618489
747686739
747713732
747768562
747770005
747771779
747803872
747830483
747872531
747890990
747935056
747948086
748031893
748032978
748169426
748274658
748369605
748391176
748421125
748657845
749019121
749116319
749292520
749436869
749668418
749770986
749860136
750074448
750330055
750395242
750485886
750590668
750800278
751070518
751172249
751571663
751583541
751610149
751659829
751878802
751894383
751969575
751974644
751988340
752148014
752311894
752375570
752478071
752777292
752817103
752823260
752952601
752962224
753191673
753257164
753447182
753477690
753571910
753617859
753619268
753673539
753703470
753732479
753797489
753828693
753945022
753974039
754226373
754293837
754303501
754371218
754645381
754648008
754693436
754702987
754773304
754782271
754782484
754915784
754971044
755009872
755080993
755193386
755219103
755270977
755273908
755389110
755526979
755621562
755644297
755701299
755702944
755703219
756094361
756106473
756289271
756314799
756535321
756707691
756903138
756996796
757042164
757177661
757319313
757350730
757458883
757520232
757666258
757675881
757736177
757857725
758057452
758096423
758133172
758157103
758261965
758339921
758344519
758407450
758629882
758794110
758795125
758830087
758947135
758954500
759085336
759138749
759144759
759155025
759279808
759364436
759555684
759666447
759801107
760136899
760449429
760479159
760516578
760670865
760798188
760808319
760841292
761267427
761339577
761359817
761402987
761426597
761529047
761602662
761847177
762045768
762194668
762230033
762245503
762297154
762324735
762449387
762529005
762749006
762788873
762842972
762844391
762949498
762964279
763137639
763187905
763997473
764076420
764212494
764347874
764351127
764481837
764518395
764592434
764628100
764651737
764902023
764925521
764975618
765017891
765096214
765147987
765149353
765260546
765264553
765313725
765317158
765396563
765400951
765411362
765501926
765540904
765729743
765733866
765818821
765833930
765842220
765906271
766151239
766177395
766232805
766557104
766759781
766764568
766984697
767057203
767113766
767125752
767432843
767599353
767808622
767864246
767902141
768102576
768200502
768516971
768803870
768831952
768913487
768955267
769059943
769100504
769339090
769357742
769382661
769409805
769414006
769877116
769942779
769982652
770055483
770170973
770302097
770346299
770598160
770603512
770761697
770773742
771000323
771109792
771307359
771607764
771642406
771646965
771757078
771801214
771807674
771817471
772025519
772061387
772201447
772238956
772357987
772462512
772473325
772540130
772557435
773015308
773075122
773154574
773163808
773265447
773582576
773688639
773774056
773944642
774029244
774041556
774063786
774160167
774208245
774452557
774812603
775035640
775079028
775128273
775345413
775371709
775390082
775696506
775807316
775885698
775940537
775974547
776122812
776155035
776369300
776448859
776555819
776733954
776814905
776887681
776948819
776967285
777014629
777147279
777165015
777194181
777366606
777441145
777490926
777601011
777825787
777873487
777905899
778249308
778351370
778364639
778371079
778526607
778534512
778576056
778589907
778605508
778722326
779009313
779294460
779325415
779355012
779426432
779567793
779568520
779589753
779610482
779704329
779801877
779827295
779940084
780234302
780275730
780330982
780368837
780532118
780570139
780605456
780775420
780808438
780873767
781024529
781269479
781328206
781345714
781449025
781607684
781627777
781653853
781675263
781838064
781877752
781913631
782003367
782050770
782088511
782192332
782264388
782281003
782398207
782454743
782483457
782991064
783072143
783267995
783287676
783655012
783780744
783933667
784059980
784122656
784170566
784229443
784376707
784884916
785200481
785299761
785355933
785371886
785668114
785712027
785783478
785794163
785803146
786116503
786141587
786208269
786230744
786377863
786423814
786961721
786994718
787028494
787095040
787161090
787475347
787583682
787758398
787768867
788305463
788328471
788587088
788612421
788871020
789105771
789151774
789155227
789171991
789272714
789356201
789493178
789609519
789667327
789708982
789856224
789982632
790004862
790042312
790048728
790063800
790106190
790128586
790245569
790421328
790424507
790576415
790671562
790713333
790758426
790841540
790956651
790973082
790989188
791028300
791147632
791150105
791187704
791336116
791344984
791380395
791384570
791404021
791423065
791513032
791586653
791947559
791984343
791996768
792059896
792100167
792341441
792415979
792419066
792696615
792703630
792799445
793067512
793131093
793180228
793399273
793491796
793615044
793876174
793900979
794026404
794233091
794639885
794665050
794742708
794748347
794837279
794946434
794972240
795139802
795209141
795243427
795459642
795533211
795558118
795968527
796160382
796217239
796433821
796573795
796606446
796643721
796719501
796808916
796902157
796902600
796940414
796951300
796958254
797007854
797064551
797579329
797593708
797783891
798034055
798158032
798289624
798313536
798411917
798624447
798625427
798654093
798862798
799122171
799235449
799268133
799473630
799576091
799613957
799875895
799898515
799979440
799999038
800012294
800021222
800069336
800080894
800105800
800107128
800115883
800187659
800189553
800400840
800421349
800536823
800736023
800744860
800865921
800931710
800966952
801026124
801078087
801079219
801120673
801157282
801249874
801404088
801537215
801541622
801681836
801756462
801816991
801888540
802051831
802120838
802126632
802141737
802165181
802242970
802312179
802442791
802504915
802524911
802585298
802585487
802778806
802814788
802851654
802877353
803146608
803292969
803526817
803653235
803665526
803727269
803876040
804116708
804282122
804287321
804406075
804515608
804557915
804578938
804725398
804787157
805123696
805248378
805260994
805339806
805459273
805529665
805566510
805707307
805880974
805891077
806378441
806427516
806435204
806452263
806472225
806506491
806733881
806734835
806801717
806979188
807086299
807091653
807186960
807247172
807275051
807328512
807414904
807577705
807593594
807671627
807684072
807836195
807852013
807888882
807948390
807991998
808065697
808089929
808199632
808296835
808316625
808335567
808589394
808668372
808734662
808854666
808902133
809012248
809177679
809181527
809240871
809269740
809270765
809342331
809459088
809512159
809665263
809687008
809706576
809781741
809907724
810237463
810271889
810387758
810707573
810719515
810750510
810956342
810992273
811012031
811035721
811057850
811279202
811293929
811526238
811695601
811818207
811848184
811904028
811921514
811982867
812115620
812120290
812231709
812259285
812362778
812487402
812551069
812656571
812706602
812709631
812757623
812759072
812869798
813117454
813179462
813330593
813400411
813472438
813556966
813595373
813784688
813925536
813957576
814032958
814092939
814219622
814411920
814587168
814611927
814823039
814912485
814941235
814953895
815224721
815311686
815423185
815436091
815510265
815768081
816005233
816176394
816231503
816351831
816484987
816604835
816636039
816650169
816655087
816783320
816814813
816842293
817063529
817109448
817131515
817191465
817281946
817464889
817594519
817699995
817723462
817989729
818000705
818071587
818072237
818101583
818180739
818416076
818500242
818560053
818658167
818672864
818683664
818755129
818874882
818961897
818980778
819084242
819117329
819156177
819170298
819697163
819734467
819766649
819772666
819968083
820070936
820192264
820233800
820340721
820396747
820533335
820629317
820702039
820750460
820770003
820786565
820851144
820903576
820931960
820978276
820982387
821008993
821132514
821136464
821187697
821290508
821394081
821574361
821633418
821723107
821819422
821947195
822052711
822064787
822173802
822191101
822315683
822820724
823008248
823099795
823139405
823222791
823472731
823515132
823648300
823662987
823666555
823707599
823769474
823770246
823858426
824001884
824133010
824267456
824410666
824509170
824511214
824517508
824537000
824583977
824627426
824912450
825035564
825054359
825095036
825181621
825346412
825493446
825520677
825590684
825684743
825795812
825909039
826033169
826137722
826288031
826292002
826351430
826443388
826450672
826463365
826464543
826660530
826839834
826909797
826980200
827148423
827178769
827253414
827324335
827391403
827614689
827650842
827887582
828140482
828419747
828625156
828796503
829109245
829297042
829378857
829404791
829530499
829638150
829748676
829985834
830010032
830139089
830142151
830279852
830400889
830512114
830595940
830686695
830687219
830727439
830908567
830910612
830930917
831098258
831204917
831246178
831266207
831279713
831302439
831365683
831412299
831528837
831842425
831857099
831857411
832043299
832044575
832223750
832299616
832356141
832455923
832626857
832732220
832968542
833295657
833556452
833573633
833586676
833865559
833902320
834014151
834201127
834245502
834306842
834476910
834590607
834783634
834894295
834943925
834953978
835005109
835028777
835171676
835250116
835271788
835277961
835360517
835436772
835529328
835610029
835616689
836191453
836209849
836241171
836258713
836264005
836301782
836309386
836340748
836371437
836455742
836487743
836572007
836740799
836906009
837432404
837581503
837671682
837861889
838464249
838582698
838671154
838804018
839080040
839148368
839160241
839566264
839606160
839723010
839747336
840132167
840213643
840257039
840264345
840268869
840575158
840799983
840816584
840846124
840929954
841034859
841099937
841237474
841242012
841388325
841397620
841420803
841443830
841483208
841504316
841675066
842019510
842175334
842184591
842206766
842207070
842292075
842339347
842427864
842427881
842460879
842482066
842569560
842725550
842792729
843102591
843482886
843513814
843647197
843781086
843875617
844008083
844264289
844383999
844421176
844540325
844657460
844744465
844752047
844876267
844881939
844930117
845247220
845333132
845339672
845457369
845524125
845531081
845635990
845762613
845948721
846063787
846159319
846256558
846333532
846360531
846832615
846981250
847042850
847264227
847285914
847456517
847529960
847553712
847568673
847704629
847742233
847909900
848055677
848160977
848341567
848350318
848413961
848601203
848725654
848774943
848834575
848843292
849179409
849226360
849257788
849474021
849590695
849701678
849737621
850118624
850407068
850536728
850779009
850926251
850949376
851094241
851252373
851332807
851362024
851393648
851400058
851470716
851603176
851642059
851646501
851900025
851951461
852203488
852222541
852281217
852306832
852442576
852537867
852549551
852553248
852569617
852790952
852858972
852894509
852951354
853004281
853070702
853161729
853176286
853268640
853366874
853394434
853483265
853535639
853638521
853687824
853702461
853871461
854024089
854102036
854125385
854133921
854196740
854416853
854710279
854959539
854976714
855004501
855042865
855062076
855099273
855244603
855348122
855362404
855434153
855448693
855453548
855554204
855624287
855732551
855864431
855892320
855926281
856020156
856082509
856341831
856444839
856477245
856650195
856669339
856756935
857149606
857193787
857264023
857279248
857385567
857450847
857473652
857510011
857607812
857772065
857859385
858033613
858173296
858230337
858254536
858297855
858410982
858422693
858570798
858743632
858878206
858905517
858970835
859131927
859162834
859190155
859327087
859350701
859367851
859468382
859492039
859520535
859578180
859633418
859804236
859965745
860035057
860120384
860203930
860395375
860605110
861009864
861259905
861310371
861499363
861502293
861628747
861661347
861752393
861766057
862075527
862165618
862253150
862259178
862289182
862571857
862780401
862823550
862848507
862978634
863524507
863555675
863734387
863814611
863818860
863829611
863952353
863968672
864337021
864631369
864671209
864817975
864943755
865061247
865235389
865415063
865488440
865502897
865741506
865761627
865841519
865894298
865907825
866178362
866206775
866213858
866321039
866412861
866495976
866629750
866819152
866827806
866921986
866983224
867037712
867044374
867085024
867218348
867298545
867418932
867704101
867806519
867836301
867926045
868062170
868115113
868165189
868165946
868445078
868654787
868666763
868933146
869145250
869284041
869384769
869413042
869470220
869551423
869762597
869934944
869993824
870119848
870223153
870243954
870347383
870492907
870565223
870570042
870668129
870777365
870779415
870901365
871020176
871053312
871128193
871489119
871513347
871805161
871945924
872005412
872152510
872156950
872208561
872249547
872304388
872701895
872763984
872896570
872992175
873480483
873553577
873684910
873728469
873744104
873783218
873783894
873940792
873941314
874010118
874058678
874103913
874114011
874131316
874140835
874266141
874291136
874294660
874312639
874529717
874738500
874952775
875003910
875112470
875186704
875197910
875202131
875237532
875321419
875329890
875487207
875493620
875571999
875596518
875889415
875944681
876042006
876151661
876170695
876217793
876235600
876323921
876494616
876531137
876586247
876617091
876637318
876701746
876779796
876848438
876858529
876866904
876937406
877113050
877185596
877315675
877332707
877391300
877486157
877613111
877756558
877825890
877935117
877984502
878175986
878271997
878276411
878287930
878564209
878633933
878675058
878691256
878835197
878883178
878934174
878985391
879128002
879139508
879176054
879260769
879307427
879342590
879492765
879497886
879563673
879565119
879721241
879763391
879844509
879845794
879906728
879907901
879948850
880044617
880118269
880172477
880243504
880301225
880370040
880454374
880544050
880692209
880819687
880833668
880843164
880885286
881138144
881193526
881251519
881276640
881319384
881463746
881504781
881764178
881778524
881794438
881802221
881829080
881850542
881863524
881865656
882341513
882866752
882886988
882960835
883002419
883224651
883471083
883954416
883963121
883976739
883992766
884005963
884082769
884156548
884244260
884448083
884487563
884550635
884740355
884910380
885024847
885052668
885148636
885216369
885271464
885279320
885295932
885359855
885406050
885603922
885633360
885790503
885955259
885960246
886006710
886295389
886321605
886375096
886409473
886443532
886560817
886670044
886724819
886724878
886855913
887099652
887108502
887110019
887247905
887251661
887258824
887293737
887326913
887359393
887504076
887573138
887605453
888486898
888507216
888841148
888925880
888976361
889091158
889173959
889211356
889237952
889279927
889282509
889538947
889660511
889663516
889667380
889777002
889784791
889877931
889910975
890009965
890169018
890436175
890489645
890578693
890656191
890915345
890920737
890944030
891151322
891172086
891211174
891335057
891377100
891394865
891508730
891572709
891664521
891785720
891908762
891931107
892019067
892095714
892095783
892229960
892356156
892470078
892509553
892530459
892771850
892779682
893059420
893156173
893270470
893273802
893360564
893377727
893391932
893400235
893507922
893583573
893599733
893630361
893689100
893800343
893816762
893937158
894010345
894132111
894239117
894602190
894617987
894765585
894791724
894863883
894891975
894938230
894964169
894993128
895098243
895126998
895137273
895175653
895204467
895206047
895615258
895650386
895670837
895834792
895883806
895939466
896088776
896251093
896265366
896541838
896544494
896573587
896793819
897046891
897083140
897101646
897175961
897274794
897370516
897451219
897472485
897515489
897521644
897565724
897772034
897990297
898064978
898073808
898095764
898134479
898284687
898285044
898378972
898389904
898456187
898482067
898498726
898620868
898822038
899020473
899359730
899398381
899404241
899475967
899544080
899882767
899940549
899949432
900098900
900248215
900460163
900694447
900739959
901225130
901245885
901473827
901479281
901745311
901747475
901796359
901852536
901866032
901941915
901958082
901961410
901970881
902152657
902198914
902213561
902696877
902754754
902982313
903105072
903166603
903184863
903425290
903430203
903610286
903631120
903906549
904112510
904139840
904155036
904412054
904767035
904920835
904977844
904980105
904992952
905050199
905444917
905556769
905673874
905775782
905947881
906171186
906231606
906414736
906503304
906590545
906646966
906781158
906791557
906847380
907322803
907352216
907580350
907608174
907642575
907760670
907762762
907780116
907885736
908036974
908102525
908119397
908133513
908328294
908348581
908356558
908381804
908645851
908653945
908724172
908997682
909035743
909038570
909065073
909170500
909202295
909358707
909641020
909663371
909848490
909879062
910166898
910261892
910325855
910380586
910495048
910700930
910731889
911315291
911487727
911502240
911605468
911758510
911805809
911979202
911989898
912046301
912049833
912344541
912360378
912418345
912444300
912459410
912492216
912540235
912549156
912561363
912656246
912739524
912744951
913032407
913423805
913541696
913546657
913683997
913849573
914449210
914576361
914814964
914947650
915032861
915049053
915295685
915350822
915507603
915508818
915616697
915797926
915813955
915847028
915950492
916152162
916282343
916362226
916395484
916473374
916572754
916594459
916599466
916798496
916835128
916884747
916946711
917067423
917136892
917444080
917468989
917618455
917626468
917834236
917872531
918148070
918181895
918217280
918341366
918403030
918797276
918865419
918902004
918914194
918992193
919028458
919031854
919137939
919194498
919298326
919417083
919428049
919644340
919695598
920017238
920046393
920274147
920438364
920465768
920509819
920538805
920582804
920630367
920686222
920693850
920748236
920810877
920826444
920847605
920851507
920869612
920934442
921176380
921281811
921302976
921310512
921445058
921678239
921732859
921776503
921883417
921902739
921929906
922007381
922243879
922247261
922318624
922329331
922409544
922430256
922472455
922633927
922683198
922949628
923419177
923599729
923839629
923870494
924038646
924129650
924364976
924635190
924684170
924712183
924831553
924838101
924916378
925000044
925000116
925173198
925290272
925439698
925524783
925572555
925643268
925660749
925689081
925766075
925819177
925871326
926343932
926449085
926593543
926719938
926724526
926766862
926923893
927135502
927242248
927317412
927322995
927362515
927482180
927715932
927792609
927794303
928388902
928419071
928602554
928972485
929039264
929115993
929344914
929423047
929513558
929654656
929833316
929985141
930033962
930043900
930046732
930050855
930128538
930166764
930171140
930210596
930368299
930410165
930478609
930568185
930943072
931013959
931014764
931113963
931162548
931246914
931314711
931523869
931543966
931606473
931642502
931649615
931810300
931908290
932009197
932086654
932313710
932317673
932400303
932487306
932632694
932662347
932749897
932801118
932978188
933012485
933124774
933191327
933359236
933689567
934027403
934184379
934283720
934352646
934386983
934403641
934423164
934430030
934468549
934674230
934836451
934847386
934866536
934891177
934987382
934994521
935102581
935105499
935487509
935530142
935558599
935577969
935604288
935614005
935619505
935680127
935719508
935752242
935825778
935843053
936012223
936033822
936191212
936226706
936294944
936410358
936438635
936506591
936535278
936657346
936660160
936730290
936981783
937145176
937284704
937515343
937536092
937943790
938063507
938197489
938228138
938239516
938276286
938287079
938317514
938740169
938822635
938831488
938997400
939087619
939108822
939229477
939322145
939484294
939491859
939750507
939803989
939804540
939945447
939958892
939973012
940135979
940262270
940340865
940498953
940740743
940755685
940873632
941061023
941082790
941342677
941646556
941976715
941988049
942129926
942178946
942221569
942241472
942250851
942365766
942405426
942462914
942563964
942694119
942741015
942809388
942953567
943094532
943117332
943221053
943326685
943335320
943462444
943526664
943563735
943692634
944010504
944074202
944141513
944193371
944209619
944296016
944320119
944374118
944523964
944612596
944633380
944830353
945092151
945106471
945113028
945328183
945610215
945928708
946088499
946171592
946196301
946264410
946288926
946395008
946788106
946884239
946910322
946958361
947231224
947235203
947249564
947359189
947411984
947514269
947681981
947691316
948023441
948200637
948510254
948519764
948597989
948621782
948795827
948830052
949253544
949277313
949331068
949481341
949527629
949726930
949884304
950058585
950157460
950256629
950388139
950639589
950738862
950807181
950887229
950979005
951181196
951214168
951436995
951714280
951758015
951974662
951975006
952075331
952098364
952124079
952261370
952357468
952378644
952386450
952471797
952786546
952809265
952911154
953044554
953103401
953306222
953344588
953362237
953490389
953534532
953632408
953788888
953839143
953987963
954043741
954054802
954094756
954286894
954486334
954515913
954614626
954879454
954880047
955045979
955053299
955060111
955132703
955186269
955242207
955245919
955313231
955315309
955449865
955472680
955829291
955863736
956100008
956246895
956263950
956303347
956318779
956459229
956491654
956589621
956628502
956675538
956685114
956752697
956785699
956887662
956927099
956946045
957124274
957211102
957257776
957276194
957335420
957514129
958016897
958120224
958352154
958375932
958401395
958581991
958604412
958707433
958725389
958769427
958962972
959203442
959355194
959431782
959478768
959479139
959508078
959643049
959713839
959730931
959785846
959849905
959868779
959975060
960125790
960310832
960316665
960339116
960396161
960483392
960593832
960607557
960702109
960710383
960800921
960812961
960851371
960959536
961014134
961025088
961087302
961257715
961342972
961481917
961530048
961607570
961638203
961784932
961796316
961892492
961917857
962023661
962117109
962392712
962406618
962468671
962530636
962546082
962812261
962879165
962935748
962962979
963056922
963147536
963205715
963249838
963557512
963646910
963694415
963850278
964018063
964065505
964309077
964385343
964407659
964611981
964854847
964870183
964921847
964980891
964981923
965030023
965035482
965165004
965235280
965485250
965501413
965607219
965645931
965931497
966089989
966381434
966474157
966549710
966630946
966682315
966690408
966839997
967109989
967116000
967379596
967463671
967570921
967744737
967873500
967956942
968015364
968091820
968250452
968257432
968449002
968465359
968480545
968502226
968671564
968747185
968752593
968828339
968870013
969104315
969124308
969171948
969222737
969282471
969731250
969808417
969995647
970034905
970103044
970264484
970360660
970435142
970566153
970681804
970775586
970848804
970880247
970934610
971025357
971061550
971086270
971350068
971416514
971589716
971620474
971789145
971792794
971882374
971995116
971995126
972120098
972349360
972373550
972436974
972801490
972860403
973070149
973088788
973097591
973110272
973240505
973257811
973588644
973631952
973803975
973820226
973879280
973923169
974094954
974123737
974341382
974707326
974708129
974721957
974722036
974733405
974737242
974799404
974809619
974820454
974909900
975115142
975146611
975273179
975383229
975438504
975565220
975787685
975977993
976241357
976325628
976382524
976412399
976612877
976863829
976871209
977059187
977149565
977308370
977387470
977421144
977443200
977443566
977477563
977517125
977577186
977602545
977755527
977778429
977782113
978006216
978047097
978257688
978320739
978584347
978739105
978997618
979046016
979074511
979120217
979138743
979225061
979256612
979266403
979361917
979414438
979469105
979621313
979815800
980083217
980120836
980139664
980239193
980296800
980309653
980329704
980377499
980688156
980769887
981100448
981213526
981259753
981268989
981314233
981459670
981659632
981704001
981828118
981975966
982032588
982421305
982468887
982499590
982672731
982800712
982816259
982876559
982992373
983031244
983146531
983510304
983534451
983595805
983700311
983798187
983925209
984315504
984503398
984517086
984687498
984725164
984875982
984910618
985109062
985225599
985319323
985333626
985382319
985395616
985396075
985548221
985568926
985645154
985773168
985804301
986120752
986277945
986393532
986588729
986639881
986664776
986717765
986723636
986752685
986806368
986864825
987166650
987209570
987219629
987228723
987411823
987450815
987479373
987857229
988056610
988090366
988099739
988167944
988177539
988239400
988250657
988326550
988367174
988419755
988426987
988446710
988451969
988461160
988483161
988586427
988699189
989115047
989229023
989242295
989386540
989484781
989526496
989787239
989805252
990196575
990490630
990586205
990801657
990901561
990928798
991013989
991042864
991287284
991303471
991333743
991478804
991640980
991672531
991894568
992138717
992141929
992261215
992272836
992343602
992482209
992598767
992717723
992844504
992916412
992968887
993118720
993147649
993157921
993169666
993396983
993435485
993454685
993508354
993718646
993779018
993803638
993836207
993843123
994021197
994117901
994349449
994477685
994687954
994750939
994792969
994951250
995358051
995376007
995609788
995652269
995859549
995889089
995896129
995936403
996022512
996040426
996222818
996279317
996342738
996736541
997072665
997104083
997198377
997274770
997323042
997468753
997610585
997732638
997937137
997963157
998116971
998229512
998342358
998381103
998551197
998594777
998662619
998744736
998809198
998842309
998866515
998888598
998905261
998930584
999050633
999225698
999252093
999303374
999600185
999696896
999705261
999767213
999838012
999853889
999881389
