178926
341687
477776
623245
655205
703563
921848
947355
1088075
1144479
1282481
1286101
1389723
1399408
1499460
1562012
1623172
1639797
1729504
1964008
2058886
2080146
2113728
2156645
2182642
2185987
2351941
2368641
2443786
2546511
2595748
2687709
2736654
2777526
2782260
2910172
2935363
3267358
3351419
3368765
3380534
3583112
3654276
3716408
3781755
3792834
3954523
4129653
4160292
4266130
4410253
4459150
4570136
4589125
4671719
4711955
4797824
4811917
4939706
5030393
5041419
5114280
5219801
5344377
5456528
5461267
5471994
5766129
5772075
5931108
6033226
6056250
6180831
6325669
6442871
6453960
6633012
6778826
6786063
6911065
6992971
7281499
7300762
7334159
7360952
7445141
7618585
7714786
7772548
7899761
8124532
8152106
8234796
8318324
8376662
8421970
8786158
8853098
8913664
9047821
9182542
9208346
9241770
9315032
9420785
9441408
9469680
9586154
9660671
9695236
9702021
9714359
9888345
9899444
9929646
10172403
10181973
10380334
10447791
10740331
10806357
11010498
11260635
11351481
11430418
11641154
11650588
11984401
12263617
12284643
12288745
12351640
12458468
12517800
12551827
12553300
12639370
12992402
13034132
13038619
13139771
13151945
13171598
13262999
13291653
13428299
13500687
13605526
13853619
13967757
13986986
14132650
14167421
14196591
14417552
14571129
14580887
14782929
14844425
14902653
15100541
15118533
15525937
15534256
15689349
15830846
15900628
16103496
16390811
16539039
16543063
16659489
16661959
16729462
16734728
16916174
16951447
17040176
17080556
17269055
17304271
17343849
17375125
17428471
17470239
17524067
17585567
17635877
17652923
17653442
17706665
17818776
17869802
17955106
18096903
18107695
18489860
18705848
18857558
18956592
19035121
19084341
19304656
19464494
19680972
19759094
19879197
19986215
20007743
20007938
20028349
20217189
20225489
20710396
20871276
20911236
21249028
21367084
21386958
21508127
21602216
21687040
21777903
21869881
21996195
22151439
22216590
22229895
22464138
22524660
22568855
22609900
22711308
22955115
23012117
23281921
23283716
23400064
23549885
23614875
23643711
23785448
23891065
23898809
24014210
24081288
24104719
24112654
24160217
24173252
24311413
24477139
24737041
25217947
25261642
25455873
25524713
25757355
25808303
25909706
25997669
26024202
26029610
26054031
26120508
26181696
26295893
26506406
26997852
27006003
27269429
27275661
27323887
27365799
27569250
27680006
27732866
27774944
28285686
28546047
28569785
28631401
28689083
28711432
28766439
28826190
28848861
28883820
29131117
29297459
29477653
29651064
29677394
29711874
29768761
29824464
29983539
30162378
30162518
30266646
30336296
30346384
30602346
30659001
30660899
30829710
30892143
31079891
31137127
31234903
31247818
31280662
31559922
31639807
31664174
31818647
31950347
31963941
32068596
32122574
32150124
32176908
32415396
32554395
32578205
32586908
32711792
32800913
32822123
33085806
33114570
33242261
33243397
33353739
33397150
33417912
33445739
33480159
33621844
33647107
33829115
33898146
34122535
34221311
34315313
34413773
34604160
34679203
34722740
34784117
34828823
34882065
34979426
35276750
35339134
35350302
35416726
35444424
35507442
35521390
35913013
35922934
36078974
36227032
36261689
36316350
36455223
36478563
36484299
36612058
36637851
36739315
36752614
36861565
36917587
36989547
37105975
37185351
37204110
37281674
37350585
37454977
37464228
37753376
37766386
37870847
37881602
37994394
38208138
38209485
38281065
38372030
38532750
38608159
38665656
38753123
38757741
38779532
38854830
38891714
38921479
38999779
39121237
39291534
39364360
39513066
39513424
39546251
39593470
39639818
39673245
39693803
39815216
39899591
40120300
40150635
40250529
40268732
40518379
40688724
40836576
41028975
41141406
41387447
41427923
41549719
41572781
41644467
41712422
41801510
41827221
41936914
42000298
42147530
42183600
42202308
42245475
42344414
42426721
42462186
42464690
42673139
42732128
42926048
42955947
42988619
43087425
43127184
43144832
43171283
43207983
43311347
43370745
43485183
43508044
43621319
43651941
43864666
43900931
44001827
44020681
44028598
44311449
44384305
44457412
44462787
44730825
44881651
44894602
45331870
45367076
45385862
45446901
45447666
45465878
45573975
45585637
45596282
45717840
45870011
45962336
46024639
46062076
46066561
46289294
46307742
46444876
46506352
46531071
46598823
46632578
46666637
46758662
46792630
46873183
46957773
47006763
47096415
47200315
47317234
47601607
47603560
47769279
47800135
47935642
47991747
48033514
48242148
48253675
48396462
48457792
48496072
48496158
48626006
48843000
48899728
49062323
49066580
49144062
49373517
49389182
49591845
49625761
49641899
49749125
49777779
49991934
50238895
50296352
50330367
50663322
50831142
50854825
50870777
51024653
51120299
51126850
51263082
51264150
51412395
51616661
51706503
51756630
51992263
52435789
52486453
52510910
52521466
52540991
52671751
52734136
52760284
52796522
52968364
53031710
53505070
53547742
53575848
53622251
53679875
53801622
53806678
53940489
54036830
54051482
54162667
54164325
54335360
54389001
54445867
54449157
54454153
54536839
54565603
54610293
54692292
54707884
55178365
55198167
55275806
55336831
55671383
55711472
55743529
55754159
55994034
56162196
56270375
56280096
56310362
56407581
56426922
56438005
56521610
56524182
56645179
56719483
56762654
56770457
56882875
57057409
57162377
57173754
57241086
57346804
57452372
57751683
57806451
57870573
57999592
58014146
58067979
58265241
58327710
58469790
58507113
58541423
58577093
58738038
58749416
58893078
58976660
59001286
59028483
59102007
59179539
59215488
59685281
59931107
59942495
60087110
60256708
60349944
60422062
60478172
60527547
60563612
60622304
60686329
60819958
60862890
61064816
61194002
61258966
61316479
61467233
61574094
61595124
61908046
61921402
61951110
61964604
62241308
62244815
62254315
62782144
62963147
63023368
63111659
63169508
63244143
63244368
63410323
63481697
63552737
63577569
63774212
63790448
63843976
64185352
64193558
64320903
64659791
64770492
64989733
65160572
65173133
65251435
65276298
65293043
65337213
65381651
65480175
65617658
65632615
65702341
65778138
65784031
65827896
65869060
65907847
66053879
66128003
66368791
66491022
66553834
66675003
66786842
66825792
66853579
66990177
67017491
67158743
67305299
67377555
67454536
67906880
67919579
68015961
68033753
68124184
68133155
68150092
68176548
68344148
68357507
68434033
68697533
68735220
68751142
69184608
69189387
69295007
69341426
69376693
69447676
69657432
69765077
69817229
69902364
69959672
70009798
70033526
70088796
70369038
70590308
70885922
70991248
71160240
71253473
71302896
71778991
71945068
72247822
72324717
72479975
72526934
72560357
72658599
72850308
73036715
73082298
73117419
73132547
73166826
73171562
73427773
73468438
73488830
73540554
73778337
74365789
74528836
74657951
74723355
74925767
75139060
75283667
75286048
75372735
75416950
75450651
75495786
75525394
75567083
75576635
75590986
75777156
75929073
76162157
76173325
76218169
76291374
76358949
76373141
76693585
76710063
76841688
76852509
76897135
76898020
76899373
76944170
77033734
77037734
77193297
77268321
77451773
77523690
77569118
77607016
77614337
77682315
77694470
77804062
77909374
77910029
78202045
78309210
78348812
78477015
78554781
78585740
78669487
79255632
79370466
79533650
79585350
79810579
79814129
79856796
79885075
79960377
80113900
80186426
80195840
80415691
80739186
80888368
80957383
81007053
81046629
81076658
81229653
81250621
81428855
81548463
81666537
81687474
81784227
81818924
81945079
82057783
82058014
82100826
82114706
82218222
82231061
82270536
82330595
82643708
82795729
82813877
82966757
83049254
83150702
83351258
83630099
83713850
83730108
83747276
83797973
83893449
83912505
84003686
84223864
84275273
84305386
84368832
84503027
84545897
84620684
84641657
84712646
84731489
84861621
84890309
84971171
84999745
85710141
85734332
85857664
86062036
86306409
86335897
86432709
86578076
86688892
86694047
86758835
86960862
87087324
87277956
87281348
87913031
87938288
87979442
88048621
88190469
88203831
88296256
88347496
88495442
88564096
88594122
88814911
88893515
88945202
89027838
89207171
89235783
89244795
89360044
89405108
89452001
89481947
89631028
89853393
89930740
89935467
90196264
90336383
90356044
90548753
90584900
90589800
90595106
90631784
90711904
90906159
90953942
90954332
91180112
91213402
91296874
91465746
91803421
91869005
91913059
91971920
92100452
92165722
92525509
92572105
92747634
92768700
92914100
93118960
93166318
93383799
93385022
93531043
93619605
93663365
94030531
94051394
94145697
94340177
94381927
94505432
94564452
94582576
94927142
95203223
95265292
95446358
95563004
95613674
96040453
96099053
96108760
96120467
96171917
96443116
96473002
96502918
96599751
96627749
96643806
96719404
96849081
96864817
97001037
97093410
97206078
97426781
97513135
97970715
98080153
98161021
98277422
98398305
98420602
98431094
98566958
98567440
98655131
98757204
98948091
99124265
99251766
99268155
99289738
99521031
99528937
99618998
99644346
99739467
99873534
100002504
100054718
100449535
100563807
100661769
100839558
100898410
100928281
101116676
101132272
101160860
101312658
101369432
101394557
101595830
101639458
101688272
101711433
101894489
101958516
102044250
102406927
102441072
102557487
102615576
102667332
102758031
102951594
102977227
103025054
103076813
103110398
103126260
103130338
103511585
103556613
103617037
103673308
103838152
103876480
103894012
103913712
104022738
104235778
104449952
104508085
104516994
104696344
104702715
104875782
104890783
104908878
104999960
105153535
105218256
105565573
105574088
105584773
105654283
105850877
105869017
106063288
106078043
106208483
106229776
106558682
106672365
106745190
106841725
106861904
106904791
106998160
107269667
107273737
107307117
107501774
107839697
107984146
108058903
108134245
108243340
108344699
108347350
108355944
108428442
108469088
108520596
108654468
108723326
108847276
108907068
109162772
109163852
109188714
109213566
109278331
109314877
109350622
109458846
109501973
109560429
109574059
109581963
109609752
109662989
109753939
109782097
109797007
110029602
110031965
110077930
110147003
110201668
110254742
110258806
110446998
110450769
110535649
110545473
110638805
110646785
110805979
110883776
111392349
111418392
111612388
111756761
111764457
111777716
111785236
111886503
111981411
112027320
112099950
112132489
112152157
112255898
112653736
112700032
112702647
112911394
113202930
113210814
113294506
113800005
114023335
114178522
114469068
114506119
114545590
114650845
114726030
114764723
114775807
114837598
114954803
114962571
114985043
115119414
115134434
115338506
115576270
115596345
115648414
115827450
115871974
115986087
116012240
116113160
116143496
116225510
116296342
116505034
116532973
116585964
116596725
116701860
116706686
116719076
116790899
116955770
117055039
117264815
117285456
117386616
117572215
117632248
117635976
117743231
118043935
118278645
118284231
118471595
118500673
118732785
118734756
118772156
118849920
118890620
119003716
119032338
119125526
119211414
119297082
119353755
119373391
119385105
119461991
119556475
119575018
119744282
119776607
119839863
119948002
120026100
120054148
120120115
120237670
120488917
120500442
120568364
120699009
120948165
121155228
121217589
121223321
121297413
121720324
122024961
122047117
122106402
122131205
122361878
122369923
122449213
122561373
122563844
122636258
122657209
122790495
122974576
123018829
123060005
123118499
123319257
123324897
123327385
123427083
123603469
123769121
123769684
123858805
123917929
123921636
123945657
124001485
124017834
124032998
124210834
124298283
124310409
124325700
124459722
124460809
124665068
124818518
125073162
125141548
125195478
125284958
125686166
125714177
125815036
125860415
125876821
126221567
126427629
126499187
126602023
126638143
126833628
127095445
127194825
127261054
127415019
127421507
127829185
127926054
127943878
127954250
127966618
128002128
128205235
128478217
128530578
128550938
128952903
129296643
129307638
129325255
129377003
129433439
129677207
129725957
129790514
129888242
129937164
129983375
130176113
130183013
130246956
130336929
130412806
130454385
130600852
130604779
130692407
130731256
130938465
130982961
131012809
131168060
131242701
131458386
131473205
131699004
131807104
132087967
132115546
132179653
132214137
132270876
132439725
132467786
132520350
132623573
132740062
132869709
132915437
132973799
133022802
133058883
133133485
133248845
133284448
133477682
133555359
133630439
133740100
133926737
134354312
134515655
134662296
134674201
134785995
134873758
134883344
134936082
135037376
135086191
135485149
135533455
135658451
135934266
136226475
136372718
136384144
136541756
136573879
136669420
136729129
136778875
136920438
136956083
137175504
137260890
137319970
137354220
137391380
137458808
137659903
137729603
137854975
138028927
138069443
138126127
138126722
138224753
138342916
138396703
138496833
138631924
138652549
138679445
138696717
138750361
138810125
138897246
138952908
139006311
139008584
139069829
139091156
139252106
139370608
139375196
139680241
140036610
140225156
140297722
140378012
140470298
140846523
140857474
140954661
140987272
141151928
141171751
141243054
141314852
141335208
141386053
141392919
141851829
141986501
142240645
142313983
142377552
142420691
142534284
142641996
142664832
142691764
142752588
142795630
143015451
143044651
143205959
143257636
143297991
143336302
143470217
143619730
143635226
143657402
143669046
143879317
144284315
144487668
144522891
144653271
144779794
144833017
144866704
144877591
144948903
144975048
145059116
145097052
145344420
145353805
145393508
145432767
145468040
145546018
145616937
145726637
145996427
146107850
146149460
146299814
146427193
146469513
146886897
146975785
146994471
147021330
147113555
147236101
147438719
147547326
147773526
147858695
147920437
147932809
148055517
148214133
148217333
148238941
148339415
148489677
148736941
148820680
148972044
149049249
149130541
149158446
149298166
149311782
149406239
149437222
149532929
149589477
149652558
149698248
149726189
149901833
149935113
149984708
150297663
150827777
150862642
150893768
150928759
151110910
151148604
151210320
151308394
151374117
151411604
151462272
151573141
151695116
152001106
152051769
152116726
152163058
152240063
152318040
152470034
152499681
152581987
152634892
152792848
152963508
152986934
153087522
153185471
153283451
153443300
153494294
153506772
153644729
153676693
153765398
153979219
154012242
154090733
154109619
154229981
154361678
154464368
154599516
154609764
154610209
154731576
154736888
155108984
155261877
155285474
155287475
155356770
155436371
155480745
155480758
155515935
155743823
155932735
155980445
155985775
156038152
156038468
156133762
156250867
156393064
156439105
156442130
156456342
156536898
156580564
156647390
156678515
156753639
156863762
156953407
156995958
157022346
157022423
157255071
157323014
157351283
157442366
157775315
157975188
157999523
158154956
158247090
158416081
158419095
158497252
158513977
158770581
158884127
158884229
159011063
159148873
159263454
159447614
159506600
159612094
159780170
159881667
159900089
159935885
159986821
160330217
160402626
160495435
160586888
160681263
160776858
161043349
161327631
161621501
161685164
161734034
161885517
161890679
162071657
162178505
162398044
162399332
162754643
162809948
162825793
162923884
162936299
162943425
162961851
162993518
163028546
163057510
163121953
163291879
163370583
163560443
163779210
163818111
163959726
164100480
164336577
164515067
164610138
164720014
164754676
164788992
165121729
165178887
165184251
165248215
165675007
165725377
165826293
166131605
166151244
166182100
166309418
166477975
166689757
166871421
167142713
167616008
167695064
167894963
168218204
168292970
168464969
168530209
168631221
168691686
168903532
169040515
169074103
169112301
169446398
169694927
169716927
169843860
169982826
170124962
170156951
170167666
170317902
170443233
170499162
170576128
170576432
170615597
170752048
170760491
170814283
170978619
171012243
171052578
171082909
171228695
171286062
171338131
171409056
171456094
171523847
172090005
172223598
172245141
172455671
172456678
172573207
172696874
172699162
172740859
172815636
173138274
173162110
173318447
173368072
173378417
173475852
173733616
173786457
173881205
174015226
174125756
174396325
174509901
174596550
174679445
174779838
174873393
174937906
174943860
175085388
175105055
175117716
175204674
175308233
175320597
175438412
175473245
175579859
175646303
175648601
176006259
176300265
176393587
176930045
176956932
177093454
177211793
177249449
177374290
177411933
177432307
177491129
177513043
177809071
177891003
177919364
177925683
177941967
177977889
178013216
178281313
178341274
178392494
178483217
178546713
178713375
178825793
178857414
178876138
178892305
178980725
179108818
179111659
179243536
179332904
179660223
179768845
179793371
180007502
180390857
180440179
180578792
180655627
180726455
180965065
181066361
181156030
181277141
181311135
181330908
181443915
181676449
181752846
181775226
181823047
181848316
181932730
182063473
182102568
182148986
182197212
182212482
182263999
182340118
182366168
182431562
182449120
182528033
182663263
182746268
182802557
182974969
183073393
183306721
183347539
183397439
183484225
183494476
183501421
183592153
183616593
183639546
183649289
183748419
183803842
183946742
184084576
184478152
184666092
184704640
184721505
184847618
184912024
184997172
185125839
185158988
185185163
185247030
185255193
185272332
185679488
185762227
185829683
185888144
186253375
186330240
186375894
186375928
186447090
186451010
186471363
186686158
186713554
186870374
187006783
187008018
187070284
187073636
187089054
187323188
187377567
187395877
187413166
187438439
187454806
187462101
187520736
187634849
187781483
187797039
187931207
187993434
188089621
188110901
188145399
188189085
188206330
188344729
188691246
188904231
189026910
189307227
189327415
189401133
189584325
189606621
189635067
189639096
189673474
189898851
190041052
190154888
190157578
190276608
190285811
190465548
190517952
190521576
190551165
190813863
190815177
190840364
191085095
191184876
191240972
191375767
191616344
191767041
191811971
191832874
192106819
192191162
192383497
192486783
192506666
192552388
192606723
192666421
192818953
193052976
193163891
193346962
193469363
193481694
193658443
193717269
193841097
193902554
193952297
194334157
194353172
194382204
194413822
194459345
194507653
194577569
194655429
194767296
194906022
195257652
195416518
195510360
195528409
195636427
196149662
196180357
196310411
196426880
196455094
196483688
196511695
196653013
196796726
196815520
196987008
197087727
197186007
197258354
197280755
197286170
197422777
197515904
197532092
197570828
197716290
197729321
197767436
197843467
197850504
197864990
198009173
198149702
198228378
198280208
198320189
198350858
198427717
198622646
198733345
198748998
198766262
198777729
198975504
199029631
199091181
199114519
199133190
199178238
199284587
199315028
199506501
199520773
199536392
199677835
199688567
199714630
200089942
200182684
200219770
200298141
200371974
200511529
200675640
200710362
200730084
200793198
200998506
201173150
201306558
201327224
201422408
201570442
201626829
202092978
202445191
202451800
202470766
202602655
202675676
202763562
202770587
202842653
202875074
202934187
202983306
202985556
203046413
203049242
203071347
203409868
203639812
203889906
203943202
203966989
204023206
204028741
204131195
204188614
204291651
204312153
204342876
204435793
204465100
204495358
204622485
204734013
204949252
205023872
205065984
205109016
205133932
205270123
205338179
205490665
205566858
205737550
206226479
206344181
206405216
206612163
206649632
206666215
206682822
206708272
206764264
206884428
207100604
207110123
207195573
207254860
207296909
207323443
207436209
207488925
207575214
207692196
207879393
208161606
208266878
208312788
208424083
208779856
208843060
208853470
209032384
209163928
209173378
209238045
209253523
209342182
209392022
209430233
209434584
209650855
209656438
209674613
209700286
209957421
209959643
210105628
210123749
210349806
210458130
210477208
210512900
210586872
210596525
210744939
210769075
210824909
210910255
211063192
211165395
211179097
211281209
211579523
211594057
211969009
212022300
212103104
212264823
212284849
212338118
212349387
212481818
212581351
212595437
212732225
212798266
212812297
212921267
212977602
213116555
213177783
213414941
213596039
213657117
213763289
213796317
214083217
214121892
214124109
214133643
214241991
214432904
214467855
214506673
214528468
214584333
214656863
214664226
214669554
214697835
214831919
214845187
214845246
214992915
215001024
215050718
215064001
215096486
215232151
215276828
215380732
215538585
215592774
215646048
215683978
215984070
216079552
216555866
216718279
216886223
217119111
217278265
217301795
217431333
217485925
217513651
217552835
217599423
217805192
217922862
217966400
218006846
218026696
218048830
218172735
218286546
218289089
218290915
218352713
218469539
218510023
218669336
218861703
219088935
219112830
219192634
219275620
219282141
219508863
219535681
219546411
219571219
219609091
219726716
219893515
220062243
220129446
220169643
220235608
220249137
220661776
220837588
220869580
220969443
220981956
221041205
221127682
221188456
221199986
221204293
221248547
221432980
221463214
221569632
221606850
221772124
221794658
222216746
222223419
222376170
222543146
222563817
222624474
222634908
222697037
222926060
222955097
222973476
223016275
223129417
223460908
223475219
223479686
223544910
223736002
223875312
223936997
223961875
223988028
224245268
224269372
224304056
224319917
224364432
224485911
224562351
224584530
224885261
224889898
224915970
225001856
225244626
225259902
225262546
225288274
225311994
225362088
225370095
225403713
225511549
225666685
225683788
225711943
225736089
225888552
225889614
225894758
226098433
226148176
226252074
226409408
226417295
226534289
226572649
226694404
226786378
226952382
226963731
226976574
227147406
227296461
227383203
227622599
227647668
227713252
227845723
227949384
228029075
228048546
228158242
228222500
228246379
228496719
228527381
228663103
228666756
228739931
228815990
228855202
228945342
229011643
229019425
229087959
229157113
229171957
229239291
229262165
229378982
229469797
229498532
229540592
229559309
229749817
229851252
229930842
229941321
230221503
230246464
230301850
230405303
230575474
230618495
230647019
230687633
230696706
230763479
230774601
230833187
230998910
231007099
231255007
231319317
231348311
231459400
231466659
231486920
231622577
231742802
231886380
231909094
232050631
232121062
232187981
232258312
232324702
232332159
232367461
232493105
232627885
232803281
232903976
232913075
232948749
232973326
233159052
233181517
233218769
233634619
233656130
233837232
233944447
234054120
234103471
234194771
234208649
234379788
234480314
234806822
234842242
234852264
234923655
234994307
235078162
235160161
235177467
235213313
235230687
235550895
235624130
235667394
235836513
236103154
236153076
236183931
236426555
236841779
236855130
236871258
236881645
237382300
237645947
237682515
237789808
237829910
237836211
237871903
238044141
238126674
238156790
238165045
238255635
238301018
238349596
238733346
238737323
238903317
239022451
239063985
239109800
239284536
239406855
239519391
239644394
239692582
239752399
239880084
239954022
240074025
240219901
240396819
240406876
240466441
240480299
240901409
241101701
241196612
241398030
241559119
241612134
241682770
241716736
241738149
241806860
241896063
242113763
242285231
242306699
242500204
242514890
242526917
242607499
242665993
242859463
243003681
243042403
243094113
243123924
243140656
243237437
243351001
243437444
243485489
243832339
243849626
243871216
243942883
243981809
244161816
244172714
244198131
244566939
244610423
244710322
244901554
245037937
245053550
245070551
245131124
245193078
245224548
245560826
245657983
245721652
245802161
245971615
246027398
246109408
246147333
246279191
246534464
246564083
246581536
246589558
246601732
246630749
246915469
246990700
247158412
247274238
247304900
247335253
247495252
247668151
247689592
247730310
247832470
247860264
247902985
248006038
248145952
248148963
248186017
248253903
248265841
248545301
248601879
248739576
248826509
248887357
248912099
249172083
249345694
249608434
249711625
250152501
250432528
250515181
250705569
250813662
250848008
250883778
250950863
250969295
250976973
251187824
251230628
251276656
251306840
251324701
251451434
251581808
251651032
251719481
251727224
251746018
251882437
251899353
251957856
252035211
252131390
252152457
252166253
252250235
252299663
252320942
252536170
252545171
252852145
252883022
252906561
252935288
253058669
253058803
253151289
253249743
253290622
253454499
253590893
253634207
253652310
253677721
253754408
253803927
253828093
253860223
253902121
253922476
253935942
253993484
254088642
254097029
254231241
254267923
254405714
254429516
254445474
254567264
254568162
254649302
254743793
254811401
254992590
255146890
255212451
255388523
255431460
255588090
255661829
255721327
255859523
255912106
256048289
256110089
256372578
256398800
256459734
256874967
257105817
257284137
257529856
257582459
257583629
257652197
257895527
257906789
257952416
258084450
258130009
258157709
258431597
258493083
258605696
258640402
258791960
258812155
258866032
258924811
259055468
259369119
259437207
259478690
259565050
259575037
259673173
259731459
259791181
260069261
260471941
260490928
260510912
260609615
260620104
260688499
261136507
261239427
261334659
261401368
261483861
261520792
261579039
261730412
261765784
261875809
261889559
262069705
262189706
262285136
262531140
262593786
262659816
262702409
262762595
263084247
263124577
263400971
263447362
263491444
263526776
263550240
263579550
263711943
263754058
263896627
264015463
264054936
264063491
264088407
264134758
264249122
264276463
264412650
264451674
264459423
264680744
264800567
264971797
264995907
265024069
265136958
265218700
265265632
265302954
265331222
265338113
265384172
265394096
265422752
265552613
265833742
266323574
266522002
266539798
266562267
266629140
266719991
266756067
266779295
266938133
267064735
267174167
267254100
267372004
267435171
267455663
267550264
267871508
268043351
268059546
268226713
268290129
268367283
268394395
268493105
268520839
268536682
268708574
268815382
268977827
269112096
269264223
269312168
269357013
269393082
269419646
269448122
269583044
269597073
269721213
269760445
269764267
269825844
269877757
270160120
270206971
270375513
270689818
270719326
270783082
270834974
270900773
270944990
270969023
271310355
271340755
271462477
271529898
271567563
271740798
271836616
272029811
272085957
272139098
272177661
272688028
272848222
273017454
273123373
273363077
273513415
273530149
273600395
273772561
273821015
273963711
274175231
274316294
274483840
274573541
274614660
274973823
275067467
275139344
275145380
275202114
275318530
275332695
275345310
275455745
275756419
275824455
275824590
275874959
275990357
276106057
276116818
276281921
276394495
276687391
276714288
276767630
276886014
276981249
277026089
277041180
277091375
277159538
277506233
277664161
277678014
277685184
277866423
277897671
278028802
278029841
278179010
278346709
278496616
278562364
278665700
278721520
279060399
279144920
279179825
279268768
279279910
279295333
279500555
279559550
279757869
279818709
279845393
280007001
280415534
280499433
280597007
280626710
280947184
281240549
281258199
281414607
281438658
281609252
281991396
282091448
282155853
282269234
282297437
282332881
282367062
282467189
282470534
282580705
282610825
282794529
282829197
283056363
283177878
283181264
283268810
283454247
283461224
283534727
283704568
283799060
283970702
284046610
284233254
284310163
284490146
284632789
284744865
284759711
284764169
284814971
284964774
285268164
285286614
285294681
285325209
285438144
285462692
285726994
285787059
285868324
286063339
286153407
286291611
286337435
286700061
286941668
286963976
287111157
287126761
287130609
287150853
287293807
287299263
287352103
287356272
287402259
287658895
287897313
287936192
287978704
288036482
288186598
288253750
288272484
288380268
288397211
288425686
288544919
288561630
288644651
288671976
288910604
289214137
289286681
289296079
289428617
289438297
289544838
289714687
289768038
289821974
289958183
290047190
290086950
290191536
290262494
290344460
290644024
290860829
290961515
291366330
291374975
291623323
291639835
291973941
292041599
292090907
292232852
292251822
292479278
292535021
292576353
292629288
292796602
292844006
292850016
292926339
292948282
292983654
292991241
293088881
293172236
293350252
293414195
293435127
293600448
293631566
293685590
293689273
293697407
293732520
293774083
293775278
293791332
293906677
293914643
293929437
294013070
294037562
294227842
294251627
294301226
294506324
294598454
294642582
294693308
294727636
294753695
294828693
294837354
294897215
294922282
295043433
295093184
295205766
295290227
295373405
295504255
295627927
295716340
295834901
296106418
296262137
296302028
296557663
296632967
296661053
296726764
296736986
296897168
297158694
297222281
297240532
297301258
297717310
297792315
297807086
297814688
297882654
297988286
298024738
298181917
298196283
298274208
298502836
298612321
298711189
298899481
299296267
299494068
299627364
299630609
299803554
299871529
299923047
299939803
300168611
300295720
300484339
300617310
300754532
300926366
300938850
301105043
301164656
301318430
301332673
301379341
301434205
301666335
301923790
301965562
302163531
302248843
302287575
302343520
302387824
302459339
302464868
302654513
302756684
302789519
303055109
303082103
303145625
303187929
303369203
303390461
303456897
303487800
303714659
303834644
303990596
304094242
304386600
304418997
304455378
304493024
304526019
304591157
304690180
304779842
304782168
304832283
304833430
304857388
305086824
305099659
305148551
305183782
305239447
305293056
305754533
305851770
305994087
306275210
306295410
306314147
306399357
306608361
306684740
306918142
306921625
306960422
306996002
307012594
307036013
307161901
307295935
307434261
307473230
307643459
307683053
307912852
307917694
308011830
308036784
308091189
308198330
308237948
308628928
308683796
308712410
308878380
308887385
308943599
309232700
309287473
309319491
309394195
309402272
309487817
309983365
310216343
310354226
310358118
310461504
310473169
310685901
310774216
310819561
310888197
310900180
311166644
311199897
311222211
311242988
311382289
311388650
311393273
311396797
311694067
311720475
311800257
312012031
312110021
312565083
312594767
312670416
312960679
313021033
313219769
313555747
313565221
313601555
313657874
314255530
314519713
314534871
314650414
314693055
314897209
315138615
315204132
315243035
315244742
315412956
315676312
315708153
315816807
315829733
315963161
315972513
316101445
316217306
316291246
316295920
316542780
316573171
316626197
316684738
316703787
316855061
317032212
317177702
317286308
317376604
317600707
317672015
317748667
317749242
318066102
318349169
318528097
318624521
318796553
318926422
318978393
318990294
318991066
319017601
319226198
319412931
319540653
319545986
319584184
319637217
319825657
320051952
320335362
320476394
320528091
320718266
320752260
320807651
320851807
320864885
321098921
321160911
321653091
321740061
321763323
321890093
322007204
322044507
322093819
322170976
322238662
322276809
322314956
322328167
322358967
322369538
322386322
322396927
322515165
322612468
322787086
322793822
322819730
322860263
322908486
322947419
323328334
323339939
323484669
323492739
323741795
323957110
324119046
324243464
324636416
324703571
324797094
324858562
325227901
325249084
325272305
325604790
325653045
325672839
325684106
325825250
325832221
325926939
325962777
325991636
326220327
326249318
326560501
326615622
326625956
326808459
326872387
326936536
327022923
327137320
327154804
327233884
327293704
327442070
327443545
327477449
327613151
327651097
327914063
327978630
328088664
328116797
328270933
328361312
328460033
328491311
328817038
328900080
328934172
329012621
329200740
329237805
329307449
329363617
329471071
329474112
329499896
329695694
329760089
329902940
330040463
330194686
330335058
330511408
330571736
330602633
330615299
330703783
330750819
330754554
330911978
330913324
330975359
331077003
331117191
331141682
331285240
331517820
331686544
331691248
331693991
331736189
332068486
332486825
332519151
332977413
333224935
333469983
333544858
333645755
333697606
333727160
333989436
334010834
334103082
334270554
334296269
334322144
334409606
334674611
334720843
334818708
334889163
335316598
335334746
335338517
335663461
335773187
335798710
335845865
335859048
335892591
335917349
335931261
335959948
335975599
336006686
336215355
336221212
336406115
336725883
336897842
337002639
337069163
337214157
337617478
337621064
337657967
337699866
337889716
337997538
338089420
338108270
338281789
338305810
338403224
338665943
338671066
338717838
338788658
338789681
338830271
338831566
338876090
338937652
338987055
339040906
339057600
339159381
339187805
339236984
339409524
339460081
339586911
339601234
339616136
339656779
339679622
339714686
339727514
339744684
339954680
340009212
340062832
340230104
340233839
340296804
340304119
340342557
340443636
340696169
340855802
341113019
341138825
341223171
341272777
341378275
341379405
341601984
341627041
341822526
342017021
342266039
342288089
342442135
342492547
342544261
343103517
343343788
343361476
343924338
344031193
344036907
344038751
344347331
344483416
344569689
344581508
344669671
344791230
344897034
345043148
345104460
345120798
345129963
345161885
345166478
345172485
345208232
345214481
345220920
345322631
345373688
345449791
345608998
345625709
345713265
345724698
345881944
345928627
346219347
346355778
346402510
346687417
346910008
346938366
346942016
346954745
347002168
347046137
347104283
347187510
347216105
347702131
347822780
348236676
348391149
348425181
348585004
348647949
348867376
348921935
349142285
349191237
349350354
349494757
349861573
349888160
349958896
350005812
350172664
350475520
350484553
350589172
350783094
350841264
350988215
351127252
351361535
351418030
351526503
351839689
351945370
351969869
352013264
352130640
352157477
352157951
352164474
352363705
352381725
352425633
352440496
352447703
352491743
352761734
352877216
352939234
352973064
353123311
353127385
353735253
353745889
353755188
353774003
353782714
353811334
353862914
353974105
354207603
354234099
354453906
354472489
354472708
354604722
354685537
354760518
354769851
354838456
355049905
355450513
355459593
355668308
355704056
355826346
356146693
356172303
356379951
356441788
356760667
356934933
356950067
357011036
357108480
357250272
357381120
357461536
357462757
357486205
357501915
357711916
357842648
357899370
358320589
358438315
358609246
358859855
359187016
359241637
359250750
359301252
359382762
359383036
359421593
359730080
359823831
359859182
359925853
360016473
360082427
360139663
360253221
360317913
360346792
360371642
360527167
360629191
360664970
360869519
360965923
360973809
360979273
360982704
361061754
361307773
361317708
361662497
361767195
361852971
362011926
362070706
362548737
362745592
363011769
363015142
363065286
363257714
363552895
363577109
363872139
363910260
364076274
364274522
364292126
364449912
364683096
364981389
365103019
365123782
365193568
365211564
365215319
365305583
365394915
365409223
365410032
365427975
365457515
365464898
365487511
365565034
365587319
365860808
365911124
366120145
366142745
366171396
366341199
366433754
366660063
366679702
366710041
366896028
367187751
367221311
367244324
367250603
367258114
367377699
367617157
367729809
367829099
367881741
367938995
367986446
368018958
368019336
368039351
368060169
368254799
368542538
368563325
368572266
368745915
368971916
368978503
369160168
369273331
369420856
369776738
370002209
370121482
370158312
370255624
370317868
370402532
370408252
370465495
370484086
370489473
370654796
370665829
371026734
371084315
371086141
371090258
371154709
371165604
371216204
371235855
371320936
371459335
371482786
371534103
371559971
371724625
371887349
372146769
372161767
372382392
372393282
372627448
372795941
372807479
372824066
372925027
373173815
373298228
373480464
373641742
373644938
373752465
373869857
374166650
374456383
374512559
374591995
374736230
374764422
374765158
374875874
375104877
375180349
375288276
375847452
375851828
375919370
376320395
376371371
376457099
376654633
376740306
376826818
377000034
377146783
377162696
377185583
377261678
377529758
377601366
377735233
377810330
377830838
377845016
377978700
377986664
378204605
378338213
378339950
378437271
378456960
378632879
378648348
378863653
378947746
378977909
379094669
379456175
379464587
379574079
380157759
380292197
380412755
380478934
380674898
380776820
380873457
380981183
381008383
381062090
381227969
381228335
381302528
381628901
382083911
382141462
382478080
382654080
382766783
383018595
383039619
383101012
383208293
383209894
383386936
383558654
383816856
383849069
383884134
383943018
384042751
384156943
384293498
384299767
384343454
384345150
384715913
384818280
384876048
384882607
385413332
385455918
385484284
385585897
385617068
385633662
385747677
385751315
385785102
386092098
386261504
386268978
386301926
386664799
387048051
387142728
387144877
387198879
387253491
387280928
387316559
387322045
387364216
387377476
387424981
387622772
387785659
387849125
387911264
387921592
387953661
387970305
388084108
388151028
388219882
388390578
388455121
388497211
388715273
388806713
388865663
388876758
388880437
388922558
389006241
389031694
389054278
389162601
389199145
389237084
389391603
389445235
389486442
389511286
389527172
389585677
389600955
389765103
389840304
389927583
389974401
390016818
390023108
390087867
390239166
390282307
390501695
390518354
390520644
390795354
390860984
390981867
391008368
391174665
391183571
391189330
391235675
391299761
391602033
391634091
391874352
392014121
392131596
392167321
392241197
392323602
392329879
392410382
392553418
392589856
392623285
392673086
392894309
392933675
393008723
393211369
393266874
393289468
393317804
393393454
393406885
393525141
393546893
393585388
393589570
393778591
394284128
394311189
394348021
394386235
394653495
394770844
394846528
394878881
394903489
395268860
395331005
395406437
395500618
395510381
395532901
395712248
395714338
396018965
396160177
396179101
396185527
396336610
396452052
396457374
396862045
397080232
397125548
397166082
397195111
397397345
397459854
397475988
397502110
397629802
397762989
397800665
397889461
397932508
397995823
398096356
398152526
398181311
398312630
398569506
398682700
398733187
398784152
398864563
398971123
399080011
399081790
399106771
399361868
399636180
399675245
399724070
399766765
399835611
399891585
400164029
400191966
400355342
400400709
400454244
400502006
400502073
400757600
400804033
400878067
401050281
401475915
401516255
401767499
401812405
401895552
402068954
402075722
402194192
402251967
402419100
402610022
402610050
402614715
402732650
402736046
402838326
403156052
403289643
403311332
403435524
403537803
403597977
403690262
403766920
403821319
403854663
403896292
404040998
404051799
404052098
404128994
404267819
404312770
404341772
404408025
404532507
404598959
404608060
404608185
404659408
404672632
404751855
404762050
404788626
404817009
404862793
404913494
404949700
405107050
405211931
405304551
405408456
405449434
405671866
405709875
405733607
405744719
405791726
405976636
405983331
406369057
406581337
406897149
406937778
406970071
407004814
407072138
407086830
407096323
407138139
407176459
407315896
407440429
407442874
407528706
407550457
407584659
407654352
407969674
408086435
408147612
408178873
408217156
408291348
408294868
408307828
408463701
408586314
408756364
408890562
409075068
409265040
409355210
409473238
409649190
409679683
409716189
409720528
409752844
409795694
409803029
410011632
410103444
410208312
410271229
410320789
410327269
410371561
410391444
410521349
410750632
410949215
410975698
410978264
411188524
411214638
411333367
411435314
411592049
411605295
411624156
411700966
411818287
411889515
411907003
412125405
412179195
412263503
412278347
412386812
412388578
412444110
412469109
412524879
412527612
412616302
412617413
412639407
413037086
413097190
413124562
413130574
413377610
413447952
413632257
413741377
414019435
414245122
414247275
414260513
414473617
414586745
414613061
414703619
414739712
414838619
415045196
415107515
415115167
415162830
415189089
415211071
415282094
415313746
415386993
415540607
415600683
415691666
415835295
416041172
416048115
416120379
416162826
416255561
416271669
416358942
416662642
416714739
416983058
417009886
417198824
417267360
417271715
417283540
417285505
417309222
417379343
417555302
417629565
417637370
417684574
417697113
417763970
417845528
418013237
418016766
418170488
418240334
418242040
418309803
418339287
418418255
418478058
418576065
418580928
418613889
418703790
419057707
419149122
419246862
419356229
419426349
419440456
419475801
419619031
419650647
419705739
419748062
419815787
420027924
420175306
420223545
420296881
420299663
420327867
420704984
420975144
420995872
421035374
421075204
421205679
421542821
421564186
421655348
421770845
421878017
422079799
422134474
422155469
422239133
422647140
422739577
422758463
422876361
423154641
423204358
423217671
423244336
423282908
423498123
423652685
423699242
423805575
423847506
423871123
423905303
424061621
424107968
424287590
424379424
424406828
424554554
424555007
424730178
424767660
425041411
425047539
425303983
425537900
425608033
425722724
425729832
425750633
425756288
425786521
425869025
426077860
426098956
426173309
426372391
426437948
426618179
426655478
426896530
427126970
427131952
427210284
427246929
427346954
427511906
427627933
427763934
427798170
427973313
428013976
428051244
428151435
428166870
428370950
428421263
428453041
428487808
428717991
428822105
428984346
429549557
429597454
429635604
429813087
430094083
430100518
430255001
430338510
430422526
430587526
430665387
430677894
430765813
430896779
430897202
431172274
431200738
431265800
431286225
431376769
431521825
431575482
431670670
431751637
431822472
431859677
432009942
432038816
432106910
432162238
432325113
432503431
432526378
432669933
432708066
432723516
432732696
432867000
433271289
433304500
433427017
433509197
433553450
433554473
433764674
433815835
433867060
434037282
434062944
434296450
434384245
434481321
434539760
434623008
434631442
434719503
434814812
434941927
435042460
435059075
435118673
435157531
435262439
435466437
435787148
436028329
436156225
436260074
436307979
436438490
436462151
436563648
436626126
436786201
436867655
436931720
437152582
437206961
437283741
437462232
437612684
437662126
437834710
437991013
438077644
438103568
438147716
438148708
438283335
438289491
438404671
438492471
438685357
438704767
438791392
438810548
438918073
439064111
439195826
439232086
439313960
439437412
439460134
439485966
439768473
439797717
439861099
440130299
440248439
440267650
440347216
440435078
440697402
440732153
440856312
440856989
440867605
440957614
441033565
441181853
441211507
441217215
441284263
441305630
441416177
441500686
441545962
441641717
441693708
441807242
441811832
441940108
442104416
442247361
442257325
442466998
442564042
442607270
442628346
442679600
442683757
442742720
442870789
443301053
443546500
443629072
443680079
443937893
443999633
444146884
444162326
444209573
444247453
444362054
444383806
444477918
444489646
444528937
444615013
444737093
444857427
445401226
445582083
445744846
445796707
445848503
445874153
446021962
446152510
446428513
446500454
446686344
447172128
447319768
447328252
447436164
447449491
447492955
447567383
447616561
447758078
447815710
447870025
447909321
447969742
448019736
448104139
448426431
448439536
448543618
448625736
448698009
448719452
448848382
449060722
449128605
449190279
449539483
449703317
449732437
449818494
449909209
450061998
450068422
450162231
450291760
450392375
450564232
450621238
450638926
450937941
451077514
451191217
451386176
451454779
451537143
451720447
451758524
451984471
452042334
452051219
452103932
452198156
452207149
452346300
452483280
452523385
452719958
452757269
452842180
453020942
453044147
453284250
453457184
453540948
453704831
453986233
454117380
454124490
454243999
454254631
454265534
454347004
454442358
454480969
454604296
454839599
454849050
454913739
455175096
455210221
455244590
455634108
455817200
455903424
455936330
455975279
456044711
456186214
456260206
456373398
456424826
456440897
456568211
456730443
456800100
456842264
456961464
456964091
457158410
457243754
457462428
457664879
457805470
457900293
458279357
458295323
458319602
458336272
458351177
458696468
458722742
458741465
458916902
458956664
459141774
459200900
459551881
459606001
459624758
459668476
459724673
459793172
459827939
459851168
459952982
460179684
460239924
460330150
460535479
460555754
460875696
460893207
460933616
460947162
461135465
461204518
461410875
461497994
461498384
461515351
461538157
461543610
461573657
461623735
461668620
461711017
461792088
461806647
461851946
461995561
461997733
462146660
462219596
462464106
462468190
462496011
462496261
462596717
462696104
462766693
462888983
463055978
463137947
463145265
463166650
463224374
463234861
463327110
463496163
463731424
463785823
463907541
463956672
464005451
464171388
464220203
464314074
464346932
464520802
464554686
464603357
464633015
464657842
464827633
464882146
465005368
465253549
465261974
465347394
465361960
465377564
465658144
465661643
465667335
465671252
465689462
465718585
465923546
465927231
466122864
466275467
466296745
466299623
466402238
466438026
466507045
466538694
466640928
466695918
466816584
466844250
466868541
467040636
467048248
467199224
467204905
467314417
467374748
467519777
467729662
467868317
467902727
467911782
468105280
468124747
468141534
468418276
468519468
468580402
468641091
468713107
468777650
468957406
469069018
469192514
469196034
469448241
469488149
469636909
469651042
469676181
469727296
469731351
470058803
470067019
470078313
470178836
470593823
470652854
470706795
470753791
470757887
470809369
470876551
471013909
471083754
471124193
471191733
471307377
471382522
471433013
471522944
471591787
471609877
471713424
471741278
471948872
471979665
471990199
472233309
472273103
472378770
472397689
472478705
472766124
472792832
472884499
472897846
473047831
473168509
473244253
473390485
473407558
473420067
473528560
473553912
473661071
474159688
474170524
474235856
474475002
474557717
474669368
474841155
474955650
475237574
475258780
475303626
475323565
475351173
475449860
475468992
475585984
475612851
475633762
475682974
475801453
475879493
476047313
476128300
476130028
476179008
476255875
476368314
476560674
476814132
476875435
476888979
476918809
477004121
477073321
477254167
477273309
477313716
477406733
477454604
477711159
477818189
477943315
477990450
477999071
478095717
478182533
478577313
478625050
478669618
478843930
478858265
478998869
479185696
479202880
479267576
479284467
479366350
479477627
479810958
479846981
480088229
480399086
480444941
480601321
480638770
480661637
480798786
480814793
480849295
480934363
481105984
481202919
481268270
481394238
481661345
482040961
482065100
482431175
482449821
482565431
482643639
482763063
482763220
482810300
482826689
482866240
483276207
483293441
483529306
483544627
483560369
483630334
483974026
484058480
484107290
484122086
484215697
484243406
484392153
484454367
484485453
484506657
484586501
484637713
484643412
484666062
484687711
484712430
484800235
484875569
485132632
485136216
485349638
485437664
485441879
485850572
485980775
486119748
486168914
486218139
486442073
486489024
486524285
486594436
486748792
486965492
487194275
487311849
487317935
487472825
487481957
487553644
487558819
487589773
487700643
487750577
487875531
488134839
488146130
488187665
488246689
488454415
488487031
488644800
488770114
488880949
488927492
488943062
488955356
489101851
489292173
489328179
489357255
489448692
489818659
490082570
490093526
490338496
490343699
490373060
490403539
490451006
490886982
490910898
490911745
490935349
491040879
491155643
491215542
491331702
491357884
491443160
491802267
491993069
491993854
492014476
492027950
492104928
492110740
492155810
492431970
492521808
492528813
492588193
492733433
492767517
493038960
493104466
493152988
493431166
493509765
493836922
493847142
493944630
493962764
493969372
494110944
494230732
494356562
494373120
494447783
494787525
494803430
495000754
495001051
495038542
495053506
495128393
495146401
495194366
495239779
495327745
495348283
495359250
495397852
495435191
495450574
495734232
495777410
495996190
496034606
496176226
496453867
496463253
496539807
496562910
496583062
496872834
496909243
496940321
496949760
497013850
497050925
497289138
497349252
497757470
497787279
497800626
497875867
497981815
498091167
498103029
498228968
498234937
498386576
498647210
498652076
498677702
498734384
499044227
499083663
499169083
499202658
499394129
499407467
499581175
499633062
499671931
500025081
500314056
500575209
500656798
500683104
501010848
501483321
501525001
501628502
501637236
501770476
501838481
501876636
501889369
501942102
502016574
502064937
502110391
502217363
502275703
502514434
502783859
502944829
502987905
503040811
503068599
503071499
503073470
503540403
503548169
503557540
503660161
503798479
503823785
503919951
503939639
504038604
504173724
504219954
504277753
504366382
504504506
504609340
504623349
504988368
505136826
505240113
505452255
505493143
505602951
505870247
505990365
506039025
506132187
506171632
506334469
506344562
506413156
506805091
506903428
507081675
507089437
507160683
507358352
507513490
507559252
507735029
507994646
508081745
508095875
508494508
508643292
508672952
508801762
508834560
508849737
508906805
508907323
509002849
509010307
509019233
509153298
509247008
509682017
509845677
509902482
510059161
510289261
510413961
510860568
510886996
510915245
510923709
511216981
511319472
511327120
511447185
511495998
511520659
511583924
511673845
511773000
511868938
511986098
512017641
512312514
512574662
512607530
512689044
512707947
512775989
512785890
512817926
512954253
512968444
512979984
513004861
513049493
513134124
513218981
513255569
513369123
513386179
513643851
513841846
513880644
513886894
513946036
513971795
514020159
514032146
514082487
514795157
514984656
515020005
515059733
515221561
515289114
515426191
515528755
515629652
515632809
515693552
515917119
516021942
516106534
516168297
516396898
516597853
516691873
516884569
516952860
516994463
517102582
517264021
517284261
517645585
517662763
517663444
517670341
517876570
517955749
518002638
518043975
518162987
518185312
518249928
518280882
518395253
518406260
518449051
518525705
518593322
518670233
518823794
518993749
519221297
519277827
519512224
519566013
519693001
519969806
520047628
520164654
520340044
520608704
520673438
520841784
520899720
521051519
521195385
521289369
521296566
521342752
521447693
521593169
521619061
521763284
521770676
521861929
521982353
522021758
522038238
522068214
522192241
522349721
522458923
522486350
522505243
522659995
522719306
522801524
523046100
523071645
523150945
523157922
523358813
523398184
523594395
523601521
523767144
523864441
523977146
523981544
524006095
524083020
524091612
524132803
524173548
524236994
524271288
524352380
524385966
524409418
524435401
524480827
524622085
524669933
524870951
525004622
525075596
525223418
525294770
525402772
525453885
525587278
525589180
525827419
525850678
525860086
525867101
525937997
525944826
526053594
526070682
526099822
526207856
526244229
526484120
526541508
526721347
526730499
526756740
526946645
526952251
526981173
527061298
527079940
527240192
527285208
527549204
527738747
527901427
527913161
527969157
527994419
528067535
528185373
528293974
528432662
528433043
528506354
528682683
528958027
529166162
529268513
529355596
529527023
529549751
529624845
529791585
529870620
529929077
529943893
529994825
530121357
530236046
530290430
530348406
530489022
530509968
530619886
530796106
530851385
530856583
530880646
530922093
531006166
531106990
531188281
531215196
531260812
531351030
531499835
531559007
531682944
531895198
531987022
532318636
532353291
532415115
532484268
532554949
532767358
532798415
532851063
532880482
532992440
533039666
533056853
533370550
533470183
533635727
533678223
533805025
533818245
534077155
534303647
534394262
534665083
534979607
535094779
535416556
535641380
535646572
535761531
535766221
535980809
535981293
536128344
536147203
536206048
536235371
536345405
536403288
536525748
536625158
536715860
536807253
536830007
536854537
537051034
537130020
537144732
537184619
537507086
537577750
537611964
537776775
538062056
538406445
538543506
538590164
538693386
538710838
538725006
538766532
538967749
539092811
539385435
539521551
539542443
539575875
539648606
539708241
539899382
539905903
540256490
540310974
540333810
540340363
540507815
540541433
540751290
541103797
541119345
541196547
541254510
541361408
541489407
541598495
541823556
541825671
541827997
542002796
542038539
542241287
542293828
542324003
542386779
542447277
542448198
542565832
542648105
542893267
542914276
542939571
543244894
543294065
543426369
543560518
543854236
544019920
544032065
544196714
544220035
544228813
544343600
544522899
544542240
544573432
544587076
544814586
545062897
545312978
545481793
545628846
545673660
545709069
545779815
546048233
546053515
546116881
546208609
546230862
546356335
546455748
546527086
546538024
546622519
546636761
546878726
546903208
547170112
547219342
547522060
547548265
547574531
547621677
547751339
547822006
547856874
547867505
547873063
548001369
548010447
548031957
548076635
548129339
548131371
548134358
548209401
548404735
548476880
548496655
548907808
548908523
548948730
548965468
549066979
549208558
549232302
549257190
549394540
549504799
549897412
549938825
550229243
550398812
550485613
550656426
550662871
550732983
551209748
551374333
551440140
551598378
551734159
551800372
551892170
551925382
551986158
552166557
552220119
552376681
552454071
552612740
552717738
552746786
552834118
552878462
552894197
553133826
553263562
553269681
553523254
553666959
553667160
553703508
553812907
553948177
554166894
554171354
554189914
554329323
554686757
554732614
554890487
554903868
554923199
554939008
555085901
555086982
555094035
555711586
555733943
555807939
555823223
555925612
556110344
556141263
556173503
556330891
556385603
556474105
556521198
556803852
556996056
557321680
557499082
557604083
557773190
557855342
557911573
557992782
558146628
558261683
558376335
558510786
558545227
558581805
558603346
558613067
559326187
559425842
559613602
559701949
559733570
559764078
559843087
559874741
559981483
560111601
560347955
560458616
560582306
561056591
561069227
561071725
561258297
561422248
561537549
561539383
561847081
561862287
562033700
562094066
562213217
562769376
562908412
563019112
563126599
563153212
563163496
563251601
563306325
563559004
563654017
563659671
563800115
563820908
563821709
563949241
564110158
564118758
564152122
564206545
564677302
564779288
564861989
564906076
564968443
565040592
565112057
565119521
565144724
565208340
565251911
565281368
565292963
565330166
565502846
565546680
565549937
565603266
565657929
565848281
566000653
566155438
566222945
566275634
566286792
566591529
566625660
566677761
566679525
566698156
567096869
567129095
567168523
567287464
567347789
567483670
567622551
567818643
567836180
568012031
568047559
568131901
568168995
568193722
568194713
568214541
568447183
568451609
568482456
568594777
568640721
568702334
568787525
568824132
569230621
569368803
569371445
569416951
569465467
569585661
569632840
569661474
569927536
569991978
570080824
570099015
570129592
570394400
570526716
570772462
570984765
571059520
571091444
571175843
571271264
571381554
571429413
571514391
571534124
571616590
571622903
571743409
571869748
571947967
572146240
572154645
572266554
572317068
572489743
572578074
572582850
572601591
572622214
572787025
572828350
572949399
572976578
573155122
573303458
573315989
573546902
573804604
573806713
573829940
573919199
573919669
574082032
574306295
574463286
574516718
574701225
574832413
574901721
574908994
574910130
574921236
574981132
575099157
575249664
575304314
576247342
576291277
576315145
576492528
576525321
576551094
576828138
576940007
576940981
576975589
577104358
577184896
577204266
577242811
577284862
577304515
577352972
577362973
577697703
577747579
577816972
577894098
578004547
578010606
578040216
578068920
578220652
578224580
578298360
578433280
578649422
578671107
579083989
579440324
579453288
579583365
579597731
579979035
580042870
580056122
580160575
580246964
580489334
580592862
580769211
580770840
580773847
580800481
580999406
581017908
581027146
581072605
581225388
581275417
581301353
581460182
581486374
581502368
581621583
581784844
582229523
582283441
582411793
582479927
582493172
583177306
583405782
583436273
583483600
583581435
583624303
583627345
583657256
583713414
583755718
583865787
584040478
584058507
584200776
584278743
584486431
584569483
584655589
584750322
584795820
584995299
585151995
585228291
585230838
585493556
585501547
585612527
585735799
585745719
585835368
585983096
586002014
586015963
586085827
586148299
586152754
586164097
586197869
586272714
586301122
586493441
586670270
586944367
587080183
587377281
587379916
587588641
587618476
587634960
587657107
587728560
587759203
588104285
588145350
588293977
588371338
588391136
588593793
588616592
588767098
588866122
588880570
588925601
589159197
589253952
589263704
589351506
589438221
589716376
589741722
589754144
589755365
589775353
589988045
590004646
590015100
590084326
590100678
590105175
590118964
590125510
590138266
590222133
590241824
590353490
590512703
590515236
590551563
590631209
590661309
590734389
590817101
590825787
591122409
591203573
591233409
591269450
591477965
591488454
591519174
591547453
591716927
591770713
591801522
591842654
591921766
592050250
592152432
592453285
592485299
592518366
592693961
592766720
592907347
592983175
592995693
593070352
593341865
593361284
593369106
593673679
593938270
594014734
594156957
594157965
594229112
594334995
594581133
594636574
594717909
594806594
594885072
595028971
595158717
595283207
595389509
595628141
595687380
595744760
595748020
595971318
596055709
596096774
596375571
596692091
596862942
597044184
597079927
597168077
597285038
597600428
597605139
597699872
597817867
597870501
597946852
598031716
598046115
598135510
598182769
598192587
598248614
598259872
598282411
598298457
598380623
598640232
598650781
598719225
598764300
598908786
598962922
599043247
599202007
599202870
599298722
599328135
599505706
599797361
599803736
599849966
599883252
600050311
600063143
600401459
600406914
600465024
600620817
600720006
600743387
600913731
600976131
600998394
601078221
601101324
601185562
601235136
601253369
601272483
601285489
601302308
601305886
601316784
601525689
601584356
601637651
601658497
601890834
601923762
602025212
602169155
602213812
602300113
602368989
602401179
602493241
602564110
602564829
602700362
602933866
602942165
602993967
603125507
603157579
603348265
603370110
603443752
603561180
603641079
603735468
603878648
604000298
604015804
604044996
604122113
604433532
604450669
604477280
604493966
604610538
604749106
604810185
605328561
605505997
605544600
605686243
605774417
605918698
605936313
606027070
606077919
606121076
606198178
606283818
606288890
606374673
606476947
606525010
606568096
606581087
606697087
606745890
606855963
607130147
607148148
607197404
607355698
607397507
607406297
607605930
607653757
607700299
607761290
608000613
608157498
608301969
608580050
608719367
608812776
608860770
608949772
608972043
608976272
609312504
609471525
609472250
609474138
609530875
609539736
609551764
609557527
609560392
609594552
609668457
609737143
609999672
610004933
610147960
610232949
610255958
610306910
610454086
610474320
610566649
610600912
610604408
610670959
610701494
610873745
611061169
611105136
611106065
611145863
611146982
611262384
611438248
611506829
611561338
611568407
611688469
611723018
611742475
611852380
611988863
612224026
612263911
612420619
612761438
612764010
612830921
612848002
612870747
613046695
613108274
613202079
613251258
613380120
613574074
613636009
613676673
613749550
613873117
613908524
613959043
614057362
614139794
614230569
614348698
614424534
614533347
614588295
614647598
614927825
615128577
615143849
615226295
615266276
615478006
615724601
615726319
615735704
615753482
615821372
615916034
616012203
616194242
616279879
616467327
616484604
616517694
616581387
616754012
616835517
616856619
616962823
616977248
617080297
617192197
617275700
617305023
617428401
617463739
617534910
617558491
617786966
617858655
617920835
618040454
618085226
618171711
618288675
618401411
618506096
618591165
618612267
618763537
618771568
618929327
619096244
619239051
619414212
619440688
619465165
619494136
619587888
619631383
619636458
619925716
620099190
620491581
620585818
620617504
620740364
620748225
620768157
620940728
621036033
621099538
621125021
621201488
621506560
622027991
622034894
622215038
622330385
622375299
622378628
622437217
622520841
622692671
622701502
622875985
622993704
623013346
623186974
623295125
623296943
623453296
623513871
623528689
623583221
623608444
623631142
623846430
623897704
624001847
624033907
624188795
624204592
624208254
624264350
624311384
624481649
624631591
624647627
624791468
624933569
625154262
625222596
625298209
625309961
625367095
625387515
625481959
625586517
625871672
625929266
626162462
626172051
626358195
626416166
626507497
626521448
626569261
626707717
626774546
626863370
626985119
627205816
627437547
627542710
627636019
627719804
627770105
627952372
628152584
628199327
628291966
628326269
628327449
628388777
628395923
628423457
628456443
628514061
628556036
628636745
628666105
629030804
629101267
629108290
629157959
629165743
629253641
629632639
629660785
629711117
629799630
630122880
630150377
630370640
630458645
630470323
630495272
630551656
630760101
630777205
630931740
630951690
631187449
631329486
631392723
631476610
631550529
631692349
631883045
632103563
632288597
632312714
632522363
632878874
632914446
633044715
633437175
633587364
633733344
633771925
633862328
633998093
634058909
634406120
634428374
634657551
634784858
634902509
635073735
635164848
635276971
635410841
635431882
635555754
635743449
635880731
635964243
636205286
636241177
636299177
636308949
636476882
636539236
636712588
636806787
636830533
636899789
637024419
637311232
637401053
637475217
637555195
637602228
637652606
637740455
637781073
637957830
638085856
638483021
638567627
638623216
638678583
638859326
639010900
639053713
639232696
639303864
639392649
639500071
639502108
639670453
639742844
639770299
639863466
639992904
640003606
640030876
640138959
640248406
640303899
640396916
640403768
640640960
640693170
640850074
640973581
641029611
641084431
641100510
641247613
641332441
641402402
641501094
641519324
641526190
641584840
641705983
641727509
641868043
641909851
641957944
642118002
642295166
642407150
642489763
642813508
642825455
642884285
643238094
643410948
643803922
643873321
643932282
644255291
644361715
644367801
644375189
644442103
644461875
644580468
644645563
644700005
644710752
644870674
645452729
645580821
645614205
645627220
645637140
645638660
645683012
645774378
645816463
645950704
646037478
646089948
646102082
646462657
646507851
646847958
646917448
646991810
647064030
647099563
647181257
647290022
647469699
647518442
647598687
647697944
647735441
648001875
648044230
648105497
648424994
648580275
648735020
648866598
648899738
648964926
649048270
649095746
649105317
649287100
649317241
649498951
649706697
649726193
649918789
650110953
650132561
650158407
650206420
650350034
650408718
650632861
650676076
650686461
650693553
650729960
650833777
650898376
651160865
651832056
651852800
652717216
652719326
652813996
652928604
652941911
653203320
653339422
653365890
653458885
653536684
653582345
653761940
654124408
654163972
654438881
654581364
654608076
654747438
654932762
654988252
655010087
655083700
655085227
655095948
655113617
655162430
655227374
655309021
655364994
655496070
655788329
655964103
656046445
656074750
656122196
656245106
656302259
656358919
656365108
656565636
656587359
656718189
656762374
656855998
657154155
657188823
657323342
657377097
657419424
657454523
657505812
657529536
657647367
657706585
657753206
657812213
657870779
658068232
658173214
658203667
658224260
658280455
658299343
658458744
658669161
658847929
658849786
658919727
659070318
659165561
659190830
659242847
659369890
659476237
659540998
659683463
659702755
659722037
659767970
659769190
659919466
660039456
660039606
660125667
660198548
660216003
660420917
660646004
660669375
660676873
660815998
660827430
660864811
661013256
661102817
661153293
661165718
661329044
661722133
661761144
662071352
662085726
662181782
662215099
662299377
662437926
662531525
662625741
662643378
662712956
662788142
662812730
662828117
662865040
662933242
662955207
662970224
663172426
663198130
663251596
663353235
663382764
663421482
663461214
663688016
663786120
663791899
663824481
663867558
663989697
664015561
664037549
664079545
664129168
664156135
664401157
664429523
664658160
664685639
664749878
664771144
664797385
664914550
665162956
665163147
665188175
665432393
665528323
665592722
665701147
665816310
665938735
666426592
666540827
666593818
666600012
666660206
666810550
666855552
666918145
666971491
667124773
667239722
667240148
667285294
667398957
667441144
667507367
667876223
667918262
668148035
668241234
668328332
668330638
668352895
668553210
668577623
668622575
668639651
668678236
668691598
668904377
668909034
669353595
669377351
669560916
669647036
669718929
669841763
669845762
669990326
670048993
670053393
670074384
670112346
670142229
670149897
670482870
670594377
670821944
670879866
671161873
671202968
671400318
671446566
671505559
671612419
671711431
671949610
671999154
672436520
672464511
672558365
672626468
672719854
672755067
672863199
672958567
673014544
673026967
673052420
673102409
673276885
673324502
673520960
673649368
673740813
673933948
673941034
674049766
674058891
674236308
674292714
674296968
674339795
674456383
674645908
675009396
675193898
675252909
675347223
675361147
675506391
675549917
675817090
675912486
676109829
676213047
676252209
676261891
676280499
676349728
676396526
676489412
676767537
676769152
677035662
677157761
677179869
677199459
677279146
677443597
677445548
677450187
677457958
677493091
677518396
677586291
677638907
677783111
677814143
678024646
678153755
678347920
678753370
678812183
678893631
678938540
679013507
679021740
679154997
679554510
679656009
679752194
679777538
679877459
679937075
679950682
680005615
680135694
680365671
680411218
680437288
680449307
680623593
680650373
680680827
680688904
680986983
681017581
681047444
681468942
681623794
681657805
681751531
681940080
681975300
682215242
682237077
682712142
682756741
682816544
682883194
683079322
683141209
683473978
683503502
683615481
683934010
684009712
684090466
684211906
684279715
684356823
684388372
684636497
684708502
684820668
684862101
684906204
684915838
684943780
684946953
685150819
685191191
685199381
685269047
685351297
685427766
685460352
685521627
685673063
685815305
685867039
685905414
686039642
686040791
686200061
686228862
686261083
686287957
686465304
686492429
686689193
686783866
686813752
686845400
686919739
686954436
687030426
687031261
687074870
687128734
687248116
687249155
687268249
687349447
687525148
687542819
687548859
687633109
687680072
687683857
687826684
687990637
688158926
688456315
688460550
688461052
688552230
688631972
688767772
688800003
688866356
688969644
689069754
689137954
689377634
689393969
689636248
689745755
689848138
690116223
690122594
690199565
690207403
690653953
690669944
690719736
690727795
690749289
690795524
690947001
691110755
691161842
691170950
691186077
691220404
691561690
691809455
691829017
691840130
691897257
691950022
691993908
692012559
692205832
692297616
692324770
692417318
692477117
692517695
692599400
692612105
692716333
692744659
692761274
692771443
692798467
692901045
692934918
692957273
693015900
693063994
693192783
693219889
693404095
693427587
693622877
693666875
693672842
693872885
694044042
694091335
694128406
694170419
694228380
694283002
694300847
694369569
694507792
694560186
694736537
694853170
695271105
695287920
695377618
695425545
695593345
695611887
695625979
695697634
695785744
695807501
695825418
695986362
696158577
696246095
696259390
696461408
696534616
696555048
696565313
696724940
696796773
696903845
697197192
697268873
697393689
697501291
697571075
697690399
697809702
697890631
697913005
697944025
698012267
698150722
698192064
698409115
698489455
698558754
698710341
698796381
699007225
699007742
699328019
699440038
699606578
699674825
699880849
699973619
700074932
700353321
700504937
700587721
700595639
700606525
700660738
700661741
700666638
700782043
700791880
701039434
701177304
701217487
701285246
701317378
701592555
701769896
701872256
701931632
701973224
702076478
702374023
702389166
702469954
702587928
702981933
703020310
703092863
703135201
703184234
703458823
703493656
703513056
704036246
704251721
704315824
704485733
704541335
704563248
704583117
704685092
704695456
704703123
704785483
704800342
705026856
705058484
705079389
705290294
705444853
705497270
705521308
705732918
705782282
706027007
706146510
706211638
706234369
706247128
706361403
706366205
706531007
706566880
706693839
706709111
706722015
706805531
707013135
707163256
707418992
707559908
707580877
707691414
707905594
708063655
708403803
708456403
708561472
708643827
708806117
709055453
709160773
709193958
709441346
709581862
709585645
709588538
709619236
709682876
709878471
710057034
710109453
710126471
710297538
710428404
710429123
710602242
710621492
710690625
710857097
710961665
710972930
711026657
711351558
711403509
711434922
711568619
711576822
711647090
711875906
712108435
712248539
712267842
712308908
712311566
712390686
712557353
712567065
712809794
713100023
713115843
713171720
713176651
713204681
713515333
713593198
713850275
713893338
713924537
713938586
713954509
714014701
714280168
714557139
714638827
714738506
714768128
714788390
714853587
715013436
715231402
715266079
715379497
715489709
715528448
715541705
715857761
716002384
716054400
716154170
716231893
716394726
716511579
716696554
716699401
716813018
716856799
716891773
717051108
717078300
717091902
717227400
717229225
717246319
717364403
717391615
717398874
717559948
717591461
717659181
717686088
717878800
717964257
717987206
718036365
718085185
718126259
718433617
718642770
718677028
718700704
718861357
718972659
719202270
719216606
719545241
719559513
719709481
719759834
719824963
719950819
720093136
720377309
720499555
720562947
720654009
720723019
720866435
720905708
720919308
720987240
721009020
721012297
721020342
721062914
721179760
721325768
721364038
721640862
721703170
721758051
721763685
721989712
722019345
722021163
722050815
722349783
722558900
722582566
722656107
722753841
722797992
722856227
722902945
722931449
722971889
723011482
723067302
723205168
723267484
723388504
723450299
723490472
723507679
723604262
723688252
723898632
723924139
724007806
724036425
724063312
724106901
724113077
724137505
724180211
724427304
724430905
724453078
724525242
724847356
724897693
724984244
724994859
725038397
725097766
725105276
725168824
725175142
725178700
725223430
725471370
725553688
725576305
725583552
725644747
725756279
725787325
725847524
725927655
726027395
726032263
726075155
726124420
726137263
726178643
726199298
726377894
726473089
726510870
726711993
726900850
726941446
727078748
727184363
727566726
727617152
727707694
727766842
727792278
727861999
727868570
728178645
728178700
728353739
728516907
728627380
728645005
728753594
728813050
728880626
728886983
729085078
729128105
729258029
729538186
729615728
729678066
729697998
729708547
729723033
729962579
730187824
730201283
730265326
730287503
730521207
730571619
730586452
730605942
730896533
730977258
731018970
731091193
731196435
731252276
731311966
731436685
731498478
731586982
731657208
731738820
731914175
731985424
732033184
732071639
732073884
732294509
732394821
732632732
732664337
732674065
732819804
732890055
732937250
733013300
733149606
733177621
733178173
733309495
733363373
733455416
733471849
733526771
733588219
733606075
733698244
733723708
733724478
733823994
733934608
734027317
734145690
734243546
734284328
734488664
734524084
734605192
734693341
734702962
734875148
734977039
735114446
735170727
735282158
735325880
735421577
735668600
735719702
735736733
735799376
736089576
736202340
736229532
736355748
736522034
736612955
736632599
736703140
736732023
736992434
737018813
737052800
737455028
737465375
737577833
737620167
737695416
738098063
738253848
738473527
738518890
738630763
738740926
738875587
739074331
739086387
739182546
739245078
739258486
739346968
739393186
739466784
739578123
739634646
739766085
739832818
739975471
740111953
740285652
740470330
740533631
740653762
740874454
741149452
741237649
741433217
741500050
741536037
741660403
741726333
741760789
741806828
741986374
742012656
742064601
742328645
742405355
742530297
742849595
743046643
743277290
743352674
743387222
743470682
743513397
743531138
743629018
743829404
743839256
744017277
744039900
744050498
744110533
744174835
744181826
744196685
744351704
744441636
744484653
744494076
744514316
744551221
744586413
744603637
744611717
744701309
744714461
744818486
744888862
745133994
745230701
745285099
745360830
745373062
745522517
745539701
745717593
745775141
745825784
745953815
746107174
746129890
746415541
746422833
746454704
746524164
746640327
746674658
746798675
746888417
746918784
747159770
747204302
747206096
747351466
747410717
747460014
747601948
747744421
747811196
747925078
747927996
748097830
748141476
748163916
748460352
748519844
748758304
748844338
748886649
748907739
748932630
749011611
749309113
749372571
749404005
749560777
749632432
749642850
749651610
749759683
749774922
749865679
749906130
750016332
750025530
750046958
750108871
750318700
750408776
750447517
750456781
750593928
750633641
750694657
750746351
750789906
750792301
750800552
750921325
751285609
751329608
751424754
751455962
751462030
751477487
751495089
751521099
751993325
752025004
752034319
752056462
752267398
752269384
752436254
752455708
752708955
752784986
752791240
753066249
753345480
753523052
753592550
753687857
753918095
753925315
754004054
754204342
754446631
754786636
754869284
754955051
755342032
755608491
755632699
755641625
755946240
756024908
756070358
756096095
756257761
756500461
756766160
756954012
756968909
756982345
757036728
757113911
757425217
757772185
758132257
758207606
758268751
758447125
758566690
758679958
758764318
758889803
758903252
759035575
759076044
759112326
759132602
759189598
759579576
759582410
759610790
759658623
759806518
759885088
759964551
760270518
760334799
760356083
760693696
760810382
760821011
760887766
760985471
761311504
761347451
761395977
761425395
761450913
761544642
761752518
761781836
761859153
761975430
762022458
762098656
762149680
762164433
762669928
762726887
762814579
762985525
762991599
763036168
763124829
763170665
763547377
763559689
763664193
763836450
763879415
763895049
763969896
764104403
764259016
764345634
764384891
764659139
764874000
765008228
765269765
765349784
765457413
765821812
765875715
765880489
765983155
766371423
766558082
766690611
766745137
766769655
766771201
766891761
766962069
767008656
767032503
767242904
767288178
767458218
767481363
767498134
767527634
767557774
767582444
767816260
767901323
767904269
767931088
767969294
768137873
768395607
768478848
768513488
768547028
768619108
768704576
768710969
768734558
768787722
768880940
769009341
769187985
769194290
769241891
769247586
769254768
769439759
769567553
769611841
769672495
769744348
769842868
769903448
770000580
770124569
770232025
770297122
770318126
770331031
770338676
770433270
770562059
770579864
770621247
770841107
771023158
771079337
771128658
771152172
771274615
771329031
771523384
771530990
771558109
771598058
771686724
772095709
772450970
772470318
772490136
772497804
772529963
772657349
772699397
772822867
772937580
772963496
772978344
772979353
773157032
773158849
773477661
773498136
773705637
773711135
773864933
773870622
773902221
774130112
774195571
774282791
774346056
774353567
774365102
774484122
774547793
774626525
774645095
774656886
774660482
774749663
774823722
774852286
774898392
775299095
775346392
775407804
775496929
775613399
775785318
776034250
776178725
776267271
776333578
776532706
776692045
776820855
776857812
777033961
777192542
777235553
777285210
777393558
777569051
777819859
777968690
778112828
778117958
778187545
778257982
778266019
778307633
778423797
778530236
778772901
778881456
779190625
779297056
779353280
779372471
779428172
779435439
779558291
779774431
779884690
779897088
780129894
780152898
780188849
780301099
780322860
780336658
780490429
780499393
780594824
780691173
780723581
780933733
780958310
781409587
781414769
781661448
781665248
781721449
781733688
781794769
781870817
782089174
782120372
782221696
782273415
782346296
782555808
782641440
782770233
782790629
783033620
783053829
783316861
783326756
783360424
783429791
783617347
783871741
784146921
784241556
784464584
784479039
784577227
784621400
784660332
784990697
785142344
785204113
785289496
785590532
785722391
785725822
785730283
785779659
786269520
786421622
786606803
786635258
786957881
787099325
787364521
787377419
787560322
787608476
787756856
787784005
787798378
787820975
787850950
788004394
788048052
788148328
788558265
788908465
788963781
788995440
789125511
789188376
789222999
789409952
789452256
789524824
789625357
789698705
789825759
789849720
790010181
790462369
790478981
790523140
790725807
790749083
791011125
791098638
791216901
791240618
791282627
791524878
791551119
791792136
791968707
791996050
792057121
792194618
792255899
792557074
792581771
792816152
793113325
793170559
793185747
793342777
793376898
793464958
793588070
793947948
794034154
794104863
794106136
794267129
794284658
794391652
794431322
794679898
794761357
794820556
794988937
795097168
795192890
795240127
795263850
795302762
795354082
795426534
795472931
795475725
795603589
795641437
795704793
795763577
795848279
795914198
795967177
796108341
796138261
796253743
796288332
796315032
796496347
796516956
796647958
796652924
796954593
797306334
797355304
797409987
797603769
797796570
797851945
797962124
798198423
798244170
798322320
798554495
798556391
798576711
798644168
798891805
799111249
799130564
799200150
799306488
799373341
799526081
799568236
799587108
799705011
799721809
799739418
799839380
799917842
800055990
800093947
800171931
800173396
800280374
800365745
800433153
800529160
800634191
800781013
800808082
800905981
801049388
801231443
801300256
801432879
801477661
801494407
801553105
801591881
801614737
801627396
801683810
801779323
801857594
802000176
802052138
802138078
802170656
802218654
802232821
802278978
802297368
802406035
802715029
802778448
802816756
803115957
803199608
803219683
803229520
803240535
803387916
803439850
803467209
803513519
803545025
803635159
803647494
803771330
803897685
804035676
804281458
804445463
804482504
804551919
804576685
804677884
804773049
805015929
805064074
805084050
805422627
805445907
805490970
805532015
805603878
805693865
805770331
806094982
806180845
806432378
806560277
806578504
806615927
806739314
806786022
806837839
807071832
807296777
807419493
807434680
807505826
807637089
807980328
807994334
808005978
808078621
808129875
808253575
808345272
808360597
808386820
808389228
808562222
808593092
808614157
808625732
808665953
808721576
808829184
808831157
808863079
808913599
809016263
809242785
809260967
809290054
809296854
809347517
809486193
809775968
809875864
810058662
810064911
810351832
810484917
810528436
810530984
810601723
810703442
810805411
810963567
811044710
811245676
811250943
811279035
811751004
811765287
811873910
811893771
811921269
811979268
812207826
812274844
812296079
812445019
812613386
812648227
812749907
812877857
813000437
813033379
813113597
813237575
813263948
813357462
813415109
813500004
813566779
813830323
813885508
813944070
814194534
814213908
814388917
814468788
814486825
814500864
814587454
814593544
814744369
814795315
814873711
815034902
815043949
815120565
815170714
815336003
815373684
815385968
815400312
815458388
815769922
815963762
816002833
816140023
816240374
816446049
816816075
816861070
816924052
817181700
817225561
817227644
817299385
817334048
817434804
817470683
817534718
817716966
817746422
817810466
817893269
817923141
817958052
818025747
818168065
818460684
818492290
818523039
818774609
818788319
818813646
818976869
819132374
819166855
819354615
819392252
819480601
819602210
819616629
819772968
819839196
820034549
820208203
820211757
820330337
820377896
820499318
820715730
820743743
820795176
820821127
820854328
821034427
821040880
821164795
821319623
821356038
821375312
821399462
821430378
821561411
821610072
821665140
821700152
821830856
821974042
822098316
822118657
822124274
822194049
822437800
822465684
822651977
822657045
822709093
822755808
822776446
822872597
822873112
823019698
823140917
823212348
823256876
823261057
823302351
823355435
823378522
823436980
823647533
823800055
823974208
824009225
824380080
824518643
824585916
824622918
824631581
824835037
825088029
825112916
825153596
825358300
825386293
825428361
825538740
825700722
825775634
826079261
826108091
826158671
826507895
826752948
826791091
826797375
826994275
827005799
827023966
827090045
827137268
827212370
827288115
827586241
827683724
827721031
827771597
827788553
828010518
828061023
828099619
828303796
828414603
828504048
828510275
828658117
828756929
828757722
828864795
828897867
829225116
829229278
829328388
829450928
829583113
829615927
829765643
830263875
830311171
830558537
830800484
830812422
830912591
830916598
830936077
831000544
831007102
831043488
831519415
831538672
831805730
831855204
831979863
832010625
832312398
832518562
832652963
832711774
832783255
832817223
832872878
832898835
832935087
833035219
833196922
833307679
833638360
833672280
833760074
833880362
833915747
834023678
834038905
834051269
834120821
834525753
834538769
834610526
834620891
834701601
834769458
834811342
834904018
835012154
835047757
835159046
835250051
835292802
835298041
835323234
835475288
835523288
835543509
835726841
835811760
835832566
835921772
835962739
835966327
835982246
835984465
836239048
836308324
836336036
836411186
836563096
836748507
836996035
837040889
837061329
837176695
837322664
837389438
837510610
837825113
837991952
838130467
838170117
838609690
838674695
839167332
839189202
839205179
839217253
839257042
839603940
839625918
839657286
839949288
840078435
840107032
840135704
840209202
840270783
840294210
840759660
840883512
840898486
840996173
841011826
841062092
841211726
841490790
841721997
841818020
841894576
842056478
842169938
842220442
842336074
842418338
842682908
842693310
842702786
842903174
843450481
843468759
843666511
843812984
843822249
843974060
843976714
844005062
844031016
844259445
844278788
844329082
844538208
844644604
844656711
844676548
844784414
844808287
844881540
844904477
845023946
845075363
845211802
845320545
845392760
845561827
845623996
845780292
845905689
846033972
846167025
846410063
846440452
846447294
846601091
846608221
846671496
847015430
847090479
847110525
847194304
847263529
847279213
847401408
847591456
847650577
847690843
847706871
847709314
847758752
847928125
847929319
848005636
848229108
848273131
848312708
848395722
848941214
849051313
849174885
849346713
849377629
849386002
849437234
849535807
849550405
849644590
849785364
849807189
849906446
850071303
850126080
850245793
850315192
850473466
850485057
850517103
850601566
850618717
850677585
850712478
850724593
851037553
851094533
851110755
851189269
851255517
851279392
851314796
851424459
851451776
851507916
851677823
851722774
851793994
851859609
852001623
852027482
852078814
852117722
852222219
852226471
852413133
852594752
852637858
852744949
852812981
852834669
852968108
853122745
853126904
853129577
853344176
853373909
853402815
853507961
853548807
853720430
853863467
854474902
854562210
854787643
854908711
855027010
855034470
855241984
855286836
855327380
855343506
855463089
855970963
856056553
856063254
856155269
856608729
856660679
857322488
857338849
857408123
857476819
857714155
857766384
857790341
857830556
857845174
857972263
858178876
858288826
858569455
858576207
858733337
859337638
859424327
859602303
859719709
859738472
859831282
859914600
860363193
860393395
860403324
860553378
860665177
860797753
860835488
860855943
860954429
860954601
861082910
861298138
861329791
861813679
861828830
861844282
861861183
861971807
862024562
862165852
862293904
862786865
862938408
862970254
863013615
863170154
863418892
863518649
863654000
863698961
863766751
863809605
863821942
863876820
863912185
863971120
864076966
864192250
864203404
864313876
864360394
864590818
864647620
864709321
864899618
865064171
865181345
865468482
865608568
865680401
865711249
865763512
865781168
865904450
866058554
866155098
866182488
866221099
866284853
866285371
866296454
866533133
866688700
866693478
866747739
866793985
866989252
866995412
867028572
867524063
867685581
867748626
867832192
867970082
868182810
868186666
868362236
868539878
868548199
868715050
868724583
868752921
868808581
868833608
868981887
869196304
869298021
869325646
869594531
869633182
869686954
869894552
870135911
870203911
870283383
870309686
870626104
870679637
870941419
871314534
871516044
871560600
871594200
871672322
871971454
872061732
872104119
872155580
872277299
872304132
872439518
872637233
872708931
872781068
872816657
873020303
873278681
873370625
873769596
873806046
873890572
873997786
874087454
874095597
874114409
874194611
874205794
874326907
874411355
874726404
874820651
874872570
874925748
875002964
875015756
875153362
875279802
875309218
875521245
875581752
875598692
875616453
875929323
875943653
875953201
876002935
876096018
876224685
876226711
876301371
876470590
876535549
876561399
876601843
876684802
877045920
877102809
877116992
877130536
877295660
877367569
877640434
877679277
877959664
878049862
878087559
878162859
878337700
878378178
878470240
878619808
878791061
878874720
879138935
879204173
879308392
879335091
879488033
879554675
879558142
879602599
879606308
879636921
879880828
879889100
880123030
880325991
880343957
880359235
880374719
880443470
880477151
880678905
880710301
880731172
880743335
881046682
881060512
881189966
881295953
881527321
881542307
881575817
881603418
881681313
881905288
882158386
882214092
882247279
882248697
882357714
882382140
882467472
882692297
882804183
882965917
883062048
883340547
883422945
883481696
883552601
883649144
883676706
883842242
883917537
884241135
884316314
884346972
884399774
884455537
884597100
884847963
885183095
885545714
885645515
885677846
885990331
886001356
886039941
886063140
886125330
886150509
886489575
886533275
886825778
886858633
886968330
886978501
887045360
887055783
887277006
887342126
887688483
887732938
887754714
887773539
887831662
888186337
888397838
888552160
888614161
888667271
888829738
889055737
889354855
889361202
889604635
889605427
889618097
889778388
890172228
890395214
890459798
890852817
890965816
891042282
891043908
891049179
891050930
891105563
891123235
891172407
891236097
891323348
891376074
891453177
891478439
891544319
891629251
891783482
891834103
891866217
891917936
891930468
892190099
892386878
892447916
892620140
892656082
892730459
892737126
892750430
892751810
892757306
893245709
893358446
893407719
893533864
893622794
893722966
893809398
893908296
894101283
894286163
894315370
894491777
894661104
894679887
894987759
895121229
895144193
895464903
895596405
895690692
895747688
895907117
896059181
896097900
896223783
896342428
896393107
896416252
896454383
896538151
896597306
896616399
896620252
896701304
896803441
896837616
896932912
897115425
897149030
897260617
897295777
897414828
897462861
897566407
897570485
897596731
897601959
897603104
897626910
897715628
897919106
898125535
898304522
898417140
898534830
898558834
898771438
898886753
898967335
899003241
899030202
899062732
899161982
899210979
899220725
899340291
899381149
899476689
899497650
899594928
899740415
899746504
899790527
899807422
899918838
900029614
900036724
900278657
900349593
900437665
900520881
900528553
900685362
900716587
900800144
900850786
901167287
901250776
901295887
901554745
901656177
901790812
901828670
901842392
901891725
901912437
902067294
902201146
902353289
902390946
902470018
902606297
902652788
902886657
902923717
903108763
903137733
903253435
903272370
903299349
903401626
903525607
903546265
903588585
903635554
903654637
903828393
903943924
904064172
904078387
904081372
904164127
904164355
904220921
904269888
904359595
904554060
904566027
904639499
904839556
904865273
904900087
905002985
905016618
905098674
905223087
905355385
905575651
905605165
905696959
905756888
905861817
905909653
906091708
906096982
906112951
906157245
906402073
906634164
906646519
906682995
906688344
907048245
907103094
907265333
907342844
907470336
907829159
907835848
908078586
908153257
908251685
908347208
908377015
908459290
908593433
908616799
908683258
908804309
909016860
909160916
909396321
909408798
909593704
909629397
909733490
909743524
909940044
909992336
909994464
910044901
910045280
910132016
910275492
910305814
910308160
910314830
910328885
910395566
910450787
910589393
910665137
910673308
910695614
910883331
911264204
911334718
911451668
911469699
911553601
911775978
911812111
911970176
912003615
912040243
912073971
912083041
912114331
912178264
912179302
912235232
912268759
912268767
912291423
912376224
912382485
912384311
912409592
912419525
912503380
912683061
912937266
913178055
913187521
913225025
913303746
913327084
913344055
913345389
913486637
913502636
913507595
913583233
914122059
914177594
914217072
914312918
914351593
914391668
914443192
914527276
914688489
914744468
914852109
915019634
915149863
915279243
915359969
915396027
915461747
915522019
915548926
915573528
915678370
915732522
915833346
916092882
916498013
916671664
916686439
917042290
917223596
917242971
917294435
917386048
917477695
917551336
917779880
917793341
918046069
918059123
918061082
918219674
918254774
918338995
918384433
918524019
918550134
918578414
918605633
918619992
918693096
918810875
918838143
919096810
919319007
919498938
919681744
919791453
919804749
919861606
919927926
919947063
920029955
920129653
920536377
920545714
920953941
920955626
921111112
921199259
921216276
921255433
921256451
921349958
921397670
921452017
921469782
921477307
921514338
921558742
921561323
921587097
921636399
921843077
921939389
921952992
922054801
922434508
922710537
922717829
922769937
922834508
922907270
923041681
923272807
923283549
923369088
923460153
923635564
923757158
923830228
923959647
924066009
924168480
924220662
924226839
924249339
924465117
924610973
924953354
925002849
925005077
925127910
925155849
925179566
925309008
925439679
925440217
925727521
925788639
925906667
926125981
926213821
926254779
926308592
926392663
926556711
926583797
926725162
926871340
927166619
927353292
927400336
927465495
927536505
927540205
927569034
927805293
927813204
927862281
928057898
928107164
928174634
928202445
928227935
928289708
928396301
928433158
928480735
928592430
928694826
928718260
928828531
928884096
928918679
929051136
929145711
929158791
929316904
929356945
929497054
929501061
929540008
929547415
929702626
929870007
930392077
930441591
930444515
930480219
930866905
931031805
931050313
931069268
931166329
931434161
931470161
931520927
931546759
931698192
931799063
931992670
931993047
932097513
932498847
932551849
932604586
932615137
932741730
932990256
933097232
933102901
933346031
933347711
933474088
933858131
933914956
933954286
934100986
934207311
934237158
934363942
934381126
934597380
934701007
934720218
934790261
934850292
934897353
935113756
935183581
935192778
935292329
935335521
935387828
935490882
935576029
935666545
935708323
935881998
935894379
935937812
936086473
936167565
936262123
936717693
937017793
937049570
937106178
937120330
937152664
937162149
937184349
937303137
937387397
937523730
937533838
937599502
937604176
937648589
937722079
937835887
937951714
937957689
937990967
938205520
938405246
938443470
938501099
938513392
938524244
938574310
938577454
938677805
938888803
939102118
939171421
939220176
939222920
939417829
939565911
939566772
940085683
940221967
940390990
940574692
940597570
940701667
940703378
940778144
941019349
941027325
941240557
941309135
941368984
941387769
941425387
941924033
941998648
942002231
942042373
942113499
942259072
942476403
942514305
942518577
942525172
942526962
942708110
942805542
942809220
942833947
942981011
943072792
943142789
943356273
943365049
943387770
943486060
943547323
943600947
943778045
943878635
943940532
944002528
944025513
944426397
944532292
944544255
944564223
944656283
944660031
944670740
944756955
944850970
945270222
945413308
945452345
945617207
945667023
945688337
945766218
945799973
945888827
945893959
946021398
946332701
946364646
946533594
946566562
946582759
946932122
947111634
947114575
947211863
947298824
947334140
947413632
947511566
947625057
947679166
947699758
947782776
947790622
947905033
947968623
947977257
948124853
948171639
948218861
948277662
948313610
948598132
948626451
948689980
948881493
949439985
949491911
949654967
949689286
949784687
949883609
949892426
950024671
950218405
950315066
950486264
950657036
950665135
950852093
950979531
951000860
951259471
951316737
951355244
951379296
951466250
951545681
951559280
951636543
951656950
951710241
951765587
952187395
952244985
952427185
952564953
952751448
952955939
953008947
953092476
953250268
953315626
953839001
953897502
953912906
953917297
954094086
954276383
954333619
954371105
954411913
954442573
954484067
954550413
954626425
954627460
954635797
954738174
955037637
955135780
955331303
955441146
955667132
956128865
956329599
956429419
956444836
956713105
956789500
956802344
956879695
956962644
956973324
957119646
957320301
957430451
957590446
957595554
957800062
957811879
957834760
958040515
958257703
958260951
958495283
958607379
958645261
958677829
958883353
958914672
959126084
959129117
959275551
959297973
959333044
959393472
959761647
959787792
959826210
959919427
959926917
960019406
960038362
960314692
960421637
960438084
960597891
960950694
961061314
961110438
961190550
961303257
961467307
961489044
961638464
961638540
961752287
961770326
961862445
962084725
962089423
962187889
962266300
962297503
962580992
962670737
962862440
962869412
962887568
962913224
962926584
962948602
962977053
963028481
963417320
963500155
963537323
963573743
963597001
963726310
963745740
964030647
964080976
964096532
964108244
964152946
964312428
964509355
964596992
964619063
964659141
964698495
964934634
965007542
965054041
965096000
965098445
965120597
965126995
965226543
965266850
965571794
965603863
965648152
965705886
965722840
965869642
965902814
965994041
966084575
966159413
966196092
966313912
966354774
966393139
966537845
966558922
966570608
966708314
967011060
967073794
967079854
967259258
967264481
967325064
967439166
967495775
967501147
967574441
967666604
968092264
968183765
968625116
968713023
969069704
969133406
969303909
969412734
969611701
969659447
969694125
969725553
969846944
969873180
969877753
969973245
970166649
970476186
970559470
970633580
970654470
970817064
970867477
970928669
970932564
971033303
971163775
971261834
971302850
971308236
971312773
971336271
971730510
971763492
972028462
972035363
972067548
972167838
972218260
972238349
972377128
972551684
973055488
973105145
973196610
973250565
973286595
973326540
973455459
973538182
973629244
973661727
973872651
973959132
974078365
974199839
974495519
974612821
974650283
974706437
974719323
974723890
974745927
974802835
974971170
974976863
975004587
975021345
975088430
975093419
975122970
975539146
975545556
975804166
975885739
976015318
976171406
976282530
976438322
976818997
977183495
977213652
977263696
977275824
977307437
977362146
977398069
977648190
977728772
978063750
978285920
978358764
978363506
978376003
978411756
978432353
978448647
978803921
979085083
979167412
979329738
979682599
979703958
979739369
979768522
979879807
979956614
979996314
980071663
980191321
980388051
980560228
980780517
980847293
980862381
980932969
981189259
981240570
981269658
981271186
981615931
981632152
981634043
981668557
981697736
981818234
982010483
982049751
982081260
982118497
982301517
982446321
982481111
982491533
982694809
982752927
982784111
982850573
982982465
983056977
983100969
983268986
983303134
983496332
983647414
983661287
983792868
983830072
984033112
984068236
984071811
984160193
984268794
984312413
984345364
984407114
984464455
984488298
984535455
984553353
984628301
984767282
984839640
984966903
985285828
985359166
985363018
985367660
985613037
985665721
985771934
986485326
986514343
986893753
986975914
986996859
987045064
987072198
987258734
987643032
987657989
987663785
987714145
987719011
987914919
988227156
988228060
988337292
988521412
988581898
988602215
988640931
988692718
988742262
988759691
988846767
988968547
989098460
989441844
989599899
989672441
989843942
989878066
989893651
989954017
990296458
990350985
990369368
990579639
990848569
990892157
991007094
991164652
991178858
991290752
991403835
991411111
991452093
991820254
991878249
992083743
992295117
992315442
992323923
992496740
992583600
992605205
992633269
992675137
992695519
992726521
992742074
993056434
993094933
993284113
993365919
993411591
993572962
993735782
993753959
993780000
993802841
993815197
993922320
993932391
993976435
994105918
994157273
994180296
994188916
994208532
994380188
994585283
994589334
994720413
994851073
994862697
994958944
995029627
995069613
995133277
995181973
995450011
995457152
995517889
995539406
995658874
995666845
995731815
995743225
995839350
995881591
995936391
995946629
996151945
996238993
996252125
996450851
996552007
996552276
996597859
996633075
996904554
996947132
996968374
997074932
997162283
997484880
997526862
997554781
997845044
998200249
998701099
998765356
998933468
998941320
999010285
999223078
999264906
999400149
999515155
999538904
999585774
999634683
999671918
999705248
999837157
999840853
999874245
