69160
74192
85792
113712
175144
401438
464336
552907
723560
823969
904203
1016180
1046531
1136889
1224881
1447422
1457494
1566930
1684209
1713754
1741620
1753357
2000994
2064169
2073139
2356709
2548464
2571994
2585363
2613324
2629514
2635943
2720013
2850398
2858385
2957410
2974293
3008648
3118157
3162830
3175495
3507343
3583892
3586518
3633307
3668353
3748499
3820496
3843763
3913856
4064185
4122526
4146384
4175355
4228662
4301139
4339882
4591525
5078680
5093090
5185797
5219480
5382846
5438996
5669917
5684985
5807389
5842985
5848276
6031404
6120899
6147878
6260808
6327752
6420263
6468854
6702845
7014343
7054308
7094961
7133214
7219740
7242423
7297436
7403930
7904825
7951033
7960158
7971352
8016055
8104234
8171091
8325714
8367679
8469322
8475855
8513257
8596840
8612980
8613431
8629964
8770608
8839339
9168317
9533823
9602998
9676381
9834106
9995996
10006022
10142061
10195659
10199576
10201446
10425640
10456939
10585494
10634374
10820458
11177465
11217496
11294250
11327987
11361218
11449185
11633106
11690997
11788101
11793620
11828862
12140765
12152662
12181681
12467883
12554341
12752366
12890626
12922623
12991761
13027976
13036789
13097436
13345341
13626141
13742640
13744004
13754227
13969463
14079094
14240487
14333009
14703756
14793127
14858684
14971504
15160851
15188538
15301111
15434169
15483329
15493366
15576183
15875873
16008933
16090321
16114221
16534627
16761968
16878269
17008948
17149474
17195339
17232762
17291449
17515008
17555322
17596034
17672003
17716261
17769775
17871111
17876066
17991228
18250921
18316833
18442188
18448530
18721958
18849773
18948433
19009704
19051266
19194028
19299442
19384487
19389899
19503089
19515975
19620624
19666058
19698463
19812135
19965966
20004531
20086983
20346823
20402754
20606519
20838559
21090154
21135206
21333821
21371502
21397867
21422466
21575368
21657864
21977880
22043064
22157931
22291542
22353826
22420525
22519289
22525743
22649200
22925617
23011820
23056971
23066100
23216552
23262642
23357593
23539467
23727893
23805070
23860511
24665333
24756887
24926975
25164833
25258572
25312027
25402177
25430275
25473277
25528829
25546283
25659018
25733385
25738433
25747962
25952552
26005435
26036854
26166549
26175708
26468078
26508289
26589829
26801925
26890863
26898376
26913396
27181266
27278622
27366820
27464996
27581594
27660636
27802395
27924050
28050401
28136119
28181548
28186835
28203839
28238642
28256300
28455797
28466241
28516527
28571206
28595414
28746179
28796536
28821889
28846796
28976402
28978967
29015141
29019056
29040736
29081866
29100468
29128056
29142406
29263784
29314678
29505422
29639307
30026891
30066768
30496861
30671237
30715497
30895693
30910874
30938823
31012597
31112294
31123802
31142976
31194667
31449465
31635423
31732982
31833009
31932507
32000077
32013255
32205259
32320515
32412015
32427414
32582267
32710785
32863148
32940481
33017804
33184345
33214060
33274337
33324106
33369003
33388130
33467398
33471575
33657904
33779930
33830117
33987551
34022394
34149254
34154015
34411469
34432127
34449229
34484460
34690871
34747185
34824911
34865766
34874657
34978617
35060443
35070327
35250809
35290602
35313701
35343080
35570284
35579065
35594651
35659729
35763745
35880832
36058152
36076585
36219786
36342978
36347507
36526134
36669724
36731471
36859507
36881271
37064069
37158179
37330036
37352498
37361041
37769700
37776696
37778259
37830701
37920318
37977942
38012677
38281691
38381266
38503047
38553395
38843905
38924312
38976299
38976716
39235458
39373627
39380809
39421609
39426690
39477208
39514568
39593568
39731187
39744878
39761742
39982956
40131894
40199411
40568312
40790902
40797221
40818145
40852298
40940061
40963503
41103607
41185249
41227537
41253829
41263916
41287665
41396464
41621164
41659719
41741551
41963640
41989252
42037874
42050625
42157937
42237972
42313985
42367545
42414879
42476110
42500183
42549374
42591787
42847961
42902169
42972624
43052601
43089653
43136747
43142415
43361511
43384191
43595357
43635294
43794602
43843542
44208383
44334221
44339697
44340602
44422592
44571470
44737671
44738339
44769308
44799511
44899412
44963577
44985079
45134510
45209367
45222175
45247344
45425272
45491821
45634267
45782096
45896121
46020460
46121669
46354698
46376410
46497533
46522450
46607501
46660215
46752757
47122375
47824945
47979796
47981708
48033797
48189264
48250773
48387298
48440793
48442633
48451011
48471976
48481727
48515320
48694801
48707660
48753374
48776882
48915458
49072593
49123388
49351725
49380734
49410387
49472863
49489848
49598296
49639426
49661846
49777515
49799621
49799745
49866668
50198146
50414218
50437959
50446128
50540226
50611375
50673756
50799093
50865332
50906673
50943010
50974195
51154062
51181342
51287308
51349951
51690585
51849434
51852733
51987999
52101312
52310598
52700300
52708718
52940930
53030398
53134121
53193009
53517132
53660795
53692006
53955683
54122323
54144120
54196244
54292942
54534300
54550946
54764818
54766335
54784020
54990934
55186851
55225655
55309091
55477484
55768560
55769418
55811594
56159693
56915608
56920479
57043044
57591546
57656750
57662755
57666462
57680202
57844260
59013443
59143180
59249220
59283051
59341003
59551876
59665150
59725616
59735589
59751263
59760134
60071321
60111515
60211089
60242105
60318982
60546818
60550651
60982268
60997340
61054880
61056168
61106538
61175565
61243613
61944060
61968765
61969885
62005245
62086408
62325417
62338631
62361519
62365846
62438208
62563032
62581667
62755545
63137737
63310513
63602178
63646727
63650846
63689394
63720495
63952731
64009884
64046133
64282920
64296073
64319410
64332299
64477551
64569834
64755142
65143104
65146703
65170591
65267949
65349108
65380208
65601652
65618476
65720616
65786017
65824196
65854506
65857193
65917693
65962633
66081682
66121145
66128093
66468294
66547097
66624459
66686505
66733397
66777055
66806732
67092451
67096795
67167743
67223518
67433389
67442064
67507976
67745485
67780384
67888751
68019870
68041868
68288455
68316067
68386919
68400346
68480760
68569202
68619986
69033581
69045855
69078669
69084867
69101907
69211889
69320507
69352002
69359381
69500055
69571196
69757125
69759323
69845049
69985979
70039179
70069655
70177348
70198766
70292975
70309186
70416329
70547604
70656151
70706265
70731086
70751424
70954292
71101005
71106609
71296122
71513175
71753432
71754318
71841908
72056505
72066396
72078786
72132849
72133078
72243231
72280148
72402881
72456116
72551830
72739346
72813422
73074386
73116771
73256871
73301698
73385979
73521302
74122352
74290994
74616618
74810045
74856853
74885066
75123373
75274224
75274328
75344864
75610455
75905675
75908851
76080432
76173374
76238922
76355261
76377594
76534469
76566346
76854344
77092875
77126078
77166352
77260268
77283042
77358525
77385399
77475182
77572806
77711623
77844227
77856969
77879051
78052763
78325949
78353699
78435563
78594028
78658936
78686135
78691048
79028524
79132962
79137745
79262325
79445473
79587262
79692861
80103874
80107125
80255232
80388043
80485212
80622729
80676388
80989377
81017454
81158060
81208285
81270597
81312406
81334671
81630871
81638915
81993965
82113364
82308660
82316640
82326908
82331223
82357876
82361530
82405995
82613727
82674049
82801068
82897207
82931961
83133420
83467171
83518106
83599827
83688287
83709884
83710385
83908002
83931167
84117188
84161887
84176498
84278754
84287119
84378997
84585256
84674411
84831595
84860870
84905650
84974083
85058004
85060486
85212874
85283279
85446669
85536453
85593095
85658956
85716295
85742847
85746914
85996655
86013343
86136743
86136933
86168032
86258090
86677381
86760796
86784521
86924151
86987144
87028210
87145777
87172490
87299973
87320823
87596619
87935634
87971155
88049245
88186396
88285651
88319949
88394556
88834990
89062650
89167829
89347444
89366369
89437933
89459632
89538778
89599862
89651152
89684628
89692452
89706090
89711677
89773474
89828711
89876999
89901133
90005149
90006601
90235997
90255916
90257608
90719455
90920652
90938871
91149201
91232969
91247669
91460835
91495796
91547165
91642349
91834316
91864839
91916653
92079382
92350174
92361454
92475349
92562555
92650023
92690646
92722342
92949999
92973204
93058270
93313325
93345894
93538094
93596082
93728551
94140779
94310979
94466417
94491082
94829224
94839103
95011860
95107310
95451098
95532917
95850947
95903887
95914729
95945371
96175915
96176316
96280733
96306274
96519490
96606972
96749916
96947374
97140881
97153563
97213790
97238934
97269339
97287127
97341007
97503838
97522306
97539003
97544474
97611630
97901301
97940648
98017636
98020107
98270021
98271954
98353490
98383591
98390895
98403540
98518235
98534001
98750857
98819754
98855702
98949994
98986568
99037791
99136087
99283977
99335765
99550347
99576188
99631465
99632024
99665539
99691851
100027212
100113603
100124633
100125492
100168895
100238906
100375912
100429073
100450486
100615266
100796541
100858550
100972948
100984804
101279106
101371441
101640889
101718556
101731448
101744186
101757935
101763947
101797546
101903012
101912310
101957803
102117947
102131933
102152210
102232220
102269897
102469258
102510391
102646206
102681329
102728106
102732769
102871657
102931964
103078901
103179505
103292767
103302487
104201829
104544025
104627636
104658570
104673018
104683535
104747438
104800874
105097522
105282791
105287305
105477164
105594567
105671962
105787515
105835173
105927919
106045435
106130972
106150292
106177711
106323655
106342264
106456171
106523029
106565720
106581408
106610357
106617027
106712740
106868387
106888870
106947464
106976928
107333414
107481178
107495986
107551282
107641493
108003459
108148893
108211660
108308743
108315109
108544059
108731222
109196799
109308060
109578294
109737330
110076488
110173180
110320911
110384542
110391150
110454660
110480092
110494339
110726605
110853604
111061284
111084433
111133729
111158553
111161719
111410364
111450109
111488692
111595446
111599919
111972176
112082385
112218104
112240733
112286145
112400145
112404544
112427997
112497241
112568950
113001636
113112130
113256118
113673200
113890445
114056525
114101990
114237907
114499394
114534622
114536212
114671082
114702551
114732250
114960212
114961173
114992314
115000336
115093215
115146145
115174419
115337694
115450303
115592435
115808930
115868002
115935656
116087114
116097400
116176536
116191030
116233247
116253586
116373455
116380465
116436766
116542700
116606361
116633631
117049955
117124247
117199969
117204224
117214895
117328155
117397375
117572455
117773570
118039796
118244019
118358073
118688556
118697362
118864237
118886486
118978184
119003246
119057396
119161318
119294987
119312043
119386839
119463016
119518059
119758117
120034532
120049768
120105692
120359305
120454480
120457077
120827128
121002394
121094512
121105074
121146460
121220666
121257355
121392746
121575681
121764875
121789262
121846824
121948368
122036960
122109974
122124071
122145475
122236368
122301818
122302861
122544169
122813603
122835978
122878739
123072634
123271487
123315072
123362614
123427560
123726708
123758463
123859606
123907301
123915970
123997694
124010502
124050755
124051343
124083376
124126037
124193692
124237562
124300699
124368200
124773362
124842001
125016337
125065817
125093646
125266049
125284263
125319466
125532325
125545919
125669523
125735159
125959413
126144000
126340258
126363536
126411909
126442606
126481134
126590974
126646723
126676368
126715269
126763493
126833605
126852761
127007133
127117574
127222524
127261801
127270077
127376605
127383118
127472892
127911219
128096335
128253093
128361825
128486698
128541393
128573387
128915333
128939002
129129852
129240859
129321615
129423943
129464872
129591616
129745707
129768161
129829637
129900713
129964665
130032447
130062683
130124636
130176574
130186948
130266489
130288608
130622832
130706938
130724324
130998445
131005676
131202972
131249134
131564180
131850120
131883726
132001141
132036950
132045074
132325387
132337491
132343800
132469386
132597320
132633540
132753868
132855043
132860790
132877614
132899125
132991788
133032348
133161849
133230400
133286772
133694763
133754839
133772053
133797113
133889690
133945242
134233714
134561840
134570186
134891979
134930311
135017942
135061151
135083832
135091188
135139193
135154939
135198054
135201461
135219185
135387111
135596171
135616930
135701420
135745730
135765003
135808888
135863075
135996938
136001736
136070626
136088723
136128209
136208145
136260090
136394346
136692200
136921297
136954052
136991551
137030497
137048135
137166725
137366258
137384786
137616787
137662028
137726776
137735018
137738460
137816217
137831824
137842694
137900117
137913573
137929826
138031048
138143396
138198720
138296944
138320105
138387723
138455872
138575759
138675601
138838540
138845182
139145995
139255459
139387897
139471295
139504771
139655745
139711303
139767375
139800744
139883769
139935754
139995380
140033840
140209226
140272104
140278591
140280981
140392219
140549845
140620164
140673100
140789537
140938943
141164462
141210262
141407712
141455511
141491370
141712471
141758269
141785984
141890995
142024618
142081907
142141704
142200533
142236009
142347110
142474125
142543763
142620798
142826482
142980168
142996564
142998680
143057169
143238674
143251773
143470593
143523768
143578650
143686651
143692299
143791375
143891334
144006353
144059149
144122581
144165063
144223084
144229442
144473527
144600025
144627641
144710315
144726422
144906081
144964601
145003124
145109489
145166583
145169298
145182449
145258888
145450793
145546386
145604675
145800022
145800361
145820338
145937026
145956418
146368424
146428654
146740017
146816453
146887400
146952159
146989159
147085225
147126776
147231987
147353709
147637369
147752719
147994704
148392237
148449324
148527533
148713494
148774582
148814328
148834034
149046731
149070249
149141481
149173180
149513605
149595547
149636349
149915590
150014878
150058192
150082416
150146340
150312462
150455111
150526629
150692201
150773164
150781293
150814151
150882530
151026819
151065519
151208303
151222399
151420642
151421215
151500932
151548872
151680356
151791061
151828123
151909244
152043976
152172141
152261967
152417018
152443161
152725075
152762225
152862418
152898909
152971698
153032821
153142084
153224465
153275191
153456235
153485157
153513192
153547979
153862443
153924011
153937581
154014564
154039230
154061522
154066636
154241606
154399423
154539896
154693767
154717866
154832167
154869337
154892451
154934828
155099814
155105171
155191448
155272863
155348166
155384170
155423946
155472153
155576812
155800754
155868300
155955112
156007070
156360683
156671522
156688385
156712219
156786507
156954085
157178802
157342124
157676383
157758685
157814152
157920558
157930252
158075956
158101080
158142665
158236747
158244381
158302231
158855203
158863982
158900028
159162883
159289446
159552190
159552917
159591374
160105791
160318419
160472133
160559653
160591010
160603404
160628022
161150329
161597010
161909587
161934437
162112034
162290148
162293719
162391070
162445285
162514308
162546607
162776805
163143086
163193856
163330620
163462777
163493009
163574422
163596704
164001655
164070664
164266325
164464069
164479901
164627612
164651908
164726304
165264637
165275034
165407221
165521830
165537164
165654576
165661845
165720740
165724422
165733158
165835403
165861916
165898720
165931624
166019129
166095656
166116886
166131059
166337450
166345994
166401345
166454821
166455958
166532180
166945782
166982740
167155776
167436834
167558537
167638505
167714885
167724737
167727710
167828141
168206922
168249330
168347315
168457084
168652279
168806385
168849912
168915438
169095845
169166063
169213974
169286922
169473529
169575741
169621152
169682187
169714197
169740109
169845832
169935712
169975355
170010639
170043897
170080056
170105868
170146986
170160788
170243158
170290452
170301095
170334519
170606203
170610575
170611857
170674326
170823635
171042435
171147875
171492150
171556062
171683864
171735214
171934472
172166100
172226675
172302451
172761320
172873150
172902517
172981230
173009548
173153605
173250231
173624880
173861009
173872885
173950590
173988616
173994032
174366960
174443724
174478614
174490214
174492158
174549027
174578490
174743176
174857769
174912798
174930132
175047040
175243167
175299432
175369697
175591954
175630815
175680650
175743706
176032881
176194134
176362571
176435243
176626770
176640023
176886466
177094974
177095243
177120640
177148731
177202320
177451524
177455462
177505141
177780266
177861137
177867926
177896289
177965960
178156491
178493540
178664357
178683528
178883845
178981941
178991346
179012296
179235778
179326178
179434728
179734322
179928443
180161089
180191278
180192159
180269675
180276494
180281425
180282505
180298760
180321693
180439110
180703965
180764606
180779519
180783875
180814790
181173777
181300956
181509196
181537940
181623419
181661469
181782930
181827296
181916476
182280174
182568919
182675195
182753114
183042858
183083216
183176538
183197743
183296248
183327055
183346173
183708697
183728130
183959386
184090598
184141831
184172592
184367192
184387360
184480640
184575572
184606624
184761226
185032512
185147167
185183012
185473318
185636359
185828401
185928315
186262726
186725077
186742630
187063565
187157468
187208158
187272149
187326858
187404929
187577203
187646635
187668425
187701859
188029191
188041356
188231346
188245784
188335284
188410801
188415592
188633704
188708219
188927849
188977271
189038140
189058904
189171952
189270952
189291210
189327861
189369472
189442312
189541903
189606492
189658684
189662909
189803065
189841197
189879229
189888863
190278691
190318399
190384256
190506532
190841603
190853692
190901223
191058471
191142064
191163852
191193146
191234287
191273078
191457404
191473165
191858187
191926289
191957114
191989287
191991324
192184850
192205336
192498985
192735948
192877635
192949763
192963600
192997670
193024563
193030325
193055588
193074242
193413435
193646347
193941787
193944913
193954072
194057265
194079957
194229857
194377207
194506261
194509234
194519481
194931016
195127949
195184466
195188159
195282709
195339124
195536012
195712647
195906318
196203562
196349033
196363185
196441281
196494562
196504091
196546409
196748111
196781575
197003229
197092978
197136051
197315452
197406784
197428625
197546509
197640352
197654853
197723108
198093507
198263477
198375268
198420254
198580780
198642530
198936177
199236084
199282613
199317145
199349765
199371008
199455098
199509381
199551142
199554940
200057395
200070704
200103800
200107213
200232532
200372669
200524482
200738384
200809349
200879429
200973747
201645144
201707493
201793392
201831855
201982636
202545226
202632117
202717819
202865284
202983893
203015335
203018085
203111250
203132941
203292556
203297141
203322608
203342995
203398761
203413070
203581977
203657460
203697253
203806357
203870012
203873651
204000463
204041245
204048058
204100403
204154503
204345473
204419210
204513957
204540201
204583620
204699423
204732804
204736275
204793233
204860805
204932795
204963491
205147627
205209523
205251245
205372893
205434601
205455007
205523161
205618529
205674290
205896654
206359383
206456104
206661572
206782654
206981836
207067450
207231576
207301621
207607431
207615396
207761329
207767798
207933674
208004955
208023890
208065987
208196358
208196825
208220936
208347358
208371431
208486734
208493636
208585338
208591126
208633279
208635867
208688731
208730931
208752955
208776310
208812754
208968028
209163178
209254153
209303922
209347295
209433833
209561324
209748783
209778612
209855086
210002834
210263078
210293121
210412123
210540446
210626860
210716311
210917817
211057013
211126055
211158232
211175343
211294196
211323798
211483256
211520322
211741197
211810220
211921270
211921938
212098140
212130867
212212251
212567860
212638719
212639411
212647489
212715391
212732027
212802605
212845932
212943688
213010539
213045057
213128415
213297605
213326010
213632099
213796549
213861891
213949583
214014772
214480474
214537995
214567471
214579917
214587435
214604222
215058968
215087167
215099392
215106887
215335838
215347936
215372772
215445715
215605077
215674301
215753125
215792169
215965901
216115773
216150976
216294011
216339092
216507681
216531774
216750497
216805870
216994468
217063319
217074635
217283902
217312868
217343288
217421825
218268160
218292558
218390282
218408243
218501640
218508404
218575127
218584123
218777167
218787778
219024978
219154689
219165941
219249619
219512212
219523314
219551378
219680221
219684163
219724003
219801625
219996466
220020999
220070176
220176137
220254875
220304107
220313292
220454531
220489826
220552068
220605486
220615879
220721362
220742903
220748555
220765738
220793655
220804551
220948301
220968523
221043672
221407895
221465536
221544191
221648276
221736384
221854598
221979051
222086429
222105042
222108923
222264526
222281293
222285561
222299172
222533895
222576605
222712469
222736148
222755592
222783653
222807665
222812444
222813494
222969734
223102540
223117041
223309415
223480913
223509957
223547911
223567590
223902816
223906131
223984721
224029522
224273748
224298578
224321561
224417342
224438716
224448668
224540079
224571799
224746314
224746673
224817613
224939959
224969532
224970632
225004928
225064644
225241221
225419482
225444915
225468929
225488134
225549175
225569811
225610842
225656050
225682746
225716072
225799312
225836179
225859495
225859509
226083624
226084494
226181056
226184446
226547024
226592769
226697063
226710414
227149713
227255880
227349236
227473400
227489762
227511303
227513092
227514364
227530408
227653196
227697736
227734018
227821080
227839828
227873062
228045435
228245131
228310527
228413142
228420172
228504977
228536191
228651787
228736094
228767102
228837873
228890611
228905726
229111015
229140956
229143430
229291313
229353019
229803179
229913800
229932188
230115027
230455057
230578873
230650745
230704434
230736481
230837350
230988927
230990223
231038748
231042667
231244037
231256889
231265884
231351677
231393676
231414892
231524589
231592486
231667031
231699772
231891988
232018493
232201154
232225478
232385441
232453075
232774889
233109442
233185807
233254878
233551160
233614504
233683649
233833134
233869078
233995496
234003236
234011387
234064877
234195169
234319168
234345571
234359307
234482902
234485405
234610988
234685051
234747050
234769889
234808934
234883593
235081253
235165558
235206614
235243428
235251168
235561334
235676735
235680793
235696518
235866108
235964190
236004949
236107129
236197723
236271323
236272243
236416993
236453076
236466304
236573904
236616301
237001688
237067477
237339281
237417992
237526482
237559339
237588488
237625783
237676219
237724787
237751673
237776003
238029191
238114125
238115850
238233442
238455125
239108251
239122818
239178933
239181573
239201613
239313770
239470509
239627853
239657952
239707612
239950374
240031779
240343388
240500968
240551930
240984788
241000462
241002156
241071038
241183227
241410685
241417690
241433385
241618496
241682135
241733376
241800821
241809329
241909159
241971790
242094745
242134943
242352448
242537805
242606098
242828521
242911287
243200217
243281510
243306800
243368711
243377217
243382268
243426566
243648035
243684531
243757841
243788154
243850778
243935273
243945977
244029039
244035553
244104477
244124174
244177930
244246495
244264344
244322338
244429012
244489940
244705209
244864729
244931579
244940933
245202852
245382784
245385358
245590811
245596403
245787994
245979838
245997142
246326475
246417310
246427763
246447917
246468117
246477952
246480860
246522230
246926867
247170614
247209552
247300865
247301275
247465101
247505106
247541582
247670993
247855541
247929556
247972375
248088033
248350673
248422359
248489139
248640280
248745081
248750460
249022746
249032752
249411547
249465118
249487534
249549494
249939593
249956374
250068672
250106636
250367281
250690603
250700080
250827291
251027013
251069165
251139664
251166528
251350876
251519140
251669508
251681203
251864173
252028350
252057612
252147830
252386783
252792747
253009540
253043598
253149708
253320168
253452140
253615504
253649137
253658405
253667706
253874864
253984830
254156848
254325544
254362011
254458353
254512400
254547986
254725989
255167201
255175007
255961913
256051052
256102825
256169484
256209904
256229422
256281605
256483206
256500615
256517827
256571430
256607536
256702725
256706582
257087248
257161901
257357307
257436770
257507702
257614757
257629637
257730825
257781233
258076513
258199009
258295541
258451416
258813753
258819554
258891895
258927977
258983141
259046597
259051574
259186635
259216930
259259027
259553436
259617222
259687843
259794083
259820433
260019996
260376989
260509413
260510728
260534359
260670007
260678360
260678397
260719913
260761822
260875244
260899584
260946469
261078381
261091303
261145915
261272594
261318163
261380212
261474227
261652028
261676834
261760137
261795743
261840145
261896186
262126267
262530526
262567069
262710871
262732765
262788062
262943621
263029204
263061629
263206236
263383157
263606095
263792598
263893915
263896681
263936613
264200200
264225912
264319319
264379748
264414489
264522307
264564199
264700813
264799555
264822219
264838842
265003504
265019977
265062394
265192664
265503209
265784522
265848371
266042832
266141539
266304321
266307298
266499695
266659676
266713741
266908423
267012747
267037548
267047617
267127076
267175861
267578987
267590867
267752760
267787122
267789440
267798019
267890895
267943124
267985788
268032584
268237915
268286114
268867326
268896812
268979923
269016105
269070595
269076075
269083967
269253898
269287158
269441941
269573648
269613701
269717766
269733101
269903792
269929916
269949539
269961288
269968975
270000508
270101195
270101980
270198189
270238500
270418710
270619724
270706044
270874801
271055833
271101019
271160484
271178756
271184199
271214422
271348868
271495189
271525137
271558821
271761154
271787960
271866492
271893724
272006202
272038299
272287630
272313521
272464770
272499844
272503611
272682455
272733710
272776741
272784311
272914152
273049482
273134578
273142348
273551404
273567242
273692123
273782811
273814662
273859925
273894899
273908543
274004943
274045589
274092541
274212671
274665704
274765020
274774426
275005537
275091592
275103162
275148385
275265071
275335493
275360705
275464031
275500010
275813237
275833666
275921903
275946139
275963111
276027708
276036841
276211029
276385121
276483646
276488640
276612897
276648694
276709274
276727651
276753554
276780560
276827834
276847589
276890627
276925679
276949728
277005148
277084749
277102569
277151751
277677431
277699745
278049242
278166774
278224825
278338900
278355913
278370614
278390900
278426770
278444763
278481899
278533698
278591287
278615808
278735921
278816549
278908725
278969660
279050720
279401824
279618001
279625329
279804821
280042664
280554961
280620163
280676514
280682403
280783338
280889473
280998288
281114432
281181050
281301714
281341397
281408695
281481595
281562517
281755183
281919274
282038691
282121351
282248385
282599644
282821158
282849502
282956226
283008273
283015571
283061128
283169467
283552246
283589224
283636458
283694768
283733379
283793887
283866154
284072520
284210136
284302915
284382223
284405371
284494622
284530401
284546246
284603103
284622778
284658942
284667812
284806453
284838869
285081883
285374188
285418519
285591266
285619843
285661792
285679387
285835409
285842068
285902776
285958737
286280765
286315048
286437164
286474449
286529629
286589374
286680970
286684234
286709554
286746612
286864903
286959000
287076672
287081369
287336602
287438057
287665636
287665962
287711980
287743557
287749991
287760939
287766209
288318870
288393393
288518769
288519880
288533935
288644448
288745909
288759040
288759402
288991650
289028484
289253457
289412706
289446380
289477031
289521256
289624455
289643988
289656815
289864539
289893990
289985624
290287568
290474096
290686983
290702137
290807813
290830931
291021896
291080198
291139599
291226769
291290000
291291860
291316146
291366871
291507346
291587730
291616256
291744143
291747020
291888090
291965807
291990489
291990831
292165508
292296863
292609294
292716711
292727600
292831310
292935314
293045252
293056417
293289981
293328751
293339488
293351357
293384797
293563805
293639288
293710946
293984161
294100294
294137714
294222496
294340982
294350543
294418399
294578989
294657555
294696670
295054370
295116759
295146649
295149014
295155463
295189189
295222234
295252904
295476176
295509068
295588330
295670617
295709789
295839376
295885327
295944963
296056712
296067142
296249074
296296332
296315690
296364425
296475438
296481838
296501891
296589297
296632570
296931853
297029279
297244659
297345993
297382762
297405862
297431634
297559890
297575363
297593535
297626715
297661647
297718149
297742884
297814177
297841672
297884204
297888038
297953865
297989506
298011481
298100040
298261239
298510923
298686786
298876812
298902614
298919597
298960662
299211108
299584548
299594027
299720881
299974530
300147807
300251267
300460966
300499125
300673990
300803340
301090556
301179760
301334023
301336579
301358314
301449182
301519154
301538490
301620121
301670775
301712648
301927657
302109618
302297849
302330997
302506780
302535001
302655814
302709553
302780060
302911330
302929942
302943665
302999711
303134081
303400804
303600461
303672196
303849210
303858842
304162612
304236054
304529073
304614603
304708831
304721201
304747484
304985022
305062428
305177014
305262973
305296786
305438217
305550846
305877221
305885691
305955366
306050318
306511898
306584589
306638433
306788354
306867237
306893008
306967674
307050800
307056519
307078513
307238545
307279481
307476325
307496344
307628064
307672667
307709359
307941300
307962911
308259945
308425550
308575252
308617291
308720395
308870864
309038156
309224499
309229084
309262904
309284976
309354689
309592560
309643672
309734561
309778561
309780785
309790303
309821836
309822830
309867419
309994491
310167841
310187368
310227223
310271754
310298381
310398088
310528412
310629004
310781004
310789554
310857801
310971148
311132827
311248521
311389760
311652511
311706052
311847275
311940819
312192657
312215860
312244577
312252198
312400576
312403321
312534162
312561395
312615245
312707388
312772256
312790722
312853599
312900654
312986926
313090881
313211355
313346760
313557493
313695180
313749496
313791267
313816266
313847478
314049163
314106181
314144888
314178167
314229730
314275367
314376029
314402067
314713928
314825542
314851877
314855688
315013752
315089814
315177385
315201328
315469689
316012550
316014690
316018044
316122324
316164443
316206629
316270501
316309180
316385440
316603916
316713535
316718329
316899097
317050704
317197623
317292859
317311399
317618090
317831715
317852973
317934720
317974672
318063765
318230777
318231819
318267560
318401118
318485888
318516549
318554812
318575468
318974238
318976749
319067422
319173188
319219441
319329177
319382232
319396564
319608537
319752725
320034029
320090633
320302389
320387913
320470243
320603646
320644195
320651886
320687518
320778374
320905170
320951636
321116690
321129062
321131883
321308740
321547146
321618091
321637775
321696106
321755250
321972092
321988902
322120735
322202502
322275631
322366067
322375961
322427157
322463725
322498522
322762850
322941913
322962833
323367973
323371049
323399559
323470899
323553768
323715503
323876462
323952578
324087490
324317503
324468122
324528038
324626709
324626819
324659018
324840632
324902531
324914330
324949039
325005986
325154800
325441405
325511835
325516790
325520730
325658274
325685344
325710375
325801323
325888264
326536426
326740900
326820205
326902135
326905426
327040693
327111264
327418081
327558982
327729998
327730758
327884894
327961303
327991935
328212689
328306038
328321515
328405832
328496347
328517631
328582492
328689104
328835377
328997316
329158825
329162705
329192627
329229555
329296948
329394390
329483806
329494890
329719211
329798342
330012039
330132910
330142158
330426971
330784137
331088537
331387067
331467383
331703087
331810474
331917344
331994034
332050783
332144037
332152830
332170668
332174645
332201221
332221003
332396685
332417250
332441386
332468619
332479546
332556499
332685429
332815218
332950536
333013293
333066639
333156395
333260499
333267858
333274862
333306487
333495859
333681474
333862910
333878744
334030476
334049736
334083286
334427408
334429541
334513928
334753975
334927550
334971973
335018250
335041985
335075409
335153226
335184962
335320036
335431236
335458885
335530585
335543987
335592503
335593592
335824340
336137269
336390430
336545700
336574418
337415151
337658899
337725977
337734561
337929580
338059789
338301322
338348913
338421946
338580121
339174341
339413186
339433435
339451713
339460371
339464046
339694695
339750883
339785883
339867498
339951354
340078523
340166493
340178316
340244555
340256703
340348006
340369430
340635397
340711309
340932052
340988118
341218348
341223578
341538104
341592574
341759166
341766843
341775488
341801914
341929575
342029109
342072288
342073133
342171562
342197027
342368498
342467064
342517867
342529266
342760394
343135912
343360166
343416392
343609455
343881996
344043694
344063958
344457422
344495511
344505219
344640240
344649522
344771428
344819583
344906710
344909454
344944382
345516438
345680435
345908553
345910257
345943179
345983160
346007054
346076477
346138471
346153347
346196124
346247307
346352518
346374609
346534822
346722847
346907600
347051879
347494544
347596474
347630553
347637110
347655941
347692772
347938222
348015171
348021505
348082564
348115193
348310654
348339539
348355306
348423267
348531106
348589684
348799023
348823984
348946724
348987758
349077591
349197840
349235965
349393429
349410697
349436476
349465047
349647460
349662218
349731977
349799372
349827384
349877636
349959154
350033267
350080810
350122132
350478784
350792633
350799366
350845826
350933645
350944439
351016353
351070414
351078354
351232369
351246742
351364356
351429743
351519980
351729012
351866546
352070792
352081239
352126229
352212666
352236013
352331581
352370527
352405675
352415582
352565040
352646420
352653039
352770530
352957976
353017761
353051443
353086668
353122416
353184838
353274763
353340284
353517535
353517792
353585778
353760771
353900008
353975093
354067141
354143139
354244548
354546803
354565125
354590947
354754085
354913634
354989584
355017302
355144803
355187852
355260295
355275787
355331882
355352956
355465018
355530037
355561714
355699649
355716921
355826380
355997273
356103721
356157761
356227631
356289610
356511882
356612406
356620798
356690535
356967558
357266879
357275581
357397728
357436829
357630369
357727761
357732084
357889968
357963679
358112867
358237759
358357683
358553334
358595583
358618849
358774035
358835217
358863686
359133098
359198611
359253966
359369445
359601201
359620861
359705343
359764139
359909956
359961137
359996223
360007750
360017454
360079302
360245910
360361750
360431044
360665487
360734667
360924081
361071980
361120166
361142936
361202887
361297501
361493872
361751040
361823418
361856665
361881511
362037043
362132954
362449613
362479101
362742613
362825852
362833835
362985003
363057311
363257313
363310872
363409383
363481415
363678719
363801123
363890659
364193852
364211285
364337029
364368437
364548473
364747259
364964679
365270904
365301760
365343888
365396053
365481843
365539123
365620174
365763848
365892126
365945346
366120641
366219814
366237432
366263618
366514844
366540066
366546501
366598083
366737803
366779296
366794017
366866147
366869221
366959340
367292531
367603792
367613763
367632734
367636188
367667035
367706116
367747708
367915016
367955803
367961208
367973803
367992276
368156547
368251534
368340307
368672536
368935524
369324997
369407706
369482840
369508621
369622941
369992654
370057064
370120271
370288784
370426615
370426920
370466340
370583152
370589387
370771950
370810906
370831796
371006640
371205145
371370335
371525493
371570805
371632818
371645064
371741103
371867509
372101435
372163764
372298545
372492962
372510635
372550431
372793801
372872899
372891681
372955856
373356988
373425714
373489448
373538976
373568353
373704305
373871632
373933750
374054461
374823607
374931333
375072047
375126425
375159746
375246548
375279678
375391960
375561538
375620207
375699713
375732328
375838946
375958551
375975923
376103616
376109721
376134974
376148299
376371114
376413673
376496268
376627719
376660799
376719128
376764091
377161922
377169933
377180130
377184077
377247159
377350194
377427450
377434893
377536120
377618601
377624645
377731157
377759998
377792375
377931763
377999747
378069235
378104104
378113052
378174336
378180562
378330987
378346603
378374777
378484232
378506072
378677364
378780646
378826800
378953899
378968233
379007711
379023129
379063157
379070498
379385047
379387904
379498164
379559034
379647196
380243926
380346605
380484994
380536218
380629181
380735551
380836438
380920617
381149888
381306579
381356200
381398008
381426217
381499948
381828936
381920323
381942028
382110547
382172012
382335702
382748013
383019931
383046740
383360611
383426259
383498743
383502656
383509371
383535206
383562594
383614499
383703626
383751707
383797964
383861609
383956283
384115799
384165446
384189740
384251128
384303610
384660719
384818200
384856290
384901717
384935335
385001446
385040964
385175848
385178563
385655779
385664481
385797390
385870499
385933188
386132399
386155146
386289829
386357676
386526524
386569533
386611089
386619636
386687585
386791301
386839104
386862735
386930606
386965794
387435458
387499492
387547498
387569597
387585256
387787440
387829032
387893801
388206551
388312722
388320455
388409883
388606873
388759001
388822449
388932829
388960564
389032085
389186426
389218807
389440481
389625305
389636701
389776660
389801481
390415829
390452283
390601941
390602107
390713581
390805770
390825330
391031336
391043456
391090764
391124215
391176383
391196648
391202808
391213335
391295966
391300462
391315100
391379905
391417124
391454870
391521767
391627632
391694224
391892271
391911462
391986503
391988380
392071287
392257695
392415594
392604811
392625977
392675703
392765142
393072449
393193172
393400303
393428050
393506380
393509490
393661941
393853105
393911079
393968017
394003152
394087472
394098039
394304059
394308247
394314628
394321417
394440668
394462794
394473102
394596033
394850626
395091989
395101890
395246009
395443903
395456830
395660892
395679864
396062003
396218353
396310677
396321064
396341767
396437647
396541270
396598683
396604971
396616294
396740520
396760442
396800443
396834255
396874103
396891764
396950981
397046489
397075901
397152736
397163310
397245022
397430153
397541858
397601896
397634854
397678293
397747074
397764595
398129547
398196297
398248293
398296973
398316187
398361048
398506047
398562910
398590650
398657907
398730120
398915837
398977351
398992243
399195028
399222652
399223814
399278926
399336362
399435379
399495468
399527121
399554619
399732055
399737876
399764596
399845053
399877844
399962868
400021058
400038043
400125547
400199458
400419282
400702566
400730457
400737075
400886561
401025734
401129548
401250400
401335338
401381392
401410770
401603661
401673942
401745407
401816030
401832585
401887741
401957211
402102341
402135577
402253930
402337690
402398437
402401463
402409292
402773967
402846763
402924593
403032640
403161905
403190149
403255791
403263712
403353916
403363875
403433251
403503457
403596732
403596981
403843098
403928191
404024039
404077195
404142836
404199614
404582269
404602795
404681357
404796106
404865775
404953628
405027450
405248099
405299216
405355242
405494643
405514246
405533513
406008907
406034392
406173746
406177038
406299296
406435737
406465504
406798186
406926233
406997505
407027329
407517112
407569820
407653320
407720301
407747313
407769272
407783892
407838576
408318409
408327865
408553569
408629554
408758519
408786616
408845530
408915228
408919599
408964824
409045405
409083642
409146025
409255074
409314021
409416829
409469619
409634204
410170556
410266010
410446888
410463641
411182487
411321314
411413856
411431957
411505515
411652246
411778544
411788475
411792821
411796995
411834695
411918721
411931186
411932153
412039002
412122656
412136029
412389710
412510440
412560477
412612552
412716928
413198661
413371397
413541596
413673715
413711510
413721672
413808595
413905541
414138749
414174166
414351164
414404373
414472057
414489334
414880089
415014550
415062752
415096977
415269706
415276502
415308618
415341139
415510743
415568813
415631143
415657117
415663150
415699433
415713045
415892237
415930580
415936792
416172544
416196112
416448311
416632389
416767331
416881818
417034731
417049846
417294683
417334365
417336935
417354309
417392191
417509075
417636278
417733239
417868553
418013672
418060480
418102766
418228211
418412077
418441023
418610632
418617645
418618776
418740146
418825623
419060226
419192582
419196087
419259381
419270973
419332471
419770152
419770224
419784862
419864345
419958858
419997547
420057920
420095659
420123849
420209347
420274766
420334190
420389138
420506908
420741982
420749167
420959493
421268255
421290381
421359318
421408612
421576654
421789640
421824187
422257586
422269555
422375460
422463782
422619542
422691931
422740313
422761644
422823263
422849144
422854146
422905631
423005439
423036604
423050913
423077080
423079004
423097787
423169052
423174478
423185570
423257642
423429601
423456618
423528949
423556652
423574859
423671628
423692602
423714035
423742796
423778076
423800621
423872813
423911589
423967591
424089145
424147653
424353378
424654954
424835684
424963299
425180320
425297103
425327212
425364056
425369071
425458830
425502089
425511013
425540427
425638575
425695008
425806310
426013919
426056678
426111094
426127668
426503678
426645874
426733085
426857023
426898884
426928943
426945518
426968444
427023862
427037288
427145652
427155475
427217311
427377992
427523985
427586539
428010278
428075230
428210676
428298685
428368603
428472022
428542579
428662881
428686948
428770048
428854658
428941832
428986810
429013798
429047823
429160670
429326567
429332390
429634676
429719931
429726247
429822314
429935952
430073410
430162827
430215095
430295973
430378106
430504342
430642751
431067964
431097412
431103457
431248524
431356772
431378421
431431443
431437559
431624856
431701192
431701847
431807041
431883705
431998624
432069558
432125619
432173161
432200966
432233601
432341507
432355346
432638810
432692989
432695327
432785519
432872404
432901126
433117717
433269791
433421026
433661067
433664238
433862541
433876910
434062187
434318156
434352042
434637885
434686278
435180702
435193152
435228448
435319430
435356993
435390577
435556964
435908792
435941611
436232778
436422058
436440105
436598491
436614023
436695935
436723736
436855109
436874305
437173076
437186472
437229794
437475273
437625234
437713325
437794061
437801826
438126511
438162051
438302539
438390983
438467246
438502688
438815687
438894345
439029029
439117810
439128585
439132778
439160426
439179826
439195039
439276357
439295483
439359063
439444713
439683242
439766957
439933167
440028197
440099616
440248478
440409801
440484736
440598506
440646168
440674456
440868933
440890850
441157509
441337007
441828567
442075204
442081070
442108791
442135245
442161520
442389616
442472700
442513214
442574561
442653073
442689558
442724874
442994412
443073245
443227978
443299105
443337215
443451110
443807291
443847371
443905291
443928158
444033124
444170304
444210193
444537779
444551941
444765472
444869409
445081710
445199302
445278919
445389611
445638895
445663770
445686571
445704760
445917804
446222078
446246790
446633523
446947463
446967805
446982363
447070140
447106611
447126762
447811749
447894786
447971218
448036213
448243872
448544489
448655983
448833355
449032725
449225121
449234262
449292220
449465696
449708290
449966830
450019737
450827555
450875904
451158784
451240305
451266371
451304834
451346245
451385132
451493701
451498995
451544993
451547227
451802556
451808895
451837278
451911797
452210612
452320730
452412288
452606085
452680782
452751655
453019215
453059357
453205143
453376990
453482277
453513167
453589255
453782897
453806817
454057846
454183193
454191727
454246704
454345492
454383123
454412273
454466463
454638724
454669935
454674211
454678992
454749142
454786668
454790412
454905686
454949453
455037891
455059211
455075415
455118109
455169868
455289949
455309995
455349596
455551502
455565635
455712161
455779079
456201674
456828448
456958993
456986286
457075231
457212619
457229672
457248850
457357016
457378033
457417814
457474946
457535807
457620833
457713996
457723578
457761437
457926434
458061626
458082384
458165926
458178664
458288575
458324743
458400326
458567940
458669595
458677873
458721085
458942587
459157747
459179580
459512285
459609907
459657491
459949634
460160212
460285585
460456341
460488825
460566705
460573227
460840232
461039089
461399006
461498656
461507603
461586344
461658803
461731995
461790182
461799921
462047047
462323597
462388595
462529458
462571565
462585466
462659463
462791067
462928429
462932447
463021095
463057601
463066225
463093502
463270478
463301926
463366207
463789735
463921278
463942770
464012869
464049352
464109881
464153104
464221320
464250783
464348368
464417689
464574598
465000218
465002866
465108764
465173288
465293778
465394833
465430913
465448459
465457989
465548672
465641622
465645178
465904912
466061491
466471036
466683353
466865249
467274949
467340729
467474872
467497622
467515368
467568673
467637861
467876044
467892254
468014829
468067325
468150513
468235132
468241113
468297034
468352500
468692059
468728622
468787423
468809871
468950229
468986945
468987773
469056053
469263026
469438920
469565670
469632243
469806379
469807855
469952613
470016193
470028552
470037600
470098341
470350541
470370847
470558085
470565767
470628578
470635412
470658747
470676529
470965650
471110814
471118375
471303162
471537840
471625426
471669344
471742875
471870265
472360275
472692680
472824507
472905150
472933892
473006093
473067577
473256249
473263220
473536537
473638990
473729571
473794122
473810185
473822836
473904562
473978056
474130522
474283201
474358396
474546742
474924738
474976495
475102160
475162409
475365826
475385922
475404057
475613687
475633076
475650938
475668640
475775114
475801325
475878957
475999043
476074373
476827667
476945750
477008016
477034118
477084225
477135859
477566004
477663965
477744208
477795679
477880507
477933115
478009472
478012921
478144872
478154080
478196330
478278816
478441103
478553586
478553676
478573728
478613781
478770556
478851849
478949285
478989919
479149142
479307268
479339876
479397198
479798051
479898515
480065957
480106375
480136642
480191210
480228272
480388526
480415360
480598987
480654120
480673807
480699025
480741198
480933873
480974501
480989966
480995970
481027829
481056134
481168715
481544633
481603576
481651932
481695930
481744304
481758752
481864121
481877559
481987795
482240357
482379570
482463852
482707370
482752127
482785407
482883094
482950215
483004158
483239542
483256402
483343297
483418807
483433073
483475557
483509229
483658385
483833773
483859677
483895495
483898994
483972166
484181354
484219513
484486175
484632096
484777511
484882141
484969118
485018504
485062893
485070928
485222872
485468433
485640745
485809301
485862313
485944457
485982274
486042382
486293159
486325242
486370221
486413621
486876377
486954331
487291750
487342195
487371663
487548420
487576340
487614884
487735189
487861967
487894852
487919219
487923988
488088462
488251435
488322900
488341823
488389823
488454379
488521242
488742067
489102649
489240356
489305336
489530573
489532576
489574605
489663399
489738924
489827874
489866077
490116788
490232717
490351201
490380320
490565434
490625886
490700048
490724284
490787975
491093200
491320546
491405453
491571902
491597554
491680148
491711391
491797916
491824100
492199821
492218495
492321802
492367804
492461434
492475943
492551371
492640623
492689012
492706074
492746928
493030780
493035813
493094929
493139718
493344831
493395503
493760939
493761803
493806046
493907635
494035117
494087445
494258331
494272904
494274483
494356952
494443101
494511705
494556622
494635321
494646589
494690557
494863140
495001325
495049280
495220210
495366682
495377156
495408064
495615722
495746327
495926427
495991106
496029770
496063027
496068164
496133420
496141127
496285377
496412616
496485851
496799125
496880854
496936017
497154967
497193170
497330796
497455595
497470534
497527841
497751629
497756677
497837700
497904253
497917514
497974520
498164810
498227403
498338946
498406776
498508917
498590285
498600392
498669275
498714554
498770598
498803865
498811921
498943016
499105084
499224989
499338039
499407180
499515771
499605493
499732254
499735833
500058431
500147615
500154286
500297852
500417905
500498628
500533810
500646689
500745251
500919985
500921807
501122427
501172710
501207425
501363663
501396122
501691635
501706047
502097964
502393265
502522345
502641001
502744139
502766193
502817451
502843723
502878170
502880287
502936874
502974105
503012014
503015380
503188864
503269109
503285294
503399911
503493432
503506654
503610245
503660458
503707670
503886610
503909129
503922681
503945394
504115172
504431631
504466887
504537228
504701444
504707843
504753176
504958384
505091503
505124309
505224413
505237777
505440763
505596329
505882059
505883775
505892477
505938687
505942824
506088380
506136153
506141131
506311583
506437261
506563812
506673941
506871958
507267485
507294692
507318685
507344260
507420297
507463671
507543772
507630366
507646732
507678040
507690920
507732169
507809406
507945740
507974999
507982873
507992050
508119614
508175279
508352309
508589358
508637384
508664961
508764527
508770366
508830851
508845147
508968687
509120264
509323639
509379277
509591669
509731620
510049337
510134432
510223375
510396399
510530453
510604458
510741253
511024737
511032168
511067381
511416303
511444022
511446616
511521563
511529861
511568808
511581176
511618944
511640658
511697558
511931519
511978054
512158182
512250174
512262221
512706323
512748826
513115584
513120069
513512649
513655689
513678235
513746170
513817942
513829928
513973898
513985545
514105964
514220561
514242249
514285175
514292918
514395314
514399981
514434746
514439434
514677025
514756238
515034762
515037959
515046596
515071317
515496449
515684011
515745801
515776594
515785510
515796699
515941826
515992270
516201719
516243965
516254241
516288583
516372628
516417354
516423539
516506433
516595662
516646416
516647115
516731616
516846001
517065990
517125537
517179847
517213204
517383941
517389187
517398166
517518532
517670894
517818908
517869820
517967481
518098078
518226659
518229926
518301590
518325310
518347754
518511939
518530205
518589985
518689145
518759176
518832408
518848314
518955265
519039695
519040867
519131550
519166914
519204536
519225852
519435997
519547853
519576412
519729785
519806982
519864222
519869269
519967453
520018438
520101027
520176892
520479411
520662658
520848012
520853454
520920357
521069227
521087043
521231677
521507151
521549798
521806290
521877255
522133458
522173959
522227662
522386568
522489965
522571937
522651392
522657843
522883129
522898826
522918683
522970892
523029674
523123183
523227583
523236497
523297710
523458201
523548560
523802107
523917178
523956434
524060625
524089088
524377722
524442579
524454454
524554394
524836073
524861613
524892142
524986648
525128520
525194235
525336012
525526393
525689913
525789713
525909058
526138883
526258305
526310674
526376629
526405880
526570231
526589254
526764481
526832705
526949110
527189227
527264254
527363696
527393301
527399854
527935163
528111885
528150341
528245276
528295381
528296947
528554279
528595449
528673230
528696518
528789138
528832643
528903748
529007164
529068452
529148319
529615943
529621034
529811856
529870865
529924357
530032714
530038589
530209397
530212251
530224220
530269372
530330303
530354846
530402456
530432123
530558913
530582259
530732765
530785355
530800304
530942002
531073789
531125607
531164717
531195349
531669037
531802260
531921984
532006924
532011374
532012415
532097050
532210599
532282876
532423470
532661557
532914165
532940190
533009133
533044159
533203371
533286818
533388233
533639858
533649740
533656522
533744922
533764521
533785416
534145380
534378706
534434387
534629073
534646808
534851813
534966269
534995961
535232618
535377153
535405933
535435407
535466078
535684755
535710545
535796729
535804324
535805982
536329395
536361071
536477539
536591636
536609582
536676063
536835610
536860652
536929944
536949687
536995458
537065550
537131377
537253187
537413828
537467005
537529175
537571842
537571865
537658580
537692367
537707870
537722029
537765996
537804713
537844680
537905822
537923445
538189734
538208261
538611833
539055408
539161777
539235724
539337518
539436137
539489583
539807809
539837405
539990581
540025034
540136446
540195567
540335124
540358515
540372165
540520781
540693628
540806126
540880720
540942046
540999259
541150877
541154126
541227042
541374787
541437194
541502624
541740794
541752221
542043478
542063832
542115160
542469720
542504577
542571405
542625843
542677316
542720215
542789526
542825365
542973393
543238280
543264409
543304572
543727591
543748406
543797042
544149174
544201068
544791495
544919094
544946867
544961303
545117861
545133311
545170195
545282712
545315216
545328925
545421681
545475422
545804209
545809959
545828320
545831125
545872538
545964035
546106986
546150437
546257069
546298497
546515137
546653029
546998021
547047885
547147234
547196001
547246664
547287704
547526624
547779774
547963529
547977545
547980113
548015821
548160971
548274640
548304712
548349156
548620222
548652930
548807501
549158887
549256203
549309572
549323829
549370152
549413842
549434172
549521470
549539381
549683245
549724566
549743265
549753698
549772300
549795452
550050478
550112210
550351172
550365491
550425673
550430241
550495201
550706300
550799733
550834759
550877422
550880376
551084546
551089517
551163237
551163422
551799640
551905959
551950868
552068215
552073669
552207806
552225082
552262162
552265217
552282581
552482152
552554762
552849614
552906012
552977528
552981039
553022961
553057582
553166431
553249483
553370395
553410019
553450782
553578179
553675244
553698891
553759092
553912220
553920462
553922716
554128208
554264134
554273611
554305535
554328941
554482701
554503454
554566099
554674547
554794440
554807069
554810195
554857305
554865945
554927825
554966992
555104459
555126664
555251614
555427909
555464919
555469966
555693710
556013342
556088573
556412198
556435998
556499465
556712076
556756635
556790503
556806916
556947872
557096258
557526116
557544773
557577205
557809450
557866770
557953566
558058772
558073775
558334809
558352700
558403384
558504944
558638728
558681617
558906915
558919370
558946679
558950914
558966893
559286419
559449449
559775578
559785720
559952497
560139351
560209949
560259627
560297608
560326220
560395229
560531610
560540172
560676245
560692584
560886519
561065252
561097337
561165299
561265183
561397012
561451405
561482035
561680763
561762144
561821486
561951178
562073026
562135210
562262594
562355401
562365762
562383261
562386168
562441794
562484138
562624385
562794919
562833143
562912096
562977656
563007012
563014368
563015149
563095514
563095986
563216467
563253589
563329620
563344484
563349471
563361647
563431800
563448786
563462966
563479116
563539807
563548900
563595818
563869962
563918512
564328675
564426494
564642568
564666490
564687235
564800267
564904892
564958456
565101339
565146841
565151121
565153839
565227372
565253682
565682413
565715183
565747347
565791322
565836681
565907488
565911606
565923618
565974774
566000438
566067570
566096861
566218122
566224066
566354447
566357934
566407646
566479743
566493113
566495294
566634330
566735754
566762720
567070603
567118841
567175687
567230051
567524460
567524819
567633785
567633844
567748922
567857978
567870847
567904522
567959199
568031796
568052833
568245470
568255045
568306691
568389981
568395834
568480612
568511255
568578637
568664333
568792398
568805356
568814753
568877379
569033729
569200737
569384183
569611664
569655456
569893381
569901331
569931496
569951620
570260226
570377758
570635832
570649269
570733662
570770244
570915567
570944929
571271424
571379013
571452669
571741674
572069251
572083426
572106583
572159036
572196646
572263360
572355403
572371656
572406031
572422589
572464939
572475100
572528268
572559806
572703675
572734779
572736835
572871499
572891151
572911583
572945705
573066946
573468600
573778461
574098682
574170908
574276494
574361179
574408668
574503646
574507524
574553824
574756631
575024149
575147758
575631019
575705893
575731381
575830644
575966813
575982746
576066750
576155346
576399506
576563302
576589806
576704719
576789410
576838206
576916830
576985714
576995717
577047910
577371446
577406382
577465485
577559262
577694906
577733600
577744289
577809883
577895003
578202053
578266136
578419945
578428803
578463137
578487350
578498683
578508291
578672496
578700565
578784722
578833906
578867553
578953034
579018829
579094670
579127671
579187975
579374538
579383150
579405958
579430853
579578424
579890839
580427268
580432836
580484128
580569339
580889537
580943099
580958402
580965611
581048082
581606139
581623644
581717544
581782814
581823023
581897387
581929668
581996147
582077798
582133181
582309105
582438808
582689711
582965158
583037594
583393017
583410559
583589424
583680750
583820182
583883579
583989433
584107521
584241212
584250499
584380623
584507515
584790371
584840292
584846728
585045578
585054389
585059362
585117417
585137809
585237179
585252862
585268417
585396904
585691411
585720524
585752624
585785051
586035709
586157381
586297025
586346190
586527108
586628499
586629703
586638675
586642990
586730777
586832656
586923788
587120817
587262518
587311959
587321675
587361576
587373979
587636190
587733909
587743051
587898607
587926024
587959509
587979602
588006689
588344431
588413106
588473214
588493547
588540284
588574612
588577092
588623611
588711417
588743202
588793881
588811603
589004076
589034604
589197322
589212386
589230296
589368294
589385297
589536976
589748337
589815940
590147143
590231309
590256885
590303000
590644849
590754471
590850160
590881794
590921938
590934369
591064394
591106451
591155418
591181065
591231333
591245685
591271812
591682183
591700803
591733047
591897645
591940307
592066812
592089551
592148739
592263852
592458786
592577319
592877697
593129979
593181444
593306142
593399616
593454628
593742233
593970051
593983616
594001103
594058045
594102257
594107902
594130833
594142127
594414617
594500712
594545004
594733260
594923937
594939628
595019099
595759504
595800582
595989110
596113871
596156046
596190862
596233420
596254527
596317413
596353498
596387340
596391336
596411599
596448123
596456316
596569072
596844179
596853862
597308983
597310622
597359388
597593899
597660522
597732619
597862188
597880113
598115628
598303004
598479951
598693066
598704208
598732029
598922926
598969590
599019648
599043033
599086414
599293188
599298937
599417003
599499318
599553031
599617857
600236840
600249684
600442804
600733250
600745882
600828566
600959249
601004603
601111605
601114280
601116690
601243604
601254878
601267484
601358543
601493953
601598271
602178011
602238994
602333561
602380759
602441123
602497737
602644255
602675417
602692868
602855631
603160768
603291046
603452954
603455594
603625751
603835938
604028237
604149716
604224508
604237044
604262414
604288505
604346037
604542908
604545152
604631384
604819039
604858448
605163111
605438929
605468754
605555612
605590261
605639340
605665611
605873874
605899664
605942031
605956395
605976259
606011833
606037151
606124283
606129367
606356357
606376222
606522476
606921195
607056847
607086650
607195478
607212673
607271391
607278318
607393431
607411373
607687742
607756758
607905393
607914448
607922728
608183965
608200669
608219184
608236685
608406555
608517941
608551280
608561382
608678828
608828414
609019556
609184796
609246702
609313349
609399647
609471750
609648291
609669185
609732650
609780590
609786018
609818570
609838658
609846471
610049802
610284246
610428777
610478197
610543018
610635373
610653951
610841543
610880051
611034878
611320032
611463539
611543023
611658183
611917222
612053566
612216722
612490743
612749760
612882879
612993961
613202344
613245679
613376880
613423488
613534254
613768023
613788296
613797602
613925168
614060871
614063509
614086859
614086984
614288689
614379644
614475471
614514363
614517952
614534870
614544686
614621161
614870500
614880606
614906722
615072637
615248849
615281039
615371367
615398268
615465413
615511803
615652665
616205341
616423711
616588698
616619578
616677380
616810335
616827590
616894036
617074873
617074925
617091934
617355533
617464028
617671296
617730493
617744181
617937740
618516899
618554559
618733721
618744118
618817167
618834464
618862207
618882732
619120554
619210004
619945906
620016271
620314061
620359056
620384640
620547194
620633124
620701069
620719812
620767576
620906315
621007694
621079399
621098305
621204057
621346823
621459402
621629645
621633637
621868725
622020812
622028881
622065765
622132832
622195315
622261665
622344859
622650530
622831512
623055095
623293301
623378887
623415007
623493987
623622418
623658071
623711659
623822463
623892172
623952896
623966761
623996018
624004992
624071202
624160036
624173156
624339956
624759507
624998999
625082584
625254672
625482742
625545266
625550919
625687439
625918348
626398069
626430245
626517863
626583542
626727348
626787179
626998258
627050629
627070273
627070572
627281157
627370542
627492729
627517588
627523892
627532873
627757598
627879540
627960181
628016334
628052578
628066029
628181456
628263656
628342537
628385175
628419684
628447075
628452340
628516141
628584328
628637936
628643070
628660101
628666525
629091446
629138056
629217243
629367296
629390193
629508147
629535195
629654953
629792911
629879890
629946235
629954217
629955216
630007778
630129658
630214720
630295211
630365442
630506691
630574043
630696689
630828167
630845639
630911875
631007255
631080778
631282573
631430280
631504311
631687556
631791094
631813661
632132789
632148909
632242739
632257534
632304462
632339324
632354933
632699091
632741702
632746699
632855774
632871226
633031670
633192971
633353782
633367671
633405549
633552200
633665885
633837667
633897578
633982069
634033899
634080412
634226287
634244851
634321549
634467635
634498727
634698275
634770615
634774005
634783934
634917788
634969573
635023991
635061399
635127888
635257398
635320991
635377205
635551293
635608273
635618575
635758521
635782312
636162927
636280279
636399999
636451264
636719956
636820313
636844263
637042335
637082189
637185881
637462190
637495848
637508693
637570350
637664377
637732979
637821351
637998804
638359338
638387154
638401462
638431800
638751820
638904298
639192569
639241898
639258012
639318644
639350101
639362005
639370014
639374621
639382175
639494931
639496581
639551472
639751716
640059286
640152432
640176351
640523286
640597165
640734587
640781457
640795038
640858366
640913548
640948220
641031174
641117828
641393701
641504068
641728052
641835479
641918523
642036947
642260073
642481392
642509348
642913484
643039573
643116650
643418846
643872335
643911879
643924024
644011078
644011949
644175523
644280032
644353394
644603370
644648535
644808585
644834262
644893393
645047280
645059320
645198738
645205740
645254040
645261621
645350020
645360827
645387669
645458225
645563711
645579230
645589040
645786627
645914217
646098999
646165778
646213047
646258270
646310808
646345691
646368992
646638467
646846146
646883728
646903203
646959154
646993674
647180387
647194698
647394785
647573318
647633436
647679849
647798518
647919165
647993937
648163995
648484745
648503642
648659327
648680565
648873733
648981562
649086306
649136222
649230403
649234116
649475254
649556024
649667661
649726813
649745211
650114750
650163006
650170694
650215587
650244156
650538350
650552939
650720275
650763900
650857488
650865852
650953632
651018007
651156583
651281680
651312811
651476136
651647931
651648350
651827908
651839106
651902803
652089626
652171713
652202153
652203220
652358515
652386488
652437364
652441979
652444450
652494939
652565626
652571891
652745165
652835512
652896906
652955561
653031917
653051344
653084092
653119253
653174454
653309841
653312811
653465713
653475158
653523734
653558238
653720111
653922084
653941751
654468310
654553905
654591931
654666859
654817351
654966657
655102288
655104493
655236019
655258198
655278336
655589998
655608116
655724687
655727102
655795083
655835948
655923077
655994241
656247025
656308872
656383016
656544926
656647070
656655876
656658053
656702766
656881308
656882340
656972287
657037069
657049894
657128333
657178741
657196434
657217749
657291950
657345569
657610145
657726702
657756956
657803138
657819524
657862249
657997653
658012442
658027478
658174375
658503987
658508754
658525925
658545583
658555083
658709284
658928036
658982803
659234353
659242845
659380159
659453357
659706690
659824238
659919168
659992573
660037047
660101306
660425231
660597750
660600671
660695995
660727826
660791009
661031700
661293398
661530413
661561308
661746424
661827351
661832757
662252673
662369241
662430841
662591429
662630909
662701831
662788738
662807126
662826804
662860033
662930638
663002124
663153606
663218862
663268042
663303725
663428075
663551912
663879533
664002965
664033044
664148230
664160060
664165349
664199174
664200249
664239034
664436640
664651850
664681086
664695499
664756531
664935567
664961706
664962961
664990228
665211184
665379418
665395668
665670470
665787336
665841612
666004544
666025334
666223791
666250012
666363877
666451277
666543700
666563731
666571387
666604067
666624993
666759401
666786371
666787313
666796417
667058582
667238828
667270483
667395117
667481396
667518606
667566140
667860309
667872028
667911921
667972224
668095006
668195447
668247131
668325664
668422367
668682005
668689427
668715037
668727693
668808111
668852844
669075949
669116495
669343343
669487820
669511145
669579534
669743324
669765225
669773232
669780859
669867040
669887207
669910954
669994746
670136208
670163056
670228631
670357563
670551746
670696705
670741491
670813947
670947457
671396401
671505334
671506441
671644364
671740862
671794046
672027428
672134744
672149561
672374961
672398660
672446181
672536527
672771199
672893801
673325367
673360354
673399199
673641110
673921165
674024407
674172492
674304568
674307263
674459712
674500576
674509750
674596102
674611551
674821379
674960407
675095270
675118394
675195241
675206338
675478629
675592889
675736535
675789267
675938240
675986354
676202710
676329714
676336913
676488108
676622265
676662720
676893787
676916852
677088271
677288893
677454758
677462775
677553851
677730773
677738146
677907908
677953973
677960986
678031299
678132547
678153981
678213223
678401952
678444345
678535875
678540182
678757525
678767468
678928093
679014200
679131112
679138594
679191851
679420328
679532667
679589620
679696340
679728296
679764947
679802255
679889509
679989121
680125509
680228786
680285790
680471508
680586711
680621288
680788746
680879910
680973608
681004710
681016276
681026867
681077980
681109499
681172648
681356091
681357514
681435236
681553951
681575830
681836399
681862400
681887356
681891747
681932211
681958715
681983635
682222575
682377075
682570255
682701423
682727469
682803268
682860275
682898907
682985217
683016734
683055650
683170415
683259263
683289534
683327589
683329505
684098525
684225197
684292833
684365881
684421400
684443896
684853033
684862611
684894109
684943995
684977469
685065388
685090147
685139950
685229556
685296682
685425044
685752642
685772582
685830665
685959626
686220850
686279493
686394053
686529083
686626519
686744001
686799119
686831747
686901827
686967094
687031173
687049433
687470032
687498658
687537905
687539158
687647323
687648008
687777830
687865212
687950211
688017819
688094087
688188721
688203020
688222903
688320003
688542083
688668922
688684618
688731449
688794943
689161047
689221509
689365481
689400900
689422970
689740807
689759041
689760384
689763832
689863375
689887304
690034692
690065614
690200628
690242100
690255650
690270760
690277276
690413277
690437267
690553713
690610122
690636772
690811934
690964218
691032793
691062750
691318308
691330981
691406876
691407707
691422673
691502807
691723999
691822207
691828815
691926135
691928891
691970890
691979508
692335942
692536989
692640151
692739450
692761386
692772008
692926220
692977011
692984872
692997978
693118254
693405899
693464872
693632040
693649534
693660626
693696422
693729171
693867815
694030991
694119449
694340934
694363963
694366091
694529710
694840691
695220730
695237173
695302413
695611087
695620062
695626346
695697642
695952394
696015858
696058528
696064535
696103228
696520014
696896090
696982308
697130310
697332639
697340549
697386612
697511841
697749146
697783614
698032984
698105051
698155154
698337755
698360319
698419154
698624581
698628963
698679442
698749158
698768815
698993356
699047789
699124930
699191687
699477390
699551917
699702242
699746586
699748363
699991038
700111742
700143892
700198812
700582020
700587092
700606484
700808980
700979401
700984661
701014261
701185334
701416049
701610666
701615154
701628152
701683234
701800110
701987932
702277299
702324840
702333060
702544884
702585977
702694080
702776001
702905788
702970516
702993938
703101304
703215803
703291597
703439016
703708056
703745640
703790106
704003096
704017156
704079280
704097211
704169487
704228377
704246636
704315024
704346245
704549014
704558398
704635919
704644475
704701775
705061661
705382841
705435221
705542446
705601900
705641223
705849547
705862324
705935342
705949092
706004941
706095234
706119485
706194028
706262353
706464311
706499017
706602672
706612151
706752721
706767920
707085222
707222894
707354800
707360990
707366254
707394472
707398748
707501824
707624424
707633311
707940106
707975323
708036877
708242361
708424990
708600428
708780524
708787589
708916702
709097617
709109473
709115413
709260908
709261816
709406778
709460322
709592850
709600882
709824722
709862438
709902917
709921673
709996826
710015277
710045689
710096189
710123592
710374825
710467617
710493361
710652408
710685566
710711831
710714836
710738422
710788185
711059164
711222787
711346490
711447724
711515585
711598284
711751179
711779732
711831736
712218539
712228121
712233956
712306109
712427187
712475266
712619630
712698411
712818535
712848266
712857820
712859407
712983323
713033274
713105839
713172412
713199297
713536946
713538731
713558251
713616097
713847805
713890020
714169096
714221023
714261615
714510784
714671177
714685468
714763982
714813809
714872196
714906155
714959252
715001861
715026081
715047854
715140909
715237935
715341199
715452672
715557594
715611925
715763685
715765431
715801029
715803899
715989478
716021711
716253466
717024137
717045412
717119255
717204985
717335800
717502319
717800686
718070698
718096665
718137815
718179295
718698048
718838086
718854188
718954595
719089087
719130427
719158473
719449690
719582534
719595021
719677858
719832224
719912845
720053772
720154438
720154844
720288748
720291578
720397301
720476620
720762758
720849813
720877732
720987942
721040465
721121276
721612005
721773783
721916198
722036716
722050631
722097346
722188384
722418417
722435820
722504030
722548334
722561064
722615413
722742008
722778691
723073520
723300302
723498059
723499080
723502227
723546514
723689595
723695330
723826920
723828382
723842356
723868758
724092684
724128927
724138341
724152421
724159794
724208599
724280133
724362353
724680994
724698660
724747782
724785399
724789332
724866138
724933838
725019479
725038780
725068230
725235215
725494784
725510201
725520076
725543184
725575399
725618055
725684367
725952287
726006650
726073182
726085595
726140423
726367140
726448448
726448976
726489897
726519137
726634365
726652728
726870539
727090955
727121931
727142036
727431729
727489421
727746894
728008184
728011608
728043001
728077610
728287519
728702882
728811844
729039583
729064169
729211560
729366941
729470706
729497510
729725137
730177138
730344722
730588158
730642219
730768585
730788960
730820973
730837219
730994943
731024646
731058707
731129372
731228660
731474011
731511658
731522719
731537344
731592892
731673449
731844477
731959699
731990461
732059479
732074641
732085741
732105720
732198675
732334626
732549111
732552586
732572253
732576133
732809905
732875959
733178279
733188939
733189269
733263922
733333089
733440648
733464246
733666690
733881862
733913459
734011702
734048922
734081895
734187841
734324897
734409906
734458782
734542268
734573527
734637095
734776497
734887685
734909835
734933644
735011515
735125294
735227287
735402224
735443129
735572837
735630729
735647290
735719579
735853156
735908663
735920276
735970020
736226461
736384556
736504637
736539528
736924139
736944702
737167169
737211740
737278967
737303571
737341190
737451391
737586861
737628493
737699804
737833303
737909926
738009181
738103493
738142926
738160008
738240058
738244701
738492898
738506581
738517244
738550257
738718330
738873016
738935454
738946781
739133582
739393305
739543218
739935001
740256339
740293086
740314749
740326055
740373372
740509283
740755417
740807555
740871438
740919683
740975401
740983288
741003392
741134294
741328570
741385338
741420233
741422004
741423349
741468867
741621909
741691131
741776491
742062851
742118457
742221702
742457765
742486808
742686950
742784077
742882576
742903795
743096021
743146784
743161996
743183259
743327403
743425535
743431529
743467509
743510985
743527895
743613809
743762150
743858858
743948457
744432808
744452438
744516952
744570694
744598537
744632875
745177639
745213954
745221807
745230369
745231183
745400962
745413621
745566225
745738071
745742021
745760508
745780212
745823442
745882748
745882961
745968641
746193361
746241974
746266916
746277808
746299933
746591785
746592073
746664551
746760154
746790134
746916556
747185392
747461876
747587895
747662204
748072021
748362586
748666818
749251654
749255119
749531792
749675733
749752895
750043877
750063933
750138621
750143805
750226745
750254844
750300661
750494205
750531613
750537247
750628910
750667154
750988369
751110415
751110915
751247541
751373884
751565080
751572234
751584253
751632194
751663022
751748581
751807153
751887564
752277912
752287695
752410411
752521727
752691603
752760208
752914483
753016168
753181481
753375072
753492167
753548717
753816452
753926847
754089508
754154677
754226347
754256695
754257659
754330721
754613721
754731064
754778963
754910477
755045280
755089673
755100742
755169165
755193109
755229044
755263783
755329103
755332397
755438854
755444231
755453451
755459698
755502070
755558315
755583427
755703277
755727175
755748855
755911695
756132795
756576471
756658022
756721577
756915159
757116817
757120492
757141065
757213047
757244263
757808815
757861460
757953785
758005513
758149426
758355303
758585212
758650392
758884788
758909559
759068273
759085284
759147072
759215724
759242385
759393178
759406140
759414953
759445777
759591999
759605864
759653912
759654078
759809568
760115409
760264636
760272552
760346966
760354979
760395647
760672289
760797110
760823542
760847374
760901599
761008952
761088086
761091879
761460525
761837154
762045913
762113731
762132957
762257792
762316494
762389110
762473117
762686411
762826248
762855226
762860756
762901267
763043391
763056268
763117547
763369016
763414265
763441558
763536155
763603012
764187295
764196775
764237240
764425952
764461371
764463350
765086474
765101507
765156201
765177389
765223232
765224712
765230960
765413822
765485508
765603280
765666718
765787678
765831889
765903584
766106571
766133961
766142093
766782499
766896250
766904107
766994708
767076095
767149130
767188845
767224716
767269241
767352974
767368223
767459128
767499438
767500431
767589422
767643741
768170806
768178522
768247831
768400482
768515127
768552912
768648173
768673453
768766128
768769038
769057498
769123132
769192613
769266920
769481341
769711185
769879323
769884928
770022468
770381212
770455333
770497506
770527636
770748023
770917991
771056602
771125131
771150896
771345753
771515103
771807011
771834858
772246250
772499657
772691087
772724713
772851484
772897826
773122143
773459023
773558584
773593645
773602058
773696258
773767672
773797556
773837401
773986838
774038206
774401117
774583334
774640346
774718955
774843616
774930531
774992803
775080771
775111341
775172050
775174004
775186003
775250487
775357053
775617812
775728342
775748686
775805383
775856852
775929985
776047728
776267665
776678237
776778209
777004149
777078567
777155905
777256832
777578510
777683866
777741087
777765582
777907818
777918930
777927960
778106699
778190446
778286616
778321619
778377418
778577967
778705834
778783315
778788229
778838317
779035408
779099703
779220319
779345018
779364892
779463359
779800940
779860156
780269567
780418040
780444800
780500414
780569770
780625662
780672224
780698691
780780396
780812190
780832724
780873192
780930065
781054357
781194475
781252974
781344034
781429063
781439031
781453684
781494646
781547040
781601517
781839725
781876279
781931967
782098735
782196866
782344965
782391424
782464844
782613990
782780122
782805519
782909718
782929296
782958691
783162596
783309723
783362685
783474762
783945330
784004073
784208882
784274500
784288209
784355681
784403954
784456343
784553846
784817693
784891692
784893647
784898125
785004323
785053759
785146405
785313545
785598327
785646308
785693088
785814334
785884336
786058356
786065176
786086085
786108046
786199447
786238202
786310069
786374912
786456063
786574853
786619490
786736018
786956622
787560017
787622058
787744923
787767250
787817683
787871832
788506669
788545359
788556021
788602439
788695390
788713493
788779539
788791969
788911530
789003515
789189960
789378267
789560039
789623282
789656251
789772145
789997693
790277895
790392800
790490647
790923546
790963431
791036270
791153387
791161002
791178811
791198282
791316898
791491337
791544275
791631367
791819150
791967278
792047921
792127243
792240503
792273869
792640674
792697931
792898235
792940277
793042004
793043315
793184579
793213831
793254051
793278967
793346780
793362427
793705409
793773912
793813044
793818521
793837215
793844555
793856506
793898270
793933034
793939759
794126335
794310491
794323911
794562558
794645038
794776242
794861501
794912450
794951483
794984927
795029171
795073101
795186862
795494632
795520619
795632468
795814213
795877851
795911545
795913524
795932123
795946149
796096635
796288613
796359271
796477733
796667060
796705145
796755063
796790562
796876958
796905625
796909182
797107007
797191030
797225534
797259921
797279488
797483470
797642282
797714485
797787758
797841067
797916712
798000086
798017384
798046927
798115493
798288856
798376794
798535116
798555964
798587477
798595810
798642617
798665321
798677600
798826667
798957704
798991113
799024286
799375785
799380144
799452670
799503268
799624415
799665168
799977261
799992698
800038456
800231204
800236749
800336930
800347593
800366646
800778741
800825929
800895288
800948355
801084114
801099710
801124445
801130568
801428042
801729581
801740933
801801868
801833521
801856413
801990688
802017676
802153965
802198687
802310264
802340487
802432805
802448096
802882593
802898456
802927221
803103404
803229038
803280285
803311484
803418201
803484634
803630884
803639547
803932751
804023236
804438775
804466160
804545508
804579436
804610241
804679776
804837817
804890957
804972696
804994116
805149539
805164863
805171819
805220102
805234466
805275089
805414216
805566266
805656512
805832202
805843345
805847494
805863117
805891869
805948174
806022140
806231748
806341311
806469590
806825028
806892084
807034392
807171237
807295553
807365767
807467220
807622167
807725237
807740817
808028104
808163120
808185158
808208624
808210356
808310143
808388190
808522648
808536617
808540488
808666965
808809772
808870972
808997160
809118510
809388121
809628804
809649702
809822075
809829450
809834583
809962537
810238596
810303174
810353525
810404186
810474939
810582710
810911057
810984873
811023999
811113113
811411279
811432416
811438796
811788428
811814555
811927988
811968007
812005414
812035903
812124730
812308079
812437900
812446452
812450820
812895752
812955846
813017504
813169865
813219829
813252094
813264839
813368664
813383237
813544882
813546267
813567181
813614198
813702186
813972626
813980298
813981445
814318839
814363975
814459316
814654394
814968611
815035041
815069610
815190799
815284202
815294842
815369123
815445848
815564076
815616278
815779843
815837287
815900030
815979312
816282668
816444180
816538644
816747724
817084811
817226262
817336419
817436016
817770982
817812125
818295987
818418087
818428514
818522194
818607767
818803510
818810037
818828791
818866027
819155633
819293065
819316880
819380851
819495540
819679377
819741187
819896178
819928237
819967911
819979537
820039898
820128921
820156152
820265807
820402941
820497868
820559053
820740546
820868660
821056520
821265282
821408919
821501155
821537973
821538586
821653064
821709284
821809184
821834072
821964936
822015655
822098434
822133531
822179880
822303494
822316532
822397110
822622522
822828287
822841617
822862114
823015282
823131148
823233085
823246985
823329039
823671600
823671993
823700511
823717721
823825978
823922429
823954629
824312911
824415876
824612234
824613254
824693759
824752482
824780355
824874863
825206247
825226970
825269114
825337990
825360420
825368646
825615118
826156676
826211768
826374135
826450961
826499084
826546995
826575684
826681397
826970609
826979241
827120347
827152965
827279770
827344669
827472146
827485084
827650227
828127458
828413055
828586856
828654180
828758157
828825467
828839333
828875266
829001308
829060825
829074850
829082332
829157572
829174617
829190873
829253058
829332483
829506536
829680281
829734031
829756563
829768168
829777757
829805090
829894470
829899962
829935645
829979262
830135371
830215135
830272799
830333699
830484759
830532121
830654825
830667020
830857889
830860339
830871568
830923449
831119618
831257300
831264366
831325017
831440652
831473649
831700432
831929966
832285258
832331131
832434024
832601788
832619178
832700201
832924332
832981982
833029850
833106163
833161256
833210876
833653859
833781141
833808179
834003040
834307116
834572758
834706762
834750417
834783064
834928390
834974137
835030234
835130432
835247644
835823427
835850471
836346345
836670005
836721349
836952991
836953579
837176275
837614848
837712185
837715674
837843016
837924491
837936473
837991274
838125232
838126155
838169914
838283212
838340415
838352968
838364544
838400186
838458192
838860843
838904187
838964799
838973551
839044841
839292128
839338050
839348540
839436431
839675666
839895417
840045806
840085816
840087953
840115733
840264979
840271010
840489258
840543627
840633064
840638355
841012611
841080058
841113461
841140338
841234742
841302752
841486646
841599583
842016433
842031478
842205260
842272964
842352260
842502259
842709856
842792151
842941809
842965985
842966792
843002802
843161886
843176118
843213968
843346342
843582145
843633867
843687058
843690979
843800526
843855624
843916800
843974343
844032490
844058789
844115229
844299016
844448292
844714384
844905888
845448162
845455654
845557065
845779970
845813629
846034103
846166482
846296443
846379943
846403920
846511641
846512264
846855663
846856637
846869483
846955968
846966673
847082087
847234958
847298471
847373980
847417002
847636651
847945383
848122472
848154329
848175697
848501049
848548574
848608238
848692663
848700345
848795902
848897643
848912201
848979851
848997920
849169924
849641724
849867878
850088315
850090465
850125752
850134120
850182495
850304638
850495120
850521938
850561999
850750509
850901096
851003157
851253841
851285119
851502066
851623140
851961890
852177609
852226243
852328314
852363356
852421317
852432471
852593206
852684787
852984078
853024172
853084284
853164788
853265728
853280990
853300651
853573482
853641968
853658912
853664195
853762103
853873545
854023620
854034280
854045152
854046175
854053842
854209639
854279972
854392685
854470548
854548467
854778208
854936780
854944673
855239995
855247181
855731715
855766869
855881426
855904432
855909185
855912974
855997483
856018084
856182836
856229043
856267795
856278243
856329763
856609197
856668409
856677165
856706261
856785392
856805794
856898485
856914178
857040629
857093303
857108211
857331227
857424406
857489146
857588886
857596779
857698402
857842454
857851411
857974535
858148141
858399462
858435211
858445939
858615610
858715958
858981033
859088018
859097019
859105230
859175737
859357983
859409227
859439696
859556256
859558484
859707380
859776894
859922023
859931880
860083494
860458744
860554994
860638828
860687742
860757086
860978088
861023775
861071885
861185442
861319359
861373368
861593647
861626703
861650383
861881936
862064795
862194848
862236713
862302999
862310984
862344756
862352690
862391817
862496870
862626826
862706671
862731023
862760386
862794040
862807514
862839575
863041779
863058628
863113949
863193931
863218845
863235139
863324003
863338016
863373015
863377476
863571514
863685469
863693948
863870545
864162795
864730838
864755066
865165700
865171844
865187807
865529523
865688303
865753548
865784341
865959035
866029524
866074433
866119337
866177636
866187180
866245210
866370277
866479105
866503620
866546910
866563610
866868125
866891977
866970603
867103061
867168383
867265257
867288474
867293851
867352556
867531428
867662003
867665974
867689395
867868529
868033405
868545183
868612059
868744962
868791787
868793142
868823645
868844963
869007171
869061329
869093784
869296303
869369662
869508978
869819366
870031436
870110403
870150473
870208558
870217070
870253087
870268284
870742524
871079810
871179086
871268406
871361101
871400842
871560388
871607469
871633140
871934815
872090026
872155192
872180821
872223009
872403141
872481989
872568477
872709293
872819022
872970193
873124858
873135073
873188160
873323353
873337951
873380810
873491340
873506582
873575175
873627258
873666091
873928795
874031645
874188589
874331594
874335330
874365911
874427164
874480536
874598373
874619579
874640407
874668296
874750882
874906532
875047197
875079807
875168476
875236809
875243630
875298546
875456900
875464412
875489692
875628536
875660173
875688255
875712894
875792460
875796126
875807910
875937632
875942253
876216298
876278044
876416085
876556685
876802413
877162628
877219938
877243082
877277722
877278596
877501634
877508859
877522851
877645255
877649540
877753942
877936525
877955424
878001409
878029093
878211646
878230222
878360304
878397428
878562501
879043789
879128657
879269856
879389859
879462792
879528475
879849573
880153170
880154473
880195182
880203484
880471031
880515892
880546397
880553339
880762430
880768185
880948000
881044764
881140376
881170216
881238227
881263901
881413078
881585369
881657565
881888387
881941211
882035311
882100411
882236126
882253103
882308629
882481750
882521766
882701484
882771643
883059877
883167900
883190353
883227777
883468117
883564433
883581781
883671048
883676712
883844300
883857547
884107615
884126978
884208083
884256288
884268254
884548223
884687566
884697303
884740649
884873262
885068839
885145107
885356376
885427141
885563553
885603339
885658744
885672635
885916029
886217467
886353913
886362419
886728204
886745080
886748748
886815770
886837720
886921663
887018307
887123259
887350549
887372230
887487427
887674789
887858225
887982875
888039020
888136510
888267103
888341359
888429846
888440222
888626042
888626123
888728188
888807561
888859944
888860205
888886462
889024114
889152122
889183204
889283597
889304959
889568049
889576696
889579403
889653262
889740776
889949167
890057607
890064780
890121124
890310484
890540210
890586063
890618493
890637581
890654203
891018952
891085545
891128794
891147693
891238049
891238801
891286483
891304626
891499866
891687931
891711788
891736165
891914393
891975075
892241029
892409482
892454739
892557238
892683921
892689140
892755504
892774403
892844839
893015634
893214975
893219188
893226905
893230645
893401164
893404742
893430508
893434766
893459467
893527973
893620722
893690259
893869310
893874986
893906338
893908979
893947640
894170412
894182558
894284091
894287058
894336419
894438815
894715644
894753203
895202952
895332067
895446015
895841419
895918267
895966703
895970289
896017302
896051594
896098879
896166847
896290661
896517101
896695291
896696349
897102158
897109301
897177817
897200164
897315074
897327132
897413723
897484833
897514873
897576604
897587329
897784356
898028285
898113723
898178430
898262210
898266603
898319186
898616252
898632853
898656806
898716566
898916605
898952646
898978818
899009842
899187945
899202762
899209541
899279995
899317093
899335979
899435449
899509687
899539478
899546938
899591482
899619559
899646049
899689478
899693552
899771385
899776606
899779447
899927607
899975243
899986041
900028058
900111231
900181791
900240488
900251570
900338002
900345913
900452930
900453680
900744759
900846946
901035910
901130356
901130685
901339515
901339703
901377985
901423915
901508090
901516885
901524629
901541439
901596170
901609149
901693888
901910566
901912848
901948807
901956916
901958053
902123590
902158237
902509292
902521684
902888838
902929344
903032162
903147988
903299638
903517722
903572578
903647869
903687030
903719674
903786290
903811990
903870740
903992435
904102563
904144996
904196414
904228375
904348645
904893635
904950964
904955204
904979817
905017885
905051649
905169535
905224857
905574968
905609269
905748496
905861868
905922087
905928050
905938875
905943590
905967922
906100718
906164245
906413359
906415670
906448730
906538678
906568586
906632670
906666183
906858647
907059493
907230632
907476311
907526612
907620825
907647856
907666690
907732714
907812548
907887541
908055698
908160359
908270445
908324744
908344793
908515784
908587003
908620094
908629974
908650201
908728602
908754652
909040747
909177907
909380991
909528578
909672653
909826992
910078324
910212123
910233928
910248713
910249282
910275571
910365653
910485823
910492702
910756441
910784948
910935524
911090070
911140508
911299172
911555451
911602120
911722887
911787650
912030878
912056239
912134536
912139945
912183031
912243395
912265655
912332180
912355331
912395766
912409957
912413956
912459644
912566580
912567433
912582903
912597244
912834424
912916849
913005100
913028585
913126677
913181251
913344111
913414091
913489930
913669317
913702763
913806360
913826801
913857025
914145270
914186745
914302704
914305430
914322960
914350224
914378742
914479038
914564974
914843937
914936475
915036447
915140339
915523380
915547802
915563781
915567526
915663983
915681723
915804880
915822968
916030576
916109761
916234929
916244915
916401027
916456907
916634936
916660114
916870487
917052473
917104249
917176036
917182110
917182591
917223353
917530265
917571230
917665453
917688664
917729501
917820354
917857383
918018826
918203276
918346671
918387991
918399865
918407042
918499322
918651753
918883862
918984373
919006698
919049208
919120268
919350723
919489097
919667138
919766034
919767863
919801362
919970257
920012349
920135973
920311197
920314553
920450027
920541806
920584988
920609346
920620166
920644608
920727002
920862383
920912689
921117205
921254159
921265939
921301937
921304248
921351428
921428570
921473160
921532706
921534973
921653113
921686107
921728631
921787746
921798606
921896876
922075175
922189931
922469374
922501626
922549897
922619621
922668377
922758635
922763199
922940739
923096086
923102651
923266384
923293538
923541490
924021568
924085715
924100631
924107240
924134021
924307399
924308260
924351563
924398147
924412107
924554092
924586149
924599130
924721466
924832653
925032887
925193827
925208884
925290855
925359201
925444860
925448453
925705635
925783784
925895151
925895425
926326097
926482070
926675530
926770133
926836510
926968721
927117907
927221706
927405329
927838006
927949274
928008969
928259852
928342350
928493356
928677940
928819154
928871155
929021149
929044428
929481316
929500724
929658622
929705987
929854561
930152155
930191919
930268453
930322702
930405066
930507824
930727690
930868001
930908952
930991607
931064432
931068939
931175250
931183227
931280566
931388501
931649921
931765155
931781853
931822738
931870061
931952972
931979067
932063264
932253622
932396650
932431203
932458161
932458960
932473824
932582361
932669029
932670883
932852381
932881911
932887309
932893647
932960791
933024313
933208257
933425813
933523032
933597176
933618021
933846357
934204567
934477883
934665221
934806607
934845720
934909701
935050442
935384965
935454724
935514447
935553487
935580560
935840699
935877710
935925952
936061987
936199208
936270383
936314691
936673028
936804542
936897767
937043167
937104080
937150916
937165526
937220050
937272041
937484994
937530172
937540772
937797990
937866171
937893557
937942661
938075562
938103049
938230253
938248999
938393525
938461751
938474385
938649815
938666693
938702921
938853549
938892277
939072773
939130441
939149685
939218902
939344172
939389960
939466199
939481546
939536942
939586803
939594731
939600046
939617799
939767319
939797130
940139974
940256133
940436337
940451419
940595681
940638262
940765577
940813872
940842433
941321844
941354127
941389355
941440777
941476437
941588840
941725223
941765124
942055616
942256094
942316978
942452042
942459257
942474835
942502836
942506723
942522438
942658018
942816837
942947682
942966286
942988387
943022256
943125402
943247712
943442540
943459186
943475049
943548344
943656390
943750726
943905210
943936374
943948744
944106692
944337000
944495834
944808186
944810714
944816885
945031112
945066299
945075903
945125827
945282800
945288363
945304100
945343101
945352642
945358067
945406439
945557401
945592069
945626828
945627511
945814757
945882660
945908000
945927978
945983440
945986459
946000300
946045487
946234499
946274788
946498407
946527968
946555967
946606511
946649405
946739969
946867315
946870656
946923456
947140530
947248337
947478012
947506561
947676269
947679812
947749299
947864099
947934191
947972050
948541479
948547566
948687456
948863918
948874262
949058768
949083730
949145108
949153664
949154159
949155428
949408146
949442629
949719060
949755276
949790604
949807938
949836057
949841381
949841940
949848376
950018491
950030079
950197878
950345323
950663179
950735379
950744884
950836906
950955762
950969998
951123696
951149223
951228257
951229902
951522994
951583155
951701189
951720678
951747139
952095736
952185781
952344699
952384257
952392886
952418708
952464605
952842652
952923816
952976477
952979258
953145396
953153416
953319778
953355515
953574241
953599818
953622871
953892282
953909043
954108815
954191546
954213280
954305336
954429675
954443629
954563415
955090247
955144902
955254481
955443915
955543051
955655496
956088276
956103836
956179135
956285306
956301050
956637028
956929959
956980009
957742653
957855102
958042912
958055670
958510814
958523548
958545356
958570141
958808135
958845289
958879678
959059167
959177453
959362502
959378648
959389890
959437480
959516425
959617282
959648903
959662678
959868995
959918747
959998283
960605257
960665754
960718754
960780445
960867645
960887022
960896150
960898294
960908062
960919193
961210954
961279649
961369742
961448976
961545657
961582600
961593643
961605335
961647512
961681682
961894082
961961787
962019921
962028951
962085774
962155770
962177645
962243134
962361325
962362525
962615841
962648408
962730567
962791465
962826730
962986671
963073375
963149019
963527857
963557165
963699864
963713342
963742810
964036927
964080118
964104533
964224402
964259207
964301491
964313168
964587986
964896594
965143709
965260383
965314453
965450413
965479266
965536276
965651123
965704528
965740095
965793733
965853673
965892064
965910864
965956110
966011072
966116499
966203762
966732123
966733551
966787497
966944403
967195603
967250575
967333473
967653189
967782064
967811265
967891869
967930269
967964500
968021468
968118948
968617924
968778132
968935821
969129987
969141977
969216290
969397984
969465705
969705472
969707211
969809848
970029872
970050274
970075897
970080864
970188928
970191922
970215265
970291016
970300076
970384179
970403405
970816101
970866265
970886538
970930471
971049063
971183765
971235616
971424056
971749056
971783075
971829846
971873097
971901773
972081620
972348383
972444226
972607462
972654314
972670669
972806012
972821153
972846269
973053177
973124483
973236136
973292289
973313947
973415282
973522421
973593379
973626518
973632368
973651609
973847597
973877865
973916103
974032087
974032180
974272657
974394827
974665075
974694101
974899870
974976314
975065143
975090667
975271668
975610269
975611168
976132067
976216051
976222246
976307719
976816804
976988264
977122452
977308235
977333607
977450310
977475531
977677486
977745317
977844865
978209955
978624717
978669669
978748702
979033233
979118420
979380972
979491585
979513693
979611131
979810680
979904744
979905805
979912839
979996247
980254372
980479507
980557171
980566600
980723853
980771770
980784633
980852037
981002659
981171464
981246566
981274247
981288150
981317805
981430701
981446895
981571466
981782469
981790552
981820905
981845248
981981487
982003766
982057959
982232905
982309511
982519494
982525119
982542445
982626872
982722521
983006684
983037479
983071970
983090184
983153898
983405975
983407743
983413067
983494300
983561135
983658335
983692636
983735950
983740563
983740812
983813448
983861794
983939797
984108380
984168066
984195200
984348947
984365718
984419570
984660873
984843114
984927950
984935178
984962437
985046836
985151149
985179316
985293116
985343803
985462516
985563312
985617288
985814731
985823454
986020533
986133451
986294992
986315845
986327731
986364933
986397115
986435551
986439316
986512541
986550665
986762478
986866459
986911584
987138718
987286386
987286807
987353910
987434009
987538697
987587851
987669970
987687651
987835599
987960429
987977779
988060004
988144979
988145220
988295621
988550819
988704281
988801431
988826455
988858710
989002402
989002755
989043911
989131358
989146722
989340558
989365553
989414272
989435912
989469152
989553119
989711671
989728794
989736965
989917001
990005782
990008805
990199861
990594050
990597508
990777554
990803662
990994824
991046145
991089010
991114505
991337516
991359885
991424941
991449242
991457184
991506923
991669672
991697837
991728307
991779390
991946311
992092469
992124195
992151370
992152326
992295675
992307840
992344133
992360113
992386759
992600024
992686365
992733456
993233180
993278127
993286481
993426510
993675007
993712387
993851216
994048675
994154707
994171789
994202049
994314409
994365973
994430802
994437569
994618332
994653545
994723851
994741055
994859934
994877386
995070809
995217339
995281733
995378081
995378948
995658293
995757838
995797535
995802488
996001661
996051908
996079152
996275766
996550882
996573244
996647841
997001419
997036681
997080959
997091046
997127322
997135105
997231414
997542420
997829181
997966570
998058944
998061876
998279595
998297880
998421046
998425760
998573729
998670772
998740100
998817062
998854856
998888477
999068519
999232181
999333893
999335373
999394370
999410970
999412628
999417237
999534897
999608618
999652865
999817243
999877707
999893488
999898697
999950467
