48301
527492
566232
632254
709332
923255
956345
1111377
1139136
1281756
1376743
1621003
1657192
1728789
1855435
1948243
1986142
2529742
2532570
2649801
2811180
2933061
3025219
3224988
3262816
3285107
3388686
3430902
3526365
3644302
3689849
3817934
4003405
4013556
4019152
4100760
4131966
4299681
4465261
4503951
4547593
4687931
4757312
4832783
5007740
5300279
5361751
5364652
5678508
5704466
5830872
5850735
5851453
5927718
5930337
6127593
6307601
6461343
6702526
6728169
6847260
6922773
6947693
7094163
7666596
7701583
7705247
7746508
7769740
7821912
7854548
7888733
8165323
8286456
8447430
8557958
8593938
8642002
8775335
8787559
8798112
9042147
9109014
9178226
9185333
9203739
9203856
9224753
9479111
9490466
9681042
9872634
9962261
10055822
10159987
10215294
10543679
10555467
10577276
10772191
10845671
10887107
10950301
10957252
10991496
11000940
11111444
11381617
11390407
11713980
11885703
11921950
11973360
12118557
12241616
12291652
12327797
12336832
12366522
12433143
12438893
12481863
12550915
12559085
12631539
12669026
12741544
12770612
12808005
12910885
13049947
13094047
13119158
13276796
13354682
13375154
13455753
13493361
13509672
13545150
13908486
13974197
14013453
14601506
14620680
14739231
14925756
14990397
15001292
15071371
15114720
15175481
15566543
15642462
15704327
15707887
15761320
15769516
15878138
15972982
16051385
16127098
16187249
16357915
16358639
16412229
16459398
16557626
16579597
16646933
16674079
16820362
16835279
16957934
16977829
17022521
17441195
17496733
17851170
17863666
17947793
17951163
18117383
18152711
18512329
18735927
18768095
18799958
18978136
19197558
19347494
19389348
19554118
19575985
19749016
19755592
19783439
19817662
19824479
19915738
20009239
20365802
20411961
20428282
20457419
20533704
20958350
21246228
21311792
21354687
21382611
21407866
21468783
21698665
21699429
21780808
21792549
21854788
21881821
21882679
21949511
21952363
21984098
22294711
22573670
22650886
22717329
22721196
22751856
22983599
23122358
23239053
23272255
23297543
23344352
23478307
23523093
23566403
23730585
23869487
23916273
23961545
24175986
24241543
24256655
24387626
24893159
24957169
25022619
25161342
25170704
25186096
25333536
25358293
25488261
25535110
25602114
25674868
25880606
26136688
26256512
26284349
26374141
26386835
26434814
26531093
26601312
26672627
26718973
26729030
26734687
26765598
26772407
27089865
27247017
27383540
27440683
27441892
27462817
27469776
27607073
27611801
27629371
27691466
27730536
27772053
27796805
27798441
27985288
28094141
28130506
28136387
28258675
28295308
28413820
28425567
28554191
28852022
28881358
28910703
28915028
28928848
28949150
28970161
29037123
29066669
29083206
29145484
29207934
29598300
29784444
29819787
29820777
29847270
30012378
30035863
30046756
30095220
30209892
30242103
30462670
30531628
30535802
30595742
30622431
30657983
30774214
30790028
30852854
30951672
30999563
31299822
31463814
31682996
31936956
31979643
32018301
32104117
32118284
32122115
32226865
32323083
32582812
32700932
32709459
32752272
32868127
33042199
33057371
33235926
33457299
33784505
33872392
33952234
34085537
34152987
34244566
34304304
34336322
34365890
34720712
34772374
34774174
34919891
34955249
35270927
35277716
35347296
35440917
35550621
35584732
35869818
35910892
36017166
36093242
36170123
36340937
36409923
36439626
36499966
36512211
36534490
36593308
36630064
36635047
36718639
36729590
36822718
36864998
36895229
37103297
37109894
37206679
37216952
37268077
37279358
37298713
37311044
37502887
37574008
37590253
37598070
37759115
37762305
37762802
37824027
38104269
38255080
38391632
38451993
38787189
38790485
38854690
38869039
39002514
39018432
39036145
39276724
39375805
39447029
39542162
39571274
39731652
39779219
40018012
40162844
40284234
40484904
40496439
40521172
40632945
40776301
40817155
40931302
40999914
41041460
41059035
41346052
41502834
41533702
41544120
41648941
41817996
41878844
41884475
41988253
42148517
42206631
42420081
42463641
42711130
42827454
42841753
42888792
42892380
43054483
43198572
43241659
43377773
43509622
43974185
43995340
44020322
44040036
44139309
44301618
44462873
44561063
44569195
44833944
45018411
45111492
45340973
45375635
45475189
45560880
45592434
45647803
45719309
45894498
45896250
45916481
45949477
46044622
46058340
46073788
46342099
46355083
46569307
46595371
46598497
46891003
46958527
46991646
47043244
47158740
47427082
47641434
47761214
47787543
47884888
48026692
48032626
48129259
48272061
48284724
48332079
48378647
48678519
48785994
48827634
49145561
49296173
49340658
49392277
49534704
49543499
49864082
49957282
50237503
50256746
50370919
50390018
50488863
50490046
50566744
50672274
51089388
51314398
51526594
51596374
51630371
51648116
51751212
51754012
52113354
52174235
52214981
52217753
52346593
52365853
52411785
52493336
52634435
53028083
53102833
53169753
53264159
53371595
53380083
53517300
53545024
53713568
53884501
54036379
54363860
54679014
55240782
55250707
55332093
55514347
55790185
55828325
55966929
55968703
56014630
56015698
56111873
56146447
56641092
56728555
56779566
56885530
56938144
57012431
57043385
57101633
57175759
57222011
57390203
57723587
57750601
57909700
57917709
57944311
58071637
58087309
58132589
58229510
58232926
58338114
58343273
58405302
58572989
58711790
58775934
58842535
58938687
58977672
59320016
59450300
59480890
59512343
59545366
59802545
59805472
60007162
60007966
60270276
60301989
60331039
60410684
60585368
60599171
60842020
60849499
60966414
61006631
61081878
61274941
61336837
61354626
61443105
61537500
61814531
62048024
62088169
62139952
62186323
62273875
62357405
62438846
62562361
62590797
62612086
62702833
62782326
62980494
63013083
63233587
63244569
63400503
63444163
63475885
63514984
63553679
63692628
63768268
63848154
63891867
63947045
63958624
64190386
64212768
64234900
64454211
64578086
64807295
64826843
64844138
64898427
64905404
64930300
65057709
65298226
65313807
65363983
65411469
65571410
65669348
65767190
65879422
65913557
66113084
66124175
66390639
66525419
67108426
67290185
67302158
67464644
67488046
67568220
67598752
67673763
67902678
67926499
67998777
68044512
68208857
68302804
68335845
68359967
68367894
68375942
68401621
68412466
68436475
68449887
68470321
68505834
68525323
68537170
68589197
68614865
68758407
68798467
68872666
68941083
69186226
69356884
69608272
69672146
69767774
69821874
69965100
69995766
70027604
70051321
70061718
70088109
70140412
70204409
70204444
70293431
70317967
70339988
70553301
70626032
70673315
70810513
70872644
70922233
70967850
71019026
71316399
71348052
71544593
71557991
71788571
72033259
72111676
72112220
72401805
72459914
72545962
72560636
72631335
72662888
72766061
72797578
72815584
72890640
73058507
73184630
73392352
73567922
73888234
73898767
74255876
74302803
74403304
74485804
74515115
74765197
74797906
74994536
74994692
75130827
75169043
75178577
75295537
75555498
75727460
75736086
75741869
75836009
75847751
75943019
76348483
76429425
76489400
76787207
76940420
77094333
77113070
77121469
77163774
77204486
77205876
77209834
77433072
77461566
77494413
77663816
77686327
77691018
77895692
78049406
78050459
78104734
78162145
78168721
78206846
78284692
78328638
78444923
78699952
78702097
78822381
78993023
79159078
79196071
79225908
79394154
79533696
79608171
79668817
79926099
80415859
80425606
80547924
80563823
80664907
81073538
81084331
81739289
81832948
81872076
81953332
81967405
82400727
82694807
82843959
82998375
83010895
83118203
83229276
83417935
83472956
83478101
83667181
83667846
83681593
84081272
84106227
84193616
84230325
84369816
84387437
84398974
84543104
84619602
84626554
84767131
84789864
84822391
84870344
84922204
85323593
85362739
85368506
85381959
85415885
85417577
85419690
85452214
85480817
85565529
85586652
85661186
85724836
85794036
85864940
86008957
86191584
86201951
86243335
86261711
86297637
86586319
86712781
86773905
86875496
86899734
86996157
87085590
87330610
87388887
87472995
87543820
87624535
87653047
87823285
87837921
87901322
88000398
88079478
88192378
88307147
88356560
88415017
88468809
88532428
88548094
88598887
88664400
88702907
88826977
88854602
88916686
88923156
89048619
89057726
89120697
89145592
89146969
89294029
89336809
89349651
89501574
89597518
89614960
89623514
89979135
89982492
90254872
90453098
90659428
90686750
90964160
90992743
91130419
91158902
91294149
91306361
91560738
91631538
91935488
92076593
92106518
92109666
92205746
92333929
92397539
92538817
92552976
92655640
92917939
93103223
93145932
93159191
93305616
93328467
93375850
93396015
93413203
93423125
93558078
93704738
93760325
93763775
93806200
93822739
93832710
93990988
94080521
94157256
94322133
94494047
94495490
94741059
94865100
94871198
94917076
95063546
95099012
95193337
95270483
95426150
95458711
95517121
95661458
95995321
96188316
96198927
96386955
96414421
96646151
96884297
96975666
97043571
97427574
97521566
97539911
97634060
97723685
97780547
97883150
97925597
97960515
98077485
98150007
98182279
98213433
98260444
98353129
98431191
98663184
98686807
98703832
98758763
98766944
98853453
98873293
99037253
99095087
99143419
99273405
99274375
99276356
99421404
99584841
99917799
99943683
99948243
99956198
100054346
100055560
100184683
100185563
100253663
100362875
100371730
100499361
100521336
100522820
100551014
100579684
100754776
100776197
101013980
101145393
101801103
101806404
101876324
101917726
101966344
102015187
102192606
102206536
102231430
102337074
102378179
102746596
102797113
102851777
103061701
103109145
103135498
103248289
103863100
104055942
104118024
104159383
104159518
104249702
104352629
104417852
104592713
104699513
104724926
104859985
104865075
104892457
104930236
105074965
105125882
105215015
105267112
105357772
105587108
105603192
105625696
105688920
105726080
106006990
106044821
106078910
106165494
106199089
106213834
106288548
106459873
106476035
106612465
106690880
107058151
107141818
107195955
107300210
107557265
107623011
107863293
108005978
108037747
108059907
108181601
108237264
108257034
108371467
108432278
108599399
108614893
108759593
108792497
108859756
108943055
108951917
109062129
109264783
109340638
109344573
109484543
109487563
109721608
109948569
110028021
110093089
110312958
110404705
110426272
110456340
110545763
110725560
110881904
111041564
111070482
111108086
111129200
111133812
111150641
111160799
111284488
111295102
111461459
111561176
111752288
111973916
112028073
112078297
112206378
112225972
112397281
112411788
112429828
112437061
112438353
112604534
112638570
112646165
112661941
112737171
112774114
113005884
113286029
113289290
113297849
113441802
113493037
113569681
113731688
113822705
114057216
114064752
114096966
114172791
114234516
114266587
114411133
114432135
114501374
114647190
114829642
114834031
114883560
114953207
115084988
115099213
115231889
115309999
115721661
115949202
116007719
116111575
116120412
116184974
116272398
116303032
116309829
116479819
116525489
116549416
116561144
116651945
116920812
116932900
116949450
117108835
117445797
117577240
117603139
117650685
117765006
117946725
117951039
118062607
118066949
118126202
118533485
118542292
118544746
118694175
118745457
118921185
119310626
119379238
119400816
119437643
119460201
119527472
119542927
119621198
119655679
119659844
119670125
119689529
119704118
119781755
119849082
119858239
120061518
120262093
120296376
120341373
120463758
120529860
120756282
120864496
121038153
121141797
121182786
121246914
121432681
121436646
122002860
122068988
122120297
122171025
122268880
122317947
122385817
122736886
122930322
122951096
122958427
123143575
123165478
123248071
123330571
123342281
123342578
123427998
123524202
123721511
123724056
123754930
123826716
123851796
123930430
123941856
123979224
123990291
124115984
124246647
124385345
124387076
124730541
124779474
124791259
124844476
124881571
125031606
125058218
125147666
125160653
125170157
125676291
125839794
125903937
125956974
126130729
126343388
126377779
126512800
126597821
126652183
126807876
127051635
127272567
127392366
127430205
127468098
127605608
127757841
127758822
127767283
127799970
127932463
127975080
128069525
128235343
128328068
128398143
128405220
128616946
128624580
128680239
128767877
128939694
128967320
129008363
129097373
129251434
129381162
129461304
129474935
129647737
129729752
129756377
129793416
130016731
130095201
130295105
130335469
130351899
130368628
130381225
130721165
130752849
130764400
130814199
130988384
131039695
131049377
131139882
131215264
131251335
131309015
131337431
131385059
131426471
131824089
132063754
132088930
132175880
132411446
132590577
132594060
132602140
132679475
132718189
132784590
132828636
132839345
133138222
133170490
133222325
133239370
133263723
133350427
133372487
133417171
133551134
133564191
133644852
133723953
133782753
133848075
133969112
134011178
134081703
134357955
134521725
134761775
134911454
135294525
135450491
135603164
135724530
135810863
135916583
136269689
136489282
136795938
136827051
137072342
137141752
137202901
137331079
137373180
137584200
137636005
137652024
137711766
137755426
137866641
137912137
137914747
138006712
138146195
138252254
138284453
138299220
138411893
138438053
138715935
138833279
138885540
138921956
138953175
139039129
139112491
139128624
139228599
139252532
139300868
139451099
139479151
139706400
140094425
140108328
140153388
140393537
140564617
140579919
140676120
140676465
140927175
140981827
140994844
141110255
141147716
141398753
141601087
141680935
141691058
141997044
142139987
142186072
142259633
142318830
142405055
142499213
142723106
142746188
142759887
142782675
142796272
142922607
142942352
142959883
142970518
143137075
143149155
143245573
143245914
143274271
143337021
143355784
143434362
143455842
143465741
143744047
143771410
143860300
143922729
144054231
144223386
144409386
144427002
144436994
144504769
144561926
144714227
144843238
144847546
144862399
144941925
144946969
145091422
145224477
145270752
145271969
145298971
145474272
145543444
145660561
145704930
145719261
145749264
145786850
146034234
146328327
146602747
146608219
146763171
146777812
146864921
146982075
147059179
147144490
147281956
147358841
147451699
147646882
147770661
147791860
148016719
148151774
148232345
148257309
148257314
148317231
148356182
148421712
148492470
148533727
148911187
148980360
149057948
149115232
149210434
149440327
149634814
149638377
149731697
149745890
149803417
149865627
149866329
149997407
150129698
150173656
150468694
150799780
150879462
151130432
151139220
151173392
151184864
151558896
151625459
151774918
151854057
151896820
151943020
152051669
152059854
152209612
152227396
152262645
152400280
152474474
152566868
152624933
152666037
152733828
153016143
153142593
153323202
153486528
153794637
154048895
154189606
154504934
154542451
154744159
154888750
154946043
154952757
155041239
155125741
155180757
155338257
155967954
156033758
156049573
156349672
156471268
156475383
156551054
156605651
156663050
156675291
156696394
156982799
157096002
157128322
157150984
157319857
157337332
157398574
157437298
157445773
157492106
157530631
157532695
157616891
157619136
157732031
157761551
157847895
157853747
157921554
157954468
158272520
158299831
158328593
158423453
158441800
158481707
158623803
158701265
158726235
158865200
158868999
158996434
159027415
159141453
159158977
159221176
159300865
159397395
159430298
159460935
159490649
159676236
160182785
160213698
160323853
160413812
160476906
160498077
160619928
160731499
160796976
160940177
161045605
161047724
161171015
161212103
161273535
161453422
162126305
162198551
162235692
162578928
162697982
162700800
162720799
162795712
162947514
163028458
163096817
163120307
163218521
163255280
163451829
163503007
163556706
163588172
163738809
163794717
163870142
163969051
164059574
164136070
164267514
164312279
164348018
164383690
164547257
164699597
164702955
164825715
164901447
165044221
165086082
165265453
165365181
165506544
165519860
166157478
166170655
166183868
166260882
166609971
166625572
166844386
166903224
166954831
167002080
167106138
167190641
167202899
167249780
167334443
167335090
167355118
167483674
167594378
167668850
167887574
168083359
168146387
168286258
168300519
168340266
168441617
168499553
168604307
168658568
168680114
168765844
168845666
168870240
169103452
169307340
169334810
169686904
169724333
169877997
170163432
170233171
170314891
170325742
170330103
170393623
170517166
170910007
170967692
171106911
171115807
171600873
171719792
171727243
171746840
171944353
172009103
172094097
172246523
172299765
172345544
172464531
172588530
172803424
172827044
172908875
172911847
172919226
172934568
173001669
173040419
173168287
173417644
173478888
173508374
173792977
173842216
173847342
173892279
174024398
174128249
174150973
174176059
174265216
174301289
174584727
174602388
174716652
174786809
174819499
174825192
175328836
175614011
175830775
175928911
175992857
176205910
176294463
176386768
176403823
176529495
176540404
176569910
176644909
176834668
177065682
177149128
177240869
177347527
177471812
177497926
177519820
177600037
177718376
177782988
177833775
177847077
177860711
177882559
177905135
177923290
178060059
178332831
178513858
178597952
178755410
178884513
178974651
179188319
179234456
179311751
179389087
179658939
179666354
179817785
179928674
180072048
180193094
180486865
180490556
180571591
180635914
180714709
180889849
181024249
181202700
181496633
181668494
181683650
181727047
181914544
182204908
182301888
182366602
182559607
182616156
182676244
182709193
182761183
182790459
182913867
183034613
183411360
183537224
183904642
183956626
184123205
184236924
184650359
184681570
184831917
184858433
184991875
185097942
185229816
185236713
185270383
185577413
185702549
185790090
185880788
186032363
186039482
186108006
186149491
186209158
186526989
186674528
186734691
186831156
186872033
186952295
187077680
187092369
187093696
187200245
187299432
187845440
188272627
188408943
188485757
188530304
188609087
188632122
188866376
188953370
189052948
189060728
189214592
189676568
189689605
189822850
189916713
189920681
189929473
189945645
190026589
190140987
190203264
190282726
190329380
190392830
190405113
190533008
190617925
190621044
190656458
190727831
190781512
191143309
191151864
191222372
191260951
191298332
191388782
191421080
191582926
191609222
191743298
192139302
192296956
192363311
192551234
192568580
192616411
192770558
192843981
193070435
193295470
193363992
193397626
193438284
193476225
193502075
193531547
193753748
193800071
193962686
194001015
194051123
194061686
194070394
194188420
194278202
194540611
194597409
194613888
194693074
194764583
195315159
195323297
195438541
195463116
195504895
195532219
195896468
195921958
195951124
195961366
195964727
196116366
196227194
196233586
196273844
196372745
196384232
196651780
196739160
196843027
197042467
197147780
197230685
197525783
197648447
197829045
197888939
197958266
197978056
198236843
198267600
198373042
198524827
198571104
198577913
198639809
198747668
198781831
198848984
198934146
199017051
199165554
199187589
199335467
199351259
199436969
199491176
199529420
199532593
199606390
199687873
199973407
199998462
200103834
200135173
200202506
200241474
200286872
200448840
200511431
200611453
200739545
200746333
201238971
201330459
201330554
201481700
201934502
201987726
202030692
202033053
202057407
202107991
202203572
202226414
202325332
202736740
202812823
203022971
203107728
203248541
203725664
203729983
203882696
203885115
203942585
204067389
204115744
204336430
204440405
204443376
204450848
204495398
204546934
204642627
204680527
204771389
204794534
204799002
204799382
204813630
204853056
204894738
205110317
205142310
205146018
205166330
205207609
205320760
205369879
205425626
205490723
205535312
205539451
205967713
206008414
206019242
206025424
206032730
206184225
206421701
206824440
206831061
206856069
206881112
207034563
207189738
207243657
207334702
207375597
207548351
207642418
207653035
207826427
207878905
207932826
208016623
208101420
208167668
208221412
208227258
208388165
208437090
208492813
208739817
208777752
208814963
208816552
208854534
209190510
209250074
209262708
209593470
209617774
209638194
209672052
209673070
209688239
209785788
210313637
210442978
210542237
210667858
210718023
210840929
210845008
210895844
210976278
211000666
211110658
211345582
211499772
211944655
211952565
212045021
212068848
212091759
212167364
212192110
212213155
212370478
212617930
212649906
212651928
212683956
212942503
212960202
213204383
213338671
213438434
213516614
213521747
213541275
213938558
214028143
214057037
214190799
214323119
214324866
214453938
214499858
214774722
214904992
214962842
215032187
215052764
215074352
215369789
215422367
215458349
215478463
215516945
215571364
215580938
215894081
215917660
216256543
216470500
216554614
216777035
216962082
217086143
217197250
217208399
217272599
217353816
217399323
217797102
217852998
217971541
218123305
218157906
218349921
218460570
218699820
218772608
219184580
219188573
219270716
219282056
219447549
219500421
219533160
219695312
219995196
220086772
220260831
220413852
220489755
220507332
220756793
220789312
221111988
221434086
221471393
221567355
221601169
221607507
221801199
221878567
221936345
221943789
221955492
222042265
222138092
222269235
222364501
222374600
222603186
222609595
222715342
222760397
222766245
222810123
222863688
223004290
223030773
223090221
223487849
223589470
223596223
223602753
223739442
223781797
223806418
223859756
223880198
223897185
224060040
224101923
224187875
224211783
224245746
224312382
224350049
224473489
224541243
224543161
224623061
224654331
224737220
224786150
224894167
224919465
225070335
225095933
225101069
225238516
225439153
225485997
225497180
225722418
225909477
226021893
226154076
226204332
226241933
226340800
226448113
226526819
227013153
227030750
227047764
227170665
227254007
227329887
227369313
227395389
227432790
227469565
227472325
227576269
227606174
227713948
227920937
228026510
228122114
228268813
228711233
228747459
229088157
229314709
229397425
229403402
229427602
229481983
229590630
229749029
229789465
229799133
229892702
230052196
230177950
230214116
230237624
230559581
230881424
230953470
231000350
231035025
231084273
231348872
231567753
231666455
231838869
231865608
231943015
231975620
232085521
232154682
232368660
232413119
232422778
232461851
232571230
232615275
232655672
232761175
232792667
232952261
232968593
232976797
233236546
233282278
233432291
233593662
233614068
233645279
233704486
233884805
233968740
234116210
234124838
234225579
234340033
234366914
234444844
234490905
234646200
234679732
234694585
234794163
234815904
234878200
234953864
235066866
235206456
235259177
235290604
235450053
235477010
235599292
235632786
235746056
235773745
235906166
235973609
235998758
236709849
236805765
236891467
236960438
237340788
237405057
237502375
237582471
237616935
237649705
237731424
237732937
237766509
237896601
238170576
238394189
238516539
238633287
238964176
239104956
239130849
239186467
239205964
239307271
239325430
239387264
239452961
239474297
239853541
240078872
240157304
240174545
240176256
240239635
240322139
240390904
240514846
240572198
240698209
240928635
241042173
241101488
241168723
241184163
241258669
241434206
241478735
241503602
241648722
241702946
241779384
241810874
241951293
242057824
242100273
242337993
242432377
242488981
242573626
242718855
242813453
242879824
243048405
243050732
243071439
243085774
243100812
243397841
243427726
243661588
243890510
243904654
243972669
244030611
244171799
244215095
244227524
244320481
244415568
244627726
244679781
244806596
244972084
245481705
245528034
245849509
245930115
245944635
245969181
246030898
246055496
246485911
246544020
246618225
246735848
247043279
247060898
247084178
247238329
247325381
247369909
247403514
247518463
247670761
247764437
247821853
247924096
248043865
248200012
248418290
248433694
248492087
248614019
248616098
248629178
248661813
248783858
248857438
248962944
248979443
248987492
249161271
249302686
249319422
249343115
249509686
249787858
249906364
249978486
250015033
250181284
250188819
250352464
250504165
250596355
250893813
251003100
251216531
251230145
251244029
251264704
251300496
251316729
251557824
251911432
251958135
252440985
252466059
252586056
252619230
252746126
252966177
253049095
253143252
253173382
253188563
253210528
253221914
253258024
253320117
253371885
253420666
253431859
253567827
253604570
253617867
253849626
254049555
254065436
254089319
254090665
254169292
254194352
254207298
254256258
254416219
254713050
254772379
254887930
254919841
254939206
255013371
255075967
255427710
255482895
255896718
255973977
256263348
256305281
256329481
256360139
256424275
256676800
256747584
256812264
256823999
256829450
256972449
256983641
257097675
257186871
257322604
257435517
257495879
257523336
257615601
257915811
258160222
258258857
258620619
258687886
258707659
258772074
258818156
258943659
259120206
259197600
259345970
259353999
259434861
259443354
259452605
259467841
259517616
259532996
259595039
259610096
259783542
259859975
259874769
259923417
259955195
259987005
259988203
260314498
260418514
260423233
260611917
260690201
260830305
261108146
261140274
261200340
261238320
261525378
261528331
261698678
261773582
261802127
261810243
262089567
262139223
262233111
262764765
262877046
263079595
263086524
263217109
263222683
263234849
263274549
263549978
263763320
263772062
263838558
264098748
264178926
264211440
264345827
264352067
264370575
264528341
264559967
264594503
264619038
264881183
265099465
265119225
265195172
265482066
265622554
265638848
265681563
265755439
265936952
266058804
266195718
266200285
266773404
266823448
266833403
266916460
266958632
267166937
267418319
267462045
267551099
267556807
268033575
268121473
268181669
268239190
268370409
268407445
268407866
268694249
268864352
268928239
269066909
269098858
269115473
269339315
269373935
269429297
269500353
269626129
269673309
269870251
270012779
270032379
270062236
270234805
270523969
270650694
270747929
270896967
270979047
271036712
271073541
271147073
271330669
271425077
271586746
271845635
271962822
271998714
272048229
272289644
272312859
272387284
272392003
272596405
272623200
272627077
272689056
272716834
272817813
272996403
273285713
273352589
273468458
273485580
273517637
273686177
273763536
273843976
273901782
273961345
273989221
274055937
274128036
274141998
274142388
274173539
274249278
274293587
274417708
274868726
275235511
275307207
275353137
275398402
275673307
275890725
275933567
276106820
276307522
276336278
276381496
276499480
276565238
276619740
276627862
276695521
276763798
276904527
276998502
277042103
277134089
277207193
277361601
277464229
277552881
277608813
277692804
278008328
278069327
278477688
278565380
278596319
278650431
278781034
278958146
278985057
279005516
279020543
279069135
279174342
279176012
279233649
279266111
279462737
279525323
279731800
279929433
279976125
280141732
280226677
280251088
280274899
280530955
280542281
280977140
280991694
281152906
281222377
281232296
281264165
281406576
281450821
281634121
281690969
281762870
282053983
282265970
282277585
282557677
282684969
282815346
282875305
282901154
282918619
282925664
282968639
282974908
283204317
283229877
283379401
283553316
283760887
283843817
283999345
284132739
284153712
284446773
284615306
284718032
284768469
285141056
285149651
285241924
285258481
285334173
285447525
285760374
286244126
286363027
286484260
286494182
286882129
287167540
287292013
287327525
287341106
287356581
287384551
287495220
287869468
287932071
287987635
287990329
288180199
288353655
288358062
288417917
288615139
288631283
288632613
288632988
288647227
288658451
288725246
288737338
288884009
288906624
289021143
289250018
289283958
289284619
289514903
289577950
289623079
289855004
290113269
290296204
290317169
290341477
290343031
290405549
290502292
290671261
290760048
290822683
291030105
291098887
291178334
291233465
291338997
291456198
291692386
291721813
291747349
292265599
292449719
292460577
292498454
292568199
292661989
292748109
292790939
292962404
292974993
293289050
293342599
293480440
293853974
293993547
294025566
294182788
294383899
294452353
294460522
294545028
294602538
294742529
294818548
295024854
295033198
295079269
295305841
295322990
295390536
295433685
295515280
295640210
295717774
295774093
295941468
296020178
296075317
296112277
296146343
296288477
296325681
296382539
296566453
296614289
296724005
296749676
296804959
296832974
297145550
297191719
297380898
297468927
297520035
297540461
297813078
297815978
297824236
297850120
297931896
298047638
298051841
298087046
298137621
298184631
298279465
298305729
298437037
298512914
298552396
298568027
298571138
299049881
299102434
299107578
299517173
299638662
299682486
300143444
300215614
300415193
300525821
300636890
300693709
300701490
300745677
300765093
300928079
301010912
301193124
301238395
301314686
301320177
301398035
301473238
301568349
301583299
301807568
301816231
302073426
302117989
302122771
302144514
302308779
302540380
302634489
303171997
303185410
303274504
303275390
303291722
303344445
303355571
303552479
303563543
303625180
303681570
303686435
303816589
303864426
303905521
304027547
304108362
304128541
304179671
304189185
304196127
304200537
304315526
304331858
304396083
304499209
304560293
304586875
304616196
304707660
304806223
304883303
304942185
304974887
305039809
305197304
305287164
305480088
305570084
305635389
305844308
305854513
305928861
305987787
306215011
306244272
306319834
306556371
306614220
306872683
306884496
306948322
307057604
307058161
307106227
307385867
307387497
307408774
307443940
307545088
307606637
307648879
307733744
307761312
307923794
308041412
308062438
308159750
308280153
308355610
308393302
308457613
308504058
308570692
308595280
308614064
308792902
308795492
308821338
308833385
308992694
309043374
309120158
309131529
309245699
309247140
309289357
309342113
309371191
309410393
309463649
309604941
309652605
309837199
309865336
309973446
310035077
310053863
310106991
310143446
310144741
310351682
310401103
310465159
310674441
310687239
310706528
310841839
311030994
311038654
311062372
311189758
311202272
311222907
311250663
311262754
311347036
311372425
311452353
311685312
311760730
311782909
311991403
312017477
312030592
312087107
312140719
312180876
312328254
312453765
312521069
312669564
312690719
312892521
312961930
312986196
313000530
313164591
313169577
313189417
313244056
313600523
313701735
313722459
313757655
313803171
313835359
313895693
313927568
313950165
313956172
313988686
314118458
314140909
314236683
314737032
315158785
315294999
315318004
315434584
315599337
315812934
315861820
316122651
316234189
316257027
316262226
316426991
316547070
316955379
317138572
317166805
317180589
317228386
317238695
317240567
317263246
317440541
317445446
317475914
317761936
317785958
317830990
317906014
318258457
318295019
318360470
318364764
318414982
318467329
318495502
318624493
318662100
318867901
318924878
319126283
319156972
319206332
319211520
319241582
319414617
319423983
319553041
319561180
319674535
319837235
319933506
320371737
320417585
320442789
320509268
320562795
320736957
320770067
320878049
321040226
321045907
321071374
321088335
321129758
321226581
321607407
321877431
321967432
321986768
322128015
322212920
322280995
322400619
322528210
322589111
322634014
322723732
322761247
323193218
323263597
323301744
323595706
323614620
323708325
323758247
323854116
323859767
323861537
324043581
324203349
324226968
324466571
324598902
324612909
324634817
324692004
325053114
325158430
325244664
325402550
325772207
325783424
325960600
325988728
326125016
326236785
326269374
326277822
326865511
326944269
326956673
327065579
327069373
327072837
327334044
327442951
327572766
327609080
327861962
328014511
328075110
328130634
328176459
328179502
328377921
328649783
328824556
328839110
328899631
328973002
329135812
329191337
329437698
329446455
329470181
329499659
329579550
329604250
329639236
329715430
329790516
329825367
329860900
329861084
330055822
330530843
330591880
330757013
330770095
330883389
331055243
331101828
331146259
331234844
331341646
331377490
331392692
331528246
331556793
331572071
331593374
331985373
332092771
332386063
332398522
332437150
332533838
332578652
332638254
332656843
332757487
332840120
332925649
332967551
333100800
333299172
333459186
333618406
333661469
333809078
333835128
333958039
333961803
333967080
334189678
334191586
334275146
334488041
334506611
334613439
334637972
334651878
334660621
334849716
334859147
335543287
335692182
335845838
335909011
335915261
336055541
336164997
336237284
336262406
336295473
336358620
336360657
336461797
336469481
336489427
336753163
336933792
336957668
337047680
337111333
337184900
337618120
337646741
337732806
337833331
337873095
338087762
338167000
338248993
338362778
338536129
338928363
339373098
339531520
339696900
339745842
339751158
339964919
340178724
340407564
340464627
340689010
340748164
340755399
340824105
340859814
340993036
341165998
341220411
341256986
341561436
341601484
341660236
341725590
341923222
341949133
341961403
342071806
342147634
342214360
342419129
342488683
342517449
342878707
342946429
343158492
343171436
343309026
343388568
343528161
343722433
343837094
343933808
344020793
344099134
344135004
344277864
344362441
344366483
344488773
344576162
344592061
344592270
344682162
345008088
345032330
345298237
345385105
345399947
345462186
346074333
346235085
346268169
346387841
346487582
346509661
346536580
346752170
346858302
347212647
347225129
347304164
347314967
347347673
347374331
347443876
347462157
347494479
347566781
347911328
347935355
347947042
347996324
348102335
348138787
348207039
348443684
348467759
348581169
348731504
348780900
349151754
349261196
349551967
349679465
349873323
350032112
350201369
350208455
350233705
350546667
350581486
350691689
350795255
350874207
350912727
350986130
350997863
351110217
351119198
351150792
351225047
351238949
351311572
351330052
351339022
351383644
351533831
351573130
351703404
351790352
352005047
352176590
352178104
352235028
352373006
352499041
352587862
352626493
352663827
352715768
352755544
352777010
352817760
353118167
353385484
353642859
353659600
353675333
353720297
353748726
353875985
353888004
354112383
354174085
354182022
354570637
354597769
354642822
354660024
354849435
354878662
354879761
355385906
355497389
355660795
355897915
355965719
356115649
356345098
356630560
356787150
356922388
357123966
357291656
357402940
357537111
357565970
357568777
357645946
357787129
357791263
357844997
357856115
358218561
358378655
358444912
358484468
358673172
358827527
358838194
359111603
359180176
359360326
359493814
359556161
359788502
359905889
359975131
360009185
360015685
360042583
360187320
360201501
360306409
360355307
360509454
360576692
360859965
361046041
361277065
361353867
361365289
361506398
361531242
361544471
361609367
361708094
361905308
361963023
362021295
362031284
362050927
362060906
362074118
362129050
362186948
362310180
362338886
362340900
362579441
362701103
362744605
362792117
362955560
362957806
363038069
363073568
363306187
363318848
363439581
363643901
363686796
363707940
363755191
363760589
364128370
364268922
364582607
364864313
364947041
365367220
365390710
365427030
365446272
365751791
365941681
365947476
366217388
366293498
366400395
366644245
366648810
366700062
366855561
366868841
366949685
366983318
367032016
367051386
367230215
367356224
367361860
367408310
367486502
367490700
367680030
367859016
368301233
368476658
368593410
368650166
368695421
368802166
369003402
369116253
369224695
369306370
369360080
369571149
369619528
369688417
369693405
369720237
369724873
369860605
369902859
370133272
370189779
370304928
370434784
370483786
370718544
370757547
370907847
371244927
371252767
371308831
371354336
371692987
371891689
371950960
372002176
372056914
372303707
372370705
372468351
372485884
372610834
372668729
372682825
372791277
372842337
372984336
373010988
373034840
373285910
373306855
373488929
373587725
373588896
373632411
373687477
373714239
373798309
373944549
374057083
374081245
374084984
374255170
374260631
374266127
374315433
374353544
374477391
374615450
374649141
374881093
375152196
375317853
375328482
375371687
375530804
375597091
375729458
375806109
375836107
375889349
375935535
375977465
376062472
376167955
376251727
376440887
376543200
376615047
376662016
376992443
377182335
377197479
377385820
377410538
377424990
377449418
377585970
377629217
377741838
377792458
377799915
377866606
377910232
377988161
378044414
378108797
378204394
378486783
378489779
378507056
378556394
378561635
378731395
378739801
378856112
378867446
379210349
379352234
379352989
379601994
379787719
379938905
380019928
380071157
380077237
380113786
380294386
380367732
380376670
380508602
380637353
380827009
380950058
381078970
381271729
381601195
381772202
381932556
382132872
382142067
382171532
382262128
382401690
382456875
382489526
382695401
382709677
382803663
382880502
383344294
383395698
383416141
383575766
383707105
383739359
383898824
384396869
384551815
384562140
384579516
384600426
384631361
384635326
384670436
384788117
384884308
384897078
384995842
385039361
385077053
385134737
385143075
385294823
385380557
385548902
386000996
386019700
386056917
386068381
386152981
386408388
386485697
386519812
386549891
386603458
386752533
386839854
386923359
386954334
386964203
387061138
387197381
387291222
387512542
387563987
387579751
387703005
387703623
387712527
387742712
387824743
388017518
388079726
388094406
388139725
388154547
388233380
388298987
388545919
388698608
388735517
388855508
389122125
389180801
389564892
389738956
389745023
389749050
389870345
389993090
390047312
390135843
390190390
390502429
390525076
390551841
390612420
391042914
391046252
391102720
391228844
391501893
391620220
391652716
391655442
391724840
391773191
391813619
391822296
391923145
392032097
392099603
392159068
392194328
392197106
392264905
392391896
392586418
392634948
392704994
392706764
392722658
392969382
393022900
393104903
393107266
393125044
393143211
393185699
393244836
393296371
393566754
393691127
393719856
393900874
394311347
394684023
395011212
395023657
395129448
395361969
395478481
395875869
396052321
396089644
396094310
396173661
396219232
396532731
396538364
396567236
396711081
396726373
396738656
396749069
397023824
397583145
398048439
398095938
398321884
398432094
398553212
398556812
398681897
398749293
399036992
399071275
399095159
399252081
399746669
400013173
400014441
400018095
400025246
400101748
400136378
400216121
400257365
400319220
400386468
400398099
400421190
400477346
400520199
400638062
400656222
400682078
400682852
400751896
400782580
400948430
401026647
401121463
401123036
401248447
401269039
401441943
401499628
401602812
401764902
401767827
401798848
402174651
402201507
402236407
402252612
402470430
402479000
402520113
402797955
402868204
403027033
403081075
403181803
403201637
403331351
403382431
403490506
403546534
403935981
404049341
404094379
404253049
404356332
404511330
404534964
404543627
404695038
404868152
404927850
404950353
405045776
405103379
405211274
405258564
405400901
405657363
405715041
405750662
405849002
405915522
405982232
406033692
406122253
406175835
406189713
406525313
406694746
406705145
406788296
406834707
406871288
406940043
406965133
407006304
407070031
407198807
407237686
407626919
407714747
407894872
408323754
408398970
408405747
408409481
408421860
408498125
408527019
408669672
408686080
408689212
409279060
409332007
409413713
409463292
409507963
409555637
409575357
409599628
409687007
409727918
409786864
409845860
409849582
409867361
409976140
410247370
410337146
410420002
410770149
410824827
410830218
410860185
411169429
411197230
411338334
411421340
411488383
411605135
411611107
411616896
411775727
411848288
411943388
411994373
412128063
412300622
412497825
412508833
412550191
412639438
412809640
412877458
413123307
413324084
413341596
413355442
413668030
413770108
413812223
414625999
414710520
414733843
414877169
414897207
414942900
414961195
414996986
415009394
415061220
415114853
415196266
415248970
415364348
415530689
415547677
415576100
415604353
415647756
415711366
415719900
415724578
415763393
415809363
415883389
415926343
416035699
416317394
416498345
416556743
416795660
417029826
417132188
417191705
417393627
417999308
418293439
418329678
418429865
418474767
418561262
418577184
418620611
418655856
418677238
418725736
418734307
418846138
418898625
419152143
419162035
419232509
419339518
419403788
419428377
419904972
420091536
420121220
420287739
420324381
420357087
420444717
420455609
420471325
420728739
420992884
421008640
421189829
421448790
421623540
421833277
421839861
422031510
422124230
422267453
422325573
422345345
422408042
422481782
422922019
423236044
423469181
423725291
423859937
423945142
424009658
424211551
424310652
424565523
424654321
424688701
424719308
425196511
425242620
425279780
425487278
426073531
426119617
426126832
426241958
426244039
426275986
426316446
426561882
426597770
426791654
426966460
427060485
427080683
427228921
427333148
427351461
427591309
427760266
427810874
427811641
427816768
428004508
428010848
428046381
428115456
428259439
428347532
428440898
428495538
428699522
428788255
428962105
429000221
429225846
429261846
429266641
429473619
429519452
429590468
429688694
429816522
429945403
430092662
430138013
430144087
430195540
430203136
430248661
430287519
430319436
430381074
430383993
430406192
430482407
430484443
430562857
430843205
430993533
431059590
431266943
431480191
431587841
431606274
431648899
431728936
431742748
431803763
431864919
431872667
431875413
431938321
431959296
432103694
432196622
432248735
432532683
432709985
432770051
433175282
433276079
433378306
433392519
433443183
433515921
433535670
433551017
433623214
433680893
433748335
433761381
433865875
433945140
434065095
434073582
434105354
434158181
434278658
434402991
434546783
434622255
434656877
434682760
434931656
434951730
434969942
435109438
435196705
435312760
435361851
435624554
435630117
435647135
435952600
435953894
436092821
436225823
436725815
436745908
437150890
437168316
437273236
437602569
437691656
437694351
437711287
437745056
437749339
437824235
437996212
438047199
438177895
438411077
438458796
438632554
438771577
438817939
438965139
438969300
439014640
439290458
439557281
439589233
439645887
439665801
439759904
439786369
439874029
439938377
439941117
440048545
440061235
440202208
440416947
440719905
440874360
440918220
440986908
441024219
441147068
441202322
441216157
441330201
441422151
441481676
441880045
441889102
441896908
442147558
442303250
442371655
442534443
442623110
442676766
442944375
442974337
442988534
443016413
443324479
443334383
443483220
443536061
443733514
443741929
443882127
443926657
443958890
443998366
444092203
444102655
444103273
444181033
444215402
444492194
444663523
444827649
444939055
444978875
445067860
445086758
445116338
445132655
445155066
445162485
445279189
445336694
445431660
445526065
445588608
445626193
445646937
445844985
445905670
445947615
446104280
446167644
446224030
446341960
446393519
446594112
446698601
446790889
446839186
446850929
446929003
446979165
447018538
447129562
447179606
447216206
447429468
447627656
447780287
447810253
447830004
447843946
448013647
448044780
448060935
448075697
448179608
448322080
448365186
448492444
448508387
448586737
448736267
448749094
448757559
448779939
449512430
449803181
449806492
449819833
449998729
450019524
450092044
450122476
450132899
450354045
450363733
450509069
450611919
450774206
450943934
450949643
450993257
451186631
451467220
451493601
451559916
451666447
451684971
451755632
452060581
452087093
452142772
452159576
452252575
452275544
452295820
452443986
452526376
452724197
452779225
452950872
453285343
453428668
453445772
453454410
453498426
453662380
454002164
454003286
454024117
454144813
454145531
454151900
454183851
454190565
454381504
454438538
454481759
454504075
454512787
454580251
454589775
454600658
454643512
454785643
454984606
455116060
455235180
455319792
455390600
455485167
456228123
456338186
456370855
456477973
456629600
456643064
456679131
456715257
456716793
456732709
456809089
457152273
457333595
457514824
457537226
457571519
457667853
457945238
458163564
458345812
458352179
458385984
458427855
458536120
458551147
458570705
458575664
458783480
458828010
458927912
458963997
459075593
459101382
459190290
459210347
459404034
459475706
459680196
459708144
459794547
459994940
460147957
460259835
460516174
460552985
460643633
460701244
460742058
461021785
461047464
461088596
461106781
461266197
461269400
461352996
461447218
461529662
461608634
461624294
461752577
461855988
462001790
462040675
462605405
462610774
462760957
462769468
462803557
462810510
462860988
463020568
463036460
463194414
463219223
463526663
463539225
463629514
463908484
463912626
464114786
464153394
464161942
464175169
464192821
464225897
464253880
464308904
464328277
464533832
464623983
464708226
464722517
464846991
464951406
465044467
465236722
465244667
465342324
465541138
465573068
465598708
465635139
465701325
465860914
466000525
466162458
466304452
466722480
466869996
466897161
466989812
467009331
467149742
467160794
467171829
467328453
467431633
467434436
467614734
467618556
467631789
467689073
467769475
467844642
467884061
467902755
468003795
468183211
468234467
468508443
468609739
468615805
468788456
468878014
469009476
469115031
469169999
469194010
469249572
469276906
469390630
469424623
469434458
469504426
469546612
469562935
469605358
469650125
469885211
470025420
470052243
470143208
470154215
470403774
470526281
470576119
470606321
470670661
470754466
470761785
470890098
470983392
471083876
471089592
471224685
471337999
471345892
471498672
471554601
471603055
471749324
471852983
471913076
472099966
472225666
472859897
472899395
472950972
472976003
472986983
473050839
473053448
473117581
473184443
473244845
473262240
473340852
473354636
473372849
473417991
473521702
473612276
473631626
473637711
473747614
473790900
473810437
473824052
474003095
474225170
474423940
474489825
474525609
474531433
474617397
474637022
474644828
474724292
474746862
474939690
475173622
475411989
475448684
475467363
475922168
476027971
476080270
476204278
476221456
476230372
476391486
476417087
476455925
476695117
476707757
476715231
476735971
476748364
476791376
476881657
476992191
477002617
477097697
477229774
477630949
477765405
477825089
477827091
477908159
477915265
478140392
478152386
478152891
478429409
478468379
478469391
478550201
478708649
478949241
478955883
478958557
479150366
479275302
479344258
479465328
479516049
479669103
479691446
479773491
479825726
480080234
480103136
480177407
480276545
480465337
480542478
480717135
480724472
480839161
480850158
480865969
480870917
480874612
481059144
481243231
481352027
481424272
481550106
481826340
482018902
482239370
482345157
483066562
483121186
483244206
483466630
483755013
483900673
484004586
484359090
484383781
484477909
484539707
484835252
484958895
485191989
485244883
485311631
485357387
485523077
485617171
485696396
486014977
486029373
486048017
486078548
486137918
486302341
486357627
486555149
486821394
486897059
486967806
487093508
487106065
487143560
487241199
487349836
487444141
487504910
487507747
487512007
487531228
487733925
487772347
487775196
487883625
487939216
487992004
488202665
488272929
488416980
488646665
488713647
488832109
488910623
488960386
488993624
489006670
489027026
489047236
489086171
489259591
489293420
489424946
489481700
489550723
489702792
489715723
489891076
489902362
489917593
489931201
490177380
490492020
490661363
490772280
490891668
491095168
491440297
491465083
491530135
491598832
491610507
491654958
491729959
491960838
491984811
492279548
492287890
492325078
492348497
492482077
492490150
492628696
492777716
492803754
492885798
492953683
492974868
492992888
493001549
493238995
493539001
493547098
493594848
493678363
493785481
494042453
494159004
494270679
494452973
494711216
494850865
494868748
495111838
495177053
495207293
495210301
495238129
495291866
495307894
495360200
495390924
495454914
495497602
495538448
495539870
495607278
495747605
495907232
496019549
496032523
496069059
496090271
496164035
496612158
496723050
496784645
496818169
496892172
496965743
497047301
497068757
497158085
497216351
497218019
497221713
497389719
497421120
497544838
497784062
497936153
498124417
498134900
498147733
498186498
498197575
498245391
498380779
499027913
499236640
499300525
499347072
499470073
499482516
499499281
499516005
499536483
499576288
499670292
499838688
499842677
499862367
499919069
499961821
500050557
500161611
500243172
500272021
500324641
500332010
500332235
500457165
500574208
500657950
500694212
500707331
500722305
500746926
500761957
500897693
500981361
501105636
501236990
501334435
501409222
501446680
501450217
501767469
501836806
502053690
502058286
502126986
502181906
502209865
502232924
502257805
502296004
502433591
502563918
502663937
502694220
502745500
502750585
502851001
502975415
502981401
503017313
503070218
503249470
503318998
503642213
503647042
503807355
503858769
504081024
504367288
504375659
504873848
504916825
504958835
505073143
505151519
505273409
505275390
505382114
505402682
505451191
505475190
505658514
505722931
505733669
505855811
505905967
505997988
506271866
506319554
506360098
506572452
506683045
506689941
506717830
506719193
506784072
506954021
507100591
507210059
507241760
507339082
507451546
507454138
507531582
507983159
508014691
508079563
508111788
508164228
508217218
508237012
508661083
508825174
508860040
509000994
509095118
509142132
509162264
509234643
509244601
509484873
509493534
509654848
509666146
509916293
509942453
510051962
510061098
510122882
510189897
510214147
510236914
510285318
510288540
510360924
510549313
510574744
510784128
510837468
510886362
510927561
511184711
511311179
511323585
511441540
511519097
511569314
511812369
511971251
511982101
511986741
512180977
512191478
512300100
512541344
512541683
512655392
512661266
512681231
512946995
513059605
513069172
513181385
513208476
513249997
513524018
513599377
513622590
513664443
513813183
514061821
514143494
514199771
514277726
514303187
514508891
514652326
514725955
514836539
514964972
515014617
515104292
515233767
515262601
515474482
515492897
515533381
515608945
515792735
515969110
516026417
516028787
516110932
516202127
516356311
516395984
516405162
516525803
516554929
516640028
516784020
516795322
516871864
516958742
516991874
517001471
517056535
517321099
517361572
517422867
517479423
517545151
517663834
517664484
517695756
517698272
517748214
517771461
517786174
517885416
517907693
517991873
518183175
518352741
518376040
518406791
518436691
518633709
518657191
518680726
518800843
518860040
518920272
518968363
519110129
519164514
519332165
519347931
519368372
519395980
519508781
519758737
519776376
519960976
520247869
520370865
520444775
520454332
520454724
520483054
520566503
520779794
520843487
520863494
521006461
521028558
521059888
521199421
521274592
521315378
521340919
521351129
521468345
521480391
521635747
521972796
522131943
522154538
522235764
522275250
522380661
522383847
522510394
522518081
522655607
522691500
522821504
522938433
522945513
523142646
523164711
523387597
523833452
523912915
523920930
523925702
524058050
524094436
524212986
524429461
524525639
524698483
524748567
524775280
524818140
524865079
525043515
525046583
525069680
525227608
525358609
525928190
525952298
526008615
526072539
526404252
526492486
526943093
526964247
527063776
527120787
527189814
527190989
527275113
527349097
527410687
527440860
527534048
527638842
527734875
527809965
527822508
528140779
528335199
528511347
528582909
528593440
528699125
528833294
528859430
528868087
528957722
529180294
529378110
529385802
529433470
529591526
529605314
529664797
529910203
529918662
529999658
530019952
530200638
530314325
530364696
530389134
530507733
530611034
530629486
530698595
530729688
531042492
531085761
531108830
531149306
531200616
531274597
531362248
531406852
531420933
531469459
531498458
531544155
531625237
531890276
531895515
531897498
532206848
532272095
532694584
532696675
532781024
532802754
532938709
532975750
533190736
533236680
533605910
533642473
533803426
533876219
533893754
533973085
534012477
534116990
534323950
534620412
534621378
534632416
534647438
534664739
534782960
534824748
534912536
534978050
535005454
535044971
535090189
535207050
535247525
535324239
535404698
535430053
535586226
535636166
535660521
535680094
535838132
535848340
535903125
535961344
535961640
536134954
536181854
536233759
536370912
536486860
536593703
536599995
536667844
536766549
536901928
536929561
536980724
537271242
537286144
537675598
537696844
537743522
537883313
537960988
538159967
538305084
538330028
538334736
538364575
538489215
538507628
538521176
538540147
538551349
538570956
538605746
538624934
538652095
538660655
538764312
538884173
538935888
539070078
539095064
539226825
539276054
539411028
539468320
539523670
539531917
539679305
539893767
539898100
539924343
539972891
540111938
540129205
540136816
540277043
540454125
540493383
540584393
540678929
540932061
541067415
541153522
541280200
541412094
541523155
541542975
541712596
541945382
542079913
542368390
542390005
542535436
542711926
542780272
542880772
542984896
543023622
543043917
543287094
543320277
543477620
543509340
543515699
543608098
543622554
543754094
543875512
543923036
544160989
544338293
544387080
544435061
544581048
544621857
544640487
544679457
545002049
545117444
545259684
545352854
545450390
545574057
545622188
545695364
545755241
545760364
545841967
545881528
545932552
546025499
546113485
546129867
546172356
546184460
546315394
546401838
546516705
546559234
546601585
546643273
546709130
546774207
546783233
546810489
546911540
546949218
546973234
546977441
547137668
547172917
547207616
547224404
547328161
547366659
547456231
547487588
547591814
547774193
547800967
547871205
547960759
548086939
548156846
548267853
548492630
548629663
548701269
548829090
548885132
549038473
549123047
549138442
549184212
549447016
549475861
549535831
549849902
549850719
550039265
550070626
550114213
550160020
550174470
550222765
550476648
550629592
550787932
550810694
550930671
551033615
551165396
551324262
551448349
551451777
551520204
551660899
551669839
551696596
551966633
552030444
552095694
552235716
552276322
552346153
552353400
552377930
552432744
552642039
552989056
553067480
553139562
553476985
553544064
553660875
553790045
553848930
553877672
553967297
554138633
554329110
554402834
554425988
554511164
554576837
554806463
554902512
554922400
555016509
555070092
555104906
555263800
555317317
555464476
555474815
555521691
555597997
555696078
555746166
555761076
555790007
555913776
556273059
556291127
556382610
556395285
556415099
556668557
556699956
556785889
556918808
557152856
557154523
557188980
557377220
557387607
557501372
557543606
557804812
557841417
557846950
557883788
557942642
558054328
558302561
558346394
558419155
558443676
558633694
558702241
558896355
559121729
559154051
559219869
559268941
559319969
559359150
559528285
559729184
560029023
560043442
560146452
560188300
560203260
560205623
560307511
560624757
560657340
560694398
560707646
560774595
560873042
560902522
560921797
560922211
561371806
561468833
561624832
561685523
561695392
561814715
561900944
561903769
561930315
561969941
562020562
562090244
562409052
562428982
562558134
562626644
563126032
563242630
563269457
563496822
563523969
563586567
563647969
563847276
564601319
564799924
564911151
564960291
565137794
565193772
565282992
565317313
565340028
565352332
565504431
565594506
565624798
565773213
565793015
565892290
566033718
566104965
566280909
566367839
566537675
566552613
566579023
566619003
566792121
566814100
566905545
566951015
567197049
567285426
567391005
567423207
567445189
567451762
567507270
567554039
567570312
567647648
567656969
567697831
567787089
568007287
568106170
568113943
568265680
568619776
568718070
568788717
568807939
568879000
568935771
569001034
569428281
569440551
569662934
569685285
569840169
570187404
570315587
570332490
570345603
570452292
570650338
570747530
570778078
570850383
570867741
571008865
571396082
571426880
571479665
571541587
571564744
571629071
571634160
571727592
571953896
571965673
572096728
572247105
572248573
572293929
572340073
572462171
572545365
572604563
572617458
572708745
572834785
572895858
572925028
573013502
573247162
573252276
573376459
573627987
573630554
573723491
573807587
573921886
573987899
574019665
574240257
574290884
574299377
574336773
574462452
574822935
574909071
574965445
575110990
575315155
575445754
575532587
575552285
575627319
575632126
575739454
575963414
576132611
576215038
576316998
576327168
576372020
576394524
576862040
577003799
577278332
577366061
577414664
577426010
577499368
577568268
577601343
577611910
577672371
577848152
577907203
577931521
577983025
578280985
578349157
578378263
578423557
578472336
578709243
578721174
578753433
578828131
578884715
579042235
579226775
579503426
579504100
579545168
579626181
579634077
579936016
580036848
580200897
580282794
580284858
580452873
580459217
580535364
580602086
580681064
580706041
580745454
580786318
580871958
580881537
581303172
581324055
581347294
581790157
581849544
581851686
581854906
582030048
582136559
582156547
582207056
582245248
582307335
582717692
582723377
582776261
583070813
583213832
583280532
583304363
583357189
583398922
583442594
583476690
583596255
583815239
583829450
583843013
583937546
584193773
584288451
584343769
584439577
584472294
584507311
584587882
584797585
584819309
584941016
585138691
585254506
585478853
585689224
585863074
585984064
586136482
586293150
586369352
586374123
586458871
586548341
586621647
586897232
586936455
587004920
587264354
587353786
587402471
587908395
587930938
587989780
588168798
588218565
588269545
588283356
588347489
588463295
588716958
588824237
588886235
589189140
589210219
589273420
589523621
589621660
589740319
589761938
589873085
589911668
589985868
589995838
590026211
590260607
590387967
590492663
590571744
590641441
590665565
590669920
590722719
590742923
590827533
590902580
590911373
591048071
591254098
591281677
591359489
591434160
591458422
591515909
591596187
591670325
591781328
591953065
592019399
592056270
592056591
592176988
592262575
592389476
592407867
592621681
592666646
592934217
593086619
593151650
593323534
593409267
593436670
593517642
593568038
593723637
593731710
593938490
593955147
593962321
593980143
594104670
594175899
594367376
594436092
594600779
594632597
594730010
594731429
594829426
594987080
595041689
595043519
595052773
595110108
595173405
595193228
595290502
595353227
595372689
595412489
595703697
595948674
596103421
596199504
596361417
596415020
596614970
596731014
596739590
596816152
596929891
596980671
597126769
597169575
597280568
597597704
597801223
598151716
598374731
598396620
598597179
598612468
598655305
598689474
598826364
598879682
598933085
599096206
599161636
599321695
599342895
599370062
599406408
599421157
599476218
599714466
599996464
600363728
600594089
600671488
600733908
600792716
600825618
600832534
600976284
600978112
601004109
601130486
601143672
601349262
601355609
601362149
601521157
601526284
601543612
601591949
601766774
601987908
602031874
602175957
602327128
602545226
602625418
602663300
602968966
603095191
603155323
603280667
603470635
603659079
603685408
604076469
604099802
604205052
604372736
604391864
604458475
604467342
604538823
604547505
604611006
604625026
604806416
604932356
604968316
604992935
605367056
605540003
605697468
605926959
605986965
606188807
606277364
606443430
606450051
606752573
606820819
606824519
606850475
606865608
607080349
607173836
607177572
607454820
607490213
608014957
608169092
608189156
608237661
608372901
608408202
608445934
608562474
608631296
608635597
608777876
608815939
609081742
609223798
609225939
609433911
609456132
609475631
609550341
609604034
609615290
609632986
609639502
609685438
609814324
609853321
609869731
609935759
610327747
610587468
610637524
610664155
610722741
610825863
610844207
610882517
610896464
610936220
610955913
611083593
611482772
611538198
611696723
611840061
611856949
611889964
612091578
612200376
612202496
612210760
612218626
612265161
612326039
612642954
612739687
612771607
613004147
613059680
613155637
613343239
613524616
613569418
613595743
613788435
613908151
614002518
614046371
614132438
614194594
614656453
614700277
614749559
614859620
614923042
614946619
615285873
615344129
615373792
615397411
615543840
615691136
615702477
615713300
615769099
615847432
615930161
616108649
616132903
616155670
616165293
616245347
616371072
616497295
616729575
616970847
617017784
617073043
617148263
617185877
617242672
617308244
617451206
617574052
617771662
618039441
618056235
618056911
618133104
618207038
618237246
618272554
618349594
618378396
618421053
618546448
618654504
618668488
618678359
618798932
618832244
618859746
618880861
618944217
619173160
619385924
619391033
619476733
619867904
619931847
619943693
619960172
620014725
620141210
620209972
620211447
620273051
620500025
620516454
620594146
620596930
620597192
620624442
620675809
620720571
620752788
620755406
621010468
621019787
621059153
621159115
621516343
621576152
621675204
621738226
621805430
621864658
621933980
621961421
622284942
622332211
622395941
622536737
622567277
622667199
622730418
622781697
622816344
623017482
623064590
623167912
623266556
623287091
623335986
623423901
623548556
623745508
623749182
623764041
623895643
623899175
623955280
624297820
624351143
624389143
624713837
624734270
624787744
624836252
624943290
624950285
625150452
625195550
625269094
625292825
625337354
625359084
625472898
625737335
625968475
625969705
626038944
626265362
626363405
626511443
626540924
626540957
626575473
627240382
627385563
627414638
627423166
627536599
627561581
627606592
627644127
627675624
628033526
628311685
628406785
628463032
628517154
628850769
629064751
629083540
629406496
629420966
629863326
630052995
630123107
630136927
630144681
630183457
630330467
630458422
630494727
630638647
630714408
630833731
630914563
630959451
630988104
631009479
631019613
631142969
631271613
631940326
631942906
632052506
632060988
632081213
632116422
632260500
632280082
632361348
632396747
632425557
632641990
632732533
632772373
632878723
632920817
633013326
633048507
633120161
633129799
633315385
633369679
633430438
633534368
633692475
634179516
634548075
634571545
634739975
634763132
634764580
634908828
634929403
634943387
634979626
635079275
635138696
635251443
635428961
635661371
635682292
635779491
635843474
635988760
636000594
636171752
636211863
636268977
636325020
636508156
636563701
636618987
636659537
636668406
636687919
636764997
636786491
636935661
637086841
637146254
637380842
637429072
637644901
637765702
637911985
637982939
638183230
638264809
638271511
638345995
638439023
638483253
638698363
638751345
639089008
639130128
639155020
639334262
639335435
639452219
639563693
639618208
639812891
639944324
639951576
640000643
640036552
640090956
640143289
640185613
640262491
640368636
640423171
640544064
640544941
640729926
640763132
640823306
640889697
641026593
641081118
641089832
641197202
641210861
641321380
641605343
641615022
641649765
641730178
641741917
641974513
642117645
642414343
642427273
642597125
642599056
642610101
642930969
642980324
643106663
643128594
643133900
643187626
643414124
643458006
643652706
643672409
644055014
644069837
644135461
644253751
644283944
644341252
644504305
644515576
644516380
644628835
644645144
644666149
644689162
644777057
644788114
644989241
645162561
645199865
645343183
645388889
645411950
645437939
645468021
645470490
645692160
645721574
646028402
646054699
646291390
646294421
646311456
646367659
646390360
646438087
646451799
646529024
646579979
646653791
646670766
646678904
646701156
646729929
646757988
646849940
646919319
646971991
647055468
647077509
647183363
647434840
647458046
647480669
647557830
647920685
647926719
647968748
647990633
648039904
648117884
648122205
648158606
648510173
648523319
648608149
648764114
648774654
648777372
648815270
649068381
649236005
649306217
649335344
649472252
649871938
649923507
650331587
650378536
650386443
650457096
650632364
650841069
650876388
651027843
651118099
651204520
651273765
651393046
651484547
651634995
651674486
651807431
651824777
651935055
651953886
651956742
652023618
652059475
652317029
652388701
652408764
652417540
652493085
652557561
652590620
652614892
652659188
652680526
652690550
652756991
653100887
653450846
653681719
653707363
653829242
653843247
653898882
653974263
654011616
654026013
654117177
654126168
654198651
654257897
654348469
654525735
654634112
654891296
655048120
655145974
655207031
655230480
655259708
655311463
655435757
655486168
655538342
655735029
655756751
655909834
655950733
656019044
656122231
656223631
656308532
656336620
656347064
656463132
656642095
656696987
656772594
656820661
656985412
657243489
657545726
657747650
657759192
657777357
658030525
658132582
658227543
658387592
658585049
658694718
658771712
658832189
659036307
659090209
659146129
659362196
659376562
659406275
659512396
659855956
660137328
660328659
660590104
660643443
660669536
660747524
660816542
660959645
660975901
661071821
661132580
661204413
661251691
661432792
661461951
661480302
661581657
661600375
661712624
661780963
661809299
661893572
661904744
661913306
661975308
661986710
662004955
662453307
662460838
662622159
662629547
662643761
662761758
662943303
663045687
663114033
663137018
663222456
663269892
663356530
663423919
663466262
663471276
663509454
663537419
663550394
663663785
663669996
663693032
663718213
663794389
663814639
663887504
663929704
663934938
664213167
664284537
664565905
664902075
664941007
665063957
665104044
665342537
665638048
665967093
666299042
666306050
666397861
666432365
666473200
666576447
666772598
666774380
666838865
666846856
666961817
667019925
667094436
667159960
667244152
667455898
667533771
667713328
667744911
667815442
667875104
667966744
667991892
668040816
668177283
668229486
668308283
668446364
668965498
669106658
669192086
669232925
669257165
669259293
669384691
669596592
669689559
669748845
669984428
670019170
670120149
670230153
670286311
670342402
670509742
670625548
670666039
670843731
670893716
670925682
670985939
671075639
671442069
671475024
671571381
671635776
671644669
671895643
671986644
672090450
672279036
672310928
672416916
672616461
672650003
672811113
672816205
672879008
672895510
673102010
673175036
673295608
673308673
673343183
673378222
673718039
673836719
673870064
673872935
674004451
674106929
674177849
674319024
674356779
674365675
674503475
674534527
674594718
674665640
674745748
674795899
675003355
675136836
675282603
675313646
675323936
675353835
675507936
675515623
675563827
675736063
675761099
675835194
675837623
675887064
675888165
676168004
676171539
676183981
676326444
676338084
676342067
676751439
676765069
676782719
676903582
677107187
677178522
677407860
677497298
677547084
677788377
678080083
678172276
678376424
678603396
678770049
678803624
678907053
678920800
679026031
679058757
679114194
679229290
679295210
679488779
679561957
679977658
680025493
680060988
680106024
680360058
680409325
680491010
680547402
680587923
680610862
680769940
681036214
681091422
681143411
681148782
681246245
681377547
681387021
681468056
681487906
681492167
681776520
681825853
682003449
682036153
682038692
682135574
682230173
682413585
682489719
682585311
682959176
683083373
683137372
683327932
683458740
683500888
683566862
683649600
683852663
683860412
683986241
684149496
684259849
684263489
684371212
684506774
684607312
684696440
684768874
684797124
684798653
685216171
685413142
685587478
685887602
686270904
686376835
686454887
686513502
686542635
686543493
687062769
687126418
687171282
687453345
687519322
687770925
687814589
687966660
688052985
688136581
688246479
688415877
688417004
688424643
688532528
688683995
688750841
688862718
688997860
689050332
689161504
689217378
689269986
689387541
689464775
689477454
689528219
689587726
689688339
689776384
689867270
689976389
690022388
690095447
690145016
690148726
690351134
690536074
690908397
691190037
691239135
691396191
691651398
691728840
691733515
691768075
692090391
692615220
692677881
692759817
692879486
692928681
693022278
693045999
693115733
693153995
693185852
693211940
693519568
693713760
693725597
693755262
693771764
693874277
693970247
693981981
694127974
694199803
694240128
694313336
694618347
694618549
694659346
694814820
694989415
695043682
695106764
695173973
695662800
695677699
695737230
695904840
695920300
696091592
696126199
696430989
696613236
696644398
696652792
696715435
696984974
697180161
697338001
697436540
697441205
697452636
697828457
698041165
698137185
698150839
698293913
698404859
698739197
698771459
698779332
698881405
698890608
698974976
699121150
699214013
699338131
699567435
699603846
699644664
699653547
699667928
699881474
699993952
700161423
700300029
700362787
700551844
700875598
700946873
700968536
700979329
701011266
701019443
701156294
701518299
701579280
701633767
701792418
701802520
701856781
701872537
701890692
702016608
702040290
702051481
702119167
702424825
702491470
702517004
702562352
702611073
703034072
703060899
703077304
703099795
703122906
703158518
703173794
703189672
703191956
703395736
703422934
703603074
703670246
703717112
703735057
703774998
703909120
703917367
704135864
704224352
704245195
704381212
704383601
704391391
704467056
704574486
704648818
704760673
704808265
704884831
704940612
705056339
705091717
705099527
705102381
705153401
705170670
705239261
705444334
705574885
705589516
705611277
705685613
705822972
705978072
706037029
706122944
706236341
706405614
706488322
706602415
706920567
706957326
707086069
707177106
707212527
707369277
707497240
707643256
707643906
707685609
707809500
707831140
707899417
707901527
708496841
708570780
708601574
708972753
709161752
709495969
709567565
709987407
710098775
710179299
710183684
710385225
710582238
710615562
710643267
710682581
710783793
710791630
711163598
711169947
711222170
711315477
711331315
711581099
711608724
711766726
711913378
712074509
712515953
712691528
713069961
713321264
713496353
713528662
713550808
713579956
713746769
713817761
713883699
713888323
714000877
714091808
714178046
714272842
714280863
714382595
714486854
714680385
714718271
714830398
714845644
715154323
715226674
715284206
715351296
715518394
715637425
715724583
715776268
715801207
715839904
715865199
715940295
715966852
716084500
716143474
716291998
716386973
716424219
716427768
716526662
716711656
716835359
716851271
716976541
717339324
717371849
717417575
717504384
717589872
717928006
718076047
718096366
718182173
718373702
718427208
718571629
718639617
718713841
718859406
719067802
719129441
719273451
719522360
719558323
720479886
720570543
720720298
720882490
721043396
721153977
721160232
721236061
721293390
721309034
721435068
721662259
721678751
721678891
721878245
721910358
721954300
722022799
722077085
722078989
722124629
722209044
722235875
722265992
722267371
722501506
722566802
722597381
722619737
722892103
722973955
722974358
723080764
723146852
723421795
723682157
723834958
723856801
723873838
723879909
724149696
724333785
724415015
724471663
724544216
724548522
724762024
724856382
724920060
725061045
725078630
725219490
725242048
725429663
725464774
725552462
725631377
725781636
725904621
726238533
726347904
726404480
726622306
726759310
726779274
726958691
727056266
727153879
727290326
727345308
727374604
727404302
727505237
727588369
727635998
727694758
727727118
727994353
728247355
728261885
728274121
728360523
728385323
728448293
728520956
728559133
728587371
728590716
728711433
728804899
728892309
729043063
729103435
729183125
729198605
729416516
729442071
729510403
729543946
729788633
729812766
729815123
730041676
730078903
730173418
730278552
730330985
730357165
730498738
730674053
730808248
731015079
731030846
731085502
731114522
731129625
731223978
731228305
731246395
731345371
731581796
731586802
731643959
731697641
731729388
731848472
731911514
732486725
732507313
732552784
732604611
732654814
732657873
732706701
732770729
732826159
732872084
733008695
733058465
733132285
733145079
733281814
733285051
733371639
733409399
733431901
733526169
733590168
733621857
733684019
733817107
733870375
733925066
734214425
734295640
734295800
734383673
734434301
734581103
734701882
734888249
735004659
735054520
735340016
735382073
735548338
735597493
735610035
735730706
735856547
735869638
735871667
736259295
736273334
736299294
736340585
736613059
736713858
736715562
736739739
736888218
736904495
736935136
737066767
737106793
737163640
737377386
737593651
737766868
737855770
737959986
738160569
738677156
739295083
739453899
739484044
739540469
739741384
739829204
739993658
740012927
740023112
740028717
740291483
740297583
740310619
740389907
740399058
740430647
740440218
740457685
740691515
740773400
740777212
740826033
740965059
741112803
741172218
741225195
741288656
741499999
741512771
741523257
741725398
741936842
741945092
742020373
742217050
742225645
742235999
742416997
742491810
742547868
742655714
742659282
742740368
742853656
742886374
743085107
743091318
743119540
743395280
743400162
743433953
743442992
743473161
743555927
743579588
743586066
743597681
743832082
744005590
744040224
744096319
744213157
744435568
744510175
744612103
744631822
744667300
744759642
744891281
745046810
745280984
745301370
745771672
745807383
745900604
746029070
746059419
746070671
746178205
746184818
746186635
746285230
746291724
746488048
746572285
746621344
746738465
746855991
746872363
746950982
746990936
747000533
747008746
747070488
747219470
747254672
747297388
747331161
747400421
747626853
747665260
748077095
748210783
748430637
748444350
748574098
748590313
748602222
748607847
748615655
748621198
748623165
748752968
748834330
748987547
749027095
749295897
749365400
749442763
749670521
750094352
750167956
750229835
750276794
750560042
750788589
750911294
751088627
751092248
751303081
751375762
751405802
751492661
751704843
751719165
751942009
752315268
752419392
752563536
752999767
753171694
753543142
753641260
753765622
753778181
753810424
753993349
754111802
754192750
754220409
754223411
754299249
754353320
754643743
754669730
754705014
754709783
754909637
754971700
755040305
755047511
755055604
755096631
755125103
755140137
755326094
755387633
755401760
755492173
755623987
756023328
756028917
756150906
756264307
756502338
756664931
756757002
756781366
756793482
756837960
756853504
756952044
757005586
757038741
757273088
757319800
757360470
757441973
757741184
757743228
757775343
757829476
757906395
757964763
757981115
758104899
758160981
758169004
758300161
758328420
758412231
758415766
758446152
758520276
758560676
758608620
758875016
758973394
759098812
759187710
759266862
759269000
759307060
759317010
759346289
759630766
759697278
759787814
759950773
760041845
760238648
760308184
760319119
760532238
760715168
760850117
760981300
761088740
761188866
761285924
761296605
761348063
761409000
761436514
761635450
761649927
761680976
762007616
762140117
762364167
762392996
762649678
762692681
762718414
762791832
763134504
763301366
763506957
763603509
763609490
763711598
763718095
763762161
763776774
763796313
763933566
763933801
764139530
764164602
764218434
764264177
764334630
764448582
764469967
764624027
764632147
764641764
764851419
764875038
765108414
765212259
765418062
765548020
765660824
765666298
765684318
765715869
766112563
766223689
766323540
766608819
766612999
766750089
766786161
766900306
766923552
767042983
767094361
767189632
767430846
767457425
767500009
767570351
767574424
767708713
767737830
767779731
767785877
767935795
767987505
768272935
768392021
768629537
768682278
768748151
768749130
768777900
768838701
768851960
768980698
769044135
769325074
769578732
769610412
769616788
769619680
769956048
769977173
770118900
770120873
770130425
770197575
770204366
770212628
770391772
770501868
770526891
770568249
770573531
770574677
770790637
770839235
770857574
770861004
770868894
770885112
771099070
771185365
771326905
771345880
771492071
771515026
771526073
771728252
772057925
772099207
772135320
772275539
772355595
772733796
772787124
772839858
773036636
773114940
773215858
773375891
773376601
773450678
773488150
773577799
773612584
773719783
773759461
773884930
773892181
773996883
774193064
774274200
774623324
774641766
774712184
774720319
774793534
775008773
775143845
775342722
775424261
775503277
775556758
775583171
775599467
775621203
775649965
775714550
775988767
775994250
776102312
776122205
776431358
776461451
776470941
776549194
776678652
776708415
776716492
776743554
776855445
777032217
777255389
777365925
777585334
777623495
777764969
777786444
777886714
778034948
778119375
778141422
778176231
778314899
778345231
778357681
778425397
778484781
778563691
778582675
778590343
778748904
778861034
778988502
779027960
779044338
779082202
779164315
779170074
779236452
779332411
779777157
779960827
780002197
780003123
780149001
780206844
780270424
780302065
780416990
780444304
780489034
780687235
780708816
780724116
780768308
780803246
781047454
781119045
781350317
781369966
781374827
781456357
781509804
781920136
781946175
782071304
782133042
782149408
782159701
782601741
782673559
782675771
782693983
782734170
782771537
782821495
782899774
783076628
783085748
783173489
783242178
783822890
783834741
783839736
784079536
784728515
784766626
784815370
784950544
785067084
785084833
785414902
785624980
785627918
785695020
785723421
785798185
785886236
786077955
786094861
786227290
786307838
786384437
786551573
786621318
786663962
786685197
787235041
787432693
787468857
787529119
787685777
787759595
787829942
788018171
788178369
788415249
788503038
788684877
789088475
789100482
789157892
789406507
789475375
789749226
789992430
790132565
790459536
790599639
790956133
791004583
791136821
791193597
791263745
791271677
791293364
791307161
791483283
791610969
791634801
791640676
791677430
791785851
791856855
791880814
791991919
792016704
792357461
792367414
792804975
793232414
793348786
793398468
793443804
793505199
793605038
793690962
793774567
793854911
793873109
793962484
793990287
794032356
794091256
794191112
794199637
794215402
794545504
794561820
794717870
794720646
794855063
794913736
794929650
794990889
795063673
795313827
795496447
795499352
795567496
795825237
795873980
795966902
796040511
796189688
796450828
796631620
796831781
796934495
796969443
797062569
797261152
797296540
797693610
797704230
797736358
797892995
797992726
798006272
798038301
798340082
798573518
798668730
798675334
798919485
799004451
799344726
799377475
799492744
799495311
799505097
799708694
799736067
799812099
799827418
799836940
799891608
799927916
799934922
799972735
800188086
800232425
800447934
800506013
800603747
800731459
800758653
800847013
800863234
801244484
801287097
801515047
801569193
801606600
801691771
801724734
801787767
801851886
801923067
801943132
801950528
801971764
802125319
802277542
802537806
802557360
802560272
802762052
802832238
802932479
802935386
803073481
803154159
803463947
803666597
803707796
803844709
803927784
804008929
804023483
804083104
804236372
804268558
804272670
804283874
804376439
804525387
804585616
804677032
804800649
804973830
804976071
804991522
804997040
805058903
805069474
805122557
805134347
805616037
805796094
805902903
805963507
806034283
806065854
806096035
806151133
806233864
806236736
806243064
806247616
806259433
806294084
806372556
806483711
806560072
806627716
806696588
806787574
806806877
807147203
807454866
807699737
807922321
807958363
808007700
808129850
808215085
808267783
808415685
808486991
808598789
808623105
808747120
808759482
808929255
809029044
809033800
809056867
809115882
809122646
809146348
809340281
809471326
809622160
809889295
809949391
809960890
810019022
810105423
810198148
810456947
810628338
810779409
810848918
810852858
810935228
810950445
811062496
811114349
811161078
811339498
811405156
811408744
811518708
811528067
811687547
811830847
811998930
812142348
812255526
812329258
812354877
812469633
812482611
812802998
812902230
813019427
813119782
813195601
813290623
813469923
813495501
813499975
813977771
814127675
814229035
814229995
814300682
814462442
814491623
814732522
814753400
814778122
814906643
815025388
815051687
815073000
815140173
815150132
815475265
815487209
815558282
815658156
815836010
816053324
816091047
816132881
816182524
816428868
816805424
816891498
816940793
817109522
817134661
817628938
817665435
817677158
817764295
817980509
817992686
818003062
818033959
818256657
818299530
818329573
818380631
818627785
818747383
818845178
818904505
819111346
819128497
819147564
819404443
819422129
819463725
819525287
819583575
819686091
819872090
819924904
820014355
820027855
820122973
820270586
820309202
820314774
820417367
820493561
820547762
820619255
820628173
820637914
820745046
820826199
820997928
821003569
821021190
821126699
821137770
821187787
821227510
821236264
821422169
821467161
821497905
821626528
821790517
821853312
821926158
821957722
822097617
822113835
822297148
822435615
822710676
822899364
822922506
822991272
822994769
823131674
823431405
823496305
823642434
823656041
823729661
823801887
823824897
823889911
823909582
823912138
824026486
824070052
824311615
824385090
824554458
824631420
824758196
824809032
824955109
824959257
825114323
825156283
825352214
825415735
825459016
825541992
825579597
825615524
825625607
825699363
825966302
826119170
826280792
826382468
826558319
826772528
827063258
827456867
827470152
827534768
827553677
827617029
827665134
827730188
827801892
827809999
827834543
827895612
827973469
828317048
828463919
828541071
828720011
828899105
828943327
829284907
829362547
829381177
829381395
829533783
829716204
829753227
829769782
829941972
830037127
830068801
830102247
830257366
830314667
830406007
830517605
830658302
830984247
831189062
831213099
831355067
831475493
831891373
832005005
832043814
832065393
832189562
832226997
832303545
832409992
832451976
832611132
832720671
832853902
833194474
833210643
833294142
833372716
833623835
833636350
834044773
834459587
834675003
834836628
834931949
835145044
835201903
835323761
835363221
835447746
835448380
835550900
835585504
835622757
835672831
835711885
835907619
836007044
836041553
836091675
836252742
836257023
836268209
836341724
836407171
836613958
836766217
836813948
836815447
837040178
837093105
837258827
837548571
837601145
837708629
837875020
838092096
838304799
838352636
838466364
838525877
838537262
838585482
838698795
838725445
838767498
838915544
838925262
838949457
839036360
839097352
839176450
839299556
839444560
839483445
839572786
839747642
839886535
840097320
840272153
840428477
840573164
840599515
840658791
840789028
840855628
840979809
841051164
841113794
841202883
841430059
841458936
841559223
841767832
841829685
841991180
842013654
842044053
842072646
842175526
842228825
842267349
842479863
842530061
842593140
842752334
842830483
842863402
842877836
843137814
843150503
843212178
843248073
843337382
843363945
843427875
843552072
843838563
843867356
843907267
844042781
844074847
844164693
844165109
844261194
844276701
844353325
844356274
844390020
844425032
844450376
844576561
844688859
844722426
844878299
844938756
845498209
845835666
845967132
845972016
846087565
846151651
846170177
846288486
846304119
846416638
846650803
846680742
846823480
847169830
847410831
847516869
847623083
847695037
847741311
847745100
847983135
848109610
848201213
848483309
849044985
849115971
849222775
849229915
849653814
849716712
849922009
850254563
850389510
850550731
850560675
850726427
850736984
850751601
850916549
850932602
851501024
851519124
851823808
851882231
851970686
852046274
852060596
852110729
852170044
852201085
852224585
852258231
852260564
852280023
852311996
852407124
852462307
852472864
852498607
852667313
852701581
852856420
852949078
853108192
853587158
853648522
853752497
853907252
853949709
853999737
854104181
854202838
854408570
854415135
854432360
854538619
854548391
854615350
854630673
854674772
854838660
855013603
855052789
855131860
855147449
855321595
855393274
855563676
855612060
855657325
855785395
855853236
856121504
856123520
856370631
856492194
856515066
856566673
856635600
856652781
856678931
856835001
857016069
857217056
857249394
857250288
857373650
857403737
857623035
857669436
857809174
857819932
857863175
858062330
858111385
858274944
858369675
858547882
858725960
858823197
858864744
859053072
859146033
859267851
859285665
859306606
859375312
859824125
859960513
859984359
860265812
860537207
860718781
860975673
861014899
861045775
861312967
861408501
861537768
861549460
861674373
861679042
861707355
862197408
862256489
862343722
862345990
862870578
863007234
863031553
863036956
863226880
863301385
863459539
863487488
863515550
863523783
863541898
863610647
863780456
863800707
863844864
863909511
864059537
864249143
864263125
864280001
864365806
864402237
864535747
864640720
864915432
864943503
865109781
865219515
865240068
865521149
865619520
865653410
865795144
866065177
866482427
866521739
866650786
866850162
867044585
867225008
867393212
867479332
867552506
867579372
867667019
867841102
868191673
868209279
868254658
868321267
868380805
868385305
868460946
868617811
868626797
868692819
868813090
868848534
868851925
868897693
868960868
869050785
869173573
869212162
869409017
869420340
869506271
869511583
869647429
869749910
869752557
869772267
869898331
869909368
869971683
870060325
870064331
870126110
870168987
870200596
870320708
870776404
870802126
870931075
870957953
870994635
871237457
871291070
871465357
871470164
871488236
871532509
871600725
871602262
871799875
871884737
871903249
871950697
872000353
872097966
872117081
872261863
872346506
872511056
872558897
872744116
872859104
873146000
873153734
873201376
873666526
873796100
873873917
873908327
873974326
874022400
874135843
874279323
874339552
874354743
874577062
874654108
874656372
874909499
874946419
874962703
874973222
875293461
875365420
875374646
875464619
875789423
875808319
875874391
876032817
876041735
876250439
876266412
876350521
876525451
876794902
876808779
876890882
877003811
877209431
877287758
877372722
877672021
877853158
877889939
877893614
878004408
878028027
878043366
878125975
878153510
878351890
878383854
878468673
878612955
878669207
878894020
878969964
879054655
879085752
879162145
879409030
879427582
879576856
879587442
879839820
880102037
880150050
880671961
880697089
880733560
880767359
880862208
881097212
881124362
881198684
881377152
881422558
881449622
881586114
881643317
881713241
881821696
882040068
882107124
882193958
882258684
882364715
882602306
882693984
882864682
882873761
883008179
883137858
883353467
883428846
883593699
883593989
883640172
883746439
883838064
883869128
883976060
883990261
884025635
884048785
884081853
884179066
884227538
884228611
884281347
884379853
884388273
884401874
884403698
884613015
884713186
884805607
884854258
884925362
885033504
885051892
885065804
885141170
885155835
885159444
885552022
885552521
885841516
885851240
885929802
886030687
886237675
886291606
886303131
886313457
886332060
886412365
886712058
886806001
887004411
887020309
887052364
887396489
887409577
887537574
887692112
887704091
888115801
888169385
888215857
888270265
888375064
888398663
888405782
888571803
888635511
888683481
888750575
888830393
888905527
889086809
889087428
889126682
889210327
889232517
889235292
889620718
889665300
889682702
889702170
889725316
889786290
889917627
890019823
890189668
890434928
890506192
890791842
890800052
890875474
891006414
891027648
891131449
891431770
891800507
891824570
891945265
891974595
892057058
892112043
892126016
892135784
892321895
892340948
892393629
892398688
892541198
892613556
892672020
892779489
892812949
892996065
893002108
893044340
893062525
893084992
893259322
893450893
893554387
893831549
893867723
893932600
894077600
894340774
894507172
894513410
894518495
894528884
894798576
894857412
894946198
895222742
895404234
895523867
895559208
895639330
896264053
896345835
896472761
896566634
896593471
896780388
897001529
897090919
897302682
897319210
897466525
897521627
897529104
897649234
897687300
897729482
897900472
898263076
898275035
898301140
898363423
898479655
898510482
898676324
898829433
898879934
898890482
898927814
898936228
898975353
899001725
899042671
899100379
899147862
899275130
899335360
899339037
899350429
899475579
899524495
899530476
899657371
899704305
899753591
899810067
899892854
899975659
900015881
900054624
900230552
900267958
900331182
900396453
900432140
900871870
900888400
900964695
900987779
901036353
901207516
901248181
901366520
901421723
901951759
901959354
901966621
902071384
902123988
902142285
902215689
902236910
902300108
902639159
902661530
902788642
902874570
902948738
903036293
903080021
903123529
903199667
903442851
903481037
903528431
903578241
903636940
903666211
903674703
903740579
904268753
904309865
904350439
904382118
904402231
904579554
905026629
905052356
905319095
905386856
905460210
905487905
905606984
905864015
905873303
906259415
906350446
906593546
906664789
906843037
906913024
906920244
906960982
906965606
907031492
907115116
907473404
907544276
907599825
907862291
907923812
907946894
908140273
908257750
908402693
908457820
908553385
908592767
908606405
908654281
908669904
908683653
908708308
908738997
908750499
908910600
909004897
909006416
909022109
909062022
909246914
909339030
909374895
909424327
909514916
909786965
909863525
909874019
909967611
910217879
910284305
910321466
910388480
910461864
910501979
910517876
910650990
910705753
910785139
910925642
911014833
911051345
911175281
911322297
911607200
911794359
911908333
911920760
911975825
912080670
912203564
912277175
912498399
912565729
912664175
912698645
912751631
913109001
913121722
913169914
913188251
913210078
913260384
913347171
913417702
913473958
913504346
913530103
913661873
913662640
913762089
914153859
914204435
914339771
914553061
914756740
914895551
914915355
914927730
915049906
915059849
915165165
915388940
915592667
915661567
915669582
915847109
916127226
916173255
916194151
916199600
916278159
916284148
916464999
916583792
916647383
916694614
916867553
916951461
916989177
917001024
917094173
917378581
917426075
917453756
917713437
917867604
917918843
917979186
917995403
918028823
918158005
918307666
918495299
918698031
918773756
918978259
918981557
919222677
919336107
919404634
919411979
919559868
919660865
919665282
919957404
920142729
920156022
920334344
920343088
920523573
920758253
920859897
920985988
921004728
921041127
921152352
921165906
921201097
921503395
921619932
921621600
921622086
921642195
921676186
921716226
921721590
921730001
921827760
921839460
921997847
922024203
922031034
922049025
922188532
922262683
922479109
922485148
922497900
922545658
922569476
922774202
922784938
922876874
923061655
923071953
923130818
923220012
923226932
923257723
923357208
923553876
923569455
923646914
923827811
923834048
923921512
923967525
924298772
924311314
924316349
924328703
924368261
924394415
924422644
924903404
924940620
925135593
925353197
925500183
925586719
925590136
925612965
925673937
925831140
925872892
925903027
925915633
925936035
926000903
926003765
926017664
926025476
926089958
926258732
926328508
926385179
926461532
926508391
926544290
926545434
926650278
926870977
927401987
927495308
927512537
927515792
927664174
927806318
927822607
927886550
927906377
928144565
928166119
928215351
928578136
928684391
928753127
928797241
929456571
929470078
929490446
929491892
929492236
929544610
929610594
929700825
929764800
929886559
930014565
930164077
930236420
930333061
930368754
930517802
930705704
930759079
930760939
930772780
930828248
930925491
931056349
931071542
931210475
931388042
931462881
931522582
931604180
931657353
931842276
931878305
931939441
931982867
932132863
932142262
932186674
932385399
932497672
932515994
932701203
932950108
932972699
932975461
932985923
932999733
933253847
933299019
933373285
933458628
933679674
933809563
933832673
933853938
933857078
933980224
934021720
934077554
934154901
934177537
934292763
934346455
934438587
934567756
934578011
934658010
934774205
934907973
935075851
935339885
935396091
935418062
935480916
935590804
935661356
935670111
935769192
935790990
935840416
935920623
935936821
936062424
936118063
936158009
936198744
936260608
936319888
936450561
936489637
936503538
936515808
936559959
936568822
937568945
937629403
937696977
937742568
937926776
937930806
937952788
938005861
938052805
938151882
938213598
938249632
938326626
938394746
938531561
938718074
938720654
938854740
938872208
939340870
939426204
939550175
939632924
939648388
939854546
939898451
939964349
939986887
940088208
940309220
940404531
940445000
940447028
940489694
940524040
940620635
940684049
941097101
941396275
941413948
941427526
941458516
941461753
941469887
941478886
941648773
941761708
942111087
942163968
942179616
942188480
942236990
942442231
942506147
942764396
942781136
942909252
943062431
943161559
943193305
943252218
943307489
943490755
943573080
943696259
943704770
943780372
944077289
944085259
944263020
944263493
944304775
944334577
944883331
944943175
945026785
945110159
945132279
945146877
945469652
945472370
945511224
945656348
945789955
945808763
945853258
945882663
946049535
946145156
946269157
946344297
946602127
946634069
946993096
947049199
947157746
947159813
947218004
947259720
947330868
947421157
947564862
947648090
947730287
947758319
947863854
947929986
947962195
947973142
948235323
948323731
948421614
948506642
948524678
948676148
948840467
948978513
948985265
948985531
949274639
949859970
949877187
949916503
949985986
949999943
950111627
950177375
950244623
950292190
950305914
950405300
950472272
950721306
950968258
951468773
951545620
951557717
951656095
951798649
951877062
952286347
952348825
952402001
952465529
952560509
952588294
952619874
952707939
952708150
952722909
952870754
952895936
953088846
953150029
953163121
953368172
953560939
953619464
953655914
953738724
953964020
954005520
954280664
954368773
954423945
954525442
954567944
954594980
954595484
954615402
954734901
954826279
954849141
954887147
954961636
955180312
955301244
955361321
955371680
955400838
955475536
955482459
955495739
955724923
955909556
955914348
956126872
956171572
956218697
956460921
956600610
956681675
956921059
957054920
957166956
957358770
957413082
957821274
957883083
957963430
958117643
958357972
958379473
958426379
958669697
958719761
958855592
958974981
959019543
959196676
959219585
959328729
959361090
959383601
959554677
959732734
959917324
959918998
960281914
960292337
960352273
960481935
960581587
960659581
960710931
960967274
961053308
961286006
961330569
961871186
961871786
962146334
962275021
962335733
962415904
962525406
962774483
962833323
962857576
963474208
963515258
963568793
963620691
963724290
963783205
963811999
963832681
963913277
963967532
964092382
964144011
964345455
964386242
964400727
964423717
964425978
964467204
964534688
964611579
964634510
964682218
964741628
964821197
965018939
965103019
965311987
965332378
965344758
965433766
965547833
965596962
965623808
965731779
965782129
965785697
965929787
965984499
966043361
966045764
966148780
966268483
966307266
966342276
966382243
966392763
966404543
966430122
966672734
966688052
966721281
966790636
966802689
966863742
966878445
966938104
966956537
967276144
967295823
967369595
967432778
967436968
967521233
967613547
967628426
967787110
968046202
968097695
968218763
968226925
968243889
968280692
968293436
968399762
968415881
968542751
968606516
968720651
968847303
968858423
969025635
969234492
969375169
969761103
969821249
969899310
969943642
969972012
970080937
970146481
970153013
970225432
970244853
970340570
970448123
970457058
970716177
970719895
971088814
971277036
971348234
971374328
971403726
971506122
971526952
971634269
971706852
971719008
971839726
971861662
972206110
972416581
972616019
972735057
972843765
972945460
973017936
973039037
973334109
973813698
973847863
973873593
973932102
973937366
973982956
973997297
974240802
974270803
974300847
974340153
974543999
974592540
974623925
974794083
974800377
974848073
974943935
975177111
975224299
975267706
975345507
975465859
975482837
975485327
975517045
975538504
975594606
975623555
975717508
975818122
975941973
976092697
976173715
976185182
976457552
976610789
976891388
977023493
977337700
977359568
977376523
977397104
977424373
977495729
977645752
977840065
977859303
978132238
978276942
978285540
978389080
979158101
979254872
979684475
979720940
979733176
979798562
979933673
979959659
980041183
980482822
980502065
980561103
980711122
980761889
980768857
980774936
980776740
980909960
980920278
980949303
980954511
981282458
981289144
981567807
981738270
981880237
981984811
982061439
982074658
982196968
982577983
982598492
982640172
982768103
982916702
982940988
982962968
982968246
982976573
983004769
983018040
983031101
983032864
983056937
983085297
983208798
983377024
983579628
983708858
983733200
983941207
983963056
984237626
984359753
984395091
984435136
984560640
984638205
984646042
984651446
985408243
985537641
985565669
985582637
985697059
985825981
985951284
986123190
986242341
986252799
986297348
986297753
986379127
986452784
986694588
986743253
986771173
986875473
986968930
987044477
987070452
987308277
987312610
987347678
987439570
987462362
987473386
987512642
987551258
987813343
987841355
988018935
988147030
988179619
988296457
988436862
988448745
988730879
988952121
989055548
989117474
989180860
989219865
989281156
989339334
989574974
989589078
989696175
989756929
989794450
989910131
989966444
989985315
990176506
990414424
990462316
990539685
990595998
990645596
990723395
990744483
990779621
990800191
990875110
991347257
991447213
991483762
991664680
991696781
991747636
991899944
991900969
992031675
992112091
992186164
992671554
992813831
993054788
993153981
993279254
993567268
993591800
993813495
993841063
993886286
993888902
993919920
993961444
994119824
994289439
994450199
994616257
994879564
995050694
995326823
995340901
995483059
995592099
995600825
995692836
995746100
995785992
995948014
995964392
996158845
996262491
996265272
996366177
996987139
997067337
997097368
997306890
997318193
997342815
997396073
997458195
997473984
997583761
997688157
997859027
998161509
998286481
998391060
998419814
998565584
998899913
999004394
999006041
999156260
999324386
999356324
999412922
999480803
999699136
999715877
999748487
999802488
999803552
999914093
999952324
999967739
