48086
115007
134163
150949
225162
334935
382096
388723
549953
714933
779763
808618
834292
1010979
1020611
1573282
1588260
1690146
1741981
1916222
1986804
2234540
2387537
2473832
2530894
2542364
2764014
2851438
3020028
3119918
3121424
3140349
3570132
3622912
4173085
4197208
4228838
4387306
4550972
4787148
4823956
4832614
4887466
4945956
5002078
5011941
5103135
5209927
5398875
5536116
5932412
6024997
6036876
6149774
6227493
6294644
6342676
6478519
6564145
6933320
6948816
6978370
7224542
7229742
7412039
7541194
7634634
7848706
7850058
7991587
7995567
8073084
8102807
8116772
8159823
8190363
8237055
8305034
8357759
8477561
8515166
8562745
8572231
8599047
8715343
8783545
8824435
8828384
8941708
9071033
9116055
9118548
9460712
9697908
9707269
9859671
10012495
10175221
10183144
10226655
10240250
10345187
10622916
10718048
10742463
10881525
10899141
11122855
11151554
11178415
11207366
11299136
11435912
11585739
11599000
11656335
11738547
11841971
12164466
12194572
12220145
12442717
12696319
12727223
12906076
13019698
13056038
13133638
13449554
13559067
13567760
13628333
13699429
13702430
13710955
13849259
13924046
14084257
14120639
14149519
14270572
14374361
14924127
15124223
15307884
15804646
15814663
15818748
15945896
16101272
16190461
16211548
16260888
16627553
16751639
16813311
16924338
16995100
17151592
17403353
17461332
17612845
17788200
17799835
17912438
18139376
18212191
18327008
18386700
18441535
18524021
18584438
18688692
18723729
18767799
19182624
19239236
19304348
19333415
19596877
19828010
20200089
20296194
20328610
20381352
20427532
20448135
20545310
20588464
20654607
20828234
21072026
21272517
21527027
21532189
21584324
21619442
21715854
21964561
22071090
22172862
22648537
22757284
22803430
22932938
23047740
23095231
23115431
23251798
23261131
23599099
23726453
23966490
24086074
24150286
24293757
24354826
24422869
24644193
24700449
24732442
24755908
24836794
24901717
24936365
24976809
24982907
25149882
25151942
25181374
25214444
25290799
25396885
25540412
25763986
25840577
25949927
26029092
26243442
26281155
26314724
26371594
26659078
26727551
26763283
26826553
26846355
26871145
26898381
27097139
27214533
27346453
27585348
27637814
27797517
27813154
27918203
28007974
28025802
28074714
28183700
28366315
28374332
28407203
28447428
28546514
28713344
28882377
29033378
29069126
29165746
29166606
29179910
29198505
29303153
29315599
29570782
29704099
29744517
29748285
29788486
29864850
29917334
30081267
30301681
30353807
30450950
30561296
30773207
30809061
30876324
30896259
30930928
31039056
31074867
31172273
31374162
31519170
31562126
31603728
31741284
31743846
31749175
31812860
31821170
31834525
31937474
31952597
32313455
32334445
32400111
32566038
32578802
32830507
32914966
33033507
33062038
33142219
33148570
33252134
33444500
33450663
33521752
33541721
33589038
33633000
33668526
33989012
34026574
34136778
34547256
34736666
34752420
34781232
34987814
35054601
35145235
35226414
35235530
35852098
36169977
36248817
36313160
36398769
36419908
36766354
36894508
37120019
37176570
37179815
37312997
37431025
37625780
37687392
37840103
38013084
38094002
38326550
38445151
38792237
39008309
39040619
39104031
39117076
39120527
39201522
39248325
39347292
39431147
39677813
39710729
39734743
39814029
39850734
39862321
39987579
40195996
40235259
40313632
40314462
40419606
40453461
40614932
40810387
40861315
40992028
41036548
41060394
41112840
41212094
41239515
41306702
41395292
41634910
41683556
41766746
41930806
41942917
42030898
42155294
42205311
42209710
42557340
42575943
42576836
42613646
42872746
43092413
43210192
43230002
43348959
43525569
43557916
43609717
43640504
43819573
43821746
43980989
44042426
44066090
44086055
44304311
44591057
44655120
44669971
44723980
44789835
44824755
45066358
45534986
45574258
45736203
45741953
46014926
46075616
46157521
46246597
46341570
46525677
46658023
46750321
47068798
47241519
47288614
47298870
47425626
47466800
47484341
47780549
47802069
48001952
48012854
48069162
48126466
48130672
48184853
48308262
48358368
48373537
48738780
48747763
48846655
48849759
48977555
49129168
49148090
49337191
49407846
49529653
49592793
49627759
49647484
49658109
49686020
49699373
49710597
49920444
49977887
50128224
50430019
50789764
50866532
50894106
50924066
50941302
50977153
51135023
51188242
51202196
51469993
51517367
51631662
51705289
52073947
52200039
52254705
52308750
52343502
52459568
52545976
52634319
52764836
52823153
52869004
53133361
53250141
53288817
53348348
53371163
53372963
53414805
53555837
53800630
54058014
54669612
54960712
54974053
55349922
55510437
55854194
55962676
56006900
56011078
56203307
56226348
56260086
56263032
56361548
56413875
56442820
56540981
56591406
56619415
56676333
56747246
56888159
56944612
56981237
57093063
57166380
57227225
57385045
57437275
57490988
57506777
57546776
57819539
58011058
58189761
58326985
58336175
58453047
58501423
58633838
58856383
58995070
59012991
59084972
59135766
59171050
59224653
59465487
59684831
59882692
59906809
59934146
60133360
60171427
60173772
60200618
60355971
60384826
60631142
60650952
60739779
60770172
60877161
61093898
61297209
61302281
61326256
61408988
61465480
61598486
61641150
61651205
61847842
61984565
62113405
62393580
62398774
62413969
62787641
62872657
63124486
63319878
63358925
63359280
63517354
63649521
63867678
63873027
63924007
63926448
63928317
63979134
63979511
64042379
64386536
64388413
64394265
64502250
64765606
64817384
65038666
65099224
65127302
65146119
65238774
65536309
65665740
65870383
65891879
65896268
65897568
66040193
66090636
66248380
66299956
66407134
66499040
66536571
66557031
66968550
67016178
67086496
67407661
67504831
67536901
67543291
67647813
67995327
68000137
68064653
68202528
68236607
68240602
68379236
68399654
68465102
68470380
68708697
68837772
69086339
69102738
69115110
69315176
69706370
69942666
70012793
70243817
70300176
70307104
70498246
70726988
70847734
71005195
71075008
71086270
71306179
71433902
71534792
72072092
72119525
72191089
72287927
72294129
72318275
72453210
72471164
72535753
72558672
72572679
72610839
72709610
72750402
73090632
73125095
73250354
73377892
73478804
73490050
73667304
73752465
73821249
73909667
73958552
74160353
74208199
74485591
74595889
74644032
74888726
75013943
75149233
75188527
75191978
75287525
75385267
75390186
75391547
75557820
75612536
75715576
75833307
75918748
75954126
76069806
76113151
76161233
76171959
76205989
76334453
76376201
76377237
76470980
76504062
76607001
76631109
76657882
76670941
76677170
76740383
76819408
76981265
77069830
77078319
77223926
77344546
77405118
77610261
77634478
77794366
77974342
78012115
78042488
78063357
78070331
78399946
78419855
78455143
78559313
78610885
78711981
78774540
78901349
78928803
78979329
79001722
79007526
79076882
79117909
79236385
79399653
79446120
79461874
79503174
79534863
79574584
79656491
79665138
79748225
79748257
79766434
79798273
79931205
80054025
80248290
80282325
80379255
80795382
80850536
80896834
81020839
81034622
81319036
81429016
81464994
81524529
81629897
81666548
81667062
81760616
81765526
81980076
82195705
82205482
82239009
82300722
82325542
82395577
82519105
82585864
82620034
82825621
83130259
83171349
83214007
83242806
83379992
83694955
83932840
84011493
84095602
84243297
84266240
84346890
84476392
84498543
84619957
84696607
84706340
84787441
84813023
84956852
85007834
85009076
85071977
85114119
85114407
85233209
85253520
85409249
85467131
85595163
85843323
85913622
85988039
86024460
86214395
86227608
86433077
86524780
86548304
86602521
86654243
86797436
86979163
87005546
87066295
87175276
87332742
87341196
87433568
87557613
87692430
87811043
87930818
87941946
87945015
87970869
88031598
88158058
88210993
88211215
88217231
88384909
88529438
88575922
88777842
88983514
89114260
89117124
89241422
89396627
89613637
89764704
89856396
90018793
90247772
90329836
90449862
90452901
90464070
90531262
90577298
90735332
90735622
90891428
91074115
91115808
91131204
91191811
91455422
91621775
91674527
91917230
92337634
92366514
92533868
92737413
92767189
92867906
92935300
92956024
93165077
93192719
93205230
93220031
93247053
93330079
93420346
93719151
93725764
93748816
93750817
93778001
94090453
94172772
94222763
94291193
94324188
94461778
94511866
94633685
94844950
94853671
94942766
94962452
95197323
95542636
95611453
95624214
95814073
95855826
95858241
96063391
96097671
96224342
96227903
96350556
96397658
96544731
96549342
96642251
96646720
96763353
96793100
96871289
96916602
97277895
97474661
97491371
97499136
97607042
97714573
97909744
98045683
98192090
98197102
98344013
98525528
98558706
98622130
98750404
98871158
98913017
99050976
99205393
99205905
99314275
99431938
99599133
99671837
99736181
99841651
99869588
99994079
100101561
100247372
100371400
100547240
100667998
100702940
100825075
100831710
101154854
101215784
101254834
101284656
101378293
101537702
101732790
101857244
101914178
101923704
101924608
101967727
102029137
102048228
102075925
102340958
102343766
102519233
102597367
102727219
102751861
102829069
102829103
102940892
102956433
103011380
103018589
103056839
103069378
103122603
103147094
103185492
103209935
103273683
103328202
103399848
103406401
103418129
103464654
103471804
103561239
103697705
103722591
103838119
103855040
103860426
103919900
104031848
104106207
104124789
104381784
104398285
104425117
104503254
104511210
104553950
104667222
104795082
105032657
105064313
105071172
105101664
105393769
105535415
105848207
105848825
105915203
105935936
106128823
106146728
106177132
106447346
106678513
106757998
107051928
107202468
107304550
107457255
107549391
107566526
107683116
107855711
107880489
108540524
108610246
108765585
108846731
108952076
109165119
109496355
109552645
109728941
109752245
109804631
109878728
109997984
110248854
110384556
110523097
110663350
110673783
110685625
110773209
110777631
110835107
110880955
110952205
111020141
111220458
111366232
111598152
111631113
111657681
111871731
111913427
111975904
111992642
112006187
112007951
112122525
112251568
112316546
112364976
112382018
112398976
112571050
112591596
112628550
112703630
112766787
113157338
113492593
113629004
113721687
113728169
113778711
113831383
113957867
114205084
114300850
114333057
114337115
114356438
114601174
114613878
114642456
114728104
114842367
115040035
115172609
115607073
115686462
115722810
115801279
115806515
116109299
116116156
116134298
116179775
116314490
116457497
116604463
116650001
116691872
117137507
117146687
117258049
117328977
117333982
117654336
117966121
117995707
118055251
118057851
118096610
118144425
118289999
118340688
118505702
118908103
118919517
118977546
118993667
119023913
119100051
119142310
119196424
119244751
119281518
119464741
119575384
119774973
119996187
119997031
120089915
120105616
120206281
120206403
120259837
120296244
120424632
120490884
120510672
120604509
120683170
120740204
120824639
120838931
120944433
121314275
121319479
121375995
121582967
121605856
121629316
121738585
121874260
122065193
122068568
122147660
122222915
122234982
122240087
122251263
122333495
122369718
122637557
122705182
122778378
122856331
122883332
122988186
123099674
123237940
123436345
123471902
123596745
123617448
123648103
123685256
123749024
123813520
123941987
123957318
124027201
124070636
124205517
124247584
124410728
124413381
124592042
125223574
125228798
125552312
125602711
125664248
125673592
125770881
125824129
125904754
125928632
126035090
126126147
126133293
126200579
126268620
126374387
126389323
126443990
126535851
126804991
127104596
127208937
127333688
127373208
127586098
127628223
127633811
127797115
127896649
127964488
128172024
128258565
128290662
128297625
128302168
128412013
128468779
128659998
128704725
128711274
128835114
128899559
128924159
128981730
129187481
129199541
129448995
129603668
129683107
129762495
129995106
130223993
130444543
130605693
130613378
130657744
131220628
131339033
131391993
131417712
131449268
131817728
131826470
131938529
131967147
132059384
132136648
132148633
132284177
132301163
132542942
132575726
132589181
132724512
132739728
132742873
132776706
132968356
132996651
133001406
133020416
133043492
133058726
133063062
133266182
133291163
133329425
133411556
133437435
133502556
133610427
133638483
133822860
133944641
134010156
134059600
134119721
134175974
134223964
134261530
134290116
134398227
134584731
134585271
135122132
135252878
135334104
135361480
135540806
135587697
135906114
135959017
136090784
136322112
136690032
136873642
137081227
137089948
137103922
137114595
137135215
137258661
137357814
137430813
137499498
137507467
137510814
137524491
137524810
137533907
137555610
137569635
137619686
137648500
137716493
137754258
137887254
138024172
138057400
138059384
138232037
138239836
138301808
138328388
138344808
138374726
138376811
138449545
138556130
138588820
138746208
138934436
138962062
138974839
139092464
139710029
139804645
139822330
139880635
139944858
140012602
140128503
140212004
140416385
140502954
140584084
140589033
140663847
140706125
140712241
140883949
140884274
141245647
141276694
141309901
141838790
142276716
142307443
142335451
142376166
142593640
142717938
142751540
142811422
142890718
142923074
143041652
143093226
143162396
143167081
143253287
143307841
143325735
143398475
143416838
143515270
143533231
143622111
143624682
143899721
143902863
143927020
144040270
144064097
144139006
144143042
144153597
144326515
144549982
144580283
144651999
144792128
144843250
144851630
144986442
145017406
145166422
145221988
145253061
145338089
145526582
145537465
145589128
145755579
145796668
145928673
145985100
146373113
146393241
146412919
146522178
146611924
146766894
146897606
147040807
147089293
147260138
147268931
147448131
147448988
147450955
147506381
147544332
147633247
147729460
147811495
147950970
147971608
148265267
148446173
148589350
148641752
148715374
148807372
148883471
148913237
149056476
149063908
149094175
149162990
149181695
149265625
149458268
149525646
149758903
149910694
149942371
150012690
150126219
150335111
150540124
150598501
150604345
150686046
150822212
150822829
150975629
151026011
151146076
151163728
151263301
151683467
151780817
151935542
152032280
152069723
152250529
152361835
152430478
152453092
152459811
152467357
153152347
153160199
153220967
153581038
153645926
153686725
154313454
154419360
154581136
154655755
154787987
154826350
154860976
154998061
155141634
155486629
155499597
155531490
155607516
155773507
155804689
155912374
155922372
155960525
156105532
156205444
156247503
156466475
156467333
156524644
156669376
156723574
156876831
156893596
156894232
156906770
157024479
157143642
157144019
157173239
157174658
157196958
157250581
157354630
157378658
157578773
157678156
157806981
157845096
157973142
158212640
158217391
158298802
158317834
158460585
158737606
158758297
158825564
158884060
158995356
158997356
159022586
159036803
159056224
159069352
159072024
159080682
159101719
159106627
159137004
159250992
159309683
159342452
159385103
159401134
159408710
159424799
159587684
159817067
159954167
160115929
160144169
160347314
160413436
160413524
160516014
160949546
161106172
161136736
161334939
161452435
161591162
161812755
161964378
162070338
162209123
162239151
162391656
162434837
162544154
162579569
162627393
162669825
162827148
162892404
162902783
162951996
163171071
163305979
163601048
163747993
163836599
163874938
163991727
164132210
164164709
164372642
164382329
164415598
164462271
164626942
164689671
164704858
164814757
164916619
165041630
165328953
165391790
165655561
165692507
165729618
165738046
165898153
165952762
165961627
166128905
166256193
166450319
166468623
166542594
166604951
166623382
166733038
166735533
166786495
166863280
166898344
167086460
167119558
167124506
167443653
167664973
167819665
167842975
167915361
168027805
168156975
168172309
168275612
168383299
168453309
168515739
168547306
168555874
168597150
168629509
168685384
168737328
168986404
169002553
169068457
169150555
169454720
169566009
169593382
169707309
169716466
169867111
169889229
170177710
170211189
170386991
170515172
170521750
170632421
170735183
170760846
170846799
171024600
171218297
171400671
171507557
171653073
171669262
171669928
171708080
171918479
171919840
171999336
172000349
172558740
172688532
172702971
172899685
172900629
172999086
173038140
173293402
173439445
173454584
173609680
173633222
173633393
173663901
173741425
173893580
173964295
174096003
174290880
174487683
174799070
174803302
174960645
175157324
175726312
175899028
175976801
176020186
176061684
176137063
176232709
176245462
176263962
176433292
176453454
176592929
176830500
176976991
177041142
177220181
177303491
177319162
177322046
177771929
178010892
178236264
178383766
178485130
178572765
178626423
178635474
178723225
178736129
178826357
178883638
179110535
179217483
179274103
179393885
179413790
179489708
179568982
179606361
179614073
179948605
179948660
179975917
180061771
180098081
180199164
180214855
180277094
180414838
180471160
180802078
180956205
181194775
181276235
181319930
181338663
181372585
181439119
181440823
181484248
181509105
181569285
181602833
181744173
181842737
181941930
181994500
182027228
182486352
182588383
182604346
182661231
182743532
182844565
182903988
182919579
183040315
183277069
183301493
183308568
183440128
183492681
183624678
183662598
183670150
183744710
183896925
183975439
184042371
184048728
184058121
184176631
184304566
184387562
184455547
184527134
184588589
184588683
184675059
184714552
184801775
185107028
185312409
185421119
185477178
185485661
185747111
185902507
185910095
185910172
186094207
186138680
186207739
186234708
186261946
186760206
187076506
187090301
187174746
187276846
187277186
187299278
187446348
187498980
187555442
187556715
187565242
187608519
187637262
187877266
187912269
188046750
188075536
188122727
188294599
188358190
188503402
188522296
188563716
188606405
188641340
188737074
188778807
188840430
188862726
188921682
189010888
189330677
189423987
189457378
189473954
189556725
189799305
189912586
189971354
190028732
190125891
190568286
190580361
190741989
190862443
190904232
190964790
190978869
190998257
191041505
191080754
191195259
191529380
191535793
191552388
191572917
191746706
191855324
191864835
191873787
191938585
192030146
192082162
192130890
192164019
192174265
192373473
192396804
192574361
192619201
192679878
192862893
193131433
193182141
193198515
193315467
193373744
193537744
193556799
193667913
193782076
193801044
193933347
194236637
194243740
194411035
194580958
194733271
194796883
195016536
195131924
195142892
195399294
195494396
195519503
195523847
195538830
195634060
195832795
195850301
196030379
196110068
196140027
196223294
196224133
196346590
196576258
196650610
196748271
196768254
196813642
196910309
196961588
197043960
197092165
197211851
197456951
197478606
197511032
197534805
197541635
197630212
197858661
197902823
197971316
198089805
198131222
198149465
198160938
198234956
198244934
198598215
198719288
198724622
198835138
198968527
199029624
199055674
199151263
199315995
199396723
199411255
199542274
199662051
199699266
199700532
199733790
199774551
199841427
199853018
199908890
200014822
200090357
200121984
200124130
200141049
200143897
200196789
200644054
200682893
200815776
200827540
200845795
200964518
200972611
201040297
201073207
201135349
201285613
201361362
201425234
201460898
201631292
201702850
201733775
201750481
201993739
202183926
202209010
202304692
202547452
202740765
202830416
202841101
202988785
203158835
203248344
203361099
203426160
203527797
203538347
203728033
203765660
203789321
204033397
204343788
204371010
204476820
204586548
204604580
204798171
204810526
204922593
205001808
205143450
205186355
205348853
205661171
205770055
205938505
206091714
206133338
206206783
206299369
206299799
206320501
206486466
206524382
206610050
206686587
206880681
206888751
206919102
207221320
207285763
207344254
207427222
207535584
207538872
207610841
208002619
208273182
208349736
208404080
208449008
208470189
208539785
208574141
208586848
208782587
208862785
208949357
208985027
209021981
209037983
209051689
209083730
209403529
209879705
209897943
209961929
209975093
209980449
210029465
210055963
210068861
210136305
210202356
210213227
210253375
210280304
210320690
210462425
210558704
210609303
210654159
210794341
210957345
211061155
211095522
211214377
211293528
211373836
211411715
211414435
211628445
211813432
211949074
212091216
212206007
212289536
212446474
212735479
212874941
212931584
213059976
213074676
213265817
213339734
213398593
213431040
213449728
213511813
213621616
213990856
214078898
214458523
214557264
214569881
214841211
214963881
214965663
215006656
215134610
215156410
215250053
215419494
215438242
215686450
215751065
215971773
216066062
216159971
216234294
216237227
216317658
216323609
216340881
216537767
216609467
216661198
216670164
216673629
216889067
217222952
217268365
217336063
217380372
217466688
217496896
217551537
217597180
217708020
218205923
218236586
218390644
218432373
218529829
218585747
219001081
219078811
219189029
219279326
219352379
219368899
219509238
219510774
219776202
219986494
220016401
220094951
220230924
220231646
220457977
220491298
220715971
220831865
220876689
220886290
221008187
221010282
221109414
221132548
221260607
221284538
221347665
221687484
221746160
221796412
221836294
221843502
221931500
221970714
222014446
222019130
222094230
222102417
222115506
222129475
222629744
222630511
222688354
222765096
223045319
223096666
223104939
223235208
223307126
223397086
223452546
223548541
223601784
223672594
223759274
223798495
223887098
224086660
224133731
224321429
224376895
224388502
224396443
224479797
224742740
224942845
224953048
225061033
225169049
225258844
225501258
225560995
225631916
225907079
225974534
226015390
226131534
226147769
226191627
226385258
226388989
226439569
226504113
226571959
227050783
227088883
227159176
227197856
227501468
227691644
227742292
227858875
227881597
227931177
228203953
228247879
228551844
228564467
228598452
228709758
228723582
228801382
228837889
228892174
228923086
228945919
228950696
229006738
229158472
229165901
229251865
229300351
229397216
229449892
229489901
229546458
229551943
229679411
229760766
229855999
230046509
230182513
230246806
230282832
230413277
230585422
230764422
230852080
230852614
230870844
231097393
231127773
231236356
231339269
231520635
231672158
231857770
231920365
232046990
232049260
232247518
232303038
232313489
232332757
232399322
232593765
232646202
232671717
232771549
232848038
232981941
233045087
233087687
233127036
233235359
233253037
233318169
233347960
233568427
233602474
233855907
233911042
233944743
233955923
234008438
234059003
234357886
234464865
234523703
234575794
234675575
234705049
234752877
234780034
234873302
234897805
235027785
235179310
235202179
235410703
235410839
235455024
235561842
235709340
236137642
236162144
236381268
236463057
236496868
236569094
236635247
236770865
236829410
236991499
237047969
237092791
237159945
237241257
237563848
237610234
237761967
237885407
237992401
238182575
238220864
238286660
238322416
238526923
238656070
239133363
239146045
239217210
239354979
239530468
239557253
239652854
239706155
239722783
239771107
239923053
239963684
240000152
240030963
240407480
240465665
240532961
240616908
240626548
240739841
240749563
240780709
240820415
241142387
241361893
241437093
241743090
241746201
241855453
241976171
242032107
242278294
242342942
242377548
242387538
242437692
242439919
242466750
242511676
242543765
242628867
242840603
243043077
243324485
243532328
243599487
243642687
243665247
243701438
243913844
244326981
244467774
244676006
244744933
244999123
245282586
245419317
245448837
245717649
245865823
245913876
246043084
246116029
246251038
246350420
246370247
246404312
246729598
246807644
246967653
247201183
247435098
247558744
247592134
247932779
248032355
248101448
248112464
248177976
248489648
248558377
248572048
248623455
248751039
248816205
249027914
249154172
249163546
249293898
249321327
249336456
249563913
249587114
249669284
249903907
250038103
250441173
250491187
250621235
250710630
250835025
250930359
251106301
251155849
251358449
251372754
251586979
251818148
252046646
252083496
252116102
252126605
252494947
252624119
252680371
252776595
252794045
252825550
252868824
253102402
253710757
253858330
253899267
254054442
254128765
254190682
254266744
254409618
254433795
254571857
254669657
254785746
254894795
254937908
255131690
255273030
255317123
255355517
255417290
255418230
255557637
255612042
255640562
255701303
256027702
256205935
256229480
256341712
256349914
256376497
256409000
256520588
256568497
256829021
256946948
257140538
257210462
257224702
257300242
257437251
257507102
257670661
257729828
257830235
258016412
258064045
258108372
258128157
258223761
258297365
258783639
258802151
258954349
258967091
259171665
259290660
259294889
259302814
259424988
259512428
259586433
259706200
259846949
260239856
260262036
260339197
260590439
260692689
260804159
260888358
261029513
261209694
261601515
261907068
262015211
262123291
262283203
262285037
262337508
262360057
262360996
262595399
262742231
262826011
263068414
263242250
263370255
263533742
263902096
264009335
264108425
264359754
264443513
264507668
264557853
264568105
264585213
264780891
264843352
264992582
265245346
265400475
265413774
265507841
265709434
265760110
265943762
266078904
266146519
266200349
266242242
266322225
266471525
266612678
266785449
266948551
267014245
267137450
267368523
267380693
267510638
267694682
267829276
267855260
268023641
268444655
268476097
268582895
268716735
268781053
268935767
269040735
269185989
269241111
269385186
269398689
269485415
269553764
269607678
269832261
269843203
269895817
269945585
270049705
270205577
270275321
270351486
270456914
270857810
271026443
271331073
271436515
271472769
271511572
271541727
271703970
271762155
271783244
271783605
271942478
271960857
272016303
272077095
272113873
272132840
272204691
272218260
272257562
272288812
272453707
272522752
272564739
272632891
272661208
272707253
272765654
272827292
272842073
272906978
273050398
273138638
273274020
273590386
273730698
273778800
273816977
273872864
273935234
273988616
273993332
274033679
274111493
274148616
274217060
274261937
274313351
274471340
274849921
274890182
274906128
274920099
274936722
274972722
274977189
275018972
275120028
275168927
275216971
275218013
275244054
275278709
275303627
275493950
275709354
275811934
275863719
275902380
276022350
276065445
276276983
276438327
276591699
277052976
277125331
277148066
277196818
277293195
277503785
277543569
277585717
277796324
277827176
277963657
278138834
278213201
278213240
278229696
278349191
278499136
278560122
278643271
278672272
278858507
279040312
279056712
279078057
279131776
279189203
279209345
279233058
279275214
279382347
279492576
279502324
279715752
280048475
280065775
280066430
280140246
280248982
280469966
280683643
280700040
281198234
281360579
281371693
281466748
281468294
281605958
281619931
281734439
281778857
281899094
282144063
282188191
282224262
282236845
282258958
282275326
282327649
282343485
282390348
282516599
282612126
282693845
282758941
282809857
282920340
282950709
282977943
283376362
283526252
283584840
283935329
283951495
284012957
284108662
284141956
284150275
284345204
284369979
284400129
284609403
284666932
284672134
284765359
284896016
284909170
285324944
285454409
285568902
285690358
285814193
285881563
285938771
285991864
285998994
286008366
286010589
286040040
286040292
286105139
286155688
286222122
286475819
286506309
286543253
286844559
286867893
286913839
287163114
287164121
287205575
287223637
287226898
287720341
287911383
288126171
288247685
288413002
288418009
288534570
288661844
288663815
288686913
288692799
288699464
288784504
288848310
288871341
288879397
288914685
289116937
289263787
289373492
289414742
289487068
289518803
289705504
289729534
289731203
289861393
289863019
290069413
290208052
290254702
290369698
290459929
290560251
290583084
290607830
290675205
290802253
290812043
290921378
290929475
290966568
291038317
291373156
291425826
291520462
291585320
291653374
291926126
291929490
291946656
292101660
292176111
292284504
292399825
292480047
292615018
292633348
292692579
292700744
292784753
292907187
293005559
293115982
293234643
293255023
293280845
293281109
293321983
293331187
293352974
293373091
293412380
293526053
293540624
293783819
294066856
294226806
294260203
294305858
294355017
295141157
295225808
295239495
295409853
295418288
295420212
295471240
295529896
295547276
295547685
295571233
295698304
295805093
295901069
296017672
296094711
296160605
296220700
296333854
296380435
296410590
296441667
296571070
296609695
296759783
296949997
296961627
297154705
297283230
297283307
297291760
297501277
297708339
297711620
297798998
297844671
297891891
297950070
298014081
298042371
298083809
298113814
298225895
298338196
298519154
298606345
298791637
298842370
298927176
298980516
299131700
299426800
299462098
299651264
299673835
299808136
299961353
300175083
300297175
300438871
300596434
300713156
300739842
300760971
300814113
301160548
301495493
301573031
301578275
301602644
301722635
301756512
301801098
301883006
301907311
302091769
302611175
302672481
302863520
302897218
303098752
303344846
303377565
303395942
303448542
303512197
303536029
303667227
303678819
303997470
304053965
304121686
304143981
304259012
304343173
304464532
304466972
304529763
304583730
304600159
304667768
304680548
304700041
304846031
304952184
305148352
305519105
305573629
305684131
305836052
305868717
305982070
305988709
306090208
306100395
306246520
306283514
306440574
306555064
306608156
306614160
307188821
307594208
307688054
307810627
307841462
308078371
308093859
308221453
308336353
308350182
308368208
308399059
308565938
308643974
308726546
308825286
308861102
308868325
308972233
308983370
309125419
309142240
309180987
309195466
309279981
309305851
309514421
309578562
309595682
309670154
309833529
309872235
309945785
309977102
310052296
310061955
310137729
310185032
310200347
310214839
310223325
310270698
310286315
310297216
310355120
310572461
310616931
310792487
310850932
311122971
311234455
311506365
311530843
311738678
311770155
311885349
311982153
312000055
312064485
312261090
312281275
312455103
312507498
312579301
312606021
312692667
312941076
313167806
313184017
313243344
313368297
313376775
313457381
314052343
314370876
314415054
314528820
314559848
314582371
314595709
314707307
314836911
314856143
314990818
315290985
315352465
315366814
315521606
315752406
315769595
315769745
315848058
315901084
316003178
316030586
316229006
316352799
316429631
316435378
316444835
316511160
316623314
316764832
316877691
316944456
317002429
317065044
317128324
317156737
317229314
317307200
317307257
317351723
317378198
317405531
317480316
317519655
317776144
317882671
318052781
318289712
318414327
318418256
318429573
318510408
318566133
319026831
319071819
319100722
319134713
319160661
319176864
319578328
319590742
319705736
319725060
319730002
320003846
320151118
320187013
320227175
320322964
320363146
320515791
320527229
320649299
320655416
320776953
320809039
320839445
320853744
321013124
321184706
321264645
321266678
321454319
321533483
321672677
321777116
321832146
321869379
321875875
321892316
321914055
321982047
322062409
322066697
322095795
322138909
322144979
322369836
322435355
322527562
322568942
322601508
323074731
323229427
323323251
323829343
323863088
324322148
324411092
324455162
324519002
324578636
324592019
324745826
324871866
324904322
325107852
325249929
325266380
325446655
325494431
325724830
325778798
325801946
325824555
325952531
326109956
326233487
326272600
326426714
326536372
326628770
326740588
326860753
326922081
326987420
327157000
327376861
327427120
327610589
327657306
327674576
327701765
327771974
327801313
327805954
327885005
328019571
328038448
328509976
328534552
328652232
328749249
328855637
328882511
329013353
329154999
329236460
329363630
329749528
329886925
329893934
329995792
330007098
330196314
330213941
330348189
330359050
330408466
330479408
330501078
330655335
330699761
330815499
331017355
331112051
331152491
331311689
331364484
331395958
331419873
331994163
332140456
332460727
332487467
332507627
332543052
332547957
332617255
332714335
332869069
333126645
333156687
333282378
333552893
333652136
333653282
333669947
333706386
333757880
333763176
333789055
333812961
333977809
334497975
334627579
334648925
334793271
334829350
335069451
335133156
335265990
335288537
335356805
335485828
335494252
335527928
335546165
335600511
335602582
335741873
335893319
335912843
335939390
336055698
336261247
336316191
336426393
336489345
336588953
336676136
336686271
336725945
336804888
336867581
336988171
337091151
337095252
337104882
337126886
337181512
337199784
337253396
337301850
337414310
337510081
337547789
337851458
337868334
337991609
338052537
338202324
338285169
338508615
338552323
338580958
339030244
339080609
339092120
339152477
339166920
339559014
339570506
339663424
339677768
339704313
339741846
339749886
339837583
339987443
340027288
340137356
340208331
340245993
340248448
340523424
340558576
340579164
340738081
340758040
340944974
341049874
341165472
341234769
341309496
341359435
341406182
341442913
341522067
341681117
341709473
341710311
341722764
341722903
342057899
342143829
342160433
342243684
342247691
342344027
342459964
342535142
342616542
342664664
342819000
342983375
343146754
343154940
343207157
343227857
343239756
343332872
343481745
343488101
343571995
343750056
343775488
343860776
343862920
343907746
343951694
343951713
344082156
344121507
344154801
344256553
344315653
344334344
344441668
344505199
344515262
344531036
344589292
344700747
344814843
344853933
344905684
344952744
344971195
345136079
345151381
345154050
345210184
345380827
345491340
345823339
345836017
345860212
345870329
345987391
346018979
346216525
346325018
346406849
346525086
346566241
346651098
346811004
346850699
346934521
347058408
347147377
347171936
347226049
347274231
347324094
347333046
347443309
347752329
347810401
347866297
347870791
348044683
348086864
348263954
348429854
348510873
349174477
349236927
349324141
349346317
349588751
349612040
349760006
349799074
349823332
350014757
350073342
350138700
350397054
350414385
350475202
350604355
350623518
350639590
350822123
350965726
351015790
351016757
351208921
351405760
351430920
351437494
351556141
351611060
351637818
351747494
351916248
352037522
352134998
352263121
352283639
352295051
352385394
352756853
352790938
352812073
353223429
353299672
353344272
353549195
353607267
353650405
353855970
353992002
354239175
354319363
354483334
354545758
354908032
354945130
354990140
355403504
355521892
355694589
355765823
355867203
355992980
356113591
356204536
356208245
356215023
356309553
356353360
356481781
356502999
356784881
356808775
356872232
356894347
356945194
356960198
357227194
357409538
357411865
357553957
357620850
357722076
357807229
357831497
357848267
357851542
357890844
357946643
358014373
358050927
358248961
358304775
358714248
358809125
358830058
358963864
359041007
359152528
359191118
359221517
359539237
359688265
359718247
359765090
359930015
360004175
360393411
360447579
360527640
360869887
360933113
360947614
360978749
361003006
361117295
361137274
361153762
361232703
361363980
361364542
361373172
361516311
361594980
361659396
361675735
361679661
362057198
362101831
362385759
362453865
362776026
363126488
363126904
363215897
363230571
363288750
363384533
363435248
363542015
363681676
363696226
363849224
363858400
364280092
364305651
364308016
364374026
364486471
364548635
365243804
365359277
365386030
365544348
365757465
365769654
365777112
365863915
365928637
366051873
366168875
366215793
366248037
366252053
366364939
366397100
366740941
366754858
366766142
366890353
366906939
366965624
367219131
367260698
367292076
367346965
367531999
367845894
367879802
368098907
368139142
368268108
368407700
368472019
368547470
368604048
368641986
368670722
368689394
368865523
368943538
368977345
369087961
369107068
369179310
369239541
369449478
369517836
369531104
369671622
369681130
369718164
369770837
369795948
369931618
369962383
370083595
370144937
370241371
370372409
370418921
370425087
370471252
370497060
370675064
370729350
370899311
370983141
371063190
371067137
371067976
371145093
371230558
371314974
371440914
371468162
371499877
371572902
371678745
371801593
371896784
372146187
372451235
372466594
372477095
372513875
372562101
372577639
372614273
372644907
372742697
372783585
372834446
372965716
372980074
373042216
373289605
373524021
373525989
373529313
373567218
373631992
373695939
373727823
373743868
373797967
373858662
373902915
373938499
374072988
374098757
374191465
374431225
374523657
374685561
374715399
374734565
374741579
374779953
374837878
374856502
374995065
375086338
375158697
375172256
375267806
375369493
375455225
375747994
375781157
375858175
376291049
376343900
376383957
376404160
376944332
376978886
377206108
377349670
377353787
377453833
377481443
377529343
377549703
377574095
377701218
377855689
378020347
378132343
378484516
378500989
378502783
378505402
378617234
378631289
378672880
378739067
378957874
378992959
379074106
379106915
379156108
379238725
379383550
379853684
379961942
380103753
380230778
380273326
380376682
380403071
380470709
380479982
380537930
380557580
380566386
380577296
380709165
380944655
381020284
381028497
381050039
381145536
381161206
381338993
381698355
381790884
381883147
381975505
382004259
382122520
382244937
382620749
382769517
383028875
383150493
383164091
383240899
383243983
383477760
383651196
383672059
383800849
383894848
383908501
384055791
384371837
384565282
384595015
384609180
384738980
384741750
384897295
385216459
385227555
385355772
385430716
385438013
385557685
385571145
385575585
385586928
385626886
385790369
385838216
385882670
385993779
386335128
386336029
386442856
386483708
386495622
386564288
386596225
386727251
386759998
386790924
386845019
386904265
387456496
387534650
387555047
387588052
387651956
387726974
387761000
387815123
387843618
388075062
388139013
388197418
388264440
388287110
388441327
388447402
388527668
388581744
388726808
388734454
388886206
388938564
388978828
389077647
389183424
389241144
389309425
389421917
389462030
389534370
389575511
389632068
389642966
389710902
389730771
389822904
389841980
389934023
389939365
390179216
390385707
390401997
390432583
390945433
390959457
390967181
391018171
391060944
391171955
391191712
391273547
391276298
391340156
391391582
391587418
391915304
391986743
392215614
392233279
392314686
392869569
393081210
393122532
393159092
393338010
393348969
393373087
393464868
393505081
393571914
393831091
393882510
393903548
393957326
394056599
394081392
394125905
394207423
394223888
394315431
394456181
394459992
394509224
394619888
394997880
395015559
395022601
395046402
395097770
395132991
395333910
395566558
395589154
395639018
395656207
395662068
395934634
395957997
395980143
396349675
396382102
396534252
396608551
396608946
396715682
396775548
396790170
396799450
396950956
397080819
397195254
397215583
397220475
397361423
397391802
397400487
397608433
397802274
398109177
398271020
398543033
398559162
398566535
398582691
398722158
399344126
399356359
399429615
399429827
399502271
399565053
399583373
399640454
399701825
399710182
400291614
400380064
400613740
400770452
400865891
400962741
400971898
401004738
401044782
401076110
401084768
401231600
401289042
401691151
401701064
401958629
402059916
402121644
402125601
402209964
402218029
402353388
402599054
402608257
402957835
403117679
403168858
403434151
403565006
403586565
403662441
403943161
403957920
404210888
404323880
404414858
404438575
404541530
404613022
404669226
404875513
404948225
404981362
405072929
405267122
405373121
405411918
405578614
405644628
406163606
406315081
406322769
406339904
406349379
406447216
406476367
406575433
406685699
406850616
407508918
407570458
407637472
407691749
407817991
407836118
407984700
408047372
408083924
408227234
408323243
408544836
408586635
408733819
408859409
408879819
409000055
409049108
409285183
409308345
409451479
409470060
409669473
409671785
409850135
410147633
410551785
410558959
410742326
410747523
410826665
411176342
411225103
411278164
411323379
411455029
411518614
411584775
411643600
411803680
412622503
412633077
412813419
412942578
413015902
413126244
413176698
413185883
413231621
413391380
413432930
413499759
413573780
413590268
413795460
413940134
413956518
413983872
414133902
414155887
414204927
414214724
414233640
414400818
414502979
414589693
414763581
414808495
414919744
415303997
415494673
415559554
415607132
415707142
415853570
415964824
416251917
416400052
416456827
416475710
416766760
416844807
417397597
417471029
417563893
417585693
417708345
417806675
417868990
417909284
417915388
418063766
418151778
418258478
418300214
418375335
418451737
418520290
418638769
418662373
418693864
418714750
418719521
418742748
418786814
419053057
419054631
419072946
419085292
419142063
419441196
419441649
419549163
419621274
419679034
419718809
419906961
419991749
420020531
420032114
420193614
420217782
420427243
420725258
420811303
420883628
420884141
420922091
420936278
421071509
421218204
421222900
421240653
421360409
421493551
421532483
421566666
421708877
421823325
421935204
422048648
422135923
422153110
422297865
422350055
422736599
422992130
423012459
423055778
423348275
423476952
423622545
423631485
423985515
424322530
424460977
424623372
424633661
424664809
424782674
424908513
424974627
425098885
425104417
425160413
425229866
425291712
425389826
425455740
425532665
425541608
425663815
425762780
425834234
425916361
426083128
426096020
426100468
426105041
426280348
426558547
426688640
426746554
426783865
426837770
426909599
426985583
426987568
427022178
427148787
427160962
427282940
427464449
427546407
427892749
427922903
428013270
428137447
428184643
428206202
428234932
428273337
428302702
428317322
428428111
428675624
428688231
428703108
428778242
428888754
429124337
429133938
429170158
429200146
429460965
429565847
429589839
429626687
429710213
429771839
429982126
430018750
430157376
430175910
430232189
430297793
430536555
430590780
430794716
430809965
431069871
431070081
431108555
431140131
431142730
431218978
431278939
431333719
431384027
431444991
431633993
431740096
431776621
431844837
431912759
432165046
432237140
432334447
432406209
432547315
432600734
432858272
432886630
433070803
433218301
433240779
433349344
433504825
433653680
433748147
433797378
433959994
434038538
434071336
434148470
434210729
434232646
434310315
434327587
434425602
434473077
434501141
434543977
434706060
434998076
435011518
435039855
435275017
435458767
435503291
435686103
435921608
435974698
436059907
436132835
436184271
436208471
436212398
436233981
436271678
436274252
436319401
436408873
436477292
436479050
436516942
436759525
436812722
436816990
436919402
437017231
437143949
437410966
437571987
437771362
437793352
437877221
437895629
437972567
438002231
438185181
438323200
438349396
438352745
438473798
438595133
438665165
438767149
438929758
438993121
439061144
439094111
439189167
439212659
439569612
439570342
439584237
439668040
439839150
439871235
440172961
440201761
440223454
440460685
440567806
440714587
440821225
440880832
440888265
440892747
441013299
441102521
441104113
441156060
441218880
441286222
441575002
441776960
441817492
441992353
442060115
442066070
442095206
442339625
442347815
442400464
442436280
442449987
442462009
442501266
442521546
442568926
442698269
442726059
442999496
443378441
443417815
443515305
443575730
443583773
443682874
443941180
444023083
444364962
444368395
444381616
444429742
444503923
444612821
444654956
444878359
444920303
444954546
444999442
445125969
445219729
445307047
445623362
445775716
445952508
446096393
446194259
446385946
446711618
446865527
447070774
447323339
447453037
447653338
447779743
447828422
448003532
448126577
448141441
448185482
448332229
448600063
448689463
448715583
448765293
448791638
448809490
448858029
448882173
449020098
449228056
449410520
449498498
449514149
449686817
449782229
449823367
449865073
449924193
449925765
449995315
450074482
450142114
450420375
450519686
450646926
450697148
450786994
450816192
450962351
450972085
451059477
451083394
451131754
451305480
451482251
451510055
451511517
451566431
451799305
451828755
451911609
451998558
452238407
452250345
452504887
452562035
452573240
452631634
452671199
452673020
452695937
452932534
452966873
453352739
453452845
453511271
453542968
453580625
453971966
454092123
454492974
454620448
454643470
454701263
454874349
454977959
455034514
455048610
455052743
455146023
455200376
455514260
455564476
455857160
455982123
456071575
456115144
456232250
456236431
456461458
456541745
456675527
456845746
456853714
456883207
457054595
457073961
457172742
457260420
457322902
457402857
457675521
457730409
457818270
457971166
458000858
458009118
458157525
458179250
458260738
458298477
458598250
458712905
458856437
459048857
459054474
459203485
459358758
459478709
459542279
459548634
459553790
459732060
459766980
459785311
460095935
460469290
460491727
460534928
460624156
460633999
460975109
461015993
461072189
461280952
461383135
461441289
461449319
461496979
461505362
461803915
461837564
461951342
461953364
462049178
462057675
462113404
462206001
462430781
462557268
462625624
462631152
462661989
462766022
462783598
462881444
462957666
463053410
463056343
463118362
463396691
463452379
463594859
463613003
463767565
463777051
463816774
463892699
463907999
464168018
464232302
464346853
464423599
464480093
464591867
464636671
464755587
464799040
465023132
465183844
465434159
465558559
465628463
465982678
465999171
466029685
466086443
466165300
466227582
466256978
466442608
466516642
466539680
466584673
466957736
467132928
467192899
467248567
467431586
467559798
467892261
468001150
468174816
468214483
468294338
468398193
468426482
468767342
468781149
468899093
469058216
469209266
469254940
469597964
469612430
469664093
470030156
470054836
470134601
470195375
470481562
470490262
470528627
470825628
470888193
470953437
471008222
471019817
471132536
471141303
471420539
471451842
471496252
471538807
471932513
471965592
471986018
471994725
472130119
472159980
472349479
472494307
472509682
472623834
472864690
472905745
473002926
473117536
473253246
473292528
473322247
473335067
473444229
473460897
473593701
473605222
473637296
473685611
473685956
474195926
474270387
474301495
474497736
474691164
474802826
474816362
474817040
474890949
474920931
475014904
475092624
475171738
475185197
475235507
475245549
475316134
475349781
475349978
475519965
475597172
475968767
476002453
476131727
476135636
476168803
476415265
476438014
476526316
476535136
476651008
476655805
476679310
476859876
476883979
476900401
476970364
476979943
477006682
477024846
477047551
477145795
477470012
477548636
477962777
478116880
478137180
478139130
478150206
478214281
478447797
478588854
478817859
478821145
478841755
479003313
479128903
479262703
479287262
479397217
479623378
479679332
479685063
479950725
479979039
480058017
480125686
480144663
480164268
480420060
480653368
480684076
480734001
480777265
480858005
480878313
481015500
481093990
481191221
481270397
481307087
481456495
481531585
481607570
481678088
481776586
481853331
481897640
481967235
482007420
482073341
482082096
482115906
482166797
482241393
482439464
482470774
482492158
482518168
482721751
482909105
483017399
483061095
483089043
483184744
483284177
483329451
483796396
483877073
484023439
484190365
484258725
484442540
484519611
484589817
484892986
485127891
485155488
485188671
485215879
485271912
485324353
485465691
485530785
485619479
485762313
486009005
486056144
486152424
486195673
486517333
486614666
486763686
486866989
486880683
487001507
487211419
487229303
487237231
487382738
487460543
487573290
487595580
487723007
487856201
487941327
487991648
488012294
488051194
488165010
488170783
488232935
488281885
488399638
488416775
488559520
488578452
488831150
488864034
488952798
489009820
489114984
489230898
489275400
489357812
489587775
489760572
489771397
490099790
490103569
490164456
490225521
490260444
490407649
490577755
490676166
490688946
490746379
490760396
490760914
490768119
490796260
490994882
491003122
491016511
491040888
491120279
491150294
491164349
491241808
491267935
491355930
491407887
491494872
491535044
491828885
491889867
492038675
492080014
492121201
492235239
492294470
492418675
492453915
492540755
492575298
492699503
492717289
492802995
492833855
492917845
493007242
493150780
493157861
493241601
493314465
493504730
493550723
493841804
493882219
493947668
494012723
494055575
494057205
494110834
494171794
494219178
494403101
494654863
494701783
494825136
494905194
495033561
495200491
495201582
495497648
495578499
495595355
495723818
495807314
495818492
496024551
496200118
496243559
496309874
496399064
496441436
496582136
496676369
496692937
496770326
496799826
496929879
497009039
497015878
497109377
497140253
497168511
497426641
497472335
497559838
497563279
497804643
497870735
497879994
497941634
498045489
498095631
498193592
498210033
498305199
498561241
498612702
498661493
498681663
499165282
499344454
499394465
499516190
499633280
499821952
499825747
499891124
500278482
500341307
500376123
500679283
500705102
500747691
500793725
500809166
500874124
501024986
501123381
501159584
501315740
501461067
501616057
501738410
502024925
502316085
502589743
502772887
502787149
502862722
503107654
503129066
503424196
503596451
503663859
503723029
503793732
503886343
503896107
503994905
504028374
504143303
504209766
504342605
504521124
504566097
504803382
504965375
504984957
504993313
505001013
505053898
505067335
505179380
505202395
505253006
505404138
505473023
505580566
505698169
505723533
505750349
505818104
505854318
506086456
506160729
506290210
506459289
506891458
507080259
507267569
507309426
507404572
507456156
507537017
507648472
508068727
508124856
508254871
508287169
508310623
508326792
509047164
509198240
509208841
509374864
509473761
509804718
509834515
510003691
510046608
510118061
510159042
510313688
510550884
510602486
510652744
510678451
510696362
510895660
511214806
511252994
511615238
511627288
511656504
511676186
511764383
511789720
511908514
511934441
512022694
512036334
512061283
512097447
512213817
512450963
512519299
512595047
512659908
512665057
512769680
512787424
512954931
512991837
513014990
513225645
513229134
513326673
513334304
513614412
513635249
513781584
513829819
513950198
514052577
514053615
514258901
514397107
514562582
514652731
514894399
515115150
515168699
515200834
515380045
515474270
515511986
515527785
515702172
516052645
516105454
516171879
516243929
516273284
516276198
516678819
516722255
516743128
516795965
516941855
517089090
517129085
517209474
517496755
517673372
517679965
517739776
517792922
517896864
518027065
518043644
518267395
518268127
518282484
518383758
518387216
518419520
518496738
518504418
518848893
519046180
519192224
519251115
519394892
519532132
519748081
520008072
520155756
520166577
520192508
520326421
520382185
520718608
520750904
520753821
520789938
520976450
521110616
521217143
521244859
521309901
521321186
521353743
521399674
521522635
521801230
521891951
521965761
522134009
522243418
522274330
522284291
522471084
522475475
522738514
522847117
522852322
522884270
523036615
523043836
523218679
523310825
523365918
523542435
523737966
523794645
523961282
524003955
524020280
524119242
524128894
524200276
524215198
524362558
524399333
524601807
524699843
524750137
524982935
525106597
525113179
525178176
525178267
525299758
525357711
525361689
525380424
525540928
525618697
525686681
526178087
526287494
526311692
526321422
526394441
526701739
526705921
526863533
526920128
527066088
527075651
527249877
527349300
527399897
527456146
527481651
527496921
527549243
527828569
527912483
528003660
528137546
528232850
528340250
528349868
528518375
528598945
528866744
528936987
528998164
529081081
529097515
529223174
529319415
529457919
529472216
529853905
529983017
530088475
530096178
530116886
530133417
530150289
530197683
530214620
530229542
530268033
530394192
530440627
530693894
530833046
530955403
531057647
531101552
531177279
531245537
531286133
531371716
531579269
531693446
531798032
531807349
531833349
531990750
532191299
532322300
532505286
532522468
532598427
532743934
533031342
533277476
533326657
533340814
533481062
533859244
533890103
533949359
533954409
534010432
534193191
534302766
534473470
534505797
534534609
534548395
534717925
534794207
534863965
534955144
534961747
535008741
535059330
535105941
535256333
535300826
535472070
535545237
535615398
535642187
535652540
535704608
535734865
535819281
535942373
536000791
536128608
536141788
536282720
536594334
536694037
536786060
536962796
536991528
537034499
537201335
537379312
537392306
537415964
537567647
537781438
537905244
537931116
538047409
538195668
538209531
538217865
538326475
538365901
538540445
538665768
538789018
538793037
538818367
538934455
539260946
539328086
539346060
539778474
539823383
539897929
540033305
540103679
540123399
540136937
540159438
540424104
540522817
540533075
540617406
540897315
540958278
540975792
541141416
541231001
541436153
541449110
541493539
541536024
541552514
541620642
542023622
542077175
542106261
542183318
542228187
542459896
542500124
542923002
543236839
543388912
543545963
543569786
543725358
543881410
544170048
544197857
544216364
544279329
544334144
544373847
544420259
544746502
544809042
544892713
544941526
545047229
545205415
545308706
545384605
545448040
545494793
545567051
545599225
545767393
545791795
546164107
546302262
546329606
546375962
546557707
546574885
546662265
546721422
546924082
547225319
547266206
547304154
547372149
547793702
548041073
548042440
548079086
548112476
548257760
548591971
548601143
548670298
548672832
548708322
548964482
548979854
549083135
549294428
549294666
549441758
549670788
549926571
550110758
550126182
550177640
550220932
550311058
550327327
550438234
550446113
550510976
550541165
550551047
550696159
550757335
550914033
551318151
551379310
551385932
551495309
551517770
551579491
551691489
551700276
551794084
551800749
552045248
552063493
552068477
552082523
552160679
552384525
552443806
552792829
553102962
553181611
553221313
553387603
553406445
553596320
553632791
553713622
553857640
554037504
554256190
554287656
554565103
554798834
554839808
554974315
555149235
555223802
555572662
555573303
555661442
555714971
555733935
555740114
556068669
556229313
556242922
556284219
556339421
556509798
556643995
556908284
556974473
557029039
557359147
557401982
557570021
557611669
557717729
557798372
557873796
557948229
558167321
558264149
558331214
558592488
558728843
558793052
558801638
558960141
558996706
559051938
559091244
559196292
559496356
559597327
559607018
559664533
559827169
559901523
559944748
559979527
560048106
560253337
560330562
560395778
560450126
560828645
560908025
560951482
560965076
561041711
561129498
561136088
561194084
561252252
561390338
561419108
561430590
561465583
561517859
561640916
561856639
561860576
561864406
562065192
562262526
562299500
562351581
562392687
562588947
562645564
562846235
563339423
563406128
563570938
563615245
563624246
563765657
563984425
564195770
564365422
564369699
564422700
564863115
564876554
565066844
565084830
565140818
565157058
565197195
565523824
565606817
565947902
566204409
566338187
566591900
566647030
566865125
566992813
567046810
567168614
567244478
567259895
567266370
567312941
567318729
567518036
567639729
568248563
568308642
568459256
568601756
568873705
568903426
569141796
569272829
569352885
569375399
569391495
569398450
569410806
569449848
569704872
570004766
570060517
570112797
570246961
570309770
570450342
570462656
570587451
570789662
570875595
570918966
570985577
571007429
571010165
571359011
571728313
571751103
571814344
571880878
571890410
572073799
572122842
572185246
572271593
572529471
572596218
572786789
573133707
573269741
573331101
573581778
573667982
573761109
573898354
574048607
574176237
574223760
574316356
574349150
574386757
574437724
574612617
574643955
574705574
574928792
575146233
575150302
575212936
575260244
575263816
575282692
575305092
575412778
575487623
575545952
575550119
575705087
575722047
575871931
576122728
576242028
576429242
576449542
576525491
576670741
576707521
576760602
576870516
577013305
577023424
577120921
577355348
577637979
577769435
577921207
577967785
577973131
578222162
578400473
578503084
578524117
578824071
578978597
578997482
579118002
579135766
579141164
579227445
579520427
579895307
579910060
580125408
580129311
580281236
580305015
580322529
580529347
580607791
580680108
580691351
580738488
581021493
581222353
581255186
581324849
581397242
581413227
581590257
581663801
581666147
581750984
581777106
581878245
581917383
582035978
582111291
582178962
582188122
582204287
582432196
582534120
582577408
582605967
582647326
582730454
582937772
583222826
583377943
583435012
583702383
583906329
583909001
583957096
584024208
584063340
584077309
584093003
584189903
584200177
584254240
584298711
584632747
584775927
585116739
585122244
585144249
585159151
585282107
585497574
585520589
585542779
585560320
585591783
585648137
585661919
585729284
585919538
586066882
586106491
586288954
586364242
586400000
586522913
586837164
586917461
587049367
587090099
587228607
587433489
587517341
587685879
588010592
588059731
588161626
588177927
588344423
588683940
588759389
588834094
588862601
588964485
588984805
589010292
589078759
589094020
589103904
589243180
589283026
589634478
589797447
589822109
589886199
589910113
589984354
590169692
590271394
590284101
590342382
590386839
590406015
590486817
590642049
590646741
590683221
590689770
590795096
590997046
591130261
591209105
591213121
591261432
591270441
591389739
591428404
591593729
591783102
591809559
591823454
591841163
592139139
592193307
592322652
592327201
592370481
592684106
592775575
592792566
592991373
592993290
593258046
593313325
593463446
593499841
593596098
593795189
593911424
594112915
594130071
594268849
594451755
594689529
594699264
594720747
594887657
594987506
595029234
595049601
595136386
595421750
595520419
595683027
595706735
595716096
595804958
595869266
596066764
596143482
596165098
596293059
596371633
596480724
596522549
596622009
596898362
596980124
596985994
597144714
597198847
597286410
597346499
597375218
597443396
597486066
597780736
597823139
598187702
598295852
598328177
598345694
598573519
598750852
598803471
598934691
599054342
599218113
599360475
599365820
599618655
599686468
599902034
599920918
600080319
600143304
600151255
600272623
600378480
600650672
600745110
600831483
601144535
601194238
601406908
601731627
601774004
601833779
601845204
601945598
601963045
602041201
602111077
602180053
602244199
602802926
603303113
603421960
603494828
603494853
603510010
603544897
603588620
603648711
603697998
603705032
603743153
603843333
603849387
603964595
604026828
604200045
604417368
604622614
604875999
604898818
604924096
604953570
604975821
605057283
605067773
605127785
605250903
605554894
605573051
605649877
605674488
605674783
606163000
606283766
606314456
606394847
606421209
606495184
606721370
606909965
607036204
607054463
607206598
607330444
607458358
607607285
607642324
607680988
607792281
607865473
607912528
607932352
607954889
608006666
608010033
608034521
608146812
608189039
608234053
608334177
608611612
608628868
608664980
609208211
609326785
609506461
609715125
609931204
610103667
610329754
610418110
610420514
610471941
610484457
610528632
610661603
610723214
610778563
611033070
611073186
611123524
611262235
611355621
611416494
611578175
611692112
611703009
611812267
611835952
611970065
612009050
612115054
612116066
612297449
612301201
612331528
612392608
612640336
612693256
612702030
612852000
612900235
612900598
613065359
613126732
613254797
613255943
613461485
613606780
613615586
613694260
613828676
614036609
614061728
614105252
614129415
614211572
614220852
614348093
614656514
614809904
614913861
614928515
615053972
615136405
615256449
615311356
615464412
615508464
615537673
615627739
615662957
615765948
615776695
615807158
615853353
615865417
615891387
615891445
615937935
615957677
615982944
616091032
616327843
616336604
616544653
616630515
616802755
616804841
616907832
617215945
617405078
617432030
617656086
617877002
617887052
618179092
618187976
618465984
618643092
618903213
618973635
619015927
619135232
619179641
619213321
619318835
619513159
619554625
619636796
619758630
619823862
619866549
619959643
620090987
620096646
620363979
620410733
621015097
621062149
621269701
621355845
621436118
621460743
621474465
621594037
621678964
621688829
622000056
622027964
622075440
622483418
622570358
622579714
622716693
622726802
622728112
622755227
622764496
623009440
623205685
623317790
623394351
623399654
623497541
623559714
623629301
623704783
623746358
623927467
624064302
624169583
624289866
624497502
624521097
624714948
624742954
625018638
625043561
625175033
625176296
625204254
625293938
625294457
625483656
625600772
625600813
625923799
626015185
626075652
626082169
626092920
626210182
626417888
626433472
626434570
626506415
626759875
626896712
626909884
626992284
627018493
627027520
627077770
627236676
627400471
627514648
627610240
627682342
627691653
627816557
627836258
628106472
628201417
628236512
628802016
628897364
628931780
628963760
628969599
629206206
629206542
629237859
629269991
629490527
629565629
629666384
629698674
629715882
629733154
629840187
629888874
629950347
630023218
630043452
630047307
630083094
630196127
630418803
630477313
630670948
630717480
630740748
630750243
630786567
631053016
631237207
631390124
631508815
631553469
631605331
631607999
631757283
631772936
631784427
631816533
631837121
632001769
632023618
632025669
632027649
632108099
632201473
632215015
632343160
632716221
633061689
633121590
633123194
633250397
633526749
633561657
633624484
633650862
633949071
634117271
634175307
634280943
634385539
634459776
634482115
634779979
634864192
634925196
635187878
635283621
635420573
635429727
635541969
635546608
635726394
635809142
635824750
635941379
635981580
636183254
636254979
636321169
636477271
636899155
637141831
637176962
637200840
637240583
637292628
637377668
637410191
637494171
637620412
637767352
637875107
637893828
638102048
638176358
638180862
638250815
638305177
638311655
638373292
638439542
638510402
638607377
638687458
638734864
638792397
638864589
638903126
638968292
639076059
639136545
639147669
639435652
639491329
639583300
639600178
639657446
639715496
640100923
640156276
640220730
640323708
640414149
640431757
640733368
641169496
641270016
641384511
641411307
641414113
641420714
641472275
641639246
641722320
641743823
641852531
641879978
642033926
642042483
642163042
642184080
642275926
642316517
642392561
642556167
642643089
642651891
642755031
643246189
643247763
643598001
643611120
643744998
643912775
643923518
644007794
644099978
644149832
644191785
644291040
644541614
644621580
644673854
644876684
644953774
645064197
645260633
645290211
645368483
645459644
645550008
645630708
646312206
646569891
646579407
646634797
646690030
646753845
646967424
647111308
647117774
647209935
647249741
647302050
647325383
647347850
647465511
647566781
647640246
647664791
647692928
647748820
647777714
647913559
647956279
647964995
648002177
648352505
648372969
648528394
648569032
648649303
648691779
648776616
648920173
648921757
648928628
648992741
649318888
649322075
649406166
649449649
649618914
649652756
649731049
649948069
649960375
650050077
650120196
650178208
650364595
650463195
650616584
650632050
650719841
650741901
650825710
650851000
650959487
651000428
651087484
651205104
651339569
651585312
651779944
651951989
652092788
652134347
652178933
652342058
652559840
652594606
652725621
652763745
652812428
652870700
653614020
653713009
653715147
653929799
653956213
654119731
654171501
654739642
654758041
654817761
654934377
654996389
655020803
655078475
655085856
655192039
655481177
655536486
655565783
655592213
655613687
655658138
655721865
655859960
655877530
655921440
655943734
655994070
656066960
656132272
656174488
656299024
656520501
656596866
656610384
656695307
656739311
656769086
656805572
656827586
656874556
656984335
657158196
657175152
657357928
657443053
657489823
657523316
657536417
657733996
657780674
657843723
657981675
658053153
658119536
658197708
658456528
658456753
658631156
658767839
658775518
658816972
658982575
659061233
659081425
659178226
659241906
659521544
659574598
659588429
659604268
659621756
659688865
659773848
659777988
659781438
659819180
659842610
659857460
659864658
659876376
659924162
660014087
660128334
660155749
660173757
660214199
660548580
660750609
660841710
660847492
660849565
660887168
660898411
660947832
661152278
661155579
661697984
661719321
661861790
661940714
662010173
662070909
662097314
662281209
662330316
662514632
662517006
662546682
662709243
662747991
662758136
662988401
663076970
663409781
663581295
663624978
663715547
663749662
663864002
663919604
664161863
664256298
664274637
664384361
664494802
664557833
664631442
664921479
664923199
665078062
665203495
665307619
665340840
665686604
665904219
665906866
665971491
666288656
666292768
666345384
666605426
666608309
666679848
666753858
666767969
666961163
666992577
667253298
667414805
667445735
667550087
667747430
667834302
667897771
667915211
667981774
667999524
668045953
668112993
668205500
668235279
668360833
668479133
668482382
668704311
669015913
669020564
669082009
669092709
669235711
669285615
669323112
669324941
669476727
669500035
669640341
669726567
669901580
670073367
670184385
670313516
670368455
670531099
670545235
670583710
670650402
670926612
671024489
671034046
671085283
671133926
671297639
671395849
671415220
671505108
671578373
671636443
671639004
671916664
672117150
672388005
672521844
672551925
672560864
672717044
673059702
673111173
673180186
673322583
673759286
673889600
673958949
674091423
674183670
674183727
674311538
674327818
674344651
674502124
674608121
674617031
674696406
674830966
675077064
675090642
675217463
675405165
675476445
675634787
675637086
675733720
675776632
675891982
675938217
676047128
676110260
676384882
676449617
676779896
676787990
676832019
676848568
676874550
676921748
677527955
677704825
677849447
678116344
678160602
678293690
678405097
678430798
678546379
678596937
678728411
678803988
678983913
679010682
679192350
679281162
679360743
679371866
679408324
679428761
679636123
679682821
679796198
679874943
679972623
680011254
680153291
680214797
680336914
680384890
680479905
680620919
680665230
680694462
680739903
680821097
680994142
681010163
681251145
681552883
681654480
681723025
681763541
681818604
681864635
682063872
682644278
682685517
682767518
682888534
682890621
682892545
682996334
683530402
683595351
683659951
683692630
683829457
683890201
683947286
684020522
684169773
684196191
684254233
684312792
684396441
684401354
684501027
684702138
684837925
684848075
684876698
684901416
684908692
684931440
685003005
685056480
685162804
685192953
685225206
685282807
685285239
685406450
685419178
685524589
685533472
685567158
685600742
685917463
686013776
686070921
686083146
686186841
686200891
686214075
686339517
686557286
686810431
686827152
686958420
687229112
687254928
687383629
687430281
687687358
687799778
687828884
687837328
688079824
688080668
688085687
688275752
688876094
688895886
688962520
689041672
689105550
689291675
689295717
689371224
689376593
689469498
689619499
689634526
689865207
689919108
689940056
690079983
690688774
690691167
690843043
690986841
691063217
691375099
691454045
691633673
691861040
692098200
692262509
692267782
692291404
692361947
692509790
692714844
692767734
692953147
693344508
693488371
693548504
693620032
693827361
693832472
693909391
694157783
694204045
694226144
694267427
694405313
694541481
694689704
694779547
694950426
694986188
695006712
695034251
695133496
695184125
695218376
695234223
695426805
695496691
695537377
695625460
695844244
695902620
695975976
696375083
696386725
696483679
696881347
696927386
696975207
697007246
697268949
697290212
697519443
697532231
697546751
697552205
697728362
697757276
697953182
698037539
698060740
698191446
698749734
698755768
698801159
698828111
699284893
699503086
699539126
699797154
699884550
699931243
699979279
700192126
700342824
700357124
700367336
700962668
701014472
701046235
701207273
701208213
701273238
701328076
701350606
701371777
701682928
701707998
701753017
701778660
701893998
702077015
702096905
702298485
702568485
702609163
702620783
702644631
702841650
703056472
703059055
703134820
703158046
703245801
703316586
703386496
703388713
703441177
703564939
703631842
703647468
703658731
703690420
703742942
703752610
703776812
703836534
703915634
703981552
704080745
704227540
704280041
704284834
704556903
704875914
704880103
704940988
704979095
705075735
705256470
705307106
705358252
705373888
705484546
705607381
705635947
705672320
705707010
705714660
705758363
705801417
705805690
705843302
706025400
706330648
706421965
706573448
706580858
706729752
706984892
707006245
707183277
707240883
707290621
707485171
707525828
707578162
707592957
707618926
707770325
707846638
708143993
708166555
708272807
708343738
708352254
708394935
708416417
708523223
708629359
708713363
708808587
709148082
709161361
709329995
709369493
709416305
709477744
709639253
709688680
709719555
709775849
710078491
710200997
710326431
710427022
710728557
710937481
710973742
710980343
711005596
711238815
711569831
711609506
711613379
711667144
711678618
711729321
712328881
712412620
712518055
712543771
712547962
712759224
712785407
712882479
712992538
713083595
713114939
713261892
713307267
713340949
713545195
713970529
714001368
714263912
714294123
714345791
714395660
714532215
714602341
714650167
714764114
715102909
715151178
715170612
715255993
715312034
715419553
715581440
715656764
715818773
715861220
715938350
715990455
716135616
716525344
716587222
716840313
716847214
716919648
717082010
717098194
717160741
717192290
717202745
717214829
717345090
717387585
717419073
717422035
717580581
717626033
717732894
717751472
717866755
717876525
718020091
718137428
718193274
718197933
718223803
718357513
718437233
718599093
718600983
718730977
718764342
719082794
719156289
719300303
719442552
719454915
719487728
719700292
719824944
719925435
720184397
720251279
720454838
720648648
720863919
720940034
721021488
721101444
721136153
721161707
721367860
721661977
721684635
721775442
721803715
721992827
722010638
722184319
722478694
722502200
722533729
722584721
722778717
722819654
722840649
722869068
722907041
722990925
722999207
723017859
723025967
723278420
723344525
723414364
723491135
723620698
723635984
723711108
723768428
724029126
724059873
724078325
724079614
724222577
724269768
724288383
724362316
724369203
724425280
724802560
724806659
724894957
724932357
725228629
725325814
725402464
725425539
725435976
725448123
725563457
725564528
725609638
725611275
725690420
725782952
725806751
725898941
725941844
725951374
726008231
726101535
726212436
726237570
726271906
726358995
726526171
726595819
726778322
726802413
726895682
726949817
726971888
727441098
727561979
727614495
727743878
727879773
727988832
728058996
728389765
728431892
728529328
728543962
728645561
728822431
728859472
729038579
729049574
729099527
729155431
729320292
729374965
729452354
729663811
729769094
729790535
729809724
730073458
730296104
730453601
730518721
730526481
730543627
730755430
730871527
730871630
731032774
731173236
731211618
731234489
731307715
731367803
731416562
731445836
731468664
731517652
731518381
731550587
731818015
732054548
732133370
732244703
732302220
732548257
732702090
732905557
733101067
733240578
733440616
733575763
733918978
733976600
733979046
734262580
734286879
734349035
734359084
734446740
734503269
734564277
734642462
734680194
734830706
734974711
735070817
735074754
735425848
735430513
735490427
735547077
735605855
735895998
735899928
735936302
736059018
736139939
736226166
736364431
736404994
736473172
736593244
736653654
736685607
736834383
736877294
736991743
737011086
737425988
737592997
737632336
737658101
737673089
737706658
737735107
738040920
738212611
738281369
738296291
738469251
738495849
738628052
738748561
739181208
739208563
739240217
739241565
739413195
739452164
739722050
739754090
739803820
739915927
739990922
740022689
740175885
740208012
740279579
740367465
740397146
740613994
740837189
740859569
741095192
741222899
741321970
741326520
741475493
741726233
741785348
741789007
741799321
741838840
741891673
742153415
742843125
742975807
743084315
743153391
743240242
743248029
743286314
743471907
743538556
744000161
744192899
744214249
744227084
744401435
744466117
744775785
744868760
745150511
745258245
745338744
745346801
745619667
745636707
745683962
745843929
745896684
745923196
746004504
746194882
746309281
746329134
746567040
746583208
746729726
747082546
747343329
747373829
747426077
747555590
747649613
747689739
747721431
747907759
748064587
748529838
748538079
748883909
749121009
749129464
749215461
749414215
749579309
749803755
749816782
749864110
750382828
750434517
750484189
750615819
750849524
750858157
751093638
751225388
751339549
751434518
751443240
751500497
751590520
751625910
751643812
751842497
751848414
751899519
752047945
752115294
752137365
752146890
752147787
752150501
752211098
752340185
752349935
752392528
752419685
752438203
752598890
752632325
752669299
752882857
753230244
753233493
753350899
753368376
753485365
753504743
753599548
753870409
753934436
753954478
754218463
754224792
754308544
754387881
754497325
754792373
754817375
755138437
755355710
755391213
755550688
755680195
755719926
755724074
755782234
755783079
755845833
755853572
755967055
756096025
756213425
756389810
756485084
756521493
756590068
756654993
756867098
757053891
757116768
757155165
757157374
757225546
757226361
757242279
757283511
757370198
757381765
757408310
757560836
757646864
757662062
757814026
757904747
757961237
757974048
758208483
758431602
758538404
758635283
758730102
758855417
758893083
758956751
759065994
759200013
759311369
759377154
759567871
759645563
759669883
759688076
759953170
760021387
760173369
760174376
760256150
760258182
760280044
760312713
760363213
760414853
760466682
760530424
760610177
760614059
760709002
760840411
761127919
761151471
761206998
761248073
761268403
761279643
761608968
761701149
761921457
762151234
762300383
762457169
762480288
762538496
762572610
762646246
762781233
762901485
763197258
763347397
763536891
763567479
763595404
763735984
763932932
764025439
764046437
764216904
764263267
764492208
764545567
764635311
764691684
764735494
764821206
764835770
765321793
765458142
765460022
765572292
765626833
765706918
766000235
766073141
766214818
766332037
766410070
766422948
767045467
767250118
767273927
767308412
767435809
767475554
767492394
767653859
767663469
767765286
768160232
768308171
768324025
768374774
768410929
768475792
768600626
768678519
768690098
768733382
769040244
769063778
769273673
769313419
769356916
769374056
769640224
769657460
769717135
769813994
769825159
769872685
769902245
770087168
770320423
770513807
770554087
770712217
770808107
770849487
771163028
771251388
771547858
771895121
772607649
772996752
773001780
773063084
773190684
773216819
773316441
773374717
773473341
773591032
773605410
773779043
773846936
773851489
773860232
773895669
773934494
773947677
774086019
774333476
774457358
774743317
775025013
775107234
775191207
775260270
775296939
775355046
775401020
775438433
775584211
775653274
775676158
775855822
776022428
776079493
776120430
776138255
776187522
776241101
776245782
776246780
776287768
776322356
776434546
776443158
776446455
776564896
776587458
776616543
776649459
776902503
776934248
776960031
776999455
777007870
777117584
777124446
777132432
777179332
777470529
777547583
777641794
777790115
777855636
777931464
778048566
778300968
778496542
778565050
778613215
778796288
779085153
779160907
779498971
779531694
779682473
780139318
780264154
780298022
780307051
780311439
780379567
780416125
780728808
780770143
780782784
780842298
780999856
781210334
781284814
781354781
781445447
781604317
781674815
781750584
781875542
781877882
782048147
782388679
782499369
782553445
782662621
782721047
782729369
782809584
782818381
782837833
783030875
783094966
783340856
783422298
783457633
783489184
783492898
783680407
783946082
784051900
784420756
784721637
784752100
784768658
784865134
784868732
785037380
785583075
785773391
785774871
785812535
785840004
785873422
785977169
786035686
786117959
786120207
786133240
786141948
786293226
786336079
786360309
786580030
786732790
786925654
787074277
787176743
787278527
787321632
787340328
787440953
787497765
787498654
787564098
787568853
787602641
787626607
787655049
787705295
787898565
787903751
788128799
788196717
788265258
788301351
788307092
788416848
788452550
788487687
788611948
788736719
788771987
788804711
789013554
789227443
789232013
789319318
789392788
789435821
789667262
789686598
789809188
789810263
789823192
789826079
789913161
789959143
790026271
790075930
790178520
790468644
790520901
790621992
790715198
790798812
790828634
790846052
790905533
790916876
791200891
791236015
791246945
791366663
791445662
791483985
791484457
791577975
791586724
792008752
792058442
792436770
792453174
792504778
792561192
792654624
792703367
792734913
792985890
793047922
793076319
793100334
793171866
793406391
793471529
793481121
793649156
793732414
793892303
794129709
794152070
794445581
794541131
794678513
794715238
794925428
795080115
795099202
795327661
795361839
795462149
795527521
795778188
795950907
795986932
796037054
796050492
796060521
796112297
796129583
796170482
796291103
796368809
796676696
796753756
796882812
796939504
797172365
797204485
797273601
797285852
797389340
797399102
797435372
797575665
797609517
797621199
797773015
797822992
797902113
798156935
798297022
798444717
798513516
798544865
798606364
798607782
798656846
798711197
798716149
798728234
799027030
799154678
799251261
799356572
799437786
799460294
799935549
799966623
800086775
800185341
800720789
800784916
800878964
801135000
801158780
801375327
801505352
801565791
801586063
801624303
801644908
801782338
801853668
801898326
802004484
802205065
802253232
802344151
802392725
802441391
802627841
802633397
802787241
802804924
802855613
803004454
803055808
803080779
803107078
803145581
803182055
803266043
803444043
803445690
803448731
803479271
803608245
803668231
803782229
803826578
803952071
804184040
804210399
804312495
804367560
804791612
804828305
804933271
805173243
805191718
805280254
805306900
805448905
805626741
805738301
805812268
805962792
806048999
806222151
806436929
806690606
806756204
806829835
806854373
807084037
807145414
807478045
807521669
807561627
807621494
807729817
807826966
807848939
807889786
807937947
807970606
808148812
808243034
808275549
808306248
808780622
808801969
808883724
809049235
809125585
809336442
809353933
809480251
809510521
809679636
809779026
809820717
809838896
809956881
809978800
809986075
810212226
810350956
810384946
810563555
810756266
810766170
810848425
811064666
811085388
811160251
811172458
811306450
811443029
811445902
811481779
811596150
811769987
812054779
812074821
812080776
812205644
812294217
812431002
812435142
812505824
812542229
812566961
812630386
812897606
812911562
812934033
812997491
813130425
813168659
813516914
813909392
813924926
813962753
814089928
814292481
814331652
814432742
814476813
814588994
814649104
814685356
814732693
814950405
814951771
814952756
815033638
815205470
815347275
815377455
815528925
815553048
815727815
815805773
816072436
816081730
816082092
816096346
816295107
816392690
816454415
816571635
816818310
816871633
816880391
817041664
817081663
817189751
817251617
817276031
817626148
817714443
817855372
817868328
817925802
817982728
818112943
818177543
818416218
818472515
818571865
818587355
818669542
818674694
818777391
818831044
818853042
818943433
819063391
819246270
819430744
819450404
819471107
819487697
819891147
819969385
820364274
820406057
820754905
820873069
820944546
821271074
821346933
821519618
821735316
821806580
821860694
821973297
822189959
822264017
822445745
822489085
822520473
822633275
822775748
822885573
823082588
823142301
823260058
823317980
823576645
823596145
823605271
823624338
823839019
823857239
823887924
824026996
824145103
824468195
824531106
824633930
824755183
825019995
825115435
825142148
825341008
825533629
825558222
825712505
825721652
825743546
825874175
825900840
825939577
825962499
826003883
826120436
826168942
826398560
826495911
826883199
826976186
827132721
827272745
827382618
827390796
827689664
827724328
827800250
827810387
827829419
827896624
827971762
828003901
828191299
828207702
828220087
828351798
828374655
828456862
828476696
828523252
828996220
829151318
829233141
829397529
829437710
829721808
829738698
830054700
830253375
830275765
830278591
830410321
830592288
830751618
830848959
830943984
830992474
831009264
831256317
831470311
831502679
831552801
831746247
831908987
832171987
832240585
832286821
832582799
832598282
832608980
832634494
832686599
832793301
832968827
833013777
833059393
833065371
833068861
833416672
833484770
833519902
833626685
833709599
833715756
833722278
833792158
833891808
834250947
834285234
834358229
834450737
834492616
834702465
834784427
834806770
834853892
834866123
834925043
834939769
835023097
835049831
835061725
835392533
835395880
835672691
835696630
835765889
835769715
835917376
836081038
836089407
836123283
836139788
836205102
836325865
836337063
836350823
836489526
836526662
836604020
836769844
836928249
837138025
837225560
837359226
837368452
837627696
837783019
837838752
837848238
838034209
838118918
838381342
838398238
838459679
838593897
838616737
838663455
838900131
839426978
839743783
839828470
839892082
840001225
840154008
840330848
840365979
840508401
840564812
840586658
840599095
840670931
840732603
840815397
840936137
841027099
841082524
841210184
841225943
841308054
841334256
841437342
841503568
841913562
841943633
842330760
842413284
842444872
842606626
842657608
842716388
842744230
842841709
842937057
842944511
843213287
843234820
843254847
843277338
843488138
843662040
843693154
843750443
843750976
844165517
844360587
844566209
844621534
844709232
844790871
844840744
845019585
845042974
845086672
845124535
845128419
845356699
845382392
845406807
845419093
845421547
845442220
845486022
845749877
845763226
845784090
846005569
846201585
846207663
846262161
846585486
846847571
846883307
846949655
847060538
847158426
847259335
847290257
847394042
847424821
847651885
847661351
847794306
848151741
848151895
848162872
848188080
848208328
848231849
848237314
848298936
848339635
848463306
848654330
848713713
848739711
848812290
848817883
848832451
848954245
849090805
849177389
849344264
849426527
849497851
849551233
849722107
849861303
849895226
850072048
850243419
850387710
850432529
850459064
850766450
850991036
851222255
851381197
851381476
851465068
851479827
851523367
851544708
851591273
851777136
851778467
851812076
851841397
851882736
852212050
852396642
852625747
852661948
852824280
852852650
852898527
852995830
853281958
853314799
853340065
853416211
853655758
853661133
853770214
853903554
854046743
854100062
854193052
854205599
854208336
854230325
854404934
854442755
854521063
854528775
854598930
854610085
854663667
854772387
854831294
854878457
854980869
855131970
855175604
855184865
855203676
855310265
855326769
855350226
855390433
855428743
855487260
855539078
855586949
855601786
855970406
856022578
856158497
856195472
856225889
856321128
856322096
856397151
856453030
856502034
856534731
856587786
856660078
856761702
856866082
857016707
857106361
857329372
857340621
857493432
857559285
857649218
857671566
857822287
857833141
857912988
857945597
857978932
858685524
858739016
858765907
858821611
859044389
859052841
859071776
859171910
859313400
859365840
859437658
859461875
859463180
859515451
859756354
859884700
859889739
859963920
860356104
860425724
860441502
860446160
860564317
860630160
860713402
860955789
861054004
861158637
861172634
861189792
861254578
861708691
861833721
861865929
861966289
862089547
862158653
862164640
862173453
862247856
862361697
862459755
862558642
862611181
862731862
862755036
863250195
863416305
863514961
863549713
863559319
863596812
863692771
863724713
863747339
863998945
864010626
864180390
864204103
864404788
864435886
864437690
864493735
864511758
864578125
864584130
864641319
864682824
864869118
864886327
864950837
865034886
865108259
865283754
865451344
865466053
865637771
865717730
865729149
865863593
865991653
866038791
866056416
866118701
866403211
866728959
866793174
866939833
866947585
867084139
867091133
867283162
867415381
867450661
867461910
867652753
867821843
868250186
868361783
868479958
868491610
868606970
868692145
868696233
868950220
868963569
869007653
869036502
869389188
869419263
869438248
869533379
869631732
869707405
869759223
869919162
869971129
870029993
870062208
870064948
870104847
870113643
870172568
870240163
870241799
870487532
870582399
870715138
870922968
871075370
871298349
871336837
871402147
871437261
871465366
871478652
871556135
871732118
871738677
871751899
871934002
871944109
872286755
872301485
872388978
872590001
872650078
872657469
872660266
873118034
873289686
873371806
873623147
873742264
873914579
873958553
874207580
874362826
874466919
874485370
874588615
874726316
874829908
874840587
874942869
874958802
875041713
875074004
875125925
875256802
875341198
875347563
875350142
875521706
875601723
875654910
875763194
875808596
875841344
875971701
876170701
876326057
876504000
876517368
876566956
876772902
876805599
876881746
876972922
877015355
877058586
877132811
877192574
877376990
877521312
877570258
877583060
877613664
877656840
877667484
877793547
877856770
877866973
877868300
877898596
877936981
878010252
878108633
878458216
878594174
878708081
878781335
878820425
878981451
879051783
879290393
879357797
879377117
879392478
879480222
879494851
879643598
879756414
879832877
879859127
879882510
880023040
880149168
880273373
880705309
880911499
881223969
881261640
881350070
881469716
881503738
881644536
881873898
882069442
882091098
882130719
882153983
882162337
882237739
882265851
882278924
882490546
882900207
882976775
883200789
883208617
883323468
883357557
883417643
883426024
883590749
883599287
883650602
884268721
884324459
884372218
884628659
884776758
884786177
884815261
884902398
885010559
885179239
885193712
885344810
885457199
885496606
885500158
885525256
885560333
885683831
885687794
885699964
885839933
886083553
886146532
886180856
886219004
886242900
886309222
886399602
886438444
886477502
886566536
886628815
886748358
886795008
886824766
886830321
886927647
886949970
886962698
886997234
887053814
887077086
887153367
887236900
887241983
887294268
887310108
887317040
887333611
887595059
887754892
887786407
887791351
887792269
888214379
888220088
888257373
888265664
888482183
888639917
888674034
888753949
889222843
889274025
889508328
889547482
889562642
889578828
889850880
889889589
889917590
889918929
889937124
889939711
889989152
890081716
890159993
890315922
890457892
890548003
890725518
890728872
890744345
890799626
890854276
891182563
891194800
891272128
891339175
891352452
891390377
891508039
891537516
891656442
891740713
891764442
892071416
892178704
892243984
892308378
892317568
892399435
892461089
892596582
892611856
893296711
893431464
893517113
893641525
893822875
893988129
894146789
894189012
894317094
894377725
894470271
894540609
894596764
894647045
894677681
894722576
894772032
894922440
894954105
894962370
895236216
895305003
895407536
895623111
895687627
895728559
895758992
896135351
896197247
896223869
896413440
896546429
896550320
896615391
896668215
896735600
896769410
897117427
897172762
897373814
897488703
897680333
897921332
898047007
898395105
898536777
898830720
898863868
899184518
899217789
899288924
899363910
899389450
899514081
899705560
899756218
899813874
899853780
900054203
900193464
900273574
900293986
900354520
900358118
900403505
900513137
900515898
900599534
900608699
900730632
900999665
901040294
901115638
901127602
901271912
901334290
901390907
901507742
901526841
901614220
901666755
901696708
902012337
902063971
902136019
902311376
902541730
902573272
902637272
902678970
902990513
903121956
903210166
903223451
903275968
903288998
903329200
903337316
903402596
903403413
903500433
903670434
903971120
904014878
904075199
904163118
904173288
904191192
904239606
904252402
904500989
904949555
904983954
905179154
905254084
905327003
905415499
905567363
905669244
906165481
906189239
906212282
906499018
906703614
906710277
906710920
906966522
907131624
907188283
907456903
907511160
907644142
907750569
907892276
907915398
908018159
908148092
908285762
908390155
908445864
908452607
908489109
908603735
908681917
908751866
908862767
908865624
909229987
909285968
909327060
909431731
909529960
909610020
909615540
909825572
909963255
910012362
910168457
910168629
910318819
910629769
910637825
910884713
910989776
911164766
911185174
911209472
911238202
911240348
911287233
911553749
911584779
911674900
911676597
911765698
912000153
912008482
912150809
912201713
912265976
912320163
912654034
912823098
913041288
913098785
913362933
913392937
913407450
913540068
913580199
913740486
913796290
913872665
913965988
914056569
914086817
914278081
914278803
914306987
914340947
914613030
914663705
914698546
914825285
914887093
915073275
915085534
915142762
915271669
915295072
915338019
915473575
915961647
916096840
916108066
916125089
916159343
916264462
916405808
916960792
917177620
917334776
917404723
917470634
917742367
917742632
917758748
917765694
917803089
917839894
917888913
917953403
918000832
918121496
918129577
918199938
918300490
918369524
918460629
918470888
918577224
918653745
918833883
918902360
918998962
919244409
919451402
919538989
919565901
919701415
919741091
919765072
919857700
919914951
920094074
920113585
920221802
920224539
920360715
920412558
920494941
920575373
920626504
920686083
920704328
920729511
921066479
921153157
921154375
921175532
921189273
921280872
921289542
921396116
921500396
921506140
921548977
921597144
921649833
921980781
922058414
922141874
922160429
922196834
922197212
922268704
922367097
922369007
922403170
922468482
922543344
922544793
922667116
922729781
922792375
922956890
923015667
923129578
923443762
923533617
923613287
923741370
923866358
924041203
924218828
924459306
924547383
924572404
924588886
924612145
924776690
924814549
924899210
924961703
925627364
925731110
925770615
925790825
925833357
925866957
925924577
925924788
926051201
926149595
926214379
926291868
926303444
926323662
926478465
926613976
926664641
926777554
926822182
926877457
926923387
927008283
927048184
927048698
927281550
927309947
927383381
927385925
927414516
927448830
927521664
927611822
927647163
927671102
927757277
927855049
927885302
927937857
927950438
928004538
928193227
928218085
928251838
928386238
928531868
928581590
928909095
929055979
929107228
929282324
929378623
929485552
929551429
929669452
929714147
929805703
929954644
930038886
930068838
930319367
930391547
930489558
930619713
930667925
930745462
930786338
931072623
931230334
931299113
931435026
931642178
931696415
931833842
932019724
932085999
932097989
932193183
932207262
932231503
932311477
932571335
932624154
932793333
932840060
932851062
932978310
933044934
933124320
933218298
933311119
933358734
933428715
933544063
933573750
934328571
934359119
934756515
934806531
934822814
934823485
934824355
934838358
934889375
934966488
934967607
934999963
935124181
935179033
935197151
935204121
935291302
935295319
935450182
935721230
935837170
935855345
935942923
935949008
935986456
936469585
936492304
936689674
936834965
936940988
936946893
936988395
937027357
937141813
937206092
937211550
937271133
937331427
937370402
937370441
937495885
937768270
937809791
937949585
938014909
938168793
938189008
938405200
938408630
938432078
938686403
938744621
938880826
939007151
939134576
939147860
939191306
939278393
939305262
939314319
939610162
939613895
939686309
939690098
939792505
939826168
940106604
940109772
940227157
940366201
940404255
940500144
940568556
940609437
940703772
940710440
940721116
940870423
940889379
941042728
941310743
941378766
941494063
941602089
941636449
941760492
942004136
942116715
942147237
942216108
942326533
942359953
942454213
942468703
942585234
942619480
942745697
942761201
942871340
942936644
943064019
943077791
943263121
943375647
943725145
943765331
943897518
943965092
944018652
944086558
944102964
944122257
944183283
944379514
944380678
944493812
944503112
944520550
944648737
944947328
945223553
945294200
945457125
945458486
945559983
945561387
946091392
946163238
946339197
946401752
946441838
946486137
946505941
946526592
946669508
946714732
946766654
946878032
946878181
946930348
947007202
947046143
947053896
947058375
947314808
947316907
947438640
947453957
947457093
947472730
947735516
947874832
948034755
948500240
948659322
948703631
948834092
948874528
949085304
949275771
949276150
949584643
949604750
949753803
949759225
949781137
949834926
949948799
949973414
949999388
950065311
950115748
950363305
950391597
950470005
950620818
950623066
950626605
950648239
950687468
950831631
950972437
951026143
951063226
951138377
951159355
951246801
951426824
951617438
951704021
951948069
951975907
952119924
952158316
952403747
952524879
952574328
952707655
952718265
952723947
952811096
952858642
952896735
952931478
953077787
953079984
953177496
953212074
953317774
953583090
953698205
953789787
953813135
954024856
954077469
954141221
954276351
954322809
954336501
954411042
954445774
954447527
954551197
954637251
954842859
955025604
955112263
955293740
955295927
955309121
955346136
955354951
955400676
955490642
955494386
955515321
955726729
955744621
955764085
956163489
956213081
956354253
956836458
956859780
956871493
956908509
957024913
957208677
957212086
957296957
957431498
957500898
957571887
957590132
957599181
957642351
958160448
958195354
958272221
958336099
958429405
958591190
958605545
958750265
958814071
959002904
959063667
959231601
959239598
959262163
959272300
959599651
959659011
959842064
959875761
959929302
960262484
960386999
960436429
960477064
960615424
960833380
960896897
961003047
961228492
961283833
961425154
961442492
961446311
961588344
961674233
961732687
961979909
961998769
962101232
962130587
962278518
962417434
962577477
962592988
962625635
962788804
962799859
962922024
962995543
963414893
963478151
963811796
963882735
963993379
964088728
964139501
964221392
964253588
964371025
964440291
964485959
964752313
964769635
964987401
965062447
965169932
965219438
965259485
965360733
965446289
965468762
965490610
965643869
965715148
965741034
965886022
965954429
966278253
966408863
966523124
966558158
966561089
966588188
966799810
966846080
966874970
966922295
967029242
967071747
967107843
967295469
967530144
967588777
967887196
967993250
968041010
968220621
968231791
968360152
968593979
968625293
968708511
968967323
969132235
969136414
969348532
969450654
969458723
969528024
969570536
969659718
969692498
969734716
969783322
969827240
969877586
970138446
970155387
970198605
970469799
970584258
970609652
970711197
970758812
970789750
970832703
970836816
970843053
970880631
970909501
970933296
970984641
970984671
970994326
971100956
971172901
971272058
971280608
971365364
971458349
971595965
971641685
971707280
971863113
971923455
971956064
972001075
972028458
972065469
972084561
972218101
972446122
972578077
972687822
972818289
972890450
973232448
973299257
973402405
973433098
973443923
973740740
973886106
974040257
974154312
974442559
974527381
974657371
974691783
974704159
974825076
975071496
975403367
975409258
975535762
975617881
975663861
975690951
975825631
975874131
975882132
975981678
976102554
976189736
976215666
976356023
976661349
976667046
976708575
976710332
976765871
976805970
977044508
977045449
977090711
977108521
977109795
977157886
977184009
977241267
977310367
977319571
977501695
977609837
977734156
977840642
977846013
978074257
978310536
978348244
978616148
978646966
978692633
978715267
978887875
978926765
979253041
979270636
979363267
979470222
979844588
979887712
979904533
979970002
980230907
980277662
980362491
980423996
980424042
980442861
980482697
980566208
980676774
980750570
980759557
980888102
980923586
980945226
981076959
981352687
981405526
981442298
981498054
981561143
981574481
981630391
981817477
981902120
982154229
982190093
982380410
982414776
982421701
982504039
982720488
982771551
982826573
982906364
982920428
982931659
983035914
983131579
983182604
983300073
983304305
983313266
983479847
983567520
983579636
983587356
983638860
983654835
983729997
983736197
983770400
983937775
983944610
984040664
984135306
984327049
984376430
984524340
984585430
984748608
984749099
984763575
984885201
984911484
985004246
985059865
985097050
985172844
985184533
985188736
985252768
985531279
985648592
986137994
986282526
986411776
986419682
986440279
986667593
986829280
986885490
986933423
987011754
987070315
987087576
987101390
987183309
987187475
987221141
987235507
987333059
987449317
987687921
987714216
987787247
987912395
987956959
987971303
988185574
988199407
988388064
988489565
988578102
988731839
988772128
988869217
989074001
989188960
989195847
989261594
989271079
989322343
989774705
989821532
989827705
989911849
990090077
990160181
990196252
990201845
990235984
990363567
990369979
990435530
990482930
990558092
990647154
990752197
990929344
991035649
991115974
991159436
991222354
991261763
991321315
991416552
991722405
991770320
991849009
991883104
991994864
992167814
992424463
992452450
992467766
992496767
992519572
992634288
992659228
992694647
992965147
992980281
993056208
993212078
993231051
993335086
993482842
993508898
993549367
993552050
993659851
993708155
993743651
993776084
993801024
993946556
994000431
994024093
994039908
994130042
994148598
994325738
994378009
994391727
994499832
994503605
994561137
994747627
994757553
994829176
994902293
995020474
995030830
995130863
995172277
995214387
995264644
995278698
995294089
995303835
995483509
995572182
995629917
995780097
995852045
995953526
996140398
996271454
996313197
996316940
996333264
996344730
996359339
996517607
996701807
996709371
997192857
997197511
997300131
997327266
997396956
997618061
997712290
997758638
997979897
998235482
998282555
998319300
998613882
998641391
998643107
998816541
998860985
998951941
999042124
999427292
999658061
999671656
999741257
999860220
999943597
