29298
198458
201641
289538
342113
534784
661456
724635
752293
961800
1072921
1095518
1157158
1165124
1198449
1279538
1306830
1351228
1390321
1439189
1583523
1692569
1704527
1748680
1834023
1943008
2081426
2159211
2408591
2567529
2584481
2796389
2802300
2990023
3209625
3357045
3646159
3668725
3712001
3907021
3946605
4140460
4300615
4311216
4435704
4490930
4562070
4692063
4708182
4740674
4850150
5121829
5209697
5409366
5491782
5543274
5656296
5725738
6053827
6223599
6357217
6401643
6519367
6562552
6570940
6627859
6659780
6723748
6842957
6851778
7183787
7220070
7248000
7259202
7283587
7288744
7443952
7456171
7641554
7868503
7894780
7917631
8026986
8060287
8110136
8157517
8221613
8381260
8386850
8388236
8481936
8502430
8587535
8627375
8644686
8810974
8860078
9079206
9176091
9266141
9267887
9322369
9335363
9344673
9404021
9570384
9695825
9848860
9852409
10095361
10156515
10236003
10370511
10377469
10384056
10386415
10511250
10760033
10771683
10793044
10885771
10953854
11072118
11096927
11334044
11369890
11389707
11396041
11558101
11865206
12152532
12228265
12286847
12316631
12371694
12533590
12862788
12975697
13097032
13272029
13390471
13441126
13454108
13489469
13543227
13596796
13597090
13638630
13658681
13911982
13924628
13968263
14090930
14104749
14105853
14140383
14212241
14465783
14533484
14666894
14829809
14903740
14931811
14963143
14985913
15085743
15105029
15187684
15273426
15341492
15374942
15588789
15659181
15762595
15841454
15867533
16160651
16344824
16413850
16419733
16607910
16884507
17035715
17248474
17266073
17344320
17376306
17397123
17634237
17747789
17791034
17895949
18079020
18155706
18367291
18380093
18382524
18470893
18555574
18581989
18596714
18655063
18723917
18815465
19036654
19048384
19338715
19413241
19740115
19765666
19806029
20002288
20050615
20084632
20126805
20138684
20183141
20408109
20486428
20638865
20645889
20717826
20861026
21064318
21104533
21288747
21301663
21378086
21393707
21399541
21473792
21575788
21717766
21733287
21906853
21987393
22112949
22155904
22349801
22505572
22720223
22788803
22829673
22968675
22997212
23001794
23002254
23004418
23016531
23029940
23092321
23130623
23293648
23460917
23694199
23715678
23804194
23841664
24261099
24300791
24369197
24462754
24510297
24564286
24567622
24610242
24630837
24643433
24733943
24768211
24815165
24830887
24854494
24909332
24970716
25150375
25158557
25298104
25456451
25547215
25660212
25691307
26144619
26157767
26253053
26257345
26283149
26325262
26467383
26612916
27199287
27338462
27472910
27504183
27750263
27753329
27853041
27930929
27958576
27963820
28098323
28280166
28357612
28487880
28636770
28802409
28820677
28839062
28860643
28968396
29004502
29126989
29131925
29170770
29243802
29295435
29431462
29462698
29623384
29703376
29714256
29810248
29862423
30027857
30030327
30050492
30110564
30241053
30252027
30693594
30807470
30883924
30898239
30959287
31058335
31149719
31172463
31253133
31312326
31338724
31356987
31485410
31610555
31774279
31967847
32162272
32183465
32238899
32239328
32244971
32353035
32395269
32499575
32501113
32544790
32607679
32641656
32665716
32848463
32878425
32891661
33106828
33269067
33441712
33572514
33713336
33819199
33884169
34002510
34007767
34012555
34130079
34230657
34418298
34493185
34515423
34523847
34566945
34576159
34606056
34619259
34806715
34837849
34888074
35007023
35126033
35133846
35137617
35240667
35269888
35283403
35316687
35393657
35456043
35688235
35704018
35707122
35756164
35771038
35888253
35943040
35945189
35967086
36369260
36497117
36542364
36590998
36698408
36704917
36822874
37065619
37201543
37214754
37247873
37600646
37837343
37960892
38039187
38262912
38300917
38395795
38438731
38505394
38566521
38664256
38675227
38783625
38930254
38972425
39025170
39032195
39086566
39105899
39328985
39477885
39515072
39518865
39530939
39585853
40218208
40451050
40557513
40698587
40712888
40881474
40982725
41158861
41420597
41474753
41483927
41502096
41588632
41821114
42046360
42107643
42116827
42454959
42577220
42644858
42728906
42916009
42928929
43043574
43281257
43611165
43650154
43741514
43745567
43959980
43971303
43973803
43998941
44087285
44308605
44361268
44406773
44625192
44665343
44728475
44828194
44953800
45157241
45210375
45374157
45643650
45651839
45802029
45968465
46248174
46295169
46311809
46342401
46478254
46484452
46628791
46712266
46800285
46834181
46874689
46950029
47004690
47067803
47129391
47130408
47156715
47320673
47428002
47559051
47565223
47611058
47941923
47998052
48101361
48251234
48356470
48603936
48936861
49016310
49029728
49034361
49051246
49053141
49263084
49315368
49438794
49489481
49508460
49523426
49525547
49550810
49660160
49702938
49817858
49957299
50018997
50124331
50210071
50239452
50291620
50333835
50454413
50532908
50648827
50764067
50813871
50975392
51008832
51235889
51343586
51454712
51474526
51772050
51825130
51915070
51917430
52015923
52020089
52169450
52188415
52277326
52301930
52369101
52678844
52765628
52908662
53061714
53187068
53210015
53262914
53531027
53704514
53726341
53766917
53803894
53820998
53964496
54008088
54031061
54053344
54066128
54179248
54229467
54312999
54372015
54390840
54532270
54656594
54827435
54912037
55116683
55140170
55691917
55826538
55872067
55976062
56137776
56442142
56632253
56640959
56693501
56771743
57111770
57232061
57264072
57347752
57497061
57687550
57863465
57885701
57892031
57935252
57968106
58417013
58453549
58689405
58762281
58787791
58908390
58951595
59121561
59167822
59351987
59378304
59652366
59842002
60190523
60227882
60300316
60386825
60440760
60540526
60575922
60591160
60622567
60837490
61149661
61208474
61295726
61366653
61501260
61559638
61580230
61801144
61818062
62108374
62167605
62216898
62250283
62261373
62700285
62706265
62714031
62922186
62973943
63190730
63220379
63505223
63529865
63764834
63792409
63952790
64098630
64429694
64561085
64712388
64780580
64896068
65016461
65078374
65155665
65175698
65224219
65228242
65306705
65559939
65646815
65749861
65794487
66009097
66041428
66148882
66458852
66515605
66594942
66717044
66841997
66903999
67037489
67144320
67145804
67190049
67256476
67410400
67573308
68085442
68102055
68118561
68285432
68453770
68597488
68609294
68634600
68678449
68709896
68853947
69056204
69282943
69294881
69347278
69547598
69574373
69906614
69953790
69975081
70053891
70144506
70186191
70474085
70482540
70623197
70734423
70778434
71099537
71132158
71159354
71160876
71187115
71200519
71296494
71337162
71496797
71547660
71618659
71707933
72064782
72098481
72125317
72163002
72292330
72309441
72413809
72450120
72548785
72561035
72679517
72840198
72945080
72973375
73219145
73327781
73620363
73628842
73754907
73825813
73859307
73924028
74292021
74309316
74369842
74471730
74552715
74634550
74663651
74823095
74838239
74922275
74955275
74967249
75077845
75131185
75836123
76076070
76133379
76311125
76324765
76475571
76525972
76586204
76744396
76807775
77135096
77243710
77250453
77361001
77468702
77473315
77487565
77506789
77629527
77732413
78010450
78099363
78500419
78514177
78753777
78799701
78820953
78946906
79126503
79132737
79145009
79335566
79570472
79604211
79666350
79671501
79676233
79720894
79774746
79979800
80082868
80195783
80206828
80221563
80229118
80262107
80278004
80472094
80543262
80622875
80698080
80736085
80750804
80752090
80788995
80842607
80848518
80893438
80938917
81075674
81283403
81355033
81365343
81416957
81542725
81695218
81796006
81933839
81961601
81969070
82200741
82230860
82392068
82540178
82549384
82569584
82630905
82859556
83029457
83037199
83289681
83486853
83582288
83854081
83945976
84461550
84553453
84687275
84901722
85008177
85031219
85035323
85134417
85327222
85465897
85731944
85837701
85922011
86095473
86311373
86374853
86427941
86522558
86710591
86738356
87069627
87081332
87107720
87148292
87347926
87432534
87458734
87676727
87680293
87680703
87702040
87831191
87832817
87903364
87941833
87970271
87982641
88151951
88262747
88298143
88299868
88471870
88515792
88923894
88978075
89116467
89149253
89164651
89268326
89341924
89343485
89354403
89408334
89560681
89798467
89980378
90006030
90010939
90086935
90160323
90360803
90388362
90528604
90579058
90728200
90772440
90827240
90902520
90997527
91165395
91387642
91396187
91499546
91539809
91547058
91598789
91669445
91725273
92126824
92132250
92518090
92521455
92580007
92618441
92741177
92794627
92816010
92863590
93046318
93120744
93236419
93446486
93527332
93662084
93783200
93868096
93902960
93971135
94075957
94086981
94137631
94302852
94344239
94377240
94407437
94407842
94541295
94564794
94722349
94747149
94831165
94842543
94975147
95019230
95039639
95288101
95393951
95852021
95901273
95912066
95960878
96002563
96064159
96147759
96252282
96253986
96404661
96463717
96474802
96569681
96752384
96898080
97110661
97299852
97352633
97367916
97400665
97511076
97547963
97665251
97696314
97825810
97831625
97983064
98190022
98343328
98366036
98437470
98446107
98532716
98846077
98878667
99189382
99247944
99369970
99450969
99498306
99552172
99568907
99697635
99766109
99774474
99808751
100000522
100157275
100197466
100211883
100444690
100725483
100756269
100781241
100895107
100904579
100920704
100983735
100996287
101012068
101425407
101461855
101570877
101642415
101644481
101761757
101782048
101812253
101814759
101927531
102064703
102172374
102372729
102477490
102645349
102674208
102794041
102853654
102875854
103034190
103060302
103102233
103157436
103228874
103268741
103365283
103622200
103682722
103928613
103959711
103968488
104085876
104295108
104295285
104671235
104687423
104821701
105025881
105030479
105037747
105096964
105098846
105200838
105299666
105314139
105458445
105692029
105768109
105999112
106209576
106220588
106327033
106375072
106779146
106849664
107032846
107182355
107398098
107453949
107455903
107594662
107618920
107662325
107834595
107856722
107888676
107932360
108117036
108187514
108289489
108390054
108543496
108549970
108576509
108614064
108621022
108643295
108650972
108676960
108692931
108705152
108720913
108844189
108986206
109023667
109025771
109415785
109438522
109658407
109678066
109722616
109727120
109728714
110141394
110144279
110170636
110206048
110263918
110288547
110624373
110642414
110906920
110962037
110995571
111117664
111261606
111391198
111477871
111528372
111604399
111616381
111825870
111865419
111986218
112103914
112343906
112586375
112687064
112700414
112733339
112796668
112896298
112926239
112955199
113415707
113483583
113491856
113540342
113551570
113562098
113587478
113683823
113972682
114005728
114023892
114045401
114077299
114148257
114215095
114383245
114440674
114464402
114796316
114926339
115012690
115014891
115105917
115216191
115238957
115292571
115488238
115641509
115931978
115982452
116040855
116176984
116238896
116257722
116282320
116494425
116613878
116709264
116726400
116758023
116770963
116802958
116876897
116881462
116935869
117002507
117091366
117172963
117257126
117265727
117321432
117413548
117539517
117599733
117755785
117817366
117896313
118000930
118031742
118135608
118208882
118263571
118266408
118352288
118472117
118652527
118694251
118694520
118826255
119049573
119343915
119426925
119732534
119931032
119943092
119955192
120091223
120236460
120323995
120454710
120461198
120527020
120557936
120561928
120911948
120930719
120977234
121114668
121119297
121128874
121142435
121176978
121199714
121217455
121278005
121287919
121313713
121406660
121682884
121711187
121716678
121884684
121905345
122112622
122172255
122321776
122428853
122433283
122471842
122555385
122592822
122652186
123059713
123231475
123280094
123421256
123422184
123439142
123492644
123533593
123600411
123789808
123875680
123974521
123994878
124187852
124259213
124322492
124389096
124462329
124728235
124867366
124892437
124960580
124990742
125042545
125170054
125195847
125605792
125751016
125801136
125870078
125886928
126057339
126065373
126072082
126163257
126234029
126240758
126372509
126384706
126461819
126618592
126664275
126695685
126830989
126855154
126877152
126878905
126989342
127015298
127066503
127225774
127311779
127398333
127513230
127723728
127776280
127911364
128070527
128071053
128143857
128172698
128345670
128366688
128441050
128743621
128888038
128911902
128935584
128950293
128979759
129039641
129080605
129487709
129494725
129532680
129607027
129668054
129706138
129829634
129883298
130060075
130099394
130227418
130444165
130503536
130560674
130668682
130678187
130711433
130790117
130872951
131059480
131061462
131140558
131145431
131371267
131380470
131470733
131493344
131520373
131684493
131736645
131771934
131824834
131865723
131906893
131977712
131986220
132072379
132125729
132262767
132284156
132306355
132342063
132477086
132533347
132693066
132742428
132748725
132750181
132841428
133019670
133087323
133145564
133315478
133316533
133329788
133367508
133413186
133429991
133511208
133555802
133611641
133613112
133616690
133629922
133671348
133878976
133903800
133983660
134122062
134152960
134372258
134379641
134381900
134419254
134513674
134567502
134736712
134921901
135033069
135765254
136077220
136105349
136110754
136187370
136279826
136418506
136491613
136504085
136527594
136531391
136536609
136698007
136733508
136779170
136809675
137056491
137143032
137233796
137302577
137325353
137372502
137552051
137711090
137774948
137845246
137929505
138131972
138242552
138287211
138515155
138590933
138832260
138937117
139115901
139151788
139164162
139194352
139253817
139528172
139561855
139678118
139765666
139876306
139987846
140035994
140111110
140177485
140191796
140278294
140289784
140365062
140707204
140711327
140745942
140857593
140862065
140871468
140917011
140981100
141236290
141290428
141328561
141565277
141949372
141957003
141963262
142197863
142801410
143191264
143276279
143337731
143460720
143590376
143617355
143718773
143742216
143998476
144270988
144289574
144325008
144365043
144442284
144728850
144733796
145101316
145220798
145317352
145318383
145366336
145530226
145762887
145809437
145929125
146212181
146313946
146438968
146623910
146630941
146935072
146948133
147494101
147560326
147678594
147694838
147773029
147846553
147903287
147925037
147954326
148316634
148318563
148526560
148874718
149032322
149050196
149168732
149422144
149428687
149486300
149531408
149656827
149731275
149769311
149863552
150028286
150073795
150090134
150141532
150361988
150468985
150568705
150592605
150660337
150786533
150837058
150850076
150909698
151046931
151049879
151169363
151264692
151361444
151372724
151428761
151523793
151663138
151682316
151959834
152432561
152579235
152702150
152781807
152910478
153467476
153521917
153522320
153725675
154162430
154164566
154475705
154534946
154551333
154620690
154779393
154792616
154880224
154959380
155084867
155150264
155279903
155406603
155615846
155752286
155958526
156287263
156643964
156661659
156929161
156957735
157092130
157128932
157196366
157458030
157540566
157612088
157614783
157866396
157935458
158040610
158042383
158060783
158076760
158113501
158396433
158435374
158501636
158590603
158851380
159010040
159044426
159325189
159371853
159598344
159618609
159634884
159672551
159836204
159909342
160462521
160527280
160636193
160824252
160958727
161025813
161253107
161545507
161550331
161634695
161701089
161708776
161899638
162037985
162044009
162214792
162380101
162680603
162790861
162840067
162995290
163133169
163234788
163267221
163273999
163411192
163514995
163577005
163752954
163792479
163794350
163955132
163964413
164005552
164012031
164035833
164224768
164510576
164523555
164679057
164736535
164740818
164823873
164869151
165067323
165149081
165487801
165513808
165616245
165772469
165803776
165862399
165958303
166001630
166069842
166070365
166106801
166364374
166500658
166502687
166521717
166536111
166708098
166749492
166936442
167002923
167015300
167068888
167128751
167248310
167278436
167307489
167320007
167320163
167383173
167436092
167475045
167518507
167605434
167691505
167729657
167888345
168045194
168120351
168231742
168233528
168326772
168359197
168443984
168731072
168756545
168817936
168838261
168968865
169342381
169435757
169523005
169544198
169548304
169653011
169730534
169886234
170241403
170286458
170338724
170364125
170482567
170578412
170617971
170775339
170840693
170931506
171005618
171011308
171054451
171055312
171095025
171205489
171486223
171534795
171884928
172014805
172111805
172161198
172180626
172201493
172336000
172417893
172456836
172573434
172574736
172994910
173010236
173129894
173258741
173328454
173470535
173538361
173740538
173917528
173972861
174005797
174033241
174068513
174136808
174139128
174355684
174435191
174460102
174514428
174714786
174986801
174994838
175055841
175093601
175158368
175186129
175198824
175224841
175265462
175307746
175592033
175615908
175657288
175936745
175959026
175997993
176180665
176382252
176564397
176680341
176692385
176711770
176727919
176770990
176808257
176992809
177139139
177200569
177238810
177373335
177381139
177715147
177732367
177873670
177897191
177911676
177923340
177942902
177984182
178044277
178311650
178361404
178542700
178633498
178702022
178975394
179004281
179097307
179152018
179242854
179481903
179520229
179781870
179811448
179878544
179954205
180012739
180021878
180077790
180161825
180188933
180206890
180315937
180423757
180442756
180616032
180638380
180912820
181068244
181224069
181265875
181612523
181764393
181798710
181814470
181855918
182018086
182027343
182047973
182119611
182203148
182253690
182323016
182394496
182450625
182462099
182578608
182639590
182703225
182861774
182885159
183082354
183104847
183209660
183436474
183653426
183824188
184371032
184520250
184542116
184561172
184589115
184728821
184844961
184860090
184915999
184942511
184957926
185315842
185465018
185623046
185697563
186023068
186131028
186146184
186146634
186229762
186250723
186367344
186430971
186457951
186460264
186487219
186487707
186713097
186812653
186816932
187017172
187096752
187117534
187241336
187299442
187368022
187385664
187513729
187516148
187675968
187821182
187895884
188185059
188216754
188249528
188265683
188283321
188379670
188448930
188660033
188729286
188824068
188827082
188945151
188964583
189115965
189196145
189487251
189565734
189591636
189616541
189647201
189724679
189877381
189968147
189974345
190001480
190150242
190300598
190304443
190524260
190621424
190654681
190692423
190713353
190747379
190980941
190989162
191003420
191104801
191117768
191297066
191672249
191849625
192049737
192124954
192125187
192135426
192248364
192935323
192949825
193270811
193282075
193392262
193528839
193557746
193697614
193769555
193849870
193854116
193875748
193895917
194068915
194476299
194480991
194583287
194722148
194875749
194974095
194979565
195290166
195647762
195781867
195816987
195990422
196361286
196489276
196775285
196928246
197146082
197207619
197292710
197388928
197474740
197569034
197666903
197694249
197945612
197967341
198477241
198512762
198588642
198670980
198833431
198878170
198919020
199029945
199176186
199196436
199436480
199473431
199727090
199782468
199819862
199849652
199921896
199948827
200048499
200071904
200149936
200250298
200262856
200641544
200845953
201060555
201163808
201227940
201248550
201373188
201406884
201466676
201687795
201736210
202046703
202211333
202221048
202301726
202326621
202357746
202500470
202530940
202655846
202698064
202848467
202987994
203042251
203048091
203109970
203299930
203343643
203687094
203756202
204197376
204199401
204226644
204232301
204423784
204443979
204469068
204548462
204571079
204572659
204745125
204838268
204873914
204955625
204964839
205086157
205192778
205198146
205221122
205238603
205295880
205409640
205451816
205469221
205618572
205783541
205808992
205971225
206234221
206255121
206428000
206518299
206526012
206654481
206667342
206674337
206713074
206824634
207056286
207179448
207262986
207514807
207603141
207616428
207659284
207842995
207919123
207947921
208109046
208136474
208162635
208341751
208426179
208427852
208498764
208707103
208717522
208822562
208833451
208844299
208981604
209008217
209095479
209209395
209227974
209242050
209260910
209264046
209334617
209540412
209723832
209789168
209838856
209866351
209878559
210032788
210065303
210103264
210237759
210366335
210419430
210545703
210564186
210660571
210780172
210954260
211054206
211117745
211400460
211411650
211639477
211923080
211947322
212364626
212703616
212778318
212846502
212928850
212956773
213063241
213402207
213628593
213676287
213743819
213863592
214110621
214221615
214241556
214656560
214712614
214780368
214797843
214816126
214987044
215150595
215221219
215230690
215241743
215333387
215419031
215421063
215472037
215530042
215617842
215760892
215805291
215916290
215975808
216395178
216862532
216868328
216911150
217066290
217107612
217188911
217236089
217277855
217336295
217352353
217354209
217876700
218044795
218084256
218105122
218448378
218519272
218711735
218728157
218874454
218905314
219065188
219079216
219249023
219254931
219270267
219437165
219439107
219614380
219618729
219704941
219704979
219729193
219896744
219907447
220035317
220099990
220134946
220245348
220301071
220362215
220585759
220587593
220607041
220645732
220691917
220761964
220782002
220845375
220851162
220907348
220916189
220970870
221104357
221183643
221204725
221316088
221386641
221499548
221586199
221606119
221614851
221757174
221813962
221880718
222016716
222114503
222234848
222352804
222362694
222562924
222616190
222694285
222810144
222971422
223192012
223201807
223249419
223286829
223429720
223502909
223516631
223593957
223615823
223649242
223670365
223706757
223801550
223985523
224006513
224009995
224123446
224140530
224182470
224221490
224632298
224651053
224771902
224869925
224948683
225117663
225249530
225299309
225350814
225390040
225455900
225656169
225659291
225681790
225755918
225757003
225823010
225825338
225974430
226350848
226368077
226413797
226541154
226632600
226689274
226824204
226902602
227145990
227193588
227264917
227268129
227317584
227634825
227859605
227903189
228065753
228224823
228259505
228310174
228447657
228456535
228484905
228508410
228517499
228694920
229049740
229222051
229314645
229351052
229360688
229492852
229507241
229777403
229805056
229916034
229950877
230025724
230263626
230389170
230527937
230559722
230596588
230645137
230681369
230739276
230833565
230876754
230972304
231309057
231320450
231341607
231434222
231454959
231583769
231667562
231838961
231869199
231871943
231898232
231997552
232174088
232617578
232687248
232848751
233111167
233111250
233146403
233324150
233386412
233415614
233633946
233700390
233739769
233764066
234075405
234197622
234372209
234389966
234402116
234423061
234680517
234728070
234746372
234859555
235020687
235185276
235391285
235554387
235670932
235819314
236033111
236176489
236228261
236263556
236308637
236352499
236429914
236435334
236508685
236694533
236795964
236808610
236817657
236823892
236828529
236913729
237146674
237342457
237415392
237489753
237588113
237840834
237852709
237883005
237944142
237952380
238023906
238252124
238393460
238763926
238798258
238873123
238923032
238925408
238976839
239125732
239135666
239150653
239159831
239235266
239309760
239312504
239345001
239423107
239428348
239508802
239541422
239547969
239663037
239688412
239758945
239943650
240022763
240089073
240129916
240153824
240178210
240231629
240237683
240248300
240370011
240444745
240484948
240728784
240874474
240945398
240973849
241050573
241131288
241200476
241579277
241691646
241759814
241825017
241909557
241920764
241940418
242316055
242333179
242585583
242774591
242787218
242812781
242828389
243206647
243271867
243281267
243363411
243543053
243580933
243613493
243769498
243846327
243924160
244201624
244276865
244371341
244457196
244670027
244699051
244878860
244932022
244944321
245177616
245260590
245418229
245451572
245624482
245632599
245640854
245651497
246055338
246219474
246384457
246428468
246589762
246605257
246605535
246773420
246795543
246881035
246899937
246960744
247072506
247474459
247582944
247678266
247695636
247754122
247763977
247783763
247877142
248032960
248043251
248097043
248098659
248374776
248553143
248687614
248922789
249094398
249232699
249351447
249538352
249580586
249637810
249676664
249690620
249923890
250055488
250072300
250105387
250216732
250312524
250987912
251049565
251097051
251178163
251636799
251746800
251753341
251890618
252221052
252363607
252429892
252509285
252800370
252826719
253031101
253046083
253054396
253197240
253337596
253362264
253447755
253448973
253506798
253635983
253763628
253856426
253879246
253916089
253917163
254034932
254179349
254245346
254251317
254572049
254671902
254833240
254925498
255066397
255248323
255312177
255312642
255437403
255446857
255448443
255518261
255527809
255580850
256005204
256255628
256339884
256423726
256542493
256917078
257009985
257071204
257173240
257183162
257238743
257471391
257685756
257768926
257777423
257884061
257912206
258015495
258102706
258115482
258144948
258248507
258297430
258541015
258621733
258882299
258886828
258959101
259079826
259170595
259203111
259242775
259449570
259451001
259460249
259551671
259782235
260147325
260235509
260373113
260397172
260445645
260918453
261084652
261182911
261231021
261250486
261506494
261660800
261753784
261858201
262092219
262153791
262274378
262321489
262461755
262486353
262521363
262628030
262652208
262763137
262771691
262876214
262911458
262945801
263045864
263267371
263355946
263374889
263471702
263474693
263492418
263565274
263768022
263896739
264378094
264465596
264520849
264573006
264647881
264782328
264825879
265214650
265342176
265355465
265480851
265633674
265648152
266268183
266317598
266369538
266381993
266476943
267034216
267039647
267245424
267558163
267699509
267801141
267866787
267894803
267913061
267952176
267958617
267975414
268063746
268098813
268138565
268142570
268287879
268353004
268531274
268628520
268933317
269065639
269200185
269208258
269246095
269517612
269519077
269584769
269602920
269616682
269706642
269898962
270072161
270077367
270103805
270153315
270189114
270229337
270307197
270566521
270584979
270595377
270616841
270773764
270870271
271050978
271093225
271234200
271349031
271719967
271828242
271973030
272111838
272155246
272299733
272461247
272485650
272597464
272597857
273236452
273375089
273402269
273644897
273725742
273726865
273917144
273975178
274190544
274267586
274442543
274541294
274553184
274613823
274710448
274858286
274867947
274903228
275423646
275471462
275552114
275570685
275660019
275706233
275726605
275926217
276127554
276605479
276622235
276653971
276660997
276683812
276695482
276807314
276841215
276859463
277100060
277147746
277297055
277557644
277760077
277819581
277857602
277908669
278077508
278091058
278104509
278217948
278470227
278506447
278672273
278839451
278937633
278962921
279228100
279350923
279430809
279495449
279577664
279758172
279970357
280114972
280189737
280405271
280469893
280872067
280987953
281505458
281598070
281691932
281861638
281919883
281975994
281980161
282070253
282092066
282122579
282127737
282203866
282292508
282436226
282449351
282595292
282736124
282910359
282923559
282944878
282979383
283393888
283447653
283448489
283497689
283567125
283589054
283676359
283937687
283965318
283976737
284143744
284235319
284243388
284347447
284536465
284547405
284571725
284616014
284728485
284758435
284920013
285070500
285089429
285123451
285404513
285412053
285463415
285665913
285936399
286012076
286158797
286522566
286526136
286536052
286652431
286688056
286752466
287056992
287076247
287114180
287152421
287260174
287429735
287495148
287535737
287651655
287691969
287705985
287716526
287793031
287800549
287801325
287888171
287904665
287962995
288034755
288199127
288341159
288348032
288374961
288431404
288574635
288744386
288752970
288956789
288994640
289008977
289138207
289207907
289433320
289470337
289677781
289791289
289901211
290024673
290044326
290090754
290100371
290402762
290453172
290530664
290543854
290740037
290924073
290941822
290988441
291108340
291165516
291402876
291476013
291501679
291535600
291769118
291843729
291990641
292109841
292111235
292179035
292376812
292597385
292634168
292780626
292803290
292808198
292848932
292952980
292989830
293103245
293110057
293155184
293257609
293674533
293752944
294221898
294279355
294383178
294534218
294627772
294667998
294836446
294864053
294973832
295196661
295426052
295426716
295500849
295509273
295529572
295716041
295728135
295739972
295767579
295960639
296100401
296252158
296492715
296508169
296890489
297012365
297492590
297511862
297634880
297782664
297861488
297895596
297969380
297970428
297981827
298247226
298270658
298288867
298452355
298700750
298914781
298935815
298963934
299019639
299088873
299092472
299178732
299203310
299277565
299279165
299730557
299740307
299821312
299884981
300039054
300157309
300252318
300338774
300582559
300590710
300650114
300681142
300704479
300742733
300936692
301060321
301203170
301271385
301461282
301511055
301694375
301745152
301859084
302018994
302020666
302242047
302269208
302310613
302391598
302430681
302454542
302493620
302558211
302958065
303082318
303103634
303219813
303398472
303425818
303693745
303694913
303803456
303972474
304002815
304098008
304198506
304287581
304332737
304431862
304567447
305089308
305184477
305263878
305349422
305377709
305636149
305866187
305881021
305889728
305971749
305986361
306110519
306259311
306261247
306311679
306343403
306392839
306671068
306772932
307030892
307102623
307324618
307374719
307421412
307507618
307600856
307701286
307702997
307735744
307799194
307908779
307948261
307990083
308007073
308029312
308052073
308182038
308428133
308626686
308858219
308938388
309061625
309064133
309111176
309167300
309186565
309207530
309282203
309330697
309333999
309403996
309481563
309958749
309980392
310099989
310309428
310606902
310697782
310701088
310746037
311029340
311185050
311195355
311201018
311214893
311313500
311550505
311631495
311685153
311787739
311855246
312006262
312081650
312208480
312253641
312284320
312630538
312990101
313081902
313257502
313345687
313611571
313701296
313761537
313889134
313920869
314008672
314493023
314558525
314626399
314661272
314871761
314988722
314991021
315102320
315150726
315192527
315242606
315427739
315559398
315768583
315777209
315877918
316128688
316153360
316179985
316296486
316405324
316462969
316600440
316624919
316642120
316737365
316774373
316817776
317166314
317188596
317249178
317321701
317459901
317556656
317594832
317734240
317843827
317858453
317959148
318021195
318066348
318224774
318266995
318271619
318278204
318410505
318693511
318696215
318704362
318886964
318953652
319086628
319123002
319181334
319279347
319516892
319641677
319768347
319787154
319805370
320280205
320340846
320359334
320398947
320399721
320428809
320540634
320698505
320757111
320997275
321072066
321127875
321239339
321261346
321326872
321436756
321592475
321628289
321649842
321790486
321867510
321888538
321925217
321974666
322013276
322029998
322038775
322126964
322203963
322716788
322732119
322763881
322877693
322895434
322942373
322990864
323048526
323068257
323177990
323392926
323407535
323409277
323753126
323815414
324041676
324165817
324194444
324355699
324511400
324512306
324617474
324628820
324629047
324778540
325146148
325210282
325626515
325702754
325702823
325746779
325799524
325823818
326306601
326309177
326330056
326356042
326401304
326410240
326573561
326699290
326715748
326836061
326926052
326933390
326945897
326953273
327075092
327137465
327171455
327309295
327495660
327640918
327652583
327708673
327749639
327945353
328305279
328325837
328391613
328467278
328569914
328828625
328916082
329010272
329145842
329253741
329254807
329334614
329384998
329409424
329531109
329814148
329834383
330091206
330131357
330280645
330471244
330599529
330928361
330937920
331000413
331083388
331133609
331289507
331313650
331364420
331415892
331451041
331560246
331567310
331568941
331667415
331758254
331761138
331800155
331913450
331927836
331975380
332128266
332323871
332388539
332444093
332891224
332962836
333090562
333138974
333151657
333242438
333265985
333315332
333394174
333424898
334018159
334232832
334289784
334452816
334466153
334504695
334658390
334896217
334942524
334990761
335544613
335556408
335615903
335647414
335664497
335666210
335711162
335949418
336114323
336115010
336118061
336181565
336236449
336548790
336566601
336762615
336763803
336848675
336898652
336959309
336992510
337121872
337182526
337243346
337315961
337318745
337347808
337389537
337411364
337580660
337591036
337617024
337743868
337761312
337821543
338028678
338271171
338359481
338715288
338895382
338989282
339152548
339225195
339341416
339511146
339588754
339733651
339756570
339757389
339827179
339827754
339832331
339959228
339997758
340097504
340148627
340158209
340163500
340414956
340479422
340498719
340515242
340624215
341000386
341211201
341213166
341221318
341296786
341498849
341573148
341758092
341823434
341836330
341901075
341936339
342015586
342056631
342164674
342188975
342222989
342272614
342290081
342306899
342514298
342680363
342776772
342820671
342849265
342889951
342900943
342908936
343158052
343188157
343239554
343291494
343371618
343529511
343733770
343757680
343766052
343903904
343973468
344018138
344055840
344080344
344086536
344152365
344297678
344554260
344646078
344664117
344679605
344704297
344832607
344911146
344939791
345101293
345321101
345510447
345615788
345655635
346103489
346108849
346433337
346542106
346634998
346697857
346746034
346897725
346972257
347135700
347228180
347443865
347579237
347717591
347899756
348095127
348180087
348191985
348369869
348452498
348531818
348664719
348903642
349073176
349293879
349463828
349601052
349611447
349644361
349788625
349814244
349907556
350051185
350073176
350278683
350321579
350359857
350474570
350581055
350596171
350607693
350764307
350777719
350861410
350922864
351376431
351551652
351696611
351952530
352166098
352321882
352356698
352423994
352470178
352558058
352622978
352815886
352826823
352830082
352887710
353243932
353259214
353320560
353534302
353700331
353720790
353783525
353796740
353951670
353977525
354116350
354122639
354236826
354463173
354481719
354589674
354771818
355195466
355269223
355392772
355502926
355637223
355777124
355942593
356046058
356146662
356165674
356244207
356246304
356284203
356315049
356595722
356749579
357051948
357488126
357506802
357508236
357529825
357646107
357646529
357682064
357751274
357896113
358007502
358266349
358322961
358380158
358387888
358439580
358444269
358531166
358618321
358761124
359457048
359488205
359509400
359515252
359553622
359758305
359984929
360020049
360026169
360453992
360504390
360603001
360615405
360635440
360638096
360674384
360934846
361000494
361160501
361499823
361500816
361551925
361597862
361608815
361628735
361893072
361917499
362106643
362121574
362198930
362360826
362652693
362657239
362683230
362785810
362907146
362971374
363079145
363101502
363195206
363250464
363402274
363620849
363628802
363701797
363778817
363952667
364029746
364043346
364094548
364291514
364330545
364471489
364476476
364552572
364699420
364745530
364878400
364896753
364957207
365033418
365043263
365141294
365217543
365287173
365296110
365497803
365526589
365579338
365620497
366012807
366091292
366158601
366647804
366712439
366841786
366847477
366852896
366896696
366941902
366957747
366962462
367004541
367089225
367178746
367329996
367355872
367472805
367714041
367786965
367888530
367893153
368086433
368120065
368143277
368240292
368320080
368373330
368499650
368527521
368567525
368576559
368577129
368600739
368658488
368813126
368932344
368938822
369273170
369288321
369333893
369335749
369377964
369606756
369849469
370026384
370102328
370120597
370387100
370403020
370546188
370624557
370684373
370697550
370897132
370903383
371051731
371077364
371247304
371352618
371370732
371383824
371387493
371391582
371505682
371561512
371672459
371679089
371729479
371937605
371973997
371985627
372310167
372367138
372415088
372441716
372489850
372555762
372637688
372776680
372802309
372828341
373021857
373035718
373199949
373317081
373363531
373369595
373494640
373508095
373664789
373721600
373769107
373823570
373867520
374267876
374285375
374425909
374433743
374458863
374863057
374867649
374947620
375043321
375077280
375174510
375419585
375525923
375613067
375628961
375716896
375789464
375858738
375954370
376059345
376117593
376131948
376190130
376288432
376431356
376505280
376557744
376782544
376783422
376838939
376847812
376880061
376929716
377008880
377019838
377214776
377244563
377278414
377382966
377581425
377693846
377701845
377743104
377804017
377833676
377995600
378132284
378259831
378383045
378580508
378620226
378740348
379012622
379077355
379312752
379566237
379638135
379845939
379852607
379868677
379932445
379943926
380148935
380232398
380353298
380513421
380676612
380732299
380937803
381081088
381091214
381162685
381240549
381313868
381382432
381529939
381573141
381573839
381591019
381769217
381777745
381939395
382115239
382118963
382208108
382208295
382255856
382302234
382308351
382346097
382370792
382584241
382611345
382874169
383010549
383086872
383273504
383285190
383596485
383620552
383653695
383825180
384067962
384088366
384257040
384325523
384545620
384603702
384648710
384675010
384887421
385071077
385078805
385201174
385205077
385717849
386004633
386021413
386037079
386101828
386229949
386290332
386330765
386387261
386474990
386537019
386638416
386699991
386701546
386707772
386843607
387012946
387174888
387231828
387298747
387344984
387513450
387557024
388028245
388389604
388460372
388516794
388641324
388804235
388830705
389018863
389119760
389261509
389385835
389444779
389477888
389800754
389853099
389886412
389959622
390270629
390355023
390574362
390610056
390802217
390923347
391401215
391406156
391406329
391505281
391817838
391864660
391883354
391944161
391991970
392023966
392169101
392221778
392311812
392408970
392432855
392540988
392564983
392583235
392994582
393315459
393315939
393410330
393462413
393475704
393554022
393557771
393562170
393575011
393621720
393702222
394032997
394125889
394154266
394240813
394416712
394500981
394572671
394697158
394839122
394840142
394869744
394964696
395040875
395060388
395300369
395334211
395550435
395581622
395589717
395755628
395780118
395791056
396050387
396059504
396094914
396116800
396456108
396525766
396548167
396706917
396900259
396966607
396967110
397197711
397216961
397290876
397407210
397429642
397479016
397574584
397638170
397660122
397885561
398394463
398714562
398841992
398905554
399075179
399384091
399458291
399485373
399586400
399677336
399706697
399898734
399902605
399934159
400205976
400315599
400381183
400624994
400899240
400956533
401082178
401228183
401272162
401291078
401295663
401302202
401425613
401552084
401595899
401647228
401701390
401747914
402354321
402496359
402631403
402730163
402847944
402916253
402975487
403024976
403069620
403123417
403156008
403203950
403206351
403483755
403684221
403794445
403973494
404111281
404134506
404149784
404185058
404234347
404475666
404677905
404723591
404749703
404978649
405209884
405242138
405247787
405255334
405383241
405443330
405477277
405515533
405760205
405802741
405866133
405912468
406073960
406173343
406267960
406285310
406360142
406634797
406635115
407034129
407121447
407132185
407136527
407189118
407367175
407539296
408160175
408217572
408225542
408272215
408386620
408410022
408463367
408563980
408619232
408967066
409141584
409285711
409552984
409852470
410166397
410371497
410388523
410394305
410556064
410573562
410608446
410722725
410988231
411154891
411272856
411377014
411442771
411494778
411821750
411825358
412049321
412100962
412136600
412210691
412320026
412375258
412486634
412566225
412633301
412647133
412795281
413225120
413486390
413488438
413604329
413642913
413686493
413912527
413992678
414173859
414188007
414233012
414401697
414478054
414580305
414608912
415038384
415107631
415225240
415264819
415394930
415431637
415542948
415666738
415878650
415879384
415900346
416164822
416190265
416234985
416240728
416256816
416262858
416281317
416338453
416370021
416481186
416766678
416767513
416804418
416850413
416852662
416977820
417002697
417135407
417347777
417359112
417386701
417686840
417742081
417772566
417772747
417899672
417923198
418206399
418215891
418236780
418497663
418559530
419486976
419533843
419649695
419650031
419657299
419901644
420103014
420135500
420312110
420410227
420462506
420466566
420571223
420625655
420630194
420639736
420707177
420808657
421224988
421251637
421260965
421295267
421362090
421362839
421407773
421425706
421460189
421499657
421635325
421660333
421712159
421771510
421788586
421886809
422155276
422199493
422296680
422367527
422723190
422738118
422805874
423042730
423147316
423183615
423360737
423809555
423920649
424083266
424091751
424150101
424178681
424206265
424209599
424300027
424310783
424318206
424394032
424445295
424556965
424647255
424698157
424716710
424853575
424907134
425032608
425041569
425128413
425281051
425375187
425530516
425675556
425690385
425759035
425764386
425765878
425846748
425950932
425999286
426118082
426144933
426231475
426337499
426463994
426518629
426664822
426786559
426992183
427114521
427160372
427196871
427214589
427284160
427593121
427704499
427878855
428118505
428153470
428211248
428355405
428405362
428516463
428656245
428720540
428810050
428847802
428986893
429057677
429059133
429544575
429548047
429578925
429582796
429804773
429941208
429950327
429999847
430189935
430404006
430438276
430491965
430549466
430600104
430681985
430782354
430947143
430966878
430988446
431304457
431410195
431581102
431716134
431752580
431783274
431902259
432034913
432084351
432124491
432225302
432239649
432340471
432408583
432580204
432666050
432686720
432788863
432906554
433172475
433193668
433257943
433427573
433490693
433530341
433924404
433944963
434006678
434167017
434178573
434267393
434385960
434390627
434435986
434599583
434617085
434625049
434629140
434847393
434997941
435051663
435059556
435113218
435266037
435544158
435650261
435715105
435725036
435961752
436170581
436175844
436265276
436498835
436696286
436792272
436814186
436814607
436941200
437076261
437187505
437279420
437359614
437498338
437585757
437740930
437884029
438063625
438078641
438088238
438204487
438329162
438350137
438381219
438525130
438529141
438731431
438763357
438826673
438896236
438949175
438974506
439183478
439266843
439460743
439528328
439536634
439591955
439655257
439681299
439684408
439818262
439868878
439987531
440214441
440301270
440375522
440414114
440425362
440454799
440666273
440684732
440766437
440913691
440936729
440986541
441101210
441193730
441304807
441344778
441489758
441621419
441656846
441727769
441854591
441923310
441997797
442013051
442142845
442183006
442303188
442336149
442357632
442394359
442502312
442522881
442646830
442702651
442744255
442800740
442848516
443140042
443250059
443277754
443434010
443534426
443635689
443665864
443684492
443685614
443708949
443829102
443944574
444019819
444059155
444148304
444509722
444807014
444830150
444884550
444962010
445177974
445215540
445276860
445371995
445381051
445573354
445653978
446013356
446148322
446268924
446346096
446509574
446700020
446740297
446750171
446838179
446883923
447062229
447165082
447225775
447304970
447405051
447549322
447555678
447883577
447922776
447951556
448037580
448231560
448257883
448276576
448326513
448394173
448397837
448476173
448611404
448629975
448749963
448750852
448755018
448778061
448844630
448852987
448895751
448972170
449120443
449185395
449202277
449259796
449267558
449293818
449349558
449378073
449409955
449434968
449442642
449590866
449790893
449843117
449924057
450121244
450254852
450398017
450474741
450623074
450707966
450836877
450962973
450976383
451015314
451090067
451138165
451208271
451265442
451276739
451419397
451426014
451431022
451478728
451490591
451506295
451589847
451771431
451907463
451923740
451925166
451966341
452000990
452051802
452093475
452151355
452159193
452162837
452797451
453126149
453144120
453345338
453380765
453383106
453537259
453584160
453586807
453596996
453882921
453931784
453965184
454061368
454135544
454162473
454189173
454321279
454369108
454517739
454521502
454747864
454862671
454932880
455043135
455117488
455197125
455318436
455414525
455451179
455452969
455549136
455563811
455598797
455658769
455812276
455906831
455919277
456026164
456039452
456062283
456092437
456495862
456526594
456558256
456594801
456608834
456650391
456662898
456694634
456694897
456704870
456709891
456865157
456893396
457101795
457107445
457314089
457477525
457780423
457874729
458039421
458067313
458099736
458154066
458268390
458293041
458342749
458351461
458375478
458565437
458619687
458714660
458775706
458873098
458920492
458958309
459284979
459298975
459394758
459419309
459565936
459594939
459649798
459867851
459892563
459907258
459991186
459994501
460041930
460069234
460088354
460124667
460694152
460745776
460763326
460826837
461136091
461221674
461334734
461426016
461464773
461715824
461852167
461910581
461919977
462112731
462153159
462222192
462237893
462334999
462528509
462731886
462817302
462922087
462944035
462991301
463098796
463117917
463324575
463405060
463489560
463527382
463859637
464122037
464139299
464290492
464336820
464363365
464490553
464544805
464636197
464674134
464675797
464695560
464715470
464753313
464763042
464778652
464999823
465043590
465048140
465190550
465227880
465264858
465352287
465384297
465487153
465509004
465567818
465722264
465753274
465881695
465894841
465965015
466050793
466126308
466232296
466239812
466433992
466499236
466508160
466524320
466707222
466712918
466770920
466887959
466941973
467063430
467108927
467192340
467441631
467460928
467589676
467650961
467658938
467822893
467858394
468145499
468187215
468328986
468352232
468541046
468573493
468943948
468986308
469052606
469238057
469322559
469437332
469442165
469483412
469495953
469680506
469725970
469733344
469936927
469942059
470161222
470215557
470242472
470405292
470871878
470909448
470969952
470993682
471046569
471060975
471090263
471534406
471549767
471570642
471588727
471717583
471882176
471913204
471936778
471953501
472098222
472298236
472303239
472318438
472384958
472411452
472482803
472508530
472650930
472700956
472753978
472823254
473104488
473108158
473144895
473426569
473454789
473461063
473470497
473491790
473797067
474231753
474260916
474579642
474701655
474803271
475060029
475404464
475482197
475513483
475653596
475664770
475930775
475934073
476027890
476171809
476196727
476389780
476446460
476916100
476917725
476954462
477015136
477086057
477128185
477200073
477208975
477258454
477285276
477290611
477482558
477575719
477891782
477929179
478037379
478104582
478124698
478387296
478423191
478573780
478581036
478687948
478737449
478800918
478814900
479058904
479140906
479266405
479312277
479396289
479436728
479439938
479602164
479761525
479853364
480005415
480045603
480480214
480522203
480811331
481112195
481149907
481162878
481277826
481409342
481756393
481769281
481826303
481923761
482072213
482371192
482393398
482428829
482468262
482474884
482544794
482607595
482613550
482716409
482819206
483139968
483158465
483215500
483349902
483391652
483432304
483618094
483634218
484047799
484092944
484488887
484521840
484528133
484692933
484719591
484761261
484770339
484854060
485158446
485255117
485328933
485335453
485555399
485583603
485819992
485848988
486107546
486287983
486342018
486403492
486527118
486554345
486556047
486799070
486837784
486876381
486996933
487008829
487020641
487061624
487180186
487432053
487439922
487467731
487479713
487635643
487678702
487747121
487774238
487954245
488042668
488080662
488098380
488118388
488128338
488140852
488231722
488541412
488613710
488621105
488652783
488729297
488765222
488890885
488959940
489170376
489287303
489309508
489423235
489526482
489573666
489573922
489593308
489730572
489789420
489950006
489994948
490073812
490135220
490204273
490233046
490238856
490346555
490531189
490544985
490572596
490635092
490832882
491178535
491343251
491531525
491620670
491720934
491722957
491852510
491974996
491978358
491988399
492003377
492022082
492062765
492069468
492087633
492236895
492431414
492580154
492599415
492763684
492769234
492785863
493011355
493385937
493614699
493633930
493652402
493653185
493698952
493714578
494046432
494336945
494339511
494399617
494401044
494600238
494713931
494723336
494851803
495289266
495497611
495626827
495639239
495805807
495898118
496178720
496227827
496230217
496288871
496377727
496388946
496476163
496499648
496593083
496620270
496659905
496773145
496882183
496985020
497015842
497024475
497039446
497042944
497212508
497335064
497374676
497444666
497525105
497650245
497665987
497740656
498063180
498076901
498150036
498245714
498345829
498593568
498723568
498755371
498893017
498915734
499002224
499021283
499287443
499295782
499354531
499377251
499393623
499577432
499611705
499734461
499778403
499964098
499997042
500059550
500124551
500224988
500379595
500439242
500440883
500482667
500499560
500503513
500764662
500775151
500873841
500876561
500914161
500958462
501112454
501329445
501383776
501390794
501559971
501624105
501782570
501990668
502048293
502079406
502166297
502291110
502394086
502607000
502790333
502866896
503024453
503170400
503242398
503281957
503317097
503577361
503916404
503985680
503994409
504055819
504332966
504452084
504494614
504495975
504690931
504692269
504741902
504852810
504855275
504907872
504922808
505006465
505022065
505074415
505353504
505372153
505436039
505496441
505596506
505665862
505687854
505732751
505888311
505889546
505913827
505989438
505990036
506001020
506182390
506389107
506400442
506530885
506649733
506651022
506709704
506759805
506917472
506987883
507046976
507293536
507382035
507389245
507834609
507836495
507852826
507917653
508050659
508123072
508130671
508274756
508345140
508383354
508528341
508567438
508598441
508599303
508599308
508612815
508642711
508685205
508704264
508776232
509042300
509204025
509285908
509433212
509491281
509579726
509739695
509814314
509844028
509968771
510178724
510212630
510729585
510745284
510751232
510945060
511056924
511309707
511455747
511530529
511563219
511703176
511915799
511953081
512062818
512064594
512547403
512555214
512655845
512657422
512693549
512722643
512742636
512932656
512941493
512950685
513025288
513149196
513198014
513262746
513463783
513548608
513619522
513666703
514035610
514133746
514200568
514223389
514265762
514320207
514970701
515228083
515312572
515327402
515503879
515524081
515616657
515892294
516137431
516138685
516472309
516495239
516528069
516588757
516716659
516735612
516759479
516921936
516923658
517087221
517121845
517293214
517396081
517507606
517547556
517608799
517622920
517636911
517672969
517709645
517915332
518099794
518183082
518259312
518273995
518444289
518728837
518806415
518826450
518905777
518913578
518924663
518977051
519022032
519061040
519217478
519443327
519527769
519588970
519645715
519706063
519731199
519770660
520236240
520252840
520373427
520450002
520611493
520774294
520878653
521413567
521485429
521494318
521505315
521533424
522162235
522212000
522261854
522353509
522388118
522569281
522839933
522860394
522932512
522961610
522975444
523186402
523229902
523272091
523371120
523389717
523421388
523473211
523554909
523879122
523913770
523995714
524109102
524167973
524732087
524911749
524914207
525171264
525227173
525286786
525473870
525511846
525726123
525773709
525883444
526002345
526049783
526153691
526160599
526171571
526309059
526420720
526452206
526487117
526598107
526749308
526869959
526930226
526951445
526978271
527200308
527234420
527290841
527452507
527467990
527530216
528025241
528061353
528147648
528160673
528495554
528497007
528499723
528531819
528546523
528625168
529004007
529036834
529269346
529294413
529303260
529392500
529760102
530100812
530169473
530301205
530394108
530459864
530561608
530999126
531156240
531228503
531574800
531617258
531713296
531800428
531925434
531969843
531972517
531975315
532009673
532026404
532163846
532261168
532322763
532510171
532554842
532761175
532868917
532973389
533282951
533293962
533463359
533465637
533559775
533604953
533640146
533662002
533670259
533836839
533851471
534181990
534246573
534628771
534798316
534826713
534842699
534931026
534973094
535091246
535108157
535113434
535303952
535339354
535346914
535350754
535377032
535490690
535600279
535649441
535664809
535716522
535778863
535860329
535882583
535886329
536131243
536204585
536336775
536389305
536574725
536949739
536998926
537063597
537095687
537116754
537146079
537171076
537229355
537280754
537282540
537397577
537440057
537489249
537514943
537525958
537748091
538088897
538101712
538111113
538298356
538363345
538405789
538480067
538729464
538769549
538899197
539076091
539318990
539408002
539441209
539485477
539533137
539565895
539606795
539815315
539857011
539935610
540086651
540275420
540277613
540319298
540389642
540411822
540485247
540549457
540690612
540707616
540722365
540824062
540878763
540900525
541415329
541583907
541629310
541664058
541751100
541756078
541767309
541937888
542005770
542208384
542252929
542347665
542413046
542505263
542598777
542689582
542747064
543196175
543203681
543282289
543282310
543662907
543683194
543720523
543995134
543998665
544116202
544121828
544306840
544323805
544455529
544703559
544756022
544769647
544831968
544937221
545007007
545050702
545429364
545499967
545501483
545624081
545626282
545657108
545779826
545875983
545890609
545971692
545991628
546003310
546017051
546280728
546378347
546392789
546593343
546620876
546687367
547168148
547182312
547506013
547512335
547769055
547828718
547971670
547985349
548098100
548179822
548377644
548434182
548548652
548594099
548631098
548941207
548960378
549098784
549158110
549185051
549334709
549408460
549526152
549589104
549592217
549593122
549813712
549833060
550169783
550247748
550301085
550307271
550453623
550515169
550549877
550614751
550685415
550743998
550839756
550946584
551078592
551247475
551262830
551275244
551356968
551446104
551557779
551602029
551901880
551979029
552027335
552139584
552265581
552284442
552669122
552706215
553005518
553101228
553136293
553138774
553455184
553510215
553511840
553714092
553889301
553930374
554275336
554303908
554500610
554584135
554671763
554676951
555076819
555108243
555151555
555228460
555412305
555448140
555869199
556203431
556205741
556391290
556447219
556454996
556500441
556509511
556627079
556655268
556665708
556718328
556737077
556761162
557037386
557396045
557538911
557546169
558120754
558138568
558163434
558198069
558313406
558427600
558457028
558589194
558680944
558828412
558865846
558910227
558919801
558948219
558963491
559107839
559306793
559428658
559588311
559708942
559869375
560320894
560337166
560338229
560529573
560669918
560677406
560897030
561015401
561069481
561359388
561777872
561857225
561887081
562034317
562686182
562703143
562734564
562782453
563089378
563182675
563270227
563618806
563693846
563747316
563861230
563916543
563975591
564024929
564027271
564081835
564119193
564143029
564172403
564192115
564512156
564558724
564617537
564651912
564842347
564862339
564889866
564979273
565043391
565077403
565132998
565157443
565197493
565403791
565494829
565725809
565802578
565829379
565956576
566029764
566158206
566163234
566247144
566450610
566562802
566597419
566751291
566806501
566928469
566931239
567268790
567288278
567351300
567364253
567376762
567384246
567404363
567772780
567821962
567883890
567904516
567913408
568018539
568054193
568054958
568104078
568182883
568334121
568378436
568391618
568544366
568698793
568712416
568862500
568878388
568902322
569098227
569118077
569179561
569256465
569374699
569504494
569622433
569704751
570205071
570250170
570364110
570506584
570578491
570600193
570627184
570760631
570802213
570937900
571138225
571217004
571260263
571317370
571410465
571416525
571432873
571472099
571538562
571552701
571825345
571925138
571970916
572097615
572353865
572591696
572892227
572902079
572978980
573033541
573079491
573108589
573437810
573546771
573624168
573701588
573718592
573797985
573863682
573926120
573991279
574016967
574138994
574249307
574267787
574463332
574500888
574751112
574832395
574990819
575471816
575590349
575632767
575646866
575740411
575751929
575917080
575923670
576011452
576046665
576140357
576144884
576237123
576451374
576581034
576760298
576796860
576823285
576841983
576871861
576875292
576994525
577061735
577166175
577389018
577446714
577457227
577515818
577856129
577970029
578110829
578530230
578557973
578581778
578658824
579188653
579394063
579526883
579648718
579797309
580016354
580334402
580334836
580334890
580381071
580393680
580421863
580435295
580468879
580490583
580628834
580831712
580841805
581117387
581163650
581269807
581420875
581492112
581646002
581725715
581786948
581830692
581837523
581856994
581860797
581896470
581937017
582122635
582294098
582344232
582392966
582478471
582583067
582589592
582746094
582809959
582990955
583006062
583021144
583087038
583094186
583138976
583169639
583234411
583259958
583735912
583773963
583928332
583946634
583951913
584067135
584141325
584234362
584765421
584775406
584849255
584863061
584944349
585097837
585109927
585112263
585209632
585258260
585310648
585412935
585518287
585665962
585685862
585779583
585837083
585873041
585889675
585958378
585987585
586043397
586072009
586108331
586178466
586266407
586267532
586280310
586354954
586377156
586518750
586798981
587182550
587261858
587320841
587526104
587550150
587561842
587578090
587601062
587764071
587825382
588183137
588248207
588291427
588388664
588455938
588474242
588479146
588713588
588745446
588767293
588820999
588908225
588959469
588986625
588998934
589103150
589237730
589290364
589324667
589666617
589725798
589856134
589951059
589956939
589989760
589993447
590036466
590157039
590243629
590271343
590516313
590579050
590675351
590708145
590820746
590831013
590861118
590861793
590879796
590943593
590956789
591058060
591071408
591171373
591303996
591376491
591383057
591398762
591493669
591536576
591577975
591605610
591773265
592044898
592049205
592119740
592375293
592536728
592582816
592697094
592703264
592893392
592985635
593066342
593179303
593235231
593250677
593336175
593423166
593446622
593546573
593664293
593721274
593759120
593941276
594022696
594092627
594277694
594381134
594532963
594732429
594788158
594813144
594846216
594965495
595044064
595044206
595072287
595499330
595590930
595920668
596012763
596353069
596388198
596408145
596422415
596548611
596604670
596662203
596685213
596750711
596760493
596786931
596881122
596922326
596926984
596948598
597078698
597135121
597203590
597317166
597330937
597364849
597367202
597484094
597490550
597551088
597616844
597780540
597982586
598060726
598202019
598203336
598344716
598345118
598829132
598928969
599110475
599213722
599364134
599401864
599447088
599746017
599811141
600155462
600395308
600575011
600639682
600674302
600698124
600754499
601052489
601107849
601262248
601298496
601347381
601359476
601622629
601686408
601730261
601815939
601878800
601915693
602155505
602302378
602458989
602563682
602818502
602992243
603016919
603076642
603208526
603468831
603578364
603591916
603594731
603626343
603663377
603716611
603964308
604097903
604150413
604324541
604513467
604569013
604745448
604764924
604898441
605428488
605643535
605729766
605783741
605800773
605958798
606063888
606141746
606158303
606214072
606311195
606768865
606787399
607079990
607342846
607660322
607670306
607741475
607981146
607993711
608083454
608106889
608389249
608428519
608468615
608507487
608516079
608544890
608557484
608729592
608817456
608835787
608892619
608896087
608992352
609099783
609139153
609140556
609160561
609188767
609190508
609244801
609429450
609652125
609698813
609712234
609766440
609906824
610202137
610319531
610376072
610821535
610850198
610884409
611135261
611162915
611276845
611393575
611419728
611578832
611817159
611882728
611929828
611967304
612035786
612103555
612131111
612208324
612229700
612255506
612300765
612568710
612596275
612648404
612765910
612777689
612910932
612913978
613195636
613251443
613272608
613325828
613398633
613415811
613450274
613687567
613819804
613852185
614285748
614346114
614526610
614748987
614778339
614978730
615232332
615518901
615581188
615675762
615774129
615827356
615877750
615896555
615922202
615995905
616025805
616119679
616175891
616203882
616388530
616666271
616771456
616964489
617035545
617064420
617197346
617483817
617520456
617748725
617758203
617888274
617949280
617996183
618058496
618085757
618257943
618308206
618339920
618398232
618480866
618630301
618676065
618995486
619179037
619477630
619528308
619606166
619727619
619795373
619804905
619823141
620009705
620430560
620606162
620828506
620835657
620836615
620875648
621074357
621116085
621199198
621224515
621329794
621403659
621433124
621453157
621533114
621545916
621585364
621635798
621800078
621816789
621818988
621988486
622000568
622014058
622082991
622088561
622121220
622299707
622368871
622668004
622750874
622825823
622897993
622898933
623040563
623056379
623108623
623112538
623158897
623214527
623469269
623470915
623838117
623893678
624000025
624084017
624213095
624232155
624314544
624504591
624512001
624650252
624731926
624809209
624840388
624975888
624998506
625080705
625093552
625095641
625108423
625119294
625303192
625493598
625531992
625600475
625667900
626137887
626390544
626397733
626456499
626460135
626643490
626719201
626765077
626886566
627015790
627092331
627162896
627296824
627413913
627571257
627681177
627909561
627924236
628018527
628032511
628095861
628132928
628253647
628346561
628437602
628790267
628964824
629036991
629122570
629171464
629371565
629436168
629440030
629676815
629751239
629850780
629987940
630001490
630112103
630176675
630221160
630475295
630522264
630580965
630582240
630911312
630969054
631092665
631176691
631242441
631276949
631393127
631446072
631449613
631480657
631525083
631720580
631766070
631996764
632031489
632058119
632100790
632209072
632210287
632335025
632677797
632695985
632721036
633081318
633202053
633208414
633236087
633290973
633308130
633334402
633350672
633476958
633761521
633815807
633889805
634051386
634163634
634178926
634201347
634202187
634203015
634204024
634338332
634411235
634457797
634547517
634598800
634785919
634812495
634921290
634967673
634986289
634995552
635016703
635038655
635186091
635310942
635479285
635486376
635638739
635710040
635890509
636059173
636078578
636248589
636264408
636455056
636809484
636822799
636857590
637085006
637368277
637475401
637525076
637846892
637915394
638068107
638131099
638220105
638379621
638453533
638488718
638605859
638609059
638824156
638966725
638999125
639190353
639235728
639296122
639356002
639746810
639820964
640208995
640226554
640322535
640396324
640676403
640708361
640780440
640782409
640825075
640856535
640943874
640944333
641083546
641166258
641173208
641239766
641247665
641288249
641458662
641467218
641819750
641839838
642185147
642205123
642250849
642251074
642296236
642459319
642553965
642764247
642899760
642899915
642980273
642990574
643079219
643146264
643163122
643269931
643423218
643473493
643484668
643535777
643601096
643810493
643950842
643983152
644166758
644224703
644319732
644325039
644531638
644737450
644771237
644802222
644828694
644843690
644854557
644965616
644997417
644998639
645043744
645086640
645300620
645373421
645496067
645952539
646068172
646164646
646190000
646317914
646558633
646636532
646644486
646676705
646743739
646808124
646872795
646915280
647046275
647083544
647226726
647431325
647519697
647572385
647574519
647718679
647868702
647895373
648008069
648049248
648063906
648119433
648192417
648207137
648260034
648289405
648452368
648482883
648498684
648536026
648575047
648713039
648713643
648760800
648825841
648835391
648906512
648920698
649314945
649366034
649399540
649795813
649942263
650037809
650276509
650326792
650364222
650364556
650766415
650791659
651007818
651030473
651037365
651085642
651092012
651332756
651833229
651839878
651914525
651970101
651977638
652243187
652325861
652375704
652442788
652447156
652501057
652779030
652861024
653043626
653231991
653309949
653389911
653422638
653475524
653554195
653664028
653959563
654036199
654114696
654121592
654361648
654422217
654459800
654482278
654565994
654616432
654954905
655075125
655138071
655407419
655421240
655510784
655538350
655982958
656066737
656184125
656212891
656224523
656316513
656592245
656695506
656839676
656896368
656910604
656916142
657200201
657349520
657460170
657634179
657734592
657869838
657999028
658001533
658184733
658221211
658304741
658562750
658623222
658719769
659171604
659231503
659472733
659613542
659850771
659880207
659972838
660088710
660129192
660242209
660268079
660281901
660389417
660458901
660574782
660678204
661112258
661184662
661299119
661347758
661477072
661531307
661616572
661640906
662088970
662204113
662215286
662252337
662265753
662267134
662321017
662403427
662403439
662815209
662981753
663063233
663084926
663123118
663282769
663399182
663406300
663447986
663470268
663548910
663815995
663824066
663846429
663849542
664098557
664123692
664275677
664405709
664669595
664868788
664915600
664939420
665016766
665170038
665391404
665437428
665487314
665623799
665623993
666063527
666133269
666268356
666392704
666408993
666530532
666816853
667113285
667174270
667178118
667215448
667216874
667275558
667289651
667377478
667478405
667566250
667671290
667827982
667866770
668131757
668154784
668259351
668389810
668394472
668455084
668532341
668646266
668650269
668700689
668795892
668906921
669060829
669093475
669147451
669651274
669800839
669824295
669914767
670120435
670159941
670398843
670468657
670610409
670613425
670620570
670856305
670953506
670997267
671074076
671266262
671292674
671381949
671538205
671623091
671699687
671704382
671744003
671829072
671861792
671892475
671934858
672008665
672246448
672331148
672436297
672667295
672740166
672989472
673092638
673115592
673201442
673262961
673410099
673411996
673430575
673506601
673669737
673790026
673817774
673863607
673880633
674252054
674405101
674474876
674532176
674563497
674574823
674601303
674649423
674914241
674951444
675022589
675029410
675061939
675064572
675239728
675334932
675401254
675533247
675557895
675560218
675655430
675706420
675802573
675826402
676115950
676146369
676367670
676422324
676502253
676521387
676892479
676931295
676983661
677201671
677251328
677315269
677323644
677513999
677621720
677855809
677954159
677987844
678031735
678070965
678284336
678322208
678348607
678382449
678418197
678556583
678574085
678578546
678599795
678605504
678848552
678928315
678979245
679305637
679319496
679345322
679377327
679630650
679707580
679797678
679806276
679871921
680045541
680343107
680416823
680647124
680674383
680852273
680946360
680969092
681001475
681053703
681063347
681105412
681119019
681168641
681409352
681562174
681704591
681772548
681796896
681827952
681991573
682056464
682173796
682263357
682366366
682416831
682454520
682484748
682585160
682631652
682870027
683003848
683143397
683210668
683254232
683292573
683459040
683518021
683533776
683551394
683765920
683932539
684370763
684406549
684412839
684515359
684518473
684784266
684958546
685004922
685198525
685328869
685665398
685676964
685785704
686107242
686311371
686662980
686688252
686726593
687266419
687271592
687353037
687530851
687555739
687616332
687739219
687838229
687869639
687874584
687899723
687980376
688101162
688314778
688447739
688522083
688549879
688567877
688590881
688637064
688726693
688852826
688917412
689311034
689363187
689484579
689647477
689673441
689907606
689930883
689976760
689987886
690050500
690084588
690133231
690173207
690195211
690198138
690332331
690417677
690443938
690461985
690601678
690865138
690929260
690957900
691009170
691172697
691440827
691484273
691534637
691863780
691872078
691917422
692058509
692221584
692256081
692346625
692417980
692647112
693024196
693072903
693397033
693519085
693620227
693841364
693866200
693879002
693979362
694101439
694133427
694346608
694502451
694531200
694547523
694550719
694710394
694788444
694991880
695050384
695139400
695216515
695257008
695608275
695714474
695824729
695981041
696025572
696043046
696059868
696111741
696176106
696411002
696429648
696451465
696457999
696489754
696547812
696568329
696570411
696747020
696816975
696892872
697042568
697054070
697235032
697588644
697869803
698183257
698313076
698375002
698375549
698518399
698689450
698925138
699065454
699066707
699109324
699297624
699307803
699325629
699414736
699716131
699745282
699795804
699876484
699970362
700014831
700061122
700077192
700100178
700128365
700369612
700384982
700471798
700685728
700752941
700764873
700770508
700801076
700818686
701021014
701400997
701564326
701698791
701716882
701722469
701959614
702002548
702013345
702240321
702486837
702502750
702544874
702672836
702808959
702957730
702987233
703079963
703226888
703364126
703477436
703531433
703784039
703873390
703892197
703969113
704039991
704098363
704217426
704277955
704393935
704415008
704449429
704692456
704713490
704794482
704838251
704985352
705044722
705050517
705190165
705199249
705309943
705312690
705654707
705969513
706175086
706197160
706288044
706466835
706471150
706852555
706999827
707023957
707128020
707151255
707274018
707325156
707331584
707506959
707600347
707603205
707648497
707657920
707701909
707808619
707869314
707893285
707894070
707911847
708084125
708119105
708483740
708610924
708776461
708800474
708839729
708912617
708949033
709041947
709062201
709110558
709143239
709187677
709484700
709535415
709550865
709566467
709585239
709617093
709619662
709625540
709789849
710013082
710016737
710026303
710031506
710058734
710256840
710342504
710361853
710601330
710696748
710801684
710867991
711020702
711060739
711203384
711259580
711293565
711327080
711399138
711438498
711454294
711467486
711540492
711840999
711886190
711933065
711978248
712159355
712177049
712236725
712525607
712537183
712644265
712694637
712793257
712859753
712905931
712927840
712932645
712990887
713101768
713194027
713203408
713649729
713649818
713682910
713747153
713847614
713949597
713978777
713986131
714076248
714089768
714103424
714157043
714199702
714456834
714484344
714566386
714573148
714629013
714637815
714706515
714754090
714756266
714763506
714805741
714820999
714851879
714983877
715054304
715066571
715262785
715347146
715475142
715514958
715784421
715819972
715845636
715936584
715952650
716206273
716364127
716371401
716771233
716803860
717225986
717342709
717523306
717806431
717818737
717838915
717916737
717969297
718059319
718124563
718126863
718252443
718266135
718331808
718429930
718636263
719123252
719315884
719418777
719884711
720013269
720032020
720184262
720192455
720262072
720328740
720476290
720479719
720568832
720916613
720937724
720980520
721038262
721185142
721277162
721279506
721402907
721438821
721556495
721593252
721782146
721785658
721878449
722026049
722161171
722551252
722574466
722607233
722700140
722796735
722814739
722833615
723176851
723205350
723264886
723428182
723454294
723571573
723643524
723653852
723721027
723777157
723850895
724072909
724389376
724414812
724636810
724728066
724892902
724997545
725028787
725095790
725310815
725581750
725623887
725635089
725637200
725700208
725701684
725825271
725870777
725916633
725958842
726007425
726044499
726061880
726108450
726117641
726292002
726586379
726682624
726713326
726785631
726852753
726987384
727067684
727076668
727222070
727272909
727506228
727525588
727679956
727712377
727752874
727788665
728008474
728137925
728195210
728357740
728378912
728396345
728500075
728588474
728678036
728719633
728748285
728765937
728897839
729102151
729193839
729295371
729307050
729557734
729566044
729615760
729638910
729685269
729686368
729811350
729937682
730037020
730185018
730195516
730371644
730372487
730397073
730652502
731066825
731091472
731108038
731265472
731295980
731411206
731413994
731457913
731480296
731734514
731803704
731866703
731880465
731937731
732052104
732161234
732459672
732608743
733055617
733235430
733292862
733348214
733567565
733640033
733681761
733684353
733775095
733817474
733835531
733993133
734255840
734307531
734551239
734662133
734722381
734823440
734834454
734947202
735191898
735256316
735303311
735420852
735815341
735977708
736076277
736078888
736250374
736306361
736385885
736449897
736501811
736574842
736646440
736765233
736823185
736844963
736876390
736959881
737008122
737046202
737068968
737105680
737171820
737187699
737220472
737348601
737361183
737375929
737434285
737483838
737506295
737518522
737545065
737556507
737755460
737844652
737943834
738023870
738024921
738033789
738067997
738099011
738298444
738679697
738700449
738712864
738832915
738883294
738902541
739033919
739089478
739156268
739234678
739250541
739502506
739577807
739609117
739798530
740047985
740141189
740302243
740351039
740418463
740547029
740644802
740688393
740746813
740946083
740946105
741130103
741169663
741177676
741327006
741362566
741414026
741423037
741442363
741782078
741967152
742085590
742177916
742204146
742207690
742380590
742436499
742543072
742566934
742646510
742704708
742837377
742977391
743001112
743201474
743210818
743363699
743540071
743684975
743704140
743821274
743858420
743901665
743958692
744048730
744163118
744437232
744451953
744753199
744946715
744985714
745186355
745542759
745857757
745882819
746266505
746311487
746326497
746483276
746487843
746693015
746739710
746777459
747109058
747226228
747281894
747587610
747626041
747940827
748199152
748231884
748406548
748448436
748512621
748639224
748958460
748967476
749152992
749390000
749515051
749541804
749704071
749960991
750054986
750117680
750245749
750507415
750639814
750667508
750681331
750712393
750828352
750945494
751222277
751424166
751447887
751522038
751563947
751687538
751806731
751865609
751897025
751910937
752037877
752265031
752285980
752478952
752560694
752750586
752781758
752822956
752945207
753026291
753033597
753409679
753586145
753616329
753751085
753793469
753915069
753924177
754042147
754071517
754571508
754627094
754630840
754690705
754849580
754862816
754917625
754980401
754991158
755024795
755031226
755047658
755096172
755261959
755306190
755374642
755987826
756619641
756654281
756693290
756953411
757115596
757147037
757229181
757290761
757367259
757502426
757507139
757748964
757837245
757843231
757905325
757927930
758011198
758033362
758037265
758115365
758139388
758148039
758308464
758416197
758438461
758459064
758493115
758527349
758655966
758696383
758800513
758843850
758908349
759021005
759148145
759156968
759238182
759261510
759548155
759610850
759630124
759859494
760078870
760096147
760096583
760122421
760140464
760239264
760345381
760887934
760994095
761011826
761036066
761090502
761202288
761295191
761298677
761324676
761334620
761368216
761431516
761431928
761432248
761523988
761598912
761751144
761919230
761920997
762185106
762436778
762548151
762665128
762677633
762701456
762705374
762846854
762847351
762983908
763048768
763107294
763745317
763938490
764095678
764187626
764296528
764322330
764531980
764595792
764668295
764727575
764729433
764902032
764964301
764966648
765088589
765223377
765233073
765240381
765266861
765359321
765377607
765393839
765459484
765506510
765538505
765672647
766336868
766370021
766431008
766501260
766620812
766694873
766760799
766838856
766911537
767013288
767030768
767055018
767060974
767195228
767232145
767284864
767307513
767336852
767368590
767440869
767454189
767486591
767643868
767654051
768062936
768093742
768107383
768192545
768280140
768449979
768514845
768692001
769089008
769128325
769146251
769196712
769443311
769566336
769639225
769754951
769785483
769845797
769891198
770249710
770490708
770563308
770753689
770755613
770770925
771093673
771260426
771265721
771400024
771454325
771582043
771626697
771634818
771680712
771736988
771855797
772178462
772228786
772355375
772474624
772711936
772729546
772751282
772774895
772931644
772981972
773139978
773159500
773281698
773454997
773460832
773646402
773648063
773721734
773736871
773778060
773800535
773866167
773893863
773972345
774535177
774538717
775056614
775249030
775483192
775503182
775602273
775656137
775702913
775755573
775765872
775793554
775927595
775984034
775995709
776033779
776156382
776201540
776345252
776357060
776460321
776487196
776741686
776816459
777049428
777211017
777482860
777575974
777578999
777682676
777851512
778094833
778113466
778147225
778211264
778279448
778375025
778482922
778606866
778639824
778697615
778829845
778937123
778973254
778975937
779074496
779396297
779498576
779512863
779562023
779577920
779674010
779709545
779738058
779740828
779772390
779936340
779982677
780013044
780013920
780167715
780235958
780241094
780342668
780463096
780541035
780586706
780592074
780631644
780734755
780748105
780793639
780811191
780844521
780858462
780908598
781109435
781170772
781188527
781322049
781371522
781372255
781431729
781438369
781782317
781859194
781909007
781916140
781984886
782228803
782392611
782415628
782533887
782682499
782812071
782855552
783184094
783335415
783637253
783659762
783738099
783742730
783920988
784103208
784213519
784287055
784293421
784501682
784779986
784931398
785033355
785083601
785097755
785266084
785382026
785461537
785543359
785652729
785794718
785859245
785898928
785992277
786044525
786078662
786089088
786178898
786188239
786220029
786525734
786674849
786738085
786785314
786787915
786789562
787114284
787130767
787178105
787380389
787473456
787632948
787763022
788115179
788143115
788241439
788262295
788263852
788295695
788367242
788477640
788548361
788579377
788671016
788674153
788700865
788712571
788798551
788913623
789075719
789160357
789211999
789245238
789333347
789392141
789625388
789877548
790056024
790057259
790121718
790192864
790196866
790322563
790562216
790567942
790598383
790608941
790626608
790643864
790680341
790779187
790913308
790914770
791062329
791091261
791116853
791467064
791705230
792095081
792146810
792280003
792325343
792347923
792935661
792983869
793039985
793052967
793133459
793255708
793271435
793328705
793378358
793436204
793458354
793616112
793725230
793944519
794084774
794143186
794170761
794227438
794395986
794459960
794517707
794854118
795063229
795178387
795386095
795388965
795858667
795863152
796006932
796067257
796189924
796309903
796326151
796412981
796458410
796600318
796633303
796836173
796841747
797064806
797117669
797191600
797242580
797317770
797337399
797530232
797598288
797635430
797691488
797710694
797866994
797912630
797920676
797946088
797953476
798104971
798162592
798206391
798215098
798322092
798384306
798397499
798407339
798494097
798518844
798524961
798532904
798715801
799227567
799342365
799498868
799619632
799658856
799683788
799851252
800018188
800132837
800135867
800165102
800352303
800472642
800543724
801002352
801075700
801126911
801158766
801159001
801205030
801325001
801452028
801513566
801568384
801597909
801700123
801786983
801922415
802104419
802256537
802421554
802628323
802635839
802643725
802965044
803058627
803307261
803471710
803472723
803569138
803996441
804071348
804164995
804700093
804863078
804901088
804928099
804943765
805198977
805373868
805387946
805608037
805632144
805821961
805877300
805900184
806071470
806108888
806122436
806215575
806222178
806223458
806361053
806380928
806403312
806403610
806434602
806557763
806634215
807097186
807158189
807245986
807261068
807265595
807284233
807337883
807485204
807562815
807648060
807930635
808144903
808223529
808368723
808394734
808400391
808491925
808495955
808512604
809023902
809142497
809147853
809186481
809243909
809338283
809363940
809383499
809628557
809671037
809719436
809778872
809869579
809891046
810423064
810435868
810517407
810665404
810767078
810793036
810878099
810898109
810936410
810963027
810980067
811008647
811018987
811032304
811185359
811192604
811196326
811345631
811467496
811607842
811763501
811793503
811896910
811897205
811969259
812011795
812053870
812098995
812104339
812177671
812218146
812317672
812392650
812549885
812573990
812642074
812733898
812758786
812774155
812926563
813082193
813099964
813175702
813286714
813390609
813498748
813499199
813613233
813846886
813870149
813874708
814113201
814116892
814176765
814243327
814269411
814298683
814361411
814441518
814798473
815205116
815241429
815327668
815339982
815421635
815525613
815789052
815841368
815877072
815932266
815951394
816044931
816198277
816253076
816379850
816441080
816619085
816619963
816705915
816813758
817032420
817076879
817091184
817101301
817117608
817134636
817326965
817416482
817434121
817467670
817733713
817861839
817943494
818038153
818129521
818377068
818518449
818683296
818841156
818845806
819063606
819312539
819588382
819635674
819703871
819941457
820042478
820172756
820279826
820447302
820455520
820554495
820621329
820662145
820752808
820794595
820900078
821175324
821236160
821534038
821598212
821612318
821618966
821992419
822184346
822209661
822251243
822311483
822324589
822449102
822493205
822514461
822545099
822583580
822669874
822751841
822772955
822803593
822870056
822940341
823000074
823151441
823330034
823409193
823451251
823480405
823678908
823718931
823773349
823805198
823828684
823914127
823964647
824049249
824093653
824128842
824198465
824208265
824252950
824297796
824355810
824476083
824642579
824779115
824799566
824964233
825060108
825087146
825105201
825153969
825177623
825178761
825734769
825740655
826012650
826155441
826204468
826307303
826315898
826533844
826564253
826600365
826635379
826968158
826993850
827031715
827245296
827266903
827319367
827512205
827634799
827842443
827998106
828113130
828124760
828240766
828419743
828425145
828475880
828533766
828763638
828862099
828893691
828999586
829142059
829169625
829270094
829405596
829410657
829509778
829584299
829828889
829913651
830007508
830181655
830206550
830320351
830411288
830629492
831096629
831258938
831693341
831837350
832040913
832072900
832508762
832590491
832855760
832941583
833061422
833193742
833234923
833247036
833427703
833432202
833459170
833480154
833486216
833627093
833675794
833754769
833854896
833894666
833998154
834001776
834197523
834704342
834790425
834968897
835139347
835153745
835242853
835569122
835827529
835967264
836044250
836133391
836232656
836247795
836270835
836323730
836438392
836549932
836611317
836797467
836819602
836822796
836863078
836937944
837050862
837062807
837096586
837120148
837122999
837177214
837225422
837313813
837699133
837769711
837922176
837998825
838002243
838171049
838214736
838451044
838582042
838750152
838796823
838802467
838808769
838841183
838913904
838914041
839063773
839124955
839330781
839534261
839610860
839711825
839808143
839889931
840362769
840378463
840407409
840483860
841000289
841103013
841239054
841251606
841328242
841339176
842042091
842107795
842245230
842251139
842309793
842384299
842655017
842671269
842841732
842944686
842982770
843113825
843138644
843150254
843217929
843307261
843424411
843434341
843682997
843704451
843900641
844206458
844253465
844259765
844465003
844509475
844532123
844615358
844643814
844709393
844712621
844766837
844915666
844935103
844964159
845014301
845121122
845565577
845712883
845789500
845792127
845850880
845898225
846013548
846110277
846130110
846423195
846574022
846693965
846826488
846856496
846867137
846921009
847087299
847110607
847119680
847217852
847308992
847392312
847500500
847763188
847893772
848058335
848153921
848407965
848593839
848659005
848737893
848806619
849124293
849297905
849336599
849380251
849381231
849456060
849489250
849592695
849594167
849670298
849715406
849738571
849840793
849951505
850045802
850067199
850068025
850080175
850377336
850672993
850757267
850838523
850904444
851015976
851264339
851360776
851804374
851842176
851990331
852063951
852157518
852165769
852196731
852254554
852287238
852289744
852331969
852344395
852380063
852457626
852544209
852545682
852559596
852616179
852749201
852804892
852970619
853184849
853776513
853840570
854064517
854201277
854256150
854595260
854651142
854735984
854797667
854911858
854952708
854984953
855264739
855274478
855380342
855441525
855531896
855635581
855650019
855676324
855678856
855765395
855788812
855891089
855942765
855999359
856088170
856089725
856309258
856381665
856618714
856624678
856752401
856866951
856897287
857303663
857373900
857436566
857569348
857682769
857711988
857863872
858000306
858125745
858181184
858321919
858390765
858392904
858435218
858663315
858842555
858850404
858871525
859152789
859174231
859174688
859196670
859213412
859240799
859369194
859380876
859612823
859623797
859668968
859702553
859733929
859754254
859871328
859919767
859948633
859964960
859977059
860245679
860463022
860477354
860526066
860855903
860887796
861164399
861365486
861438739
861571809
861584210
861611690
861612267
861618404
861766733
861810457
861907903
861972830
862164863
862192112
862253782
862285733
862413296
862496219
862671066
862808608
862995149
863093116
863227821
863242189
863378640
863386339
863433839
863873180
863909037
864026965
864030392
864230135
864464339
864551596
864580225
864634257
864996420
864998389
865101875
865321358
865414480
865422763
865506431
865611872
865672914
865740653
865750030
865797358
865806190
865857045
866038126
866154401
866261979
866284358
866541791
866678916
866701049
866771436
866934300
867037553
867051099
867118674
867262870
867308900
867318085
867412399
867462577
867468725
867501572
867605250
867690894
867726879
867770618
867808568
867815119
868119999
868189046
868324494
868521188
868599057
869123059
869141162
869390291
869410025
869502867
869664385
869689280
869690759
869705337
869856485
869871149
870180184
870194569
870206032
870463988
870604815
870965814
871107768
871152397
871269213
871302872
871356428
871393819
871475013
871591183
871599999
871611554
871861428
871991996
872068975
872325587
872357923
872383032
872387519
872418470
872456574
872630494
872645831
872863289
872930595
872987370
873120668
873263213
873470294
873560075
873657361
873685070
873727657
873811783
873912215
874003508
874049216
874144617
874181411
874546387
874583840
874899007
874957577
874974619
875017806
875143810
875163763
875182623
875258658
875374571
875510057
876092497
876180832
876288121
876355177
876515728
876716223
876781895
876991389
877061922
877193730
877220500
877271532
877335371
877506741
877882866
877939514
878234794
878273333
878281901
878306198
878357846
878361365
878476027
878568761
878584833
878677473
878716239
879119781
879167470
879210186
879425772
879476674
879481889
879663673
880032559
880140949
880352668
880439648
880458958
880604795
880818283
880866893
880908054
881126735
881166437
881223774
881334407
881558175
881775744
881850581
881933036
882107354
882128700
882166139
882175658
882228205
882408096
882661711
882950361
883054760
883273046
883326845
883394098
883484473
883593692
883625449
883818778
884042692
884278150
884410803
884454618
884456631
884687482
884690509
884748497
884805468
884837303
885067268
885203051
885224911
885430351
885441280
885451244
885470557
885547359
885619579
885946501
886171250
886256315
886537001
886642958
886651968
886707579
886710268
886869192
887201494
887208921
887267021
887269923
887373416
887511375
887513398
887702204
887892210
887921216
888078417
888301456
888348703
888359902
888493327
888930549
888986007
888987045
889029530
889104561
889479404
889484010
889655837
889679519
889779004
889861991
889882069
890064972
890083419
890205359
890215143
890361817
890390771
890394799
890469145
890474251
890487366
890661161
890739674
890747259
891007888
891017349
891118091
891459904
891702066
891899648
891935614
891972472
892153371
892264997
892575539
892598661
892732061
892765447
892951210
893085992
893277680
893277720
893332215
893365090
893496300
893627221
893671894
893762791
894065149
894077407
894190827
894324378
894388455
894495244
894707417
894783546
894989329
895214327
895265314
895268499
895454304
895604822
895725869
895732042
895766010
895920211
896086088
896141873
896190160
896379638
896782671
896797070
896906331
896949792
896951155
897045882
897072079
897278113
897360460
897696371
897793870
897988572
898144116
898171576
898212536
898230529
898280217
898296329
898320646
898419978
898433628
898658231
898722379
898737292
898764913
898836798
898862029
898885484
898911425
899002249
899054385
899178328
899227298
899341870
899352473
899463134
899480850
899566492
899657350
899793482
899912360
899982349
900007334
900129116
900173365
900299315
900361422
900410964
900546125
900651190
900652226
900774939
901122546
901159720
901262950
901670065
901769098
901776321
901860670
902134979
902227531
902339921
902454465
902566269
902720019
902787217
902835085
902943500
902966081
903133987
903262773
903280461
903306822
903318936
903341278
903517617
903542841
903556873
903611909
903733467
903794520
903860142
903938372
903968785
903968868
904050807
904196822
904232252
904396109
904489838
904797702
904800097
904843230
905104200
905166813
905194339
905255822
905559555
905566066
905631409
905940559
906069818
906117479
906200561
906260082
906267863
906366142
906509236
906543841
906688004
906689546
906742601
906774044
906811751
906861194
907040313
907042811
907078021
907104153
907185469
907362621
907462271
907534265
907678732
907934233
907981775
908068026
908193621
908204605
908230002
908393557
908532846
908614884
908640829
908646360
908673975
908680984
908812640
908989438
909105187
909183461
909258311
909365457
909440922
909567145
909575780
909709891
909773746
910031439
910052304
910055838
910082586
910183057
910343336
910348904
910490954
910563357
910597982
910957780
910961164
910982048
911080462
911210858
911261724
911303172
911495711
911677533
911726088
911823651
911832866
911836066
911847400
911985506
912076684
912129745
912333730
912404997
912441026
912444827
912449254
912506030
912542387
912667919
912854439
912992003
913010204
913258349
913327915
913379416
913423871
913461646
913545270
913572887
913642619
913883952
914080731
914083068
914454998
914839447
914939612
915031008
915099236
915258219
915425370
915493649
915846350
915882723
916031492
916310436
916350425
916459829
916701760
916740219
916749843
916782886
916783825
916907792
917023015
917104787
917161297
917210175
917405327
917428889
917497642
917584741
917645028
917843662
917880399
917950653
918071114
918084714
918160672
918183606
918184578
918318631
918341388
918600612
918602534
918615901
918749689
918783284
918871420
919257639
919393664
919478389
919530145
919580535
919638531
919761979
920206556
920235283
920271761
920340709
920393165
920399037
920489932
920692534
920854581
920896546
920989942
921194937
921373840
921501725
921516817
921718835
921814444
921820536
921860139
922508012
922541671
922795859
922859707
922964165
923155382
923269509
923371979
923486208
923526269
923529817
923698311
923711812
923810702
923895377
924086716
924769072
924797831
924964116
925055171
925211003
925248305
925399340
925455010
925483656
925732086
925790138
925926187
926173929
926376836
926746741
926882298
926923597
926980298
927102758
927320523
927382304
927458594
927581807
927689723
927733202
927736773
927818244
927843506
927899831
928017967
928050600
928261610
928281435
928361264
928580901
928633770
928688046
928715376
928765405
928790500
928801225
928808546
928866530
928909387
929042765
929151381
929228445
929234137
929245261
929297993
929484508
929919021
930069392
930091494
930114129
930154687
930340724
930386207
930412383
930529128
930622511
930801110
930946571
931188776
931194307
931232427
931280186
931331804
931541589
931589985
931956883
931996017
932125579
932245077
932351916
932381415
932395848
932414043
932644290
932864078
932960940
933129381
933232840
933348991
933565992
933771507
933789579
934108831
934139830
934164901
934196529
934261113
934300903
934357946
934488837
934559639
934612531
934667460
934765852
934775752
934874588
934972344
935070799
935190045
935447268
935448630
935570396
935838182
935952895
936054352
936130416
936161498
936195361
936215006
936236412
936293063
936337324
936416468
936421762
936545606
936562625
936751883
936765525
936906017
936909416
937012685
937049738
937446183
937450733
937516241
937706509
937764754
937807652
937839362
937868804
937916060
938095002
938379726
938396386
938583907
938604266
938642904
938652936
938665827
938695546
938762684
938776163
938846903
939227356
939240151
939247878
939349762
939483803
939540420
939740744
939756015
939908992
939969997
939995990
940016927
940065750
940086426
940186879
940284032
940291944
940442751
940613666
940634736
940712618
940830386
940879241
940882754
941025246
941049196
941078498
941090800
941319565
941380282
941470742
941477135
941624682
941672572
941703624
941720499
942085394
942145648
942160969
942220208
942271858
942272873
942564208
942585268
942750571
942894657
942982736
943040083
943186656
943340989
943349834
943351556
943424142
943486134
943683340
944007736
944079141
944211599
944491094
944815589
944831336
944854410
944902855
945032988
945059759
945199365
945253424
945446187
945453685
945642331
945678016
946091328
946122052
946126518
946142458
946270762
946408736
946422079
946443899
946613078
946634481
946701869
946730176
946770433
946872390
946893623
946894296
947052462
947225221
947395861
947423505
947550648
947627892
947683677
947894091
948281448
948316568
948474244
948564892
948598225
948761775
948778483
949042434
949074524
949082875
949151588
949260065
949268918
949497963
949710934
949787915
949857746
949872458
950289746
950572235
950675334
950718747
950934004
951318689
951442389
951464813
951542756
951547796
951600641
951680482
951780017
951803739
952000747
952055058
952163405
952254990
952324895
952377484
952728134
952836808
952846670
952938878
952944019
952972283
953091548
953241765
953338309
953434267
953507784
953533779
953565039
953663360
953861563
953878591
953918783
954041690
954083584
954251513
954256384
954340453
954453396
954471540
954607598
954644907
954698874
954700125
955330873
955465357
955483378
955671751
955677082
955700686
955779172
955841582
956441931
956729781
956775778
956821789
956877162
956906060
957164051
957167607
957241194
957330829
957429436
957439273
957578709
957931105
958045214
958154390
958193085
958218851
958229815
958241493
958318551
958341688
958435005
958479076
958558751
958609348
958638783
958676321
958763172
959208844
959517418
959694296
959776453
959787525
959844163
960117899
960142827
960143520
960155177
960300820
960341739
960568023
960734918
961064739
961141858
961199385
961238378
961272721
961365913
961512481
961540764
961597153
961610025
961684971
961768945
961863345
961873523
961985864
962193643
962221701
962222054
962256464
962334043
962403903
962437478
962532042
962545397
962590412
962596272
962731629
962738742
962810829
963061979
963078918
963085694
963124539
963252173
963326391
963541419
963603836
963604123
963622052
963846143
963862601
964005931
964065685
964196223
964347807
964351200
964454749
964482761
964572028
964616423
964860843
965040286
965296665
965373069
965445064
965489758
965504373
965660814
965866981
966052281
966462719
966574363
966659345
966664086
966719857
966809960
966824986
966863377
966937491
967019162
967364291
967513079
967594455
967596938
967610463
967654972
968703695
968738933
968894055
969049171
969106852
969126861
969548697
969602174
969752136
969809609
969879604
969946352
970092248
970224817
970318300
970629032
970630661
970783276
970829235
970954548
970990303
971009782
971198991
971240091
971333305
971620234
971786640
971864526
972016204
972034957
972105292
972105372
972108240
972215223
972246374
972347889
972375501
972459806
972463981
972521404
972535693
972667942
972765608
972957914
973040986
973065717
973107295
973158117
973216874
973440256
973722615
973779703
973965681
973973435
974019997
974112758
974197392
974236177
974295094
974309055
974369978
974382093
974635090
974665101
974933504
974936852
975098306
975388060
975398640
975433527
975630171
975763471
975884528
975904682
975916079
976054271
976130327
976343003
976400490
976461226
976533104
976563006
976695897
976706192
976822339
976962650
977054925
977090021
977112583
977374075
977466647
977485267
977571536
978299520
978302098
978591639
978774869
979055826
979116866
979145263
979156239
979170779
979213785
979408005
979413601
979438390
979467952
979485991
979497057
979566787
979719219
979840448
979873622
979907357
979942218
980184781
980368759
980409600
980411113
980428635
980813018
980915280
981064250
981484322
981604639
981627634
981647786
981757687
981824442
982392772
982416242
982619167
982632432
982693452
982704162
982705628
982829803
983139350
983370981
983452065
983494440
983656495
983686549
983733519
983999984
984137811
984201012
984337549
984428640
984430184
984483476
984492158
984529923
984653740
984751475
984910542
984915783
985019723
985039100
985051574
985198656
985315208
985368558
985737048
985769489
985804492
985852229
986388080
986391634
986417677
986552291
986581121
986640178
986761433
986764202
986910751
986991892
987084737
987142116
987148686
987258149
987393425
987406100
987531358
987675726
987719073
987760293
987916008
988023232
988041690
988123240
988162983
988335905
988486427
988841877
988877373
989049134
989071328
989083170
989090603
989290656
989303034
989415859
989799044
989912858
990036455
990127363
990285553
990367517
990432795
990485556
990559554
990665614
990691554
990706374
990845908
990865201
991016074
991034774
991049662
991226199
991232870
991266172
991613090
991617129
991635216
991718485
991758971
991789993
991848345
991865835
991895500
991909165
991977470
992083593
992185098
992291137
992298489
992362917
992388663
992407668
992478601
992604967
992729252
992735715
992805226
992852945
992972859
993090662
993153349
993195210
993245711
993330865
993584578
993633028
993664073
993677805
993763259
994007346
994033932
994100595
994103010
994169838
994238399
994398383
994444049
994530231
994637856
994892898
994983391
995293010
995451329
995814854
995958290
996127331
996310379
996336277
996361082
996541913
996546286
996566387
996633585
996739255
996766296
996822148
996833021
996921699
996956808
997025299
997256622
997322077
997560170
997620731
997751979
997867500
997921221
998022474
998034146
998337064
998373050
998405139
998450471
998560043
998765237
998815794
998928404
998930565
998991391
999459034
999494284
999508255
999555590
999605119
999743037
999874749
999903057
999946434
