72352
231096
320087
346148
355181
369840
395970
696966
721924
732812
788210
791852
893754
1077684
1145615
1150445
1177387
1177927
1215177
1294003
1364567
1423258
1515843
1622144
1739159
1745907
1880219
2057353
2268308
2320595
2337752
2515467
2521575
2558725
2569842
2629525
2667753
2673463
2728200
2824240
3218394
3249485
3383452
3415975
3449711
3866951
3890352
3924697
4002078
4042329
4091878
4142727
4158037
4417747
4484685
4511565
4827215
4960017
5019795
5099528
5159936
5251557
5257849
5370441
5552394
5738517
5939909
5981110
6016424
6022292
6051821
6349209
6404270
6503104
6572500
6826185
6847944
6853023
7176562
7233409
7290473
7365978
7398578
7479509
7499311
7524296
7696106
7747655
7831281
8170259
8257164
8286981
8298824
8762124
8907754
8929429
9334972
9418974
9655776
9681174
9745222
9755915
10018775
10037006
10419902
10435769
10541992
10718227
10822106
10925403
11256582
11452652
11464247
11641683
12029655
12041274
12045534
12353093
12523018
12570785
12579722
12702262
12773708
13145590
13230550
13281997
13897965
13902696
13979522
14202254
14239758
14286635
14380299
14464168
14753361
14778167
14779209
14821005
14883748
15264791
15420959
15508941
15535509
15726044
15808579
15871276
16150078
16215317
16235886
16588353
16700677
16711432
16789964
16875862
17129348
17306576
17320368
17321341
17325753
17569414
18007352
18113431
18124075
18185181
18269861
18326451
18401178
18434508
18517345
18518491
18563095
18666479
18739260
18744440
18800335
18950090
19253729
19272992
19317509
19352508
19376524
19465248
19563422
19656724
19885899
20034548
20129556
20266158
20328187
20344729
20347782
20691755
20851414
20929551
21014613
21243418
21336339
21392247
21523434
21527993
21541061
21563506
21603403
21710635
21978756
21983555
21993703
22030568
22042967
22062426
22220598
22311603
22417517
22503532
22557620
22674271
22707710
22843194
22880073
22956933
22969245
23161433
23234139
23257344
23340292
23587039
23689353
23724044
23741796
23822801
23895837
23917276
23986908
23996751
24036814
24094500
24097003
24109748
24191182
24277767
24340451
24406661
24425481
24445904
24447999
24483696
24513572
24538509
24606892
24691410
24818531
24836450
24843974
24902323
25058905
25202887
25289174
25467566
25793060
25903215
25988564
26413693
26429391
26465177
26518878
26569972
26800601
26875148
27178257
27190207
27494912
27517617
27603427
27742709
27823472
27836623
27861157
27996914
28029645
28311074
28353327
28476162
28577229
28651129
28806698
28809667
28883106
28890825
29088507
29216203
29442949
29606339
29607414
29771139
29975393
29998571
30191948
30227328
30239358
30272452
30308935
30440661
30569246
30580670
30908517
30924871
31144925
31349549
31396656
31459000
31492705
31560207
31639710
31708380
31736160
31778839
31822340
31979272
32018878
32072595
32324922
32485988
32600841
32719935
32722641
32965683
33142674
33337790
33414601
33428883
33443783
33537146
33668288
33693302
33783784
33790311
33791873
33881190
34023969
34067691
34210452
34280795
34367141
34626834
34658227
34723137
34808106
34810565
34835139
34866857
34976243
35116379
35373630
35442670
35742456
35878394
35977853
36320484
36351858
36439098
36528802
36771222
36806052
36812141
36868736
36963710
37036975
37355059
37365600
37482587
37511405
37576691
37996154
37998484
38004374
38025124
38145138
38151151
38253363
38328594
38478745
38548710
38589901
38687228
38766158
38786654
38823297
38990488
39119750
39163044
39290255
39436795
39931894
40199765
40593853
40661441
40673474
40770526
40815391
41234240
41279712
41283374
41283621
41360156
41398425
41422083
41571155
41619392
41635014
41692791
41760592
41780437
41922278
41979424
42089600
42122921
42432820
42552838
42579821
42686242
42777333
42946299
43010712
43179647
43245418
43250029
43274285
43288722
43443949
43557052
43677692
43750923
44170801
44353040
44537982
44657644
44897879
45056813
45232175
45247440
45340165
45543709
45615405
46300970
46314811
46375001
46387445
46421182
46492653
46531059
46678976
46755460
47019546
47066704
47085303
47277734
47427757
47491631
47494867
47913994
48197802
48290615
48316257
48328968
48341572
48363154
48392460
48742305
48758426
48783434
48803162
48825058
48842669
48942363
49013678
49143088
49159241
49272534
49305395
49379973
49670100
49735077
50042274
50279364
50350503
50351263
50398308
50452635
50602035
50903176
51000867
51087937
51092365
51109697
51190018
51429761
51526478
51726304
51954461
51960793
52016362
52036268
52064649
52110875
52262889
52334698
52382844
52672540
52688293
52803538
52805978
52822970
52870858
52889295
52914689
52938868
53079276
53084226
53096741
53119060
53237706
53240562
53464486
53544022
53573034
53809288
53821798
53848205
54152915
54170284
54177500
54264326
54535162
54657091
54677897
54697612
54726958
54758110
54771431
54914832
55007999
55021584
55086984
55334147
55352895
55440261
55519505
55563385
55646022
55738998
55752494
55863003
55965332
55981020
56344232
56463094
56478603
56540507
56720928
56828918
57251022
57293114
57341737
57361764
57370690
57393839
57447149
57469825
57474249
57535837
57753379
57759657
58048791
58090837
58156616
58177990
58390079
58396023
58465757
58591466
58742904
58792939
58919443
58927069
58950539
59002599
59006695
59019563
59208293
59224466
59365268
59553313
59614138
59689429
59802227
59898248
59980204
60021362
60041330
60074841
60117994
60130107
60184020
60315365
60498822
60539095
60665703
61006438
61030850
61084000
61113741
61312850
61338489
61484564
61496693
61562980
61617387
61625343
61645359
61688614
61880869
61884144
61974513
62001568
62015975
62106140
62255608
62496652
62713733
63100062
63155070
63209134
63379754
63383061
63449627
63510462
63804248
63833350
64066632
64076554
64143789
64155405
64158772
64168988
64345904
64345913
64425220
64590423
64604472
64973072
64980780
65000180
65008726
65052153
65067647
65307328
65309812
65404535
65433716
65491090
65806480
65817475
65997059
66018117
66074032
66188527
66247474
66376753
66445965
66498071
66555498
66786797
66821343
67041275
67098718
67109646
67177698
67198479
67709597
67727657
68008845
68080272
68114538
68170392
68256081
68654256
68774634
68808265
68896295
68955480
68961174
69042899
69079018
69091101
69343737
69425817
69492912
69506380
69550639
69669425
69887025
69985609
70000236
70028647
70223588
70364631
70643608
70829931
70850723
70962443
71085107
71177359
71246416
71325692
71416364
71475971
71505255
71519576
71582243
71583263
71583445
71662681
71719272
71829418
71868961
71882111
71940099
72121002
72245746
72673718
72713057
72972070
73079670
73127074
73143224
73332545
73533101
73582693
73670943
73722284
73984107
74112547
74505542
74648115
74728811
74942655
74942811
74980598
75314524
75524572
75577136
75639998
75997940
76011442
76041982
76190761
76228741
76234090
76254985
76276302
76443220
76462416
76496587
76642912
76728543
76918530
76920043
76996009
77310003
77618982
77712491
77917410
77936376
78006912
78177159
78205570
78253825
78273058
78283299
78449220
78466615
78606625
78725342
78814616
78890381
79439391
79485642
79563483
79613078
79621171
79702801
79715922
79735720
79833048
79852087
80007843
80116207
80135976
80296146
80486225
80494546
80553000
80576492
80698287
80732027
80927785
81231248
81427444
81458642
81495320
81587415
81657711
81689820
81693556
81790686
81796931
81819610
81909465
82072010
82074324
82245598
82395988
82423580
82544706
82724146
83289925
83449541
83507171
83571169
83597846
83689630
83738370
83753777
83816147
84038967
84390295
84436525
84510388
84573360
84727534
84846281
84902111
84902716
84963852
84973819
85078167
85367854
85427908
85437035
85516972
85640876
85644204
85930057
86010939
86111887
86138383
86211677
86353803
86516798
86534179
86553644
86847595
87197150
87344097
87398617
87628354
87822456
87839290
88078060
88082201
88137399
88227379
88280726
88338692
88348372
88395265
88628844
88924829
88997572
89100046
89203597
89204360
89317932
89339326
89424845
89489401
89498161
89508022
89556001
89578198
89614314
89779915
90072521
90737722
90781135
90832639
90858782
91154814
91202982
91325590
91648532
91766631
91859885
91915441
91974199
91990048
92117995
92231874
92490163
92563655
92616387
92772305
92854615
92870499
93154775
93222458
93315991
93360792
93625884
93848490
93980624
94009282
94057621
94249326
94264245
94531593
94669848
94670957
94731611
94735809
94936410
94970069
95316754
95323903
95402990
95500844
95544926
95632787
95773992
95891374
95907419
95929371
96045797
96078751
96329148
96684394
96873818
96968472
96991916
97041263
97233010
97371574
97658440
97719609
97737345
97758979
97761770
97773876
97868572
97894782
98130799
98187837
98400545
98444373
98449744
98540097
98570617
98615584
98619674
98635970
98725878
98774593
98802538
98844315
99070119
99109434
99168552
99471891
99567699
99858766
99888085
99924887
100117414
100138798
100234915
100251597
100569701
100625370
100639671
100643240
100708342
100737540
100822305
100900725
100906134
101061758
101150358
101188068
101351015
101516875
101579593
101694770
101729015
101776536
101802546
101891750
101914601
101921214
101970701
102019024
102144704
102159624
102268019
102289970
102349240
102368591
102448571
102556674
102585050
102819217
102952324
103042497
103094388
103190559
103193471
103561687
103772239
103873255
104002148
104015745
104043076
104287901
104421632
104480341
104539932
104838270
104841231
105069053
105569042
105872027
105994492
106123261
106369466
106530283
106679517
106724963
106774011
106784929
106858514
107144560
107201926
107338565
107368097
107379229
107395251
107414177
107466723
107481188
107483416
107547063
107705074
107767151
107871031
107920718
108059415
108185809
108317222
108455639
108557180
108619306
108835452
108897146
108908400
108916197
108944232
109031571
109219528
109314796
109360043
109401759
109539393
109670543
109797074
109933101
110003831
110011183
110017681
110101410
110157731
110181392
110226466
110247195
110352893
110626102
110691970
110715829
110939636
110988022
111081449
111155835
111235068
111299954
111358122
111368350
111384917
111396280
111833801
111879385
111905899
111963041
111990214
112120672
112143803
112336287
112364876
112502536
112590788
112706904
112810016
112812257
113347984
113374814
113585680
113624850
113768815
113820957
113966401
113970268
113987518
113992554
114152617
114345415
114357357
114386593
114405419
114499803
114517640
114557270
114578830
114787224
114803730
114869725
114914670
115035493
115113068
115122317
115249873
115310698
115427641
115431043
115448312
115681170
115709915
115711339
115825690
115841716
115997706
116112699
116343977
116414178
116481715
116921706
117057445
117065313
117091093
117310634
117311493
117492288
117566297
117588529
117661877
117795867
117816734
117955116
118041074
118170028
118187489
118330171
118486166
118501481
118565398
118688147
118846034
118847940
118928446
118939305
119058183
119105038
119177486
119351164
119415837
119499868
119511315
119554564
119806557
119859941
119874555
119876685
120092369
120181265
120238741
120312153
120578617
120580708
120716386
120726470
120758725
120822510
120859468
120959516
121088197
121105017
121115546
121145966
121147243
121175164
121293965
121402861
121430892
121491804
121665142
121791461
121864628
121895367
122040467
122094851
122268171
122287114
122292802
122571735
122611709
122692692
122737674
122928539
122973685
123047542
123077536
123077882
123083950
123124852
123185518
123242464
123258824
123304635
123314318
123329021
123336888
123412909
123439979
123502766
123663706
123664189
123673093
123985163
124093006
124132071
124151236
124210903
124247908
124319460
124360252
124461582
124465818
124470271
124482455
124526976
124554924
124764212
124856625
125047465
125295609
125310389
125336293
125458989
125523029
125772273
125814438
125875731
125937062
126191107
126227409
126332467
126601460
126619173
126650551
126749663
126844130
126952989
127008420
127053574
127130677
127184826
127302306
127381200
127416968
127438516
127523178
127698572
127927010
128058470
128125502
128132618
128199182
128224153
128268668
128293930
128307810
128401577
128412486
128425970
128430126
128618254
128710245
128794417
128807719
128810534
129001659
129123281
129238843
129251940
129290258
129301158
129310480
129354338
129375657
129424740
129682893
130053139
130196957
130197990
130198959
130214733
130451749
130493575
130502500
130624040
130744091
130792849
130955241
131042027
131159982
131205362
131748344
131978481
132058843
132155835
132369083
132463803
132466629
132480760
132616356
132953849
133122621
133237008
133361296
133406435
133502001
133828777
134020272
134034350
134101779
134345504
134615571
134920982
135090389
135158132
135179361
135494279
135512663
135519459
135784871
135938205
135938594
135942619
135968364
135973840
136001046
136030476
136168263
136221030
136270345
136315699
136368926
136383819
136385496
136391477
136606441
136710417
136763971
136882386
136908916
136938079
136954915
136959193
136987635
136990944
137105586
137187685
137241030
137416446
137446407
137537229
137566774
137574189
137697675
137837209
137922242
138029751
138039933
138071946
138405020
138418661
138451422
138468502
138589874
138689934
139067952
139231847
139261347
139331483
139506880
139593828
140010270
140120498
140322646
140406655
140430615
140496104
140729177
140838500
140861464
140957268
140964849
141363311
141633297
141667124
141739750
141856082
141929212
142038478
142052135
142214385
142411018
142468428
142483843
142509522
142532771
142658230
142760412
142792083
142845111
142885252
142945766
143098176
143248026
143409244
143481124
143580347
143806826
144121143
144170530
144306081
144316528
144328360
144370522
144705750
144848222
144918316
145052291
145141701
145155030
145198823
145318192
145350427
145445647
145598992
145675830
145815804
145906929
145929228
145947845
146245549
146258086
146395371
146414773
146452669
146539590
146577953
146695821
146704745
146722474
146848334
147059896
147198559
147216333
147337152
147439490
147439753
147647108
147652009
148025030
148025969
148144024
148423317
148431306
148461916
148539727
148635196
148814345
148910159
148972835
148978947
149069317
149133682
149390604
149496254
149537412
149574688
149861381
149881127
149894054
149981166
150203091
150282061
150428649
150675510
150762103
150965138
150972968
151005999
151210609
151474925
151571253
151571831
151636111
151645347
151727760
151964907
151994008
152002977
152060412
152076672
152414423
152524325
152538352
152636793
152725737
152777602
152809676
152836698
152879193
152934873
153017521
153030462
153072354
153189208
153208076
153275204
153314369
153348200
153407550
153442572
153513233
153588077
153588485
153694724
153917427
153936949
153952809
153992418
154332468
154359810
154403929
154684615
154763210
154767170
154833422
155205521
155333977
155335835
155365019
155603545
155622572
155650093
155680083
155985724
156251914
156363028
156383955
156409052
156462740
156527410
156546509
156726056
156750980
156846691
156903213
157041579
157045172
157058120
157317934
157344255
157746675
157769601
157823994
157829112
158017209
158040422
158043064
158089883
158192565
158737425
158784826
158945223
159065271
159092804
159122357
159185361
159192464
159340629
159367892
159372517
159407344
159557429
159914627
159917625
160045938
160437938
160550381
160550761
160864763
160889193
160965525
161294219
161527700
161530281
161537591
161707493
161731352
161835209
161856388
161931379
162115308
162706453
162793283
162800335
162832065
162844651
162880109
162957352
163002306
163002559
163019579
163054528
163148962
163170625
163334603
163518436
163522246
163528241
163564283
163667705
163731540
163746184
163882741
163918052
163952728
164030443
164224446
164242209
164500944
164556641
164600758
164823582
165042517
165112460
165210287
165275789
165357982
165533392
165548958
165650126
165672685
165708183
165763659
165825311
165842197
165907456
166020900
166067630
166166977
166197860
166270867
166316432
166446142
166686748
166759991
166819222
166978955
167364174
167581820
167601743
167807080
167830134
167919470
167985643
167985869
168346157
168375771
168532939
168571908
168729372
168850070
168905644
169210873
169226597
169410575
169487259
169512000
169601664
169858316
169979106
170082812
170126043
170273211
170277584
170307125
170368051
170436848
170554319
170587484
170906094
171161122
171198838
171244179
171511497
171545497
171714623
171743095
171812457
172071298
172272269
172336536
172405698
172421425
172564775
172711520
173158273
173296863
173387356
173409315
173499103
173518834
173750748
173853307
173865416
174026545
174212541
174219119
174258915
174330309
174351972
174496374
174575885
174576114
174761533
174793272
174793791
174884327
174886891
174954881
175279593
175291116
175378621
175423850
175583250
175660781
175842069
175865441
175870354
175941336
175996584
176079243
176093195
176249041
176349860
176392874
176429628
176441564
176653060
176669117
176670804
176921640
176988243
177120654
177156889
177203275
177391763
177512344
177530748
177604717
177668370
177668774
177724147
177753350
177930265
177934189
178161956
178399601
178512695
178524397
178650909
178773196
178820222
178842468
178917656
179087476
179090907
179103913
179188172
179284556
179656355
179704776
179942517
179958784
179980188
180026569
180234541
180520536
180567054
180765422
180869239
180918361
180925022
180926774
180975146
181028145
181289099
181329328
181395760
181435118
181533320
181571624
181666060
181675085
181735236
181799689
181872911
182062886
182097179
182322792
182340865
182451078
182622985
182776283
182930034
183118575
183138227
183212259
183243945
183253211
183377987
183380236
183400845
183417599
183499646
183614827
183670262
183762230
183916456
183956415
183998680
184021715
184104827
184104872
184349010
184435480
184510903
184606651
184823528
185194002
185324809
185385663
185529724
185579040
185644100
185695508
185840359
186173451
186357744
186457789
186712391
186740647
186807970
187007273
187120265
187279092
187356764
187410369
187474087
187718861
187732577
187764021
187853644
187902881
188158175
188365660
188427859
188439802
188491013
188548504
188619614
188845027
188882359
189127949
189184170
189285949
189380860
189413113
189599905
189942691
190092370
190243531
190253283
190288338
190363612
190431318
190441380
190458723
190542119
190679430
190683037
190994108
191004796
191093217
191238603
191262146
191457633
191633786
191781538
191922455
191931440
192261463
192381041
192395349
192504897
192708159
192764696
192924558
192982322
193023349
193552227
193662875
193813946
193848323
193917534
194012535
194325624
194361769
194389298
194405317
194634658
194772889
194855838
194865823
194893437
195217446
195218461
195447698
195767847
195807478
196080989
196389916
196405763
196653328
196784690
196957475
197002120
197092234
197190280
197195498
197202269
197333565
197372612
197552939
197565242
197670852
197781242
197850194
197880030
197987407
197990865
198088515
198153151
198258248
198546599
198583780
198668101
198681953
198831350
198897969
198929798
198961539
198983800
199049737
199130480
199238490
199263247
199622265
199699408
199709587
199969907
200041131
200086438
200145866
200215426
200255685
200279212
200466030
200492077
200527790
200646155
200733851
200742976
200821809
200879027
200987609
201029520
201050294
201098431
201153299
201187824
201358387
201506548
201836741
201901546
202116130
202182844
202267274
202272452
202398533
202448429
202654428
202694850
202723737
203023569
203033830
203148815
203219661
203241746
203303210
203489337
203505097
203522088
203549720
203578710
203580063
203861023
203997514
204246243
204536216
204597047
204708744
204968663
205018119
205305047
205440405
205569129
205736240
205793960
205830609
205999881
206137317
206392551
206571844
206749998
206870249
206909317
207082906
207177392
207204121
207287501
207363207
207434275
207463711
207522595
207565686
207672759
207709035
207793090
207856697
207989373
208071714
208137655
208212381
208314184
208370189
208385433
208666904
208824470
208957967
209007232
209058688
209064641
209102339
209268886
209297304
209508692
209509902
209540370
209698840
209758249
209810148
209813544
209927247
209997375
210284753
210319274
210370941
210399682
210466471
210524415
210773562
210790646
210881612
211011718
211178041
211490808
211672287
211682168
211755313
212011875
212168395
212388504
212518134
212647353
212697491
212773439
213106965
213191063
213246276
213283447
213284833
213311615
213313518
213380771
213604012
213705760
213727270
213786790
213881953
214150182
214236502
214340165
214465979
214506190
214652823
214718151
214720186
214733857
214812444
214916091
215016039
215408280
215414429
215422706
215457404
215487886
215516429
215532859
215568243
215635793
215760287
215860460
215870402
215918026
216085265
216200362
216220364
216364491
216426494
216586582
216665633
216692736
217008720
217147038
217152611
217177348
217199745
217361546
217441898
217485002
217746054
217792029
217904352
217910375
217948885
218057962
218191083
218220274
218228290
218262650
218289425
218410683
218700268
219123747
219137250
219276473
219438096
219528593
219584617
219638974
219645216
219748643
220350126
220369696
220408876
220493094
220652501
220748452
220755909
220870256
220962422
221030613
221113805
221189450
221224023
221225942
221279702
221285501
221309704
221321019
221380591
221395202
221479448
221649631
221725557
221776116
221787793
221879091
222031185
222082702
222114277
222178789
222200887
222214331
222293153
222418366
222496105
222640433
222663902
222683457
222693537
222716493
222745682
222853823
223035639
223088120
223169483
223171528
223238912
223261696
223329887
223349357
223398452
223433378
223458051
223479319
223512547
223626318
223632384
223866784
223867800
223957790
224112970
224234636
224280365
224320500
224503047
224516683
224535095
224681464
224740984
224743806
224902769
224926586
225139208
225215547
225244968
225337484
225380055
225429257
225478365
225491373
225495773
225537780
225621112
226086948
226255157
226278165
226391970
226511381
226583529
226818551
226885352
226991077
227058471
227164125
227169725
227181704
227397885
227477508
227511877
227526876
227585190
227737247
227768696
227790271
227821952
227867704
227922717
228079314
228423968
228430902
228460691
228489070
228570197
228600024
228803835
228957244
229112471
229239651
229268390
229325724
229384562
229479876
229637589
229903074
229938100
229999212
230007971
230126095
230171442
230265448
230367254
230368400
230448037
230524621
231074011
231118950
231138110
231166578
231189576
231222349
231235322
231240273
231260288
231264156
231506507
231531305
231570164
231600346
231728640
231796177
231968939
232043990
232093358
232402159
232411795
232449891
232724052
232773530
232802960
233197652
233209270
233224740
233227129
233272987
233396471
233428054
233478409
233552831
233678822
233926083
234016373
234504291
234763247
234778559
234796033
234821430
234853286
234865497
235135073
235218726
235303711
235471503
235511005
235627864
235685047
235853063
235987898
236126577
236649093
236716480
236779100
236879812
237283605
237309168
237376622
237400123
237448206
237464756
237466732
237547940
237835041
237836881
237871422
238166484
238209978
238251061
238259747
238314719
238361520
238366233
238446681
238773005
238809395
238841831
238908504
238974137
238986868
239094130
239140006
239219801
239270918
239281717
239307511
239356686
239516658
239531992
239656153
239756307
240009692
240104837
240195788
240211870
240265018
240270992
240403429
240610814
240617476
240664231
240676264
240799838
241088906
241100659
241239474
241381911
241797195
241804109
241825224
241832994
242059933
242065124
242185296
242311845
242384004
242406854
242654400
242657358
242781126
242784712
242796804
242880631
243080996
243208543
243264206
243324542
243459417
243686209
243718712
243735258
243849554
243852489
243882037
244235931
244238075
244504237
244601709
244704233
244892612
244967354
245035095
245105834
245156513
245188633
245216163
245227403
245462188
245685543
245863113
246062364
246303213
246368347
246396649
246517005
246656119
246745798
246852515
246957705
247043087
247264962
247287154
247328304
247401219
247599026
247689759
247970743
248149339
248197587
248292441
248358656
248385933
248418696
248506908
248537383
248629203
248733812
248735850
248749888
248761274
248761499
248943050
248986220
249021502
249024562
249289053
249332979
249658985
249683052
249930424
249944973
249955107
250187109
250212678
250260939
250335331
250416848
250494831
250523667
250536152
250881377
251381757
251709927
251731541
251765131
251783808
251787257
251880649
252062247
252413327
252452570
252997277
253053487
253054421
253284633
253316113
253371292
253403355
253420342
253474047
253563732
253653228
253811997
253896145
253908788
254053720
254260708
254440574
254620525
254750523
254798898
254813996
255039901
255181096
255218127
255310394
255475801
255514524
255578771
255740252
255854444
255871940
256063000
256156021
256375091
256411544
256439088
256457775
256485768
256565662
256736806
256768525
256887304
256901609
257092658
257135191
257624828
257646301
257673055
257783397
258032051
258067339
258223402
258258379
258327843
258434364
258439566
258786732
259041048
259070110
259085777
259311851
259490435
259748244
259910332
259989198
260066691
260074102
260282691
260438643
260471731
260674277
260675851
260822485
261136514
261153031
261202705
261283876
261311139
261355423
261745851
261754737
261824085
261859111
261911408
261932217
261949951
261964033
262014391
262041981
262056978
262416894
262448066
262535937
262718731
262855764
262879914
262901094
263084499
263130387
263200818
263236713
263263687
263337382
263428774
263466424
263559296
263764151
263920676
263939659
263970813
264057563
264093047
264227388
264257456
264279004
264321856
264321993
264467682
264777323
264793850
264827613
264864014
265044226
265058516
265063855
265084833
265113280
265251056
265310414
265407392
265553763
265572038
265640777
265674810
265687032
265769407
265828480
265871120
266068082
266139042
266147966
266194225
266385303
266670344
266804504
266833395
266978138
267120277
267139784
267172547
267295639
267575914
267776658
267858674
267866758
267939299
268174555
268262872
268384086
268545978
268609791
268618937
268651639
268894113
268910697
268942164
269043236
269073698
269191644
269219674
269239971
269330327
269439087
269539452
269649377
269668624
269750109
269849818
269885329
269970064
270063856
270125343
270128579
270130997
270237560
270355273
270408028
270427209
270431613
270543130
270636314
270862441
271075425
271179946
271342141
271352873
271389340
271464372
271522753
271602540
271669925
271728580
271908017
271925267
271986470
272090969
272264383
272279515
272296800
272586499
272989890
273110913
273128325
273182373
273264267
273379157
273456531
273504801
273603057
273632756
273635370
273721033
273848666
273876700
273934953
274312621
274339060
274349517
274355352
274436463
274557125
274565982
274671982
274750111
274773959
274916872
275185695
275281574
275346272
275539681
275599575
275702245
275713169
275776068
275839513
275841304
275922100
275999114
276189196
276311914
276364560
276404589
276414176
276529538
276769264
276780835
276883314
276914120
277085702
277179276
277267929
277295118
277318947
277426549
277430148
277729987
277831569
278081637
278137484
278175747
278274900
278437733
278672083
278736964
278759759
278825646
278922835
279141826
279148372
279276809
279394396
279499876
279574728
279638100
279816360
280112862
280450075
280542135
280558630
280611266
280664448
280799484
280849273
281119867
281152309
281487358
281561879
281738280
281755596
281895698
281922525
282024675
282061965
282155424
282257221
282264771
282410126
282646265
282674306
282831980
282883350
282893802
282923891
283005383
283014431
283070902
283281195
283311663
283493039
283517951
283572726
283582661
283656598
283690306
283900124
283918238
284006568
284034204
284052733
284090090
284613300
284632212
284735603
284751595
284782829
284783590
284945941
285126754
285245534
285390504
285469760
285651465
285661386
285880928
285917669
286174991
286202630
286212337
286243177
286413194
286470290
286476317
286583130
286898407
287045224
287313467
287354728
287480677
287523073
287629755
287754752
287757573
287851600
287879479
288091097
288209272
288278015
288351721
288409024
288469617
288488139
288571515
288610298
288746411
289188204
289317221
289576271
289632702
289698677
289981429
290027251
290322185
290371649
290376047
290505734
290517664
290591464
290633364
290718122
290719660
290739997
290787575
290887704
291102168
291389284
291403771
291468576
291489485
291581847
291600470
291611909
291642353
291798695
291829607
291941301
292030185
292035440
292070433
292109594
292237768
292415427
292535773
292550079
292618146
292624762
292800654
292827212
292910986
292937978
293251990
293329789
293513782
293962199
294027122
294104111
294278410
294386410
294518476
294544436
294545313
294694543
294814522
294838449
294939382
295252667
295342216
295382489
295576399
295624121
295696377
295809114
296144322
296158131
296278162
296554993
296964130
297001806
297043074
297068392
297093194
297123179
297266147
297303586
297333987
297363430
297694328
297719001
297812548
297837620
297960646
297978103
298031910
298042258
298058071
298309739
298390749
298488121
298584098
298623032
298640396
298786179
299007543
299015918
299122310
299190274
299381964
299384288
299423148
299537269
299612655
299864434
299914316
299930661
299970999
299995631
300047878
300283731
300350446
300506926
300535162
300544518
300567487
300819219
300864628
300883047
300966340
300996672
301132672
301197243
301322301
301434795
301446857
301464586
301465427
301690542
302039114
302309823
302411071
302505753
302507500
302606827
302607348
302647177
302653732
302712770
302785223
302822636
302932050
303140300
303355759
303585367
303610001
303655178
303774108
303804515
303817830
303991142
304181754
304191352
304472157
304501144
304553860
304680438
304703183
304739522
304803153
304830066
304888068
304898150
304907503
305026082
305088503
305214506
305271036
305271521
305322162
305336340
305408463
305625412
305667209
305841458
305921835
305948520
306206427
306230935
306247802
306257695
306430382
306698505
306744440
306749376
306852717
307070514
307249732
307333974
307335654
307386061
307430120
307473871
307519602
307599712
307871693
307913921
307960271
307986021
308227909
308287069
308458498
308488390
308725928
308795007
308879197
309275255
309276635
309366903
309381016
309508556
310051733
310346068
310469260
310588386
310614516
310824398
310825921
310976969
311125233
311178561
311250021
311264767
311469916
311783193
311917404
312157302
312349552
312507116
312880225
312908939
312949817
312951842
312986796
313001420
313060341
313102200
313143797
313228869
313357664
313505098
313522647
313547971
313612180
313791272
313829456
314164987
314449061
314484250
314624278
314773628
314828453
315036952
315131903
315192522
315251427
315274999
315326691
315429207
315597274
315638559
315741298
315843490
315934059
316140548
316275089
316654183
316734409
316750774
316801468
316828499
317082209
317259922
317304053
317420776
317456512
317549680
317655665
318014793
318038394
318253620
318281279
318440477
318452060
318499928
318615545
318806031
318842975
318882929
319075704
319108810
319153659
319513000
319533350
319972913
320010980
320081628
320149352
320174478
320179670
320258031
320480016
320507888
320587835
320820237
320906449
320998203
321018334
321051301
321265921
321304616
321530827
321540820
321601864
321653458
321754794
321816715
321846853
321928643
321971692
322076923
322113021
322384061
322449588
322740211
322753709
322780077
322876244
322897281
322934938
323030290
323046024
323221079
323232292
323306015
323326616
323339373
323550679
323602094
323715594
323860801
323946806
323960022
323964566
323998805
324116469
324386977
324389125
324390689
324635414
324650092
324700755
325031916
325080429
325171924
325381136
325417656
325577526
325635413
325778314
325854816
325886549
325922282
325930013
325997011
326088211
326175314
326185422
326199332
326246010
326395078
326420840
326453522
326474804
326551283
326565486
326600307
326723743
326765403
326802460
326851051
326871169
326873831
326895077
326906418
326930637
326974873
327043727
327144312
327179257
327198544
327276535
327680986
327797972
327897196
328016766
328062981
328093040
328101317
328107355
328181936
328275034
328326088
328460257
328636032
328651705
328780163
328840787
328853859
329008889
329155990
329380110
329387878
329391859
329429517
329527562
329531435
329557555
329617407
329666221
329696881
329732809
329898853
329905844
329938232
330170768
330304159
330689160
330774959
330855549
331321752
331472097
331556696
331639383
332049214
332063497
332096985
332265928
332387387
332403066
332460882
332583872
332633574
332681622
332684572
332749494
332754043
332788948
332831864
333098200
333117419
333198663
333291248
333694758
333800525
333826193
333915635
334010314
334224513
334500167
334527014
334552650
334616692
334631424
334707872
334938493
334974966
335072363
335133041
335146649
335215565
335340615
335574594
335638709
335664293
336201675
336219218
336227323
336277496
336516171
336582421
336607280
336642280
336678323
336706402
336975254
336992667
337026857
337084229
337095109
337120833
337160885
337244158
337293868
337329576
337375186
337445375
337502293
337509026
337510934
337688637
337706058
337706884
337893131
337907902
337948628
338052031
338073093
338164904
338307078
338311278
338340014
338377822
338550709
338789394
338866697
339454395
339555398
339594215
339711899
339729187
339815302
339851295
339907230
339951687
340110935
340158492
340237051
340261516
340458713
340647880
340959705
341020061
341283350
341376184
341682392
341769579
341840782
341988522
342071685
342130761
342211019
342235628
342453147
342499794
342795716
343029225
343100971
343101028
343198672
343225665
343257022
343265878
343433852
343446940
343522576
343528320
343559277
343698284
343782508
343786942
343872432
343907902
344112912
344135023
344278334
344301540
344396928
344413703
344530949
344650753
344654167
345105220
345146262
345198456
345390972
345391196
345444556
345485019
345496993
345633948
345742446
346030768
346166334
346249536
346258462
346264058
346601338
346684985
346797875
346840967
346876092
346893146
346971326
346993088
347024750
347153973
347255247
347471778
347619881
347800586
348061203
348086720
348148915
348210477
348364787
348418648
348418679
348619489
348793265
348864621
348926231
348959904
349137152
349337674
349368694
349444057
349510911
349520043
349537985
349855114
350016601
350141894
350947333
350963557
350964832
351120725
351258208
351262282
351389843
351405990
351537652
351544648
351668936
351762750
352039814
352371678
352392320
352586936
352663750
352719504
353055141
353322595
353332585
353359116
353400917
353725290
353731065
353742954
353788151
354148201
354166790
354289864
354403194
354542088
354668152
354675902
354742127
354744915
354829351
354835060
354880390
354923350
355022941
355172089
355241708
355261455
355543801
355556417
355599547
355655131
355729688
355752814
355789195
355915583
356056571
356322570
356387238
356466191
356554138
356719447
356753322
356780510
356842710
357186701
357425890
357562063
357604840
357789252
357859584
357913466
357947607
358178975
358333549
358423093
358500623
358780697
358796407
358850378
358897024
359149433
359215407
359325220
359423870
359729854
360055699
360368539
360398520
360419596
360657635
360729187
360749917
361202796
361322170
361339050
361950659
362228528
362358160
362361265
362756736
362769557
362825350
363035825
363035934
363134979
363139346
363175874
363177675
363187416
363269201
363292953
363330890
363379534
363418041
364027161
364215840
364294493
364474251
364519777
364564859
364592503
364616212
364777853
364869588
364977459
365273235
365360264
365381437
365612031
365757176
365803603
365809714
365879013
366242892
366478656
366825667
366918019
366939838
367050411
367102138
367126622
367250045
367285840
367409382
367605107
367655213
367670766
367768344
367849902
368041123
368091390
368113615
368217006
368321549
368445556
368698352
368718513
368772539
368827948
368928969
368985220
369031042
369083820
369109355
369220151
369227022
369252066
369450964
369550975
369610480
369886133
369904424
370122976
370130634
370199550
370272080
370287319
370298725
370449431
370537063
370584755
370617148
370682752
370712710
370779496
371092686
371204441
371275318
371319934
371542124
371716094
371781655
371865045
371950046
372064750
372073249
372073357
372278091
372368035
372481791
372580927
372625687
372643458
372706690
372858983
372927236
373238988
373244817
373402108
373523034
373689684
373802445
373866799
373936284
374092830
374201763
374223334
374306078
374338837
374460368
374513461
374530571
374602870
374619712
374710722
374729709
374982881
375017803
375062505
375368849
375706267
375924238
375961281
376232760
376374097
376464516
376649452
376902704
376968223
377097231
377512400
377580987
377939957
378157440
378343667
378593777
378640485
378667561
378679395
378726133
378891002
378940262
378960011
379091774
379118164
379556469
379617296
379689334
379826589
379920655
379961192
379980110
380132761
380153915
380197870
380287215
380340895
380576102
380795568
380865096
381118703
381318893
381329841
381352733
381417762
381630250
381965699
382186615
382475936
382939809
382988353
383045603
383168747
383231863
383463315
383515566
383799108
383929903
384078387
384271440
384350248
384352658
384408638
384606350
384660106
384846996
384910446
384918580
384921561
384960523
384982084
384992391
384994912
385019733
385281381
385298637
385395682
385961868
385978283
386392005
386426579
386487662
386560667
386611988
386651559
386725053
386771317
386872494
386883247
386913937
386982650
387012845
387063953
387165987
387308968
387404481
387409115
387496164
387672356
387873565
387898352
388113462
388373048
388742336
388806049
388812917
388848412
389008812
389099527
389173191
389180163
389244191
389380084
389504414
389670041
389721508
389770895
389927179
389936652
389975265
389992535
390048238
390160818
390178707
390306853
390593643
390763789
390787268
390832516
390843775
390874311
391285916
391408650
391501383
391528448
391531351
391532472
391543436
391668121
391689946
391697416
391795874
391908485
392041554
392058352
392121750
392139207
392300069
392434243
392455998
392602245
392618343
392691094
393072955
393238326
393301436
393466448
393467590
393491857
393492656
393543189
393590878
393742778
393780035
393780824
393948332
393950566
394147918
394152181
394156192
394212839
394248546
394286037
394388180
394607557
394846953
394991130
395037064
395084504
395088997
395101301
395111079
395241626
395264746
395321588
395368172
395444436
395655705
395668360
395686680
396007318
396270284
396302085
396321049
396537517
396743463
397239380
397384221
397405966
397500591
397604309
397709448
397758986
397793838
397827315
398172744
398376447
398584385
398714376
398794314
398814803
398968987
398972594
399087655
399112794
399138546
399172634
399465476
399528482
399541101
399668953
400045047
400181987
400324012
400390868
400515533
400594935
400670189
400711685
400794661
400997290
401187990
401316042
401594110
401747256
401947181
402191915
402316790
402363403
402865010
402928116
402951193
403279602
403330234
403344795
403547099
403634856
403747031
403767972
403832712
403849676
404536603
404558814
404713476
404935392
404936152
405000336
405012273
405178778
405219487
405225171
405567680
405577575
405585753
405628747
405630143
405867682
405919141
405928857
406281068
406436381
406567189
406625937
406686723
406869776
407186224
407258083
407486214
407641032
407881939
407964990
408109654
408119288
408156795
408165856
408198676
408213595
408282808
408435675
408640457
408782599
408864872
408902600
408961263
408991970
409275935
409281407
409465156
409499525
409514519
409713444
409770885
410043199
410053987
410137082
410190837
410362033
410364969
410454054
410534706
410630722
410774412
410876230
411070414
411100316
411244286
411310949
411350822
411424319
411431217
411641227
411646436
411757510
411760729
412043842
412170007
412376842
412932271
412963371
413121703
413140501
413396427
413429643
413746941
413857223
413910800
414125673
414314106
414389519
414402849
414608553
414615959
414624092
414685125
414725971
414730675
414919633
414957831
415113526
415227528
415327978
415528011
415528531
415634630
415709517
415799176
415863611
415876847
415948532
416513821
416720033
416754121
416773755
416788402
416849802
416966993
417014701
417051512
417198566
417320403
417576987
417610181
417680899
417701376
417714274
417850067
417858693
418049423
418170494
418196786
418355675
418529656
418603579
418612685
418723638
418830096
419066486
419075566
419168786
419326328
419356348
419377432
419380290
419541036
419755811
419912859
419982978
420224742
420246605
420337190
420534675
420669973
420747617
420773181
420886176
421006280
421112605
421163729
421216481
421629034
421743341
421891057
421924752
421942189
421945761
422171467
422495411
422692533
422756388
422877229
422885123
422895428
422967401
422979985
422991782
423010214
423024854
423236209
423266831
423353999
423539859
424058315
424094915
424286027
424342327
424374116
424788680
424839796
424975262
424990120
425089804
425250814
425475167
425619426
425744026
425841910
425933489
425975175
426050996
426496136
426640880
426658870
426733513
426806621
426902455
426962991
427058482
427062879
427359283
427445472
427543563
427546388
427782757
427785125
427923940
428008579
428231637
428269156
428301586
428474768
428810562
428844870
428921634
428932444
428935760
428954805
429069370
429197019
429387379
429463369
429689624
429691092
429776811
429793186
429856826
429903723
429920299
429939536
429986596
429986807
430005276
430199733
430211505
430500912
430565649
430698264
431106973
431172664
431214724
431375774
431407050
431508000
431584008
431702825
431707069
431725408
431773860
431835240
431849796
431871676
432186473
432230885
432256584
432396333
432437152
432562593
432769841
432896689
432978639
432999085
433187872
433354928
433415247
433583969
433610743
433946997
434071104
434251308
434604886
434711139
434917015
435004096
435014218
435079207
435153382
435183892
435224534
435337412
435380292
435404603
435635232
435653327
435808296
435876820
435892659
436017577
436045693
436183448
436340025
436421239
436573317
436657018
436740032
436915150
436939981
437196272
437384671
437411785
437598185
437700096
437748849
437867197
438010131
438073086
438192288
438334627
438362907
438462761
438521164
438540483
438561048
438638836
438707954
438735723
438776136
438901094
439074353
439078415
439083910
439162061
439184236
439200552
439258506
439554103
439562478
439596695
439618777
439669376
439748116
439849340
439893508
439910097
439931185
439950085
439959686
439973953
439987200
440036073
440051847
440114621
440485375
440627117
440642168
440657513
440729638
440759110
440815260
440850250
440902300
440984839
441047570
441164009
441317403
441356208
441697711
441790741
441925294
441954334
442301637
442402579
442411984
442562117
442570967
442666794
442813044
442935547
443018067
443113655
443170895
443311117
443334301
443335263
443368479
443369371
443377903
443417600
443687387
443712059
443726086
443836445
443849189
443894043
443924339
444062698
444083731
444223279
444224899
444264243
444346666
444349506
444383682
444579996
444587876
444661200
444762753
444846770
444985706
445072673
445487798
445538653
445544952
445708431
445759640
445816178
446057675
446251786
446354985
446426884
446441194
446471230
446492294
446586866
446690695
446804276
447004763
447063241
447173308
447250491
447294908
447402551
447419070
447476743
447492780
447607838
447629179
447662254
447786241
447905677
447954856
447993653
448013674
448127465
448301567
448326785
448385789
448511857
448612811
448615906
448767734
449052293
449311057
449424176
449509997
449529588
449535007
449746412
449786375
449787619
449913026
449961266
450000687
450311927
450326332
450371655
450476605
450557290
450827286
450993564
450996717
450997099
451045015
451123835
451146844
451221817
451244300
451283836
451318962
451411936
451423596
451598620
451632409
451726382
451740704
451936624
452126314
452207777
452265017
452310805
452362333
452519742
452580138
452821998
452825136
452854525
452891659
453301658
453334928
453461451
453515889
453584518
453590478
453737970
453771910
453812951
453896676
454053994
454054856
454193218
454198004
454356285
454568518
454602828
454883801
454886622
455047560
455071555
455185319
455220848
455230589
455288819
455325832
455344768
455354749
455701449
455751894
455812494
455949921
456144962
456196778
456208598
456432122
456535356
456567155
456620226
456694925
456895813
457079443
457106194
457170526
457590334
457675795
457694469
457912812
457943348
457967683
458003765
458069740
458181462
458234222
458443174
458503928
458576346
458587300
458671480
458838379
458959908
459185774
459269392
459347458
459562546
459613908
459666320
459901439
460004744
460242776
460257639
460395580
460462660
460518484
461037277
461068196
461332899
461503819
461819202
461854823
461858776
462122801
462322375
462434501
462489887
462629224
462642766
462690316
462736279
462736811
462851005
462941372
463013270
463127787
463205677
463281365
463282892
463591243
463754705
463765286
463912754
463953362
464075193
464376312
464542049
464576268
464715972
464807983
464832895
464898277
464935333
464974407
465121549
465179005
465203169
465429932
465489150
465562415
465620354
465636498
465750245
465893981
466009323
466043824
466067394
466123051
466265403
466333119
466597068
466603768
466712868
466797053
467068608
467188423
467219682
467341561
467478401
467630055
467711940
467749979
467808076
468206431
468281513
468427752
468464422
468958342
469185969
469189994
469312213
469373021
469383675
469510802
469626000
469636864
469752294
469775015
469775079
469869938
469997359
470096507
470173228
470185803
470221004
470250355
470286675
470312878
470379372
470495381
470671807
470713998
470813443
470961776
471133776
471149853
471179200
471216446
471374305
471667180
471742900
471800453
471900019
471922694
472478394
472561783
472578183
472580265
472681323
472706630
472914262
473015166
473047441
473065971
473174987
473416358
473478832
473622480
473771096
473884348
473963266
473969673
473972999
474030330
474107800
474395555
474404537
474507377
474633797
474688647
474732266
474974033
475087847
475090867
475134339
475264148
475312572
475352360
475705384
476000506
476013138
476029600
476033936
476260551
476325216
476333665
476402043
476571322
476595271
476776042
476819380
476822982
477256723
477518428
477551671
477571098
477653338
477699451
477705260
477968765
478059817
478197473
478517177
478583365
478603006
478685223
478793338
478837985
478878256
479041141
479060414
479211125
479226534
479344107
479431402
480102132
480122491
480193180
480195651
480231421
480241899
480561335
480586977
480618328
480626105
480654545
480705330
480740256
480802136
480819676
480872715
481116565
481222416
481568435
481644084
481787051
481909455
481981889
481988461
482157110
482168702
482305524
482359708
482398580
482414247
482435165
482444484
482743321
482824908
482935074
483054769
483321832
483373279
483875878
484084059
484084984
484088113
484094299
484123503
484174562
484282112
484299415
484303820
484416658
484421878
484468305
484518428
484529645
484587591
484740429
484861858
484868379
484941589
485025755
485030440
485060106
485089921
485134877
485213234
485322244
485469487
485554713
485890830
485902359
486176311
486236471
486399463
486494749
486519261
486548794
486720141
486734389
487036396
487219110
487332643
487466453
487467445
487567981
487699997
487706756
487737212
487748158
487941276
488104272
488134228
488258857
488285046
488438120
488552499
488555356
488566314
488586424
488594214
488625774
488862452
488863749
488992539
489106177
489143286
489258526
489279484
489313143
489397109
489440292
489598725
489648203
489715067
489928213
489935711
490031375
490083237
490106629
490113030
490143253
490144384
490194007
490238824
490435590
490458429
490949113
490963499
491153001
491602112
491645372
491651565
491727678
491759876
491777005
491992810
492055152
492079142
492228625
492327999
492458264
492493514
492504909
492547446
492635757
492778621
492800719
492833040
492888020
492908575
493083038
493115223
493116585
493423350
493551565
493869323
494051663
494175580
494206658
494367561
494367955
494371866
494425141
494444059
494475856
494523250
494538740
494565947
494750384
494905176
494969460
495178571
495194955
495263686
495301633
495450100
495918932
496016152
496037144
496206720
496219145
496273220
496297131
496347210
496519826
496540203
496575662
496623962
496871170
497062242
497111225
497454844
497568127
497602998
497791966
497801432
497893863
498019529
498047755
498109384
498161224
498272657
498340442
498516744
498583651
499012957
499162700
499199195
499213599
499237688
499266782
499278431
499516571
499602769
499659211
499719256
499724456
499766792
499852744
499892359
499902062
500132931
500302463
500433760
500577225
500682932
500794693
500835458
500861448
500945748
501032754
501293815
501409479
501656817
501659564
501680622
501744750
501745562
501789602
501879754
501977061
502011786
502139169
502250535
502367191
502514947
502607250
502708627
502777670
502793115
502869407
502916050
503208222
503265837
503349230
503438505
503518111
503572677
503594027
503748583
503827068
503883599
503971107
504025689
504231315
504268965
504304232
504390472
504403311
504419326
504422494
504676942
504844401
504865143
504886743
504980430
505226892
505358565
505378200
505445948
505503720
505937981
505960273
505981122
505989288
506008613
506009112
506694257
506699804
506748634
506760695
506800060
506933855
507407311
508089053
508209462
508316473
508716669
508768891
508809148
508964475
509035025
509119886
509228405
509228700
509388116
509394260
509409764
509499430
509646413
509653195
509722395
509745169
509780898
509817665
509891396
509923394
510107432
510193681
510236346
510295749
510359699
510379319
510380933
510598751
510679566
510702264
510892232
510934380
511128053
511198601
511253776
511291078
511357344
511406023
511483223
511840905
511893312
511995283
512091383
512118739
512165083
512285848
512517182
512668822
512675710
512739482
512887163
512930879
512970414
513139369
513371131
513404288
513486935
513586687
513632280
513680149
513685049
514017304
514146463
514185103
514649309
514786964
514933582
515035527
515074745
515190727
515338041
515355373
515382893
515461452
515611816
515658946
515661874
515763070
515818944
515869025
515960116
515995208
516159567
516237900
516267907
516286181
516340953
516357434
516366515
516528319
516600113
516621955
516813436
516844902
516851850
516915682
517664135
517768294
517872138
517970295
518419485
518535618
518547655
518590327
518691735
518705996
518769709
518778228
518823979
518850829
519110732
519142904
519247046
519248461
519284551
519456096
519458349
519499584
519533956
519573305
519612579
519613112
519626744
519804735
520202048
520375534
520440842
520562456
520614123
520695511
520741239
520783476
520801821
520909838
521094877
521159392
521240442
521316788
521348308
521456547
521554173
521609213
521620990
521692729
521712592
521735959
521889801
521974961
521984767
521994215
522096723
522123604
522192348
522214983
522352641
522421858
522449745
522626041
522629643
522749609
522816397
522895734
522972927
522991774
523026506
523057862
523073617
523191866
523409930
523561103
523876343
524003483
524086215
524101579
524116865
524153772
524160330
524242578
524292138
524419917
524452981
524459391
524612710
524793492
524807988
524824423
524861447
524864409
524875273
524951482
525127704
525156723
525407661
525476726
525500828
525929699
526001824
526004811
526100118
526100511
526175051
526544516
526764504
526798245
526807985
526808399
526828051
526851392
527086143
527090380
527507439
527822685
527833763
527875472
527995604
528091419
528348491
528612876
528631040
528785464
528812057
529137868
529171901
529181117
529327603
529384422
529427899
529454997
529780769
529837130
529887204
530001619
530018966
530113143
530179968
530187345
530194059
530251165
530625598
530694135
530776827
530813775
530819984
530820302
530835682
531078526
531134816
531173218
531435073
531484264
531556607
531644226
531680093
531695838
531867006
531873460
531989366
532172365
532430901
532443997
532575364
533063353
533071296
533079809
533153972
533258248
533284755
533361474
533450117
533492813
533528518
533549431
533771529
534009249
534114205
534296222
534300061
534382499
534506168
534604563
534653843
535259653
535722460
535866669
535975313
535982099
536002141
536194044
536313596
536317478
536413134
536571113
536721272
536835714
536850011
536857568
537016523
537075475
537086330
537149238
537180814
537390105
537424833
537477413
537500195
537558064
537817638
537818100
538035176
538059726
538475005
538503823
538508020
538510610
538599149
538670905
538827028
538855751
539026311
539032816
539088158
539246721
539259812
539342836
539662827
539718219
539822345
539918006
540025659
540038572
540076946
540267773
540279622
540299495
540408651
540718327
540960727
540978814
541184433
541270242
541332580
541337015
541377464
541392476
541397258
541569735
541575904
541617823
541675634
541731314
541760499
541765797
541793401
541848619
541943481
541960657
542012439
542090594
542171339
542188460
542204353
542240676
542471593
542480956
542537072
542589302
542628186
542725952
542744312
542884076
542892190
542991930
543042372
543351858
543438634
543476754
543484314
543505866
543508270
543541800
543739969
543770295
543803405
543823165
543880803
544054755
544063480
544070456
544398828
544571585
544611531
544627804
544702267
544705964
544791822
544877763
544970154
545039829
545079784
545182395
545260810
545273540
545359663
545441397
545470614
545543252
545612311
545622029
546134690
546371521
546411859
546961690
547111187
547247498
547257800
547319834
547499026
547501739
547545104
547555075
547674137
547691737
547761744
547769079
547790824
547814693
547958049
548115385
548164486
548187427
548249303
548346962
548453151
548516535
549010231
549308147
549339342
549341141
549498396
549512920
549731275
549743182
549743688
549846415
549882401
550149876
550160550
550323726
550410640
550572393
550699493
550888143
550951522
551151041
551190884
551407530
551591284
551673246
551748736
551900177
551938621
551991126
552228628
552231323
552334064
552413289
552536753
552797060
552911803
553155537
553508308
553533667
553666143
553711868
553748731
553764214
553851635
553859151
553921391
553975991
554148809
554228296
554629044
554659240
554692220
554800512
554947610
554959697
555026334
555136352
555222080
555304778
555332972
555397352
555479947
555752303
555803905
555818656
555865503
555898019
555922536
556106019
556330809
556445597
556452503
556949693
557019989
557090588
557142658
557184889
557219879
557332604
557418487
557469686
557700668
557933323
558146581
558209606
558214589
558392460
558408067
558435971
558503865
558619298
558845098
558907213
559042233
559573718
559745643
559783987
559973516
560092810
560237805
560268968
560453493
560536621
560586579
560664370
560774733
560870868
560982511
561085086
561239909
561475564
561550284
561797529
561825164
561934860
561943912
562268667
562336136
562376616
562546253
562568139
562590242
562623205
562714152
562735839
562849105
562874182
562937899
562942833
562947639
563012669
563029166
563106064
563142438
563206056
563283652
563466712
563613476
563724027
563753371
563869927
563889570
563932807
563977796
564160675
564167407
564200421
564222055
564420152
564433757
564441321
564885185
565035074
565152997
565184024
565244146
565446861
565572709
565882042
565946470
565948442
566132595
566175380
566197615
566265424
566334263
566606659
566685502
566746791
566918556
566988358
567238199
567271591
567304130
567399344
567488207
567517856
567864464
568052135
568123166
568431825
568500307
568554308
568675777
568735164
568846987
568880648
568904732
568921228
568938659
569089197
569172671
569303044
569387157
569468202
569520957
569528013
569652510
569653380
569725630
569737682
569775090
569942225
569947361
570012971
570047055
570667849
570677121
570930310
571067447
571206153
571335695
571377166
571403310
571575209
571646558
571716047
571737082
571746625
571805383
571906080
572054063
572263786
572322064
572424013
572641811
572830980
572950188
573130041
573150520
573157587
573170753
573262040
573381888
573400422
573530152
573544124
573834642
573924450
574162475
574183682
574214803
574216540
574264153
574370063
574466929
574625059
574722718
574874336
574900314
574988934
575118199
575159903
575301872
575448528
575456551
575536648
575550871
575702177
575953376
576025893
576625866
576888719
577008002
577041361
577158959
577352097
577355666
577384505
577472156
577558814
577638964
577642883
577725615
577836639
577906161
578011757
578074596
578244181
578427436
578594683
578624094
578727446
578764574
578900484
579014332
579081507
579128694
579151448
579308532
579329056
579460000
579714682
579864000
579887498
579957070
580218392
580309222
580387575
580464799
580821287
580836766
580965875
580983435
581275828
581283159
581381993
581431109
581433780
581478673
581718620
581738440
581828276
582111464
582118440
582161633
582224994
582330593
582378080
582561280
582651133
582774255
582852472
583167938
583335987
583346789
583455952
583515293
583716257
583936245
584015622
584037305
584086749
584285487
584372488
584404704
584422677
584468023
584501365
584511054
584540135
584646940
584650070
584672376
584821143
584825939
584959252
585101442
585115822
585215765
585550378
585690217
585748347
586496409
586636169
587223563
587355701
587380261
587653799
587724922
587746988
588007005
588019234
588180001
588216486
588261687
588285038
588396868
588431818
588438591
588447667
588474197
588511294
588705535
588856836
588882703
588936465
589271729
589445271
589512119
589682877
589748916
589767121
589843160
589910078
589919923
590094122
590216112
590301064
590371146
590412582
590422884
590447641
590504367
590514600
590857014
590881208
591003906
591120473
591263514
591317450
591810083
591837262
591899734
592073121
592086001
592119556
592407602
592416793
592457235
592475343
592590703
592690070
592978019
593018018
593096596
593199434
593457764
593474941
593504871
593506726
593564949
593659158
593662882
593675677
593692700
593768567
594117240
594192391
594224214
594374388
594388830
594610940
594657854
594705218
594780714
594868877
594871617
595160191
595241957
595274216
595352917
595478154
595492151
595509957
595775120
595817751
595829335
595845778
595966547
595999509
596079389
596130199
596232241
596249722
596435706
596438977
596892947
597024580
597098833
597195622
597266699
597291234
597399652
597403675
597512572
597568981
597585224
597776864
597819693
597872456
597900337
597993175
598306384
598500649
598578493
598585782
598786163
599019480
599070075
599195225
599467037
599471017
599598120
599686400
599726808
599739505
599821906
599936533
599945461
600048382
600087123
600136183
600472732
600506454
600606230
600623857
600674978
601248999
601253031
601391180
601588617
601589557
601814830
601883107
601941658
601946182
601957872
601999718
602101136
602126118
602132157
602387706
602439074
602440856
602457426
602534727
602568547
602660119
602768837
602789532
603018131
603278672
603391503
603396419
603440467
603455257
603460590
603526370
603558055
603630613
603636748
603715571
603736997
603867298
604159350
604191719
604441615
604612932
604679397
604694460
604838040
604847452
604895036
605047531
605195306
605373782
605467812
605550569
605678888
605681406
605705704
605857293
605920145
605960552
606093864
606270957
606340542
606572486
606678479
606709488
607099595
607194788
607252765
607342715
607378849
607426655
607486559
607563524
607615154
607771996
607779119
608161197
608280943
608350108
608414291
608430982
608628012
608674120
608765430
609037136
609207076
609401949
609518758
609527658
609536445
609660882
609754977
609764952
609853240
610017332
610267307
610426929
610518229
610543672
610557133
610625838
610644977
610707233
610805718
611126949
611160207
611367576
611386235
611452963
611521491
611613406
611707341
611741409
611743039
611763284
612107414
612114634
612308119
612446373
612514167
612538768
612595625
612638859
612701022
612714147
612764511
613110036
613166156
613213460
613354087
613457785
613659389
613725740
613732250
613903704
614063206
614237909
614284055
614287705
614340050
614354729
614490502
614508664
614537808
614779775
614808517
614851097
614948888
614982162
615550453
615632661
615634261
615722336
615789959
616106554
616118852
616141440
616148012
616187487
616232707
616260132
616263313
616313474
616339469
616369368
616401672
616536487
616645567
616754264
616820412
616866498
616943940
616978528
617070329
617106920
617221036
617259555
617391557
617491198
617513338
617719738
617760067
618053600
618124021
618280199
618371692
618602671
618625622
618649358
618679649
618701280
618918665
618946363
619122854
619162529
619422326
619467827
619582320
619714538
619913252
619916244
619918419
619946540
619947345
619963776
619994119
620044297
620169452
620413886
620435086
620439075
620607328
620623275
620661741
620746753
621183596
621252619
621258228
621259417
621311588
621458760
621563393
621727743
622194437
622285443
622534828
622608233
622691516
622692892
622705369
622774919
622775078
622883483
622893106
622951474
623073755
623191198
623339308
623357778
623595673
623697334
623776395
623822747
624140403
624276725
624329056
624331573
624362902
624552650
624761665
624783220
625228245
625277965
625331043
625417031
625684273
625854053
626005977
626479708
626483416
626560733
626756267
626814010
626817063
626900298
626931375
627054696
627146036
627166955
627213168
627336570
627440967
627491119
627752518
627761655
627799439
627832012
627889600
627951209
627983323
628078526
628133389
628145968
628166943
628202963
628312500
628380131
628415919
628510358
628595708
628630093
628635015
628731542
628947901
628970508
629262160
629358056
629510258
629515572
629542952
629574492
629613283
629752203
630003036
630242084
630244268
630266298
630288600
630324340
630368829
630403704
630470774
630520440
630550077
630565255
630569672
630641985
630680274
630689442
630739428
630767877
630796624
630892575
630956519
630965889
630969679
630996093
631141233
631149039
631206875
631259588
631508679
631581784
631605547
631656073
631810594
631813752
631824765
632131822
632264959
632377774
632576580
632661577
632671320
632814457
632986477
633123507
633287479
633828334
633933837
633936505
634413163
634428961
634502174
634515235
634912088
635134130
635193079
635215231
635237486
635323336
635488967
635644773
635760353
635893904
635920061
636022317
636214203
636215972
636308256
636549680
636568409
636600750
636611196
636618636
636645491
636651925
636774007
636924925
636926957
636977495
637003692
637136695
637152142
637319434
637384403
637614988
637736129
637749657
637967672
638027685
638062799
638078776
638154163
638298180
638544828
638565077
638769538
638790078
638864028
638869551
638897842
638932680
638999304
639041126
639119069
639346751
639357052
639451281
639662918
639838873
639982989
640211273
640292110
640305713
640466068
640590357
640699833
640940350
641083643
641222257
641284381
641285962
641323993
641613307
641749256
642067403
642317818
642386094
642408514
642440047
642451582
642615693
642767401
642899742
643095578
643172280
643224779
643331924
643588781
643857807
643979670
644222432
644308171
644322406
644503101
644547250
644781333
644947433
645356418
645379006
645500614
645523303
645631530
645790285
645946766
645989126
646030601
646069470
646177997
646238402
646272636
646328132
646487443
646533276
646542089
646710983
646713036
646733667
646787306
646795287
646822236
647233412
647269785
647292830
647398706
647414616
647436293
647818838
647872481
647888480
648072830
648156374
648347761
648369413
648493115
648496542
648723860
648791979
648856540
648871967
648920977
648933397
648959397
649061758
649083522
649126315
649268545
649358929
649563906
649848185
649882401
649983959
649984624
650003078
650003705
650028029
650293562
650485356
650764725
650933773
651155186
651385231
651389265
651588051
651603287
651662054
652124043
652163232
652189329
652237895
652260904
652460060
652797358
652880907
653059228
653127558
653431542
653562546
653574918
653703318
653713910
653772775
653850845
654047717
654217772
654505578
654526655
654552412
654576411
654631471
654661450
654786575
654980207
655009025
655072381
655119374
655277304
655346836
655374916
655578945
655736937
655768209
655876566
655908244
656065736
656125915
656371084
656460260
656562043
656731209
656908935
656979090
656980230
657092476
657152826
657232771
657550480
657585766
657632121
658236046
658277685
658352629
658434959
658700440
658721675
658775732
658839265
658890457
658963391
658997753
659074096
659077979
659435594
659451963
659604050
659788241
659813481
659828369
659845774
659972899
659982559
660049344
660068095
660159499
660284201
660314655
660472421
660634374
660702721
660733576
660828266
660860227
661011591
661025125
661114976
661144298
661150304
661301009
661464578
661485511
661668936
661704183
661710502
661767879
661823877
662050041
662126687
662171200
662230090
662242237
662561972
662595749
662614665
662634437
662687231
662811759
662827773
663109492
663142123
663245158
663305189
663574645
663631131
663681848
663842996
664182957
664229534
664258537
664298955
664315488
664419288
664588764
664609105
664641708
664681566
664891752
664924581
664964515
664986449
664992280
665013882
665032906
665081637
665233520
665293466
665358667
665389906
665482553
665539953
665609532
665860166
665865270
665988972
666031117
666172349
666194559
666253704
666316101
666349546
666376792
666469593
666575741
666688434
666932917
667033168
667037703
667038007
667044734
667095951
667153068
667180318
667297062
667405248
667470280
667499628
667525946
667764350
668103834
668152998
668323984
668326701
668424198
668440145
668501151
668715913
668884304
669054549
669146537
669160734
669439523
669461179
669555023
669567482
669588752
669769385
669812485
669839041
669956624
670093766
670210327
670261551
670272430
670395043
670639531
670663960
670796125
671023182
671047765
671077851
671192922
671257727
671435711
671450257
671603411
671704845
671748999
671773360
671823561
671947038
672168023
672298307
672338781
672453087
672626277
672696092
672701514
672783262
672805940
672834565
672867374
672947887
672982739
673066952
673084419
673320093
673408043
673442958
673584005
673674185
673799431
674276750
674277178
674352748
674357355
674439430
674468636
674766817
674901738
675138145
675142508
675184943
675295428
675572156
675679501
675721722
675869894
675951280
675974848
676106901
676152405
676225536
676306728
676358822
676427405
676728631
676818729
676946967
676989840
677010407
677045884
677157791
677342207
677376727
677617378
677627829
677654161
677671278
677704802
677743478
677819678
677915465
677951380
677972071
678040595
678113907
678116552
678132930
678134160
678134833
678158756
678194772
678201302
678279270
678305441
678346456
678494043
678495475
678505549
678623927
678654052
678795625
678873731
678928007
679048948
679107938
679364609
679415435
679557413
679973600
680087832
680232291
680239337
680311380
680430681
680482794
680553945
680887856
680915146
681080839
681221885
681229751
681599321
681707954
681728613
681757913
681935015
681988369
682037042
682097134
682224807
682323131
682395053
682414008
682562811
682674255
682699822
682715744
682749224
682814536
682913485
682926879
683113865
683195175
683356003
683748837
683846621
683879988
683989156
684021758
684189323
684200106
684476790
684659837
684672558
684769770
684923470
685134388
685160723
685164791
685241816
685493888
685595484
685597865
685604424
685728964
685748330
685753072
685906275
685942949
686136097
686207700
686343933
686470404
686507723
686572786
686728860
686913332
686978995
687118413
687530126
688034904
688083997
688437778
688537097
688965453
689068216
689077888
689226365
689472781
689558989
689581043
689640366
689852909
689917759
689945915
690012908
690043548
690098895
690106399
690292350
690356946
690443860
690449044
690582223
690783861
690785527
690834730
691006026
691112661
691113976
691169421
691174032
691220202
691241142
691437576
691524163
691653157
691851908
691907949
691942432
692035229
692234708
692331039
692411465
692423798
692427467
692427511
692466697
692561219
692615529
692746959
692905511
692909968
692959318
693031048
693034637
693048398
693089438
693090324
693186827
693264898
693446312
693542352
693685444
694164644
694250321
694316355
694416804
694433388
694454145
694525922
694534235
694575358
694602829
694609251
694812548
694996474
695080614
695109731
695264876
695290193
695391767
695584889
695608643
695763163
695912387
696042406
696166720
696205477
696214395
696357771
696446487
696483037
696703648
696706735
696807156
696913836
696995369
697019276
697882702
698035501
698081653
698084991
698096989
698371598
698417541
698466700
698592974
698735190
698907071
698925745
698977117
699076300
699094581
699409186
699663440
699665151
699695712
699738311
699861354
699941084
700011821
700125046
700155531
700200690
700219611
700292904
700325134
700429441
700548948
700552680
700646090
700672894
700751454
700770746
700781622
700846784
700881420
700899129
701276755
701368578
701403006
701406482
701465062
701881188
702023473
702139768
702157273
702323354
702327269
702421697
702547942
702779615
702788908
703148355
703423317
703529346
703560636
703660651
703662662
703888971
703978842
703987793
703993690
704060209
704116162
704221567
704456884
704505448
704658085
704726274
704827450
705320289
705333856
705382983
705387141
705402034
705494167
705571009
705742155
705946276
705984802
706033621
706445989
706480304
706590148
706695625
706703975
706781586
706864820
706945751
706970088
707057529
707102715
707156364
707258519
707300000
707326805
707444873
707477673
707540202
707599641
707604713
707772107
707840287
707958595
708089439
708182911
708191293
708224919
708293075
708303714
708437922
708473708
708625747
708644039
708688007
708691076
708918346
708928820
709098439
709360254
709401366
709406126
709533371
709625801
709671175
709817800
709898958
709948779
710164011
710637158
710637434
710784890
710791788
710797278
710826237
710867385
710915420
711028616
711250976
711523319
711574732
711705271
711730124
711921626
712031753
712049049
712058596
712130323
712139556
712161181
712361835
712610893
712647708
712655699
712832404
712878885
712939537
713025702
713219432
713436705
713459198
713460030
713541893
713562326
713633821
713652296
713661002
713697112
713717261
714014823
714015537
714068824
714225415
714405223
714408472
714423689
714435141
714542491
714566910
714622238
714631641
714651238
714655026
714741967
714801650
715141054
715146028
715250099
715333687
715537746
715580899
715639338
715659197
715922625
715984102
716003265
716076823
716241430
716414292
716432170
716471983
716527739
716539898
716670299
716700545
716718693
716862526
716921345
716928599
716989154
717226809
717251413
717347297
717397650
717452998
717472295
717572199
717834067
717853281
717955700
717961761
717988894
718129793
718139919
718364336
718371947
718440207
718533612
718700800
718850230
718909002
718958725
719129718
719129747
719249418
719640518
719661398
719682922
719687138
719688893
719994087
720013694
720198970
720381382
720389184
720400468
720471385
720727113
720848256
720879453
720889510
720955983
720956674
720963912
720998555
721026697
721093456
721100096
721135496
721184164
721289151
721342433
721454881
721470670
721557446
721739667
722066886
722086407
722213663
722391141
722442693
722585390
722591762
722749364
722876101
722927088
722956615
722996251
723200715
723342975
723358954
723436588
723701588
723906249
724072765
724114945
724195232
724404733
724446472
724540025
724552850
724737750
724913261
725051182
725164034
725166126
725370928
725371011
725488801
725609096
725626717
725853954
725867423
725907775
725957804
726040078
726251165
726434625
726450532
726641649
726712941
726819611
726819988
726825972
726920362
726955269
727014838
727459849
727687937
727715611
727732796
727778098
728135037
728136962
728201651
728248759
728516547
728517906
728531494
728653857
729093710
729185044
729219493
729292941
729302193
729366361
729534350
729535717
729624016
729782437
729907845
730202299
730212956
730328133
730403041
730403972
730511573
730533700
730835590
730836774
730894044
730907590
730990382
731002084
731192529
731196415
731228293
731248151
731287986
731297097
731361366
731368022
731634927
731718385
731763716
731869880
731887285
732038041
732161072
732192111
732192953
732200322
732341050
732391243
732585238
732620790
732692110
732804421
732805761
732912474
733026111
733121681
733412936
733475777
733520703
734059450
734065142
734085704
734104831
734174342
734355448
734467355
734587277
734811721
734922282
734996928
735080143
735121266
735165836
735178558
735411018
735448830
735467078
735486225
735501575
735509292
735651229
735741277
735770987
735782822
735889166
735973920
736053525
736088631
736111843
736153103
736204975
736338788
736544769
736591718
736661677
737103697
737387291
737419822
737432114
737572377
737769921
738018072
738070665
738122980
738488008
738497754
738778812
739016389
739035266
739354421
739460188
739516151
739599145
739798200
739817536
739861370
739911924
739958067
739986212
740211610
740678548
740766554
740955635
741019588
741053218
741098754
741165946
741276525
741468971
741569997
741646069
741983107
741990762
742035401
742127406
742133573
742629759
742694205
742711505
742770244
742893933
743127840
743132821
743311680
743486290
743571392
743575974
743631454
743726985
743819409
744017992
744049437
744132727
744244343
744250928
744305355
744416079
744470406
744508776
744739296
744871979
744932424
744987191
745097139
745163376
745444410
745553772
745644637
745681622
745719030
745732153
745917973
745965852
745972859
746048531
746060251
746068887
746109008
746142168
746220724
746266193
746350960
746404860
746430342
746594855
746655742
746675962
746948931
746964832
747045644
747074659
747121370
747373596
747418027
747477156
747701152
747910661
747923960
748016319
748027061
748070739
748084568
748323223
748344189
748402356
748433623
748554560
748556979
748579213
748592067
748616302
749033146
749058555
749126575
749151702
749189275
749292566
749347367
749488923
749518320
749558502
749604590
749710087
749884292
749899150
749972150
750100552
750184067
750432576
750599828
750777086
750931077
751272650
751364175
751493401
751502067
751522613
751680995
751685793
751713583
751784525
751849654
751879897
751994157
752098610
752111922
752329761
752505537
752617175
752647828
753068586
753175877
753259429
753363087
753386472
753420884
753460800
753492196
753563476
753607374
753638072
753645723
753657153
753926048
754015368
754131216
754215074
754268902
754364047
754490812
754553963
754615000
754660492
754664094
754706433
754898708
755024130
755037383
755042593
755072929
755127925
755486283
755531505
755550327
755799683
755851477
755941988
755959221
755988738
756054831
756159237
756297514
756559387
756570372
756756760
756987917
757001183
757017361
757093768
757119426
757122196
757421024
757597249
757918392
757927331
758081480
758309793
758334768
758532775
758583828
758698257
758784174
758847111
758979712
758988582
759011217
759035857
759074482
759086194
759094101
759273057
759462371
759702604
759834985
759903941
760065616
760231370
760258518
760463489
760488286
760581356
760602244
760617164
760663155
760665198
760931182
760953657
761158949
761248435
761444402
761531880
761936694
762206784
762319079
762340220
762343274
762526810
762620919
762822358
762948049
762979029
763036728
763215791
763440875
763572702
763738854
763793188
763818079
763833983
763963252
764171399
764343163
764359219
764387131
764692075
765063040
765101969
765411697
765460386
765582453
765620771
765623537
765655836
765667274
765812947
765951789
766005328
766009416
766140018
766168426
766190536
766208866
766275379
766350184
766369494
766384761
766505459
766574033
766653008
766676199
766696575
766911729
767272863
767447137
767583288
767605051
767659089
767686371
767779527
768145341
768222639
768227043
768241916
768262147
768293294
768329314
768576148
768607275
768927253
768945238
769041057
769149104
769162105
769198141
769303310
769370932
769574441
769620322
769819178
769839765
769912975
769986782
770378357
770387723
770465211
770497212
770538724
770581091
770595394
770743447
770783090
771045072
771081317
771092846
771318604
771490146
771565160
771705757
771848574
771951041
771952122
772036762
772057941
772174018
772237084
772406045
772542066
772592357
772730486
772853446
772879838
772968601
772980845
773067887
773097509
773123830
773179299
773186271
773295928
773342713
773492767
773494169
773611589
773711911
773722082
773742490
773945757
774029104
774101719
774136272
774161845
774258471
774286558
774378123
774425994
774472259
774477768
774564118
774865488
774881205
774967430
775033259
775033642
775068306
775153593
775278931
775283340
775339118
775350510
775436806
775536368
775815867
776015215
776084998
776248946
776276239
776314117
776452062
776561630
776619967
776751380
776789100
776823176
776983374
777094622
777118967
777180758
777235835
777238012
777282344
777292785
777360840
777384964
777534086
777536491
777576597
777959105
778050083
778066352
778238232
778564146
778718626
778920291
778953899
779099520
779121362
779366299
779443029
779449093
779496170
779571250
779628427
779769433
779785479
779792714
779794907
779838126
779869037
779901186
779994223
780012034
780039290
780070491
780122206
780151654
780201160
780223673
780281677
780494970
780522568
780548153
780729376
780776299
781042234
781109634
781211338
781226671
781284723
781324812
781601792
781787850
781888148
781921944
781926302
782113473
782373517
782465623
782475700
782671328
782740144
782815445
783159529
783316274
783440583
783605515
783679575
783693122
783964559
783964780
784074241
784132621
784305993
784538741
784560108
784605600
784808383
784925517
785024393
785127960
785187191
785204715
785305877
785336157
785341143
785352246
785573725
785620504
785638747
785700722
785728655
785859541
786062303
786151407
786168960
786210125
786474168
786585518
786714001
786729295
786807686
786848844
786850539
786895459
786954929
786990920
786996876
787167907
787225214
787336602
787367107
787521638
787659786
787756407
787780386
787867723
787879943
787930966
788107816
788158111
788241302
788278244
788351436
788373225
788612650
788905515
788931517
789055464
789065250
789122278
789178174
789443807
789453045
789773657
789799069
789804413
790719988
791006404
791065059
791085040
791253771
791430425
791457550
791573408
791583531
791742037
791918106
792035283
792129905
792187475
792258521
792601350
792734166
792738556
792943618
793022561
793112435
793165712
793193064
793249249
793315632
793446989
793537637
793843130
794023081
794067389
794068625
794335960
794385803
794389835
794561161
794581712
794990764
795054944
795088922
795133434
795175983
795259672
795348275
795395044
795546930
796025100
796617770
796639558
796715298
796752359
796997385
797108490
797135667
797136991
797157153
797168890
797191587
797230063
797455082
797510303
797568469
797607077
797702987
797712270
797767054
797962487
798006617
798057009
798059906
798110264
798192308
798587396
798592789
798687354
798815840
799041190
799177070
799294989
799393180
799462925
799472175
799604791
799627379
799670866
799855872
799857097
799877826
799879699
799960498
800017986
800033586
800370515
800486906
800572264
800754072
800783973
800784168
800997911
801174342
801413235
801452685
801683228
801755096
801793878
801955281
802201297
802445907
802639998
802701297
802897462
802905452
802934643
802979856
803267385
803311797
803597026
803612516
803628150
803736850
803858748
803953481
804173126
804640332
804767885
804818721
804834642
804913307
805077255
805311617
805349444
805503609
805597105
805674892
806012053
806129590
806166750
806327627
806511756
806644030
806667692
806688511
806719432
806812132
806841903
807106077
807235860
807266796
807278538
807446195
807577180
807798847
808012620
808045310
808062853
808082218
808345835
808394724
808511258
808549172
808687417
808731531
808847015
808869744
809076839
809306359
809331713
809396492
809424069
809518893
809670829
809679494
809698464
809727579
809886116
809911954
809984092
810117670
810139079
810148349
810238967
810284107
810655168
810699986
810754756
810873523
810890491
811059951
811073006
811079727
811199630
811213467
811272248
811346346
811471889
811678446
811716722
811812115
812134210
812216006
812218915
812296638
812337566
812534099
812587941
812612839
812647269
812749594
812788244
812846813
812988804
813009590
813039952
813307305
813537108
813572394
813635025
813642380
813692322
813847669
814132120
814154050
814229178
814329668
814343430
814374563
814380173
814406095
814683549
814890208
814958392
815077834
815252937
815351360
815383403
815397963
815430078
815437880
815444072
815529621
815534104
815601813
815933561
815941690
815959988
816002766
816005605
816090159
816185283
816233714
816332397
816407845
816523643
816579221
816656151
816660855
816673561
816857501
817040770
817303472
817363650
817395871
817401549
817490425
817650550
817793974
817797615
818214724
818298035
818339839
818372985
818421179
818442384
818453755
818464970
818673507
818972911
819046638
819165814
819182391
819261570
819783917
819903404
820129146
820180429
820597412
820640111
820863342
820959101
820971146
820976544
821075321
821141376
821301174
821346544
821568775
821783488
821985726
821991820
821994419
822010349
822185614
822243910
822358036
822381185
822473676
822801381
822840771
823050092
823088457
823186255
823302816
823355086
823431717
823433184
823470065
823725616
823790268
823899625
823938918
824078828
824131633
824184676
824209671
824221548
824375843
824522156
824542304
824789762
824852847
824959485
825138988
825252152
825339703
825406266
825544890
825681567
825703919
825888266
826002022
826088839
826267593
826707398
826788130
826891002
827083647
827284328
827442358
827556689
827574876
827602716
827641521
827898637
827994368
828083610
828178699
828273190
828339310
828340051
828365408
828566357
828664285
828694372
828695550
828749630
829013481
829323249
829458350
829496019
829496319
829503960
829555310
829601540
829906638
829953939
829973950
830152571
830154101
830278836
830285023
830439559
830484097
830493227
830502273
830557072
830564873
830716173
830717701
830728128
830764414
830774943
830886827
830894003
831286011
831374863
831414511
831594605
831842973
831851873
832011290
832075768
832109588
832322500
832343734
832386878
832417199
832723181
832777824
832887326
833015677
833036009
833056757
833085905
833202941
833247372
833508342
833532560
833563711
833696616
833721483
833808346
833841694
833889230
833983179
834070521
834255249
834304441
834346669
834354991
834515517
834594599
834742665
834770145
834784372
834938937
835037577
835062088
835093911
835222139
835255371
835350724
835413558
835415203
835540921
835776270
835891595
835903968
835948716
836225485
836228370
836257233
836311263
836324050
836492411
836585508
836593779
836598582
836623559
836749091
836802384
836867726
836889015
837162571
837204476
837357710
837385864
837389755
837403945
837585153
837599940
837626272
837766403
837922169
837953142
838081313
838089551
838207502
838256211
838634516
838647519
838669656
838684425
838726777
838924552
838973673
838983893
839200899
839223231
839249939
839436406
839449637
839467642
839734159
839766075
839807830
840034161
840045668
840157855
840690277
840722072
841020960
841072588
841080252
841362750
841458748
841524758
841581980
841621636
841628975
841665460
841687455
841746142
841773065
841782599
841879348
841929806
841954916
841968086
842004823
842022805
842345837
842376430
842409630
842949097
842976908
843119751
843208730
843245130
843271858
843321131
843625484
843721057
843800761
843843296
844121741
844157422
844264134
844283065
844359011
844410894
844517829
844539293
844587729
844636610
844699296
844934624
845003978
845048339
845054927
845231459
845356985
845455658
845645811
845823246
845844673
845863665
846132694
846137468
846204947
846465059
846677051
846706679
846818682
846983620
847073397
847397473
847471982
847518660
847613051
847744451
847768728
847791916
847906099
848027260
848068557
848076217
848516135
848559027
848701521
848721333
848812241
848887095
849021723
849140103
849208084
849252876
849268958
849294661
849587370
849590794
849784273
849796548
849824441
849938052
850057505
850156291
850211356
850575482
850603123
850657031
850983020
851146347
851159450
851159876
851182388
851238106
851241090
851284048
851551545
851599050
851631381
851964006
852312560
852397652
852545117
852759144
852919614
852928780
853061980
853119519
853148849
853185030
853237996
853380511
853383090
853525923
853728996
853777220
853874340
854073350
854090285
854422691
854443829
854458671
854603105
854919022
854927719
855023394
855066437
855278300
855337389
855377129
855385812
855614416
855732565
855736200
855763236
855812924
855855891
855867765
856085832
856097332
856393249
856460774
856513919
856855878
856947660
856976683
857129175
857147137
857188762
857500093
857552308
857615624
857848174
857899318
857956458
858090121
858104273
858292036
858295679
858301159
858344788
858734943
858814652
859026496
859091694
859151953
859169203
859390987
859552559
859752766
859902566
859907310
859911847
859977651
860412680
860565309
860946389
861103479
861139019
861158230
861207606
861231843
861276310
861483350
861595288
861867487
861904195
862051875
862062952
862091212
862225692
862229510
862312266
862314501
862348790
862360868
862447281
862491309
862631527
862837554
862899992
862959690
863100943
863272283
863277807
863408042
863525573
863554927
863602902
863823971
863887431
863938940
864177948
864213266
864418467
864538211
864686537
864738698
864796151
864927738
864934444
865159845
865167993
865193393
865302657
865361533
865522197
865736460
865759974
865783549
865845600
866041466
866327517
866704662
866717519
866825214
866832373
866903411
866967595
867101931
867119193
867342598
867358539
867359118
867394083
867614870
867619498
867668310
867806877
867807911
867948946
868158890
868217874
868256571
868763273
868847740
868859739
869257740
869258994
869392310
869710857
869713952
869887868
870052438
870209605
870228633
870240710
870300868
870308464
870469885
870490007
870613956
870678772
870719954
870735499
870977700
871171045
871182853
871212971
871250501
871393503
871423678
871446002
871446563
871581530
871598150
871643787
871667050
871773100
871786164
871892136
872088881
872099132
872229416
872293729
872312143
872365948
872445168
872821411
872903782
872963616
872997894
873010532
873033924
873453107
873460013
873502181
873538304
873546130
873654268
873667610
873681142
873698336
873799190
873811458
873914713
873972550
874087074
874098008
874224282
874254365
874342245
874382822
874418518
874518829
874571972
874790684
875059489
875144476
875198995
875354570
875590975
875623433
875794052
875829230
875871777
876220049
876377717
876377975
876712117
876754632
876880707
876910385
876917689
876978395
877083871
877102314
877446186
877457259
877639993
877815307
877866149
877943527
877997889
878037835
878075999
878154327
878320205
878500917
878554652
878657498
878743835
878785141
878919183
878931522
878943689
879104837
879129721
879490912
879760668
880110730
880169785
880211739
880244518
880282724
880287040
880344382
880420585
880442394
880623695
880681040
880722854
880913716
880970911
881074059
881109901
881414051
881461667
881692022
881703410
881773768
881898413
881941307
881977062
882206768
882261965
882332599
882398555
882437015
882466045
882510443
882565014
882946476
883121613
883204616
883237485
883266253
883393049
883846645
883924579
884080922
884112245
884161272
884228158
884229205
884242363
884443028
884456101
884660254
884663969
884724108
884740803
884757694
884790394
884816655
884944793
885008066
885030529
885159491
885231740
885234408
885332822
885537235
885586150
885795786
885864461
885883234
885965068
886001531
886084221
886144815
886187588
886452360
887003519
887007256
887012376
887072287
887205944
887470792
887553355
887608914
887825258
887902424
887925679
887946374
888000350
888053642
888055508
888062542
888251826
888403923
888565837
888686062
889451893
889578435
889773639
889816403
889847086
890182580
890404067
890631538
890712109
890717985
890737235
890787018
890944725
890997510
891025792
891055243
891158156
891239485
891374860
891393864
891444967
891480011
891480493
891515581
891782317
892180996
892497871
892575756
892592599
892643912
892710992
892864749
893060983
893370023
893380504
893462187
893594764
893596802
893636101
893771850
893781578
893963171
894037108
894137726
894189435
894497006
894552948
894908270
894958423
895011020
895062392
895497486
895664566
895665017
895761441
896179043
896198100
896233853
896299102
896381013
896545444
896650301
896675948
896827601
897195352
897229913
897315188
897443529
897480288
897499153
897638179
897685676
897736549
897865573
898086815
898225675
898246115
898300357
898401663
898509059
898526993
898539053
898609425
898634566
898649349
898861407
898971863
899075583
899160473
899163137
899229746
899435825
899639807
899764488
899815618
899903799
900085721
900133808
900344641
900419256
900453754
900511161
900611593
900619792
900649824
900687045
900756314
901038729
901060001
901264534
901269839
901366013
901505804
901820044
902244268
902313109
902365089
902398289
902639541
903038210
903076078
903123377
903168986
903292687
903351967
903550672
903578652
903630107
903690667
903693680
903739799
903882162
903942790
904020001
904221995
904295589
904343146
904394388
904488522
904594848
904628214
904762776
905007509
905178859
905194779
905281540
905397732
905446707
905623618
905630294
905952415
906061962
906073376
906123886
906165867
906253063
906340294
906371506
906377582
906509124
906515697
906685490
906688962
906841739
907004325
907034337
907203116
907289990
907336733
907401406
907416990
907460178
907779892
907790988
907862080
907907822
907962253
908012818
908040074
908107604
908295093
908322265
908389071
908773337
908783551
908941991
908958823
909416468
909513378
909655498
909669905
910032665
910470496
910493108
910665359
910671080
910840382
910964784
911057473
911095215
911411045
911551419
911649734
911834391
911839562
911865648
912110302
912134265
912242093
912342520
912585162
912748634
912804791
912860065
912897942
912920248
913035748
913071633
913109357
913325846
913439875
913451487
913481120
913520734
913626228
913627522
913779373
913832727
914089726
914146448
914264701
914385875
914408250
914652712
914800412
915113463
915159280
915366263
915394329
915486588
915922889
915950218
916069499
916166210
916404873
916521615
916551732
916641838
916722037
916730533
916810101
916829339
916897972
917094519
917143453
917274786
917319920
917632608
917780231
917782696
917841113
917906967
917928378
917973077
918026798
918200772
918210498
918479743
918678792
918693888
918694452
918720833
918866615
918977902
919058833
919109691
919281868
919480600
919515890
919519068
919564547
919576102
919648131
919766973
919838329
919864086
919983943
920030716
920378763
920465234
920595305
920617086
920659163
920829160
921059004
921272473
921291730
921396424
921438734
921448442
921539310
921711584
921735972
921873019
921891754
922105466
922144902
922205648
922248274
922351856
922443018
922585029
922816850
922842024
923026932
923047759
923148989
923254436
923652324
923854886
923948247
924272195
924272533
924705815
924728110
924809694
925003127
925078989
925094025
925097439
925107876
925222920
925516208
925518998
925955203
926055521
926094238
926131048
926346812
926612589
926632127
926696938
926731543
927141740
927195219
927441173
927495658
927529398
927543976
927565124
928318888
928456413
928567100
928600712
928728996
928774403
928797911
928851578
928857326
928873380
928913794
928916489
928931454
929058880
929356548
929661445
929747867
929751732
929755125
929784274
930012787
930422838
930544316
930764428
930829131
930861755
930936329
930957469
930990314
931166914
931444341
931475958
931635100
931756511
931758531
931775845
931900618
931948804
932104823
932443730
932561129
932576424
932826469
933095224
933247466
933268244
933376986
933633900
933830592
933872534
933879551
933902453
933932638
934003679
934008017
934039456
934072091
934087591
934247070
934267569
934302799
934356916
934362189
934433301
934679668
934713541
934769866
934787888
934797057
934841530
935009925
935088859
935147092
935157697
935597182
935647331
935748744
935814836
936071762
936094466
936216661
936274358
936352441
936447974
936480630
936741131
937215165
937293898
937308340
937337155
937399437
937404578
937462233
937531820
937580885
937591784
937722436
937816547
937949452
938097785
938266087
938378953
938477602
938506685
938542923
938650961
938740369
938904039
939053637
939100427
939153881
939308359
939411744
939489935
939527616
939613927
939683882
939718892
939903455
940057017
940133426
940371897
940493030
940521468
940787825
940818750
940889745
940901004
941068805
941076807
941077573
941217602
941310924
941415370
941446414
941528199
941535257
941811077
941837992
941899938
942095374
942103504
942165514
942268152
942270938
942438866
942485918
942646077
942827497
942869812
942945355
943250989
943420982
943510077
943512030
943565517
943617885
943675643
943727659
943830429
943872298
944094576
944182950
944363863
944532076
944564604
944879453
944981368
945233229
945233636
945267679
945401127
945591635
946013595
946188881
946196592
946239491
946335228
946418445
946558370
946647634
946691133
946706863
946786820
946806074
946882074
947019910
947075722
947384264
947407102
947830784
947931000
947955706
948775235
948868997
948889656
948958969
948963256
948967033
949048515
949051446
949114606
949119815
949124808
949197288
949707754
949770687
949801772
949981957
950344364
950372782
950392607
950459441
950778079
950915348
951104381
951151446
951287089
951387346
951524048
951594983
951628904
951752505
951928861
951932450
952233924
952262796
952331485
952509938
952543044
952636896
952814584
952957636
953095831
953229555
953306728
953328106
953420310
953567258
953675932
953769230
953973805
954030970
954035807
954074415
954285116
954324197
954337567
954375742
954506031
954664109
954679419
954798755
954825411
954854061
955072588
955144073
955163111
955184789
955222225
955253245
955453892
955559606
955618286
955953918
955970504
955992500
956082638
956174711
956192783
956205494
956227563
956288996
956319250
956490726
956516149
956534624
956792686
956842769
956966288
956970929
957211892
957295105
957376765
957560484
957690934
957837465
957852980
957881809
957939005
957970768
958034509
958206019
958239889
958247388
958440209
958486235
958669745
958699860
958930902
959028161
959057907
959062700
959213806
959277356
959374298
959511135
959585692
959821351
959948468
960114430
960158482
960183661
960368373
960431409
960452709
960549218
960707893
960727759
960808917
960823495
961108234
961309556
961338664
961511312
961513565
961741086
961774993
961889174
962220309
962238035
962304736
962311245
962350494
962364516
962391213
962511758
962524286
962601866
962604677
962621530
962697268
962792347
962843502
962908248
962911717
962950241
962990650
963152358
963240950
963330257
963619615
963810526
964045286
964155810
964237924
964638529
964857973
965081300
965111295
965200628
965404800
965554760
965617792
965850260
965865635
965896092
965933773
966062795
966151555
966152910
966163636
966307527
966555432
966802984
966816449
966878514
966960891
966988519
967014750
967030156
967072852
967194375
967228892
967404584
967442424
967448079
967455432
967810945
967824407
967860601
967968755
967978110
967986442
968047221
968119226
968216638
968274847
968596955
968747588
968809140
968910014
968982390
969070853
969297477
969520132
969597645
969807562
970150108
970172569
970658096
970662753
970705773
970718925
970901814
971020534
971040115
971197747
971263061
971308817
971548095
971607011
971899374
972159601
972387055
972420541
972445217
972538447
973004123
973025178
973124913
973139579
973207647
973212054
973216810
973223048
973375524
973379679
973382202
973423347
973425410
973432977
973440146
973491313
973511960
973707228
973769704
973833192
973899649
974034822
974098954
974117535
974282171
974400589
974425135
974469756
974702928
974834797
974887005
974963571
975113832
975344580
975527704
975533749
975553414
975707534
975879603
975907693
975924492
976054880
976061383
976120611
976240108
976460426
976607299
976851279
976922991
976931062
976982907
977218936
977356183
977475648
977591641
977761820
977867189
977961126
978617824
978837954
978857717
978897650
978900018
978904085
978991759
979023754
979197853
979202606
979479069
979500014
979535754
979570605
979648850
979844047
979887967
980004329
980028783
980441153
980512606
980637471
980690262
980944076
981481189
981703096
981726316
981733216
981834958
981887508
981950504
982029494
982100547
982107620
982129264
982131401
982180232
982304351
982343467
982607876
982866494
982899820
983110835
983159529
983233899
983361062
983507341
983536257
983541960
983680610
983811251
983907717
984135943
984160931
984202132
984271399
984304839
984320969
984360726
984415885
984491381
984538944
984559276
984601502
984652970
984750218
984834260
984853795
984872467
984903293
985080612
985167010
985188022
985518989
985629865
985730775
985859767
985883619
985917252
985918251
985995929
986149682
986159628
986196098
986227099
986265418
986435895
986446518
986450812
986619114
986624652
986625571
986812447
986891751
987103640
987381074
987391043
987511717
987611528
987760954
987777806
987789032
987826434
987868867
988107482
988156839
988532151
988537562
988578778
988604276
988811241
988958222
988978321
989032675
989221327
989279326
989326165
989517798
989614908
989699824
989769565
989802048
989873433
989890018
989959781
989982561
989982811
990329699
990443770
990526403
990636878
990706279
990724677
991172481
991222379
991443887
991918257
992127249
992326447
992330062
992373708
992661421
992821486
992827285
993005781
993121993
993270473
993377495
993431730
993488972
993511274
993873928
993914743
994219812
994468257
994661529
994746839
994808468
995017394
995047195
995053899
995085559
995162738
995198238
995205401
995215971
995231535
995293479
995293808
995300153
995361694
995369416
995382275
995398363
995403189
995427159
995481412
995534584
995639302
995713687
995781120
995877819
995953660
996008286
996088427
996106682
996151514
996321016
996429349
996518429
996583682
996760299
996873225
996890030
996984152
997004224
997154133
997251067
997465724
997468142
997510160
997511512
997586246
997769168
997796329
997865729
997954816
998078102
998150053
998178016
998433161
999003690
999096660
999262459
999562754
999736267
