46209
152281
452696
601962
656337
687349
858656
1121816
1142589
1228566
1253571
1432774
1438764
1444081
1515255
1550612
1634609
1692556
1769936
1777112
1793946
2260851
2269059
2428415
2440219
2471376
2527514
2713223
2792462
2793358
2828485
2829241
2918930
2932022
3025059
3066224
3165882
3258077
3404289
3475252
3565175
3617319
3621572
3691423
3695771
3705676
3805722
3817503
3822957
4045549
4050757
4066317
4077836
4254484
4320323
4491314
4766958
4912431
4935234
4945923
5029935
5046479
5137226
5253890
5283083
5301753
5716399
5890485
5897178
6017238
6076560
6121638
6136184
6208020
6265019
6276469
6431513
6633007
6751015
6865205
6954339
7055451
7114166
7177165
7371950
7376424
7453043
7502459
7640360
7669792
7877771
8024773
8316995
8373597
8445316
8714074
8812446
8879984
9099764
9101994
9148810
9300993
9332021
9488643
9507414
9532368
9776605
9839953
10023439
10050260
10161262
10172381
10193867
10298416
10312303
10379092
10421742
10819480
11051735
11056271
11062819
11063568
11301282
11342224
11391082
11409618
11626458
11705213
11884369
11928420
11954122
12030520
12084055
12124901
12156952
12392439
12399172
12415487
12790750
12912933
13031328
13279777
13425210
13705335
13938443
13993218
14249656
14434205
14535499
14633600
14642950
14909409
14914101
14935861
14991231
15255321
15265147
15423244
15453571
15478721
15647919
15685262
15701462
16035091
16161308
16252174
16353741
16363547
16454969
16492748
16576294
16691776
16699680
17073226
17154111
17160182
17187358
17191078
17321195
17327486
17439184
17613881
17679790
18086223
18118711
18207240
18315116
18482600
18646485
18774299
18801185
18977665
19277746
19301688
19350965
19367906
19507370
19552978
19588388
19589879
19618714
19930810
20021009
20023839
20247485
20247977
20432884
20505328
21147923
21220881
21257124
21276080
21361219
21378451
21379040
21631307
21684399
21727361
21832272
21851950
22048514
22062250
22166697
22281296
22287325
22334124
22695745
22747151
22777851
22797011
22913225
23226114
23295962
23327548
23523988
23543985
23549497
23636122
23697499
23757376
23800871
23870697
23939350
23993144
24069574
24099033
24510845
24556242
24667919
24742605
24901097
25042272
25085499
25346796
25391656
25413497
25493747
25943328
25964882
26014597
26131529
26318575
26465249
26672954
26771635
26784487
26870452
26970541
27190222
27227828
27280715
27357628
27431131
27514746
27519649
27890955
27958207
28027170
28060326
28148831
28343959
28472853
28530213
28533491
28720134
28751337
28933879
29045384
29136880
29541387
29567806
29702415
29997189
30209108
30223252
30276896
30280635
30378951
30382193
30488032
30516444
30653550
30680945
30797433
31128858
31335744
31419088
31474905
31495154
31616839
31673449
31777731
31849637
32095247
32205569
32414630
32544341
32558097
32565509
32648651
32712793
32743817
32783133
32835306
32895552
33243393
33339519
33369772
33485232
33517223
33571945
33623516
33634781
33948470
34011129
34036818
34081839
34279536
34317950
34411519
34549369
34669028
34988514
35065168
35178895
35295275
35498069
35605383
35753509
35756511
35921388
36138069
36141096
36201653
36206985
36443805
36474170
36871082
37072744
37166701
37223242
37392381
37484167
37660546
37732081
37931624
37974195
38039591
38100050
38115374
38137596
38246439
38278185
38392022
38578872
38792932
39135697
39139770
39230066
39232888
39251653
39299435
39513543
39542909
39681746
39698616
40057035
40124188
40126396
40136918
40317472
40317554
40319426
40357753
40451488
40494345
40514791
40561201
40580215
40782629
40816738
40845193
40945964
41075898
41272301
41350179
41532174
41535283
41563914
41628536
41689473
41700068
41708686
41779732
41970947
42067223
42489306
42513669
42576885
42714489
42979808
43137756
43290774
43507353
43600521
44281008
44433489
44487357
44725798
44743479
44859042
44903535
44976124
45038307
45131801
45338365
45772132
45883234
46001172
46073673
46085097
46288688
46518587
46548846
46618553
46732734
46764519
46932693
47117856
47160931
47277127
47290866
47332031
47429522
47529961
47611686
47775683
47934817
48026626
48382234
48409108
48413699
48433782
48486248
48668610
48673852
48812953
48961120
49098941
49146051
49159253
49479733
49557758
49614079
49704716
49811261
49902893
50112793
50127819
50330925
50403985
50530251
50588034
50599872
50637946
50685633
50689263
51017041
51031922
51161220
51259342
51294871
51404464
51487875
51507202
51680034
51966761
51976425
52036155
52129747
52315004
52450393
52487851
52498923
52573116
52853340
52893192
53037587
53320777
53335318
53500685
53613454
53701821
53773868
54125370
54344630
54359083
54371560
54385809
54422139
54609646
54658714
54716025
54766755
54856035
54964907
54970275
55091530
55209452
55216506
55233617
55247830
55320683
55417985
55508337
55677714
55803070
55951928
56252130
56332699
56429090
56436897
56446075
56459244
56547055
56577269
56677440
56758122
56823375
56879479
56893701
56991105
57055382
57121105
57216837
57220519
57268056
57426696
57449555
57572094
57693103
57833886
57941854
57951636
58117287
58160852
58179159
58235218
58293470
58394553
58463958
58495041
58618914
58639675
58827173
59038984
59066553
59201152
59363703
59378428
59490481
59502484
59583856
59838628
59858935
59882587
60199397
60474115
60477631
60544301
60678040
60935995
61020397
61058995
61076750
61102882
61288971
61343288
61344870
61663122
61860406
61916756
61951784
61983843
62099099
62123472
62576803
62611253
62829154
62846995
63088517
63137556
63182995
63292459
63373772
63588169
63650961
63884985
64001595
64019584
64119545
64142311
64208157
64297616
64487196
64645009
64666103
64841313
64882418
64883020
64885885
64985242
65032742
65174820
65175631
65284524
65540148
65548045
65854910
65949685
65988071
66078704
66413164
66534315
66559611
66623518
66893419
66932957
66971767
67003098
67239296
67340898
67412560
67421289
67441567
67500259
67600038
67743730
67968895
68205333
68384111
68621685
68689049
68711697
68752773
68782782
68853355
68981868
68993253
69013927
69108246
69198054
69353907
69433760
69444457
69510552
69516014
69610676
69655738
69798115
70007401
70201720
70282533
70318592
70630017
70821635
70836529
71007663
71078469
71254398
71440013
71534993
71537487
71668777
71729040
71745779
71751749
71757575
71771791
72009258
72129738
72166011
72174862
72204484
72222663
72274154
72379750
72439069
72496714
72596183
72638461
72674544
72854337
72949105
73005083
73032622
73062453
73281752
73392850
73398469
73488638
73696963
73815823
73957210
74007198
74007311
74037732
74097496
74201216
74408094
74510732
74591773
74630188
74677812
74780719
74998224
75012193
75070088
75130236
75378143
75404173
75556648
75662217
75678895
75843814
76064399
76150804
76449031
76701770
76763239
76796814
76805629
76911010
77296314
77332692
77399403
77557808
77743974
77941473
78040255
78046335
78049972
78110742
78118849
78270760
78334519
78454186
78616778
78662251
78845528
78925630
79239932
79457053
79523094
79810612
79936499
79970678
79978510
80086995
80174801
80289714
80337445
80352370
80462498
80610507
80694147
80770251
80986067
81016504
81110448
81139384
81165353
81211131
81227055
81242137
81440190
81510688
81576402
82066144
82288640
82494871
82580242
82593477
82749202
83015023
83025335
83173720
83281516
83305195
83509142
83526269
83607774
83645094
83822236
83902946
83932075
84020994
84284186
84356113
84422481
84455714
84573239
84585126
84640043
84667551
84848394
84880501
84919561
84963458
85259167
85404129
85507573
85761386
86132325
86284733
86472805
86544474
86568493
86840116
86938463
87116726
87281717
87543836
87621513
87820958
87888874
88100180
88266493
88523573
88538968
88703901
88819146
88916013
89182848
89233081
89239901
89293973
89345701
89414300
89424254
89440960
89562665
89736438
89856626
89993348
90033577
90247746
90258100
90280922
90407197
90410710
90803488
90871473
90910896
90928750
90975612
91059081
91135528
91209599
91428290
91438599
91475822
91507510
91744411
91897587
92359361
92480989
92556303
92566334
92586178
92627802
92667271
92794038
92846446
93151862
93226847
93434291
93563429
93610863
93764980
93840841
93993033
94034526
94054732
94102168
94160627
94268641
94449797
94485461
94598291
94853041
94952677
95000917
95030470
95134350
95140196
95209905
95311306
95350330
95596636
95773277
95880782
95936851
95996899
96098215
96110101
96111921
96175512
96177257
96196859
96227361
96403692
96585805
96641301
96647448
96714732
96769059
96841227
96887904
97056988
97192919
97421455
97635987
97674466
97770365
97889784
98152565
98287198
98300176
98345078
98914381
99142435
99179570
99279039
99297461
99342773
99413133
99423117
99429952
99490853
99507562
99533679
99727743
99863163
99882003
99895346
100348992
100480219
100533509
100594732
100621199
100659805
100696348
100783578
100876306
101061886
101098132
101190830
101191793
101212558
101250494
101344803
101354044
101450891
101465735
101492410
101517858
101527556
101784411
102016798
102098593
102204969
102342543
102357174
102389459
102416427
102424608
102445546
102518163
102548956
102582173
102603683
102640889
102778095
102786732
102795559
103279367
103331356
103337450
103498318
103613070
103749777
103799294
103859867
104026253
104082597
104119970
104132454
104167883
104199599
104288157
104301439
104310605
104329966
104371394
104393646
104879795
104953052
104985223
105004265
105115849
105219060
105237722
105554275
105619957
105624521
105637473
105692096
105719088
105876334
106080713
106197208
106243516
106459144
106488577
106940345
107013693
107086112
107492701
107529501
107593688
107623039
107712124
107766477
107896544
107902916
108106352
108243975
108368748
108578668
108683875
108741747
108833771
108852925
108891372
108930366
109015760
109223877
109225865
109272772
109280266
109366030
109524105
109753389
109905782
109909248
109929159
109938464
110002465
110314566
110515060
110523676
110576118
110689789
110710864
110897198
111320326
111341928
111353947
111397208
111448968
111461953
111526310
111528532
111639966
111647516
111735986
111806785
111870207
111892790
112372627
112505392
112523122
112537637
112644387
112691762
112944516
113151762
113263718
113273971
113539073
113623055
113752049
113814755
113836630
114070916
114329003
114499188
114570482
114757496
114904508
115058610
115133014
115158642
115187723
115196208
115244758
115309114
115332076
115491295
115496222
115504122
115738052
115803306
115854655
115855978
115858136
116032206
116057795
116367657
116415105
116498223
116586226
116619080
116661906
116663648
116674505
116679887
116701447
116744262
116940701
116945860
116961355
116981551
117007230
117042752
117097449
117358294
117424941
117571757
117609813
117708261
117768821
117955490
118130919
118150192
118201775
118214179
118245778
118307045
118322929
118637794
118685024
118704703
118846884
118849798
119053769
119173690
119292379
119398159
119717620
119793356
119958819
119987830
120002654
120011863
120133314
120172760
120462708
120517380
120578052
120850050
121023996
121103376
121141216
121268225
121387598
121445723
121516162
121678193
121685839
121708361
121709000
121806531
121846293
122139459
122176322
122226793
122277633
122284646
122285871
122525008
122615227
122662556
122926703
122943205
123092137
123203183
123255532
123328664
123361294
123377769
123720917
123755491
123820450
123903112
123934771
124025748
124141307
124246350
124357894
124380351
124555336
124808715
124888013
125478613
125558536
125579466
125594628
125599876
125610520
125704783
125744185
125859122
125874636
125951172
126185304
126308568
126456908
126473050
126577878
126859595
126967534
127130082
127149044
127232860
127283932
127355672
127361400
127403526
127664658
127680536
127948163
127995368
128221706
128468306
128655203
128796134
128940963
129258431
129314748
129336818
129621252
129689999
129929187
130215103
130292003
130390807
130459219
130586826
130596698
130708353
130763721
130821878
130893926
131117160
131262006
131365418
131659440
131686913
131705858
131792905
131914475
131950398
132054755
132149729
132156948
132175147
132211760
132404775
132571929
132746679
133009970
133365494
133381170
133676401
133951357
133991429
134015593
134088743
134746366
134931333
134931609
135006308
135015955
135181194
135218323
135226989
135401916
135581026
135686253
135703607
135718796
135754218
136034684
136088345
136180647
136202530
136288049
136346880
136409380
136468095
136468996
136796776
136855582
136909529
137163007
137251972
137344949
137423401
137535837
137636657
137708549
137817688
138020291
138048183
138049804
138177721
138187031
138194623
138310931
138442979
138498869
138578522
138591379
138696373
138704531
138824558
139022293
139044785
139215170
139524833
139530914
139557106
139698853
139852851
139938052
140086985
140113634
140533415
140654787
140656939
141202333
141228416
141275244
141608749
141734490
142096015
142252982
142473857
142562527
142781886
142825143
142978343
143017238
143119759
143134562
143286378
143324114
143325034
143347420
143460496
143477109
143483919
143553321
143564933
143843320
143868737
143976499
144278440
144410955
144546924
144561012
144665534
144886032
145072653
145080825
145155904
145368415
145471354
145571886
145621526
145902301
146234860
146296427
146373962
146438298
146499467
146571189
146630619
146724394
146818898
146827440
146943620
147008635
147037191
147058498
147090256
147133484
147332210
147371091
147376279
147413703
147638656
147747047
147941504
148017313
148114801
148173893
148178946
148196216
148354568
148397960
148740094
148783409
148806366
148952520
148953083
148954354
149015290
149075235
149284618
149637175
149683850
150008941
150017982
150087148
150138293
150169067
150281681
150294803
150319791
150549045
150568981
150636501
150712159
150740051
150777607
150829785
151095371
151168610
151273549
151287495
151416615
151484132
151513330
151577180
151641337
152304402
152371831
152378523
152507553
152572505
152744201
152953083
153156664
153297065
153304923
153331948
153343384
153397347
153403193
153440885
153538026
153594316
153676865
153742663
153777461
153859310
153908264
153998178
154179439
154242698
154393080
154520781
154604104
154632832
154918147
155005059
155058543
155357401
155397416
155507733
155587619
155597488
155603374
155612712
155677745
155757914
155815515
155983897
156063503
156068014
156228210
156375606
156402157
156480135
156497445
156505770
156605135
156733351
156736650
156819765
156820816
156868432
156926143
156959129
157005066
157052009
157085272
157230343
157240851
157520738
157591639
157597073
157655026
157705479
157721979
157742352
157780895
157795478
157887154
157914595
157988349
158039832
158140994
158144578
158156128
158188750
158441186
158455529
158553310
158563015
158579206
158641839
159019416
159184207
159216086
159245542
159260034
159392170
159411360
159515648
159557756
159616845
159629423
159677367
159696775
159766096
159969288
159981553
160565351
160635501
160748732
160898135
160925325
160928645
160966612
161067406
161089274
161161560
161412151
161549932
161601960
161832956
161950974
162024769
162049062
162108034
162416390
162463252
162757967
162837243
162846057
162891651
162907454
163038962
163256055
163466055
163534217
163587548
163661245
163701070
163791244
164134937
164156291
164177185
164199788
164204943
164305737
164358404
164371332
164480201
164481076
164890655
164992347
165174904
165286878
165375395
165553710
165574297
165600339
165643424
165949165
165961046
165974562
165989449
166042631
166234815
166277915
166321923
166586746
166681672
166826030
166904090
166940226
167077737
167140083
167232174
167293559
167411391
167460883
167540829
167764352
167846093
167873918
168074571
168167259
168191336
168207932
168319777
168374748
168510339
168552811
168566662
168574272
168798728
169255225
169274459
169443051
169632374
170086166
170086931
170310325
170543710
170787050
170928399
171150417
171170329
171226506
171292021
171528052
171640254
171813355
171845503
171915431
171929082
171996789
172138168
172158866
172232972
172287632
172362756
172492718
172575270
172609740
172619553
172645760
172728462
172889205
172943426
172951632
173025056
173955088
174043446
174100649
174165237
174200825
174366076
174486594
174700272
174818129
175046218
175125564
175257566
175278232
175388423
175685806
175766126
176043134
176129091
176179065
176322844
176372290
176458270
176668008
176741417
176754984
176811940
176929465
176933493
176979213
177193195
177540370
177662575
177859094
177878015
177978801
177990241
178053596
178130035
178185771
178364470
178398773
178500885
178738353
178891193
178992949
179196704
179207506
179386829
179589392
179740640
179747702
179767534
179964872
179996856
180084497
180213484
180475756
180584470
180622277
180750795
180794945
180986232
181036070
181128176
181211404
181251567
181361570
181366942
181515661
181593129
181678370
181776143
181863770
182107629
182148529
182175109
182201373
182252189
182343617
182364548
182408054
182563659
182616979
182694762
182902340
183035160
183171877
183231165
183458333
183580845
183599394
183632809
183664125
183743144
183785260
183801103
183802096
184047471
184143363
184174148
184185097
184266123
184805975
184815940
184958505
184987037
185090163
185355295
185370723
185421767
185547183
185684684
185709179
185852386
185876182
186051324
186141383
186182783
186301386
186304380
186340561
186348225
186416802
186432371
186519100
186570252
186579478
186611714
186630116
186712808
186852359
187150011
187253618
187299559
187364008
187376389
187393367
187450580
187542546
187675929
188024999
188095061
188148443
188207546
188280503
188299051
188319911
188487317
188584098
188609198
188828094
188892707
189569627
189622660
189739652
189913827
190043869
190081791
190083511
190114606
190301309
190668321
190909704
190929361
190932221
190934873
190975441
191083099
191107651
191239208
191243683
191259221
191602336
191730141
191957041
192100616
192148212
192193884
192216955
192225684
192330190
192340172
192707054
192927589
192985361
193029023
193375435
193623746
193726072
193803012
193904979
194048524
194048935
194163331
194254668
194796176
194944983
194989452
195073545
195156950
195157982
195241562
195285799
195488945
195534275
195627007
195744417
195968431
196085275
196219594
196296336
196312516
196325599
196398401
196418334
196438240
196556397
196594307
196597364
196641581
196847209
197038961
197154844
197190007
197269165
197294956
197436207
197441929
198095240
198168439
198180277
198183041
198247042
198312784
198676171
198770034
198889237
198900849
198910498
199007399
199094736
199140675
199160894
199205293
199241169
199358170
199591950
199601783
199788368
199817058
199850795
199863162
199974352
200030301
200109646
200144740
200146983
200482341
200538814
200543747
200622551
200867560
200877044
201186546
201285200
201343872
201430237
201609747
202005213
202041982
202121206
202155272
202229825
202367417
202398968
202410287
202413256
202777538
202798568
202925882
202968004
203044312
203055827
203062091
203153772
203203135
203244183
203480251
203734865
203757530
204059390
204061967
204402444
204535622
204869833
204939932
205017337
205118508
205292538
205494687
205562972
205600027
205923516
205948405
206084403
206274156
206462942
206557139
206595304
206653152
206673184
206840702
206894891
207066501
207241831
207282762
207314552
207341775
207380216
207393414
207425384
207434504
207471856
207643723
207647386
207669124
207676347
207889453
208047318
208123597
208305438
208495906
208497096
208532205
208643090
209013469
209067426
209161127
209232417
209241498
209364522
209521599
209551144
209665501
209695745
209771721
209852829
209961046
209978312
210226392
210622649
210861315
210948313
211109838
211231350
211421667
211427424
211428810
211454350
211671526
211700595
211784402
211886740
211937934
211938680
212087726
212167868
212282493
212321913
212417852
212776074
212785526
212899958
212914699
212937362
212963703
212989977
213175958
213274002
213799834
213813303
213879492
214111834
214202903
214212083
214238613
214270065
214385125
214415146
214602782
214689534
214746502
215128872
215137074
215202026
215206886
215433468
215490039
215517568
215621187
215633064
215720592
215720742
215859384
215987121
216148825
216263097
216437327
216475380
216481072
216534678
216552023
216611141
216710193
216727352
216851563
216856127
217032195
217085917
217119675
217409327
217578632
217642240
217700730
217835801
217872158
218107929
218117627
218126057
218391212
218457443
218486114
218521021
218833428
219163633
219221809
219382419
219618465
219652314
219656989
219807119
219853912
220012696
220228887
220404727
220431915
220857869
220992167
221002663
221113757
221293360
221369973
221573920
221824139
222028946
222118027
222170258
222437511
222448022
222883736
222911456
223143057
223194152
223524010
223644500
223701868
224015848
224024772
224125262
224139239
224169717
224231793
224287574
224288618
224431190
224454717
224484353
224687349
224735164
224801704
225097094
225155846
225163292
225164230
225280215
225285176
225379769
225394832
225604601
225656632
225691874
225708631
225824407
225997717
225997865
226043184
226072632
226125890
226238931
226246906
226271595
226311034
226331996
226401606
226411735
226626887
226642109
226659163
226820158
226945111
227293075
227327125
227393748
227464717
227538049
227601480
227653349
227677470
227760538
228155977
228157235
228263177
228290240
228302210
228351703
228354726
228555815
228597552
229021114
229078709
229110513
229212881
229261361
229280226
229474783
229483560
229485306
229632032
229818580
229847207
230030514
230171776
230219664
230301222
230327921
230420803
230495241
230640672
230752314
230916332
230984329
231129966
231136824
231226788
231308678
231331291
231424124
231704306
231766050
231772108
231792869
231823253
231853892
231862166
231904786
231937507
232074843
232100136
232122597
232167480
232200441
232353955
232495563
232555270
232583195
232642279
232643258
232678863
232869923
232879360
232999553
233053476
233081131
233204523
233650817
233726974
233884026
233930875
234049895
234105148
234162708
234422259
234540623
234582428
234615231
234702517
234813651
234815982
234959952
235081681
235265321
235327400
235521358
235571868
235611847
235682520
235687307
235714455
235839319
236063886
236201196
236260847
236277331
236488302
236576874
236652439
236677765
236713896
236760631
236906673
236925967
237065215
237111992
237327177
237485983
237526211
237622647
237786827
238016579
238056882
238064609
238150172
238378102
238399160
238471908
238478086
238550571
238609465
238642351
238730107
238804256
239008425
239025803
239158272
239406748
239684894
239686107
239708254
240214609
240215327
240283566
240314476
240481449
240522480
240602131
240882747
241075774
241169129
241219889
241315801
241344724
241525186
241526091
241582966
241635442
241837059
241889814
242042361
242093407
242130657
242513054
242573275
242646023
242887037
242954724
243019892
243186302
243357742
243565878
243652848
243697562
243773110
243797006
243831173
243994073
244137840
244232241
244381115
244402179
244467180
244554125
244659029
244687408
244696393
244827132
245407690
245455510
245804443
245846062
245927381
245968654
246147474
246243811
246289052
246302564
246545540
246840280
246969660
247218528
247300346
247410250
247453929
247500318
247610650
247636405
247688728
247795301
248011233
248188104
248351709
248496722
248549140
248626706
248767137
248961065
249127941
249179046
249252640
249529016
249604146
249691778
249916970
249987364
249996884
250161919
250285096
250558779
250884483
250948811
251166275
251398925
251401586
251527191
251597132
251670148
251706762
251924548
251953812
252242375
252309270
252358903
252492305
252596586
252626767
252751336
252781742
252800642
252818484
252905259
253017063
253056029
253057870
253110053
253129500
253177347
253210408
253278874
253422674
253523949
253570874
253803267
253907433
253912892
254004331
254210606
254258668
254285273
254289886
254323395
254419118
254492179
254565223
254582783
254666688
254863261
254950727
254956603
255025627
255044628
255089803
255173663
255188543
255257797
255346955
255406953
255607655
255654468
255684949
255688004
255874949
255902681
255985854
256090563
256115416
256119991
256138254
256219380
256343569
256575336
256672734
256904635
256973157
257004010
257064678
257312557
257366365
257372774
257583643
257592001
257671186
257714146
257824555
257920014
257946929
258283365
258310219
258468202
258500022
258513012
258552436
258614669
258642937
258714902
258803997
258828075
258940503
258960421
259143453
259396190
259506958
259532182
259554743
259646080
259676497
259742214
259778256
259804516
259866719
259955644
259957241
260070375
260107597
260167162
260179697
260392908
260672125
260679253
260829760
260889312
260960233
260963411
260971363
261042643
261359105
261378951
261385946
261496599
261502657
261694901
261892575
261955895
262107658
262144707
262189673
262228214
262329469
262417412
262426920
262484087
262517082
262712734
262775730
262814966
262887954
263243081
263688223
263689779
263806837
263869345
264193423
264405233
264561677
264585004
264601641
264622152
264647384
264649892
264826027
264831544
265186843
265449323
265511907
265575837
265691863
265712121
265738521
265808183
265828442
265843482
265858037
265925697
266030864
266063326
266355512
266370741
266435975
266437504
266526548
266545754
266547885
266746726
266760186
266999909
267224421
267227043
267359822
267362503
267406478
267561511
267897465
267908102
267928863
267990426
268019322
268046007
268122550
268184130
268359879
268431297
268511330
268518237
268624536
268635074
268742573
268865596
268895928
269131041
269167589
269181900
269518264
269594761
269672929
269673272
269906022
269910804
269924428
269961399
270175441
270188329
270213907
270475461
270717061
270720948
270813367
270979316
270987336
271133300
271133370
271177452
271193059
271245177
271255386
271275103
271293748
271333019
271450738
271479339
271539734
271609275
271835984
271851525
271966280
272029626
272041084
272238989
272342749
272602564
272638075
272793550
272812808
272852525
273079325
273156845
273178689
273180193
273254468
273308443
273463696
273471029
273848084
274173240
274247004
274481518
274524530
274712311
274717750
274741531
274791500
274820310
274935038
274968055
275009832
275026468
275142522
275372819
275510019
275574629
275714162
275803684
275996960
276151530
276181412
276308190
276485893
276543520
276654514
276741680
276888624
276903925
276972549
277117473
277136125
277163536
277311809
277430952
277508902
277689997
278056817
278066189
278071362
278094619
278105729
278128907
278131300
278203929
278267306
278352100
278589064
278629754
278924601
279006258
279051957
279052082
279293466
279366157
279400063
279740165
279982590
280003421
280086560
280106549
280131233
280315542
280328496
280358436
280443881
280656571
280657708
280784526
280834347
280837479
280870840
281081137
281137824
281211862
281252319
281336871
281435323
281705936
281795337
281825645
281841454
281865319
282004294
282119460
282177368
282280089
282310177
282348743
282429000
282454722
282463534
282906600
282911375
283050419
283117933
283328089
283363143
283687081
283692377
284022347
284049277
284070041
284168151
284189412
284259621
284492674
284508735
284830277
284847458
285001582
285019160
285108308
285240248
285266448
285341220
285355186
285360562
285419486
285427905
285434348
285603014
285652642
285668417
285676049
285679475
285741198
285758037
285785360
286096757
286294160
286383500
286395522
286493471
286521496
286586907
286684805
286987225
287103514
287231983
287294271
287301115
287394880
287399635
287500962
287606552
287899518
287938251
288008570
288153316
288210599
288266982
288374383
288529286
288530152
288583168
288690624
288946837
289037774
289044213
289059636
289128350
289145507
289225258
289232364
289233265
289361393
289604173
289606911
289655783
289692061
289875315
289896787
290101598
290135002
290253505
290383956
290385470
290488878
290587698
290591582
290771553
290895770
290960735
290962542
291148804
291269461
291329284
291346029
291358804
291410076
291411139
291592361
291600619
291831333
291885298
292030886
292044383
292082472
292118731
292276623
292369997
292380861
292485169
292492541
292777147
292805856
292922442
292953112
293274295
293420344
293444740
293547714
293696945
293822789
293828525
293845562
293928968
293991378
294079585
294080421
294117251
294198288
294305046
294519791
294578999
294580303
294785171
294907185
294929561
294961237
294991887
295023677
295036477
295304355
295381763
295591690
295635598
295788994
296089196
296204245
296285529
296330520
296372500
296451589
296533854
296740861
297063274
297106614
297186234
297411172
297450853
297456035
297589698
297738292
297775070
297873712
297948175
297975114
298050226
298075291
298099839
298136667
298460791
298464743
298490210
298564281
298577446
298589545
298647191
298676380
298681488
298941384
299053792
299163317
299210310
299322167
299332754
299374182
299517960
299525122
299671370
299692274
300030656
300271774
300585298
300609065
300807778
300892749
300905590
301063383
301075323
301322591
301364848
301512690
301644749
301652947
301704365
301708253
301822514
301969127
302085088
302208639
302242836
302292237
302311852
302363300
302404688
302491678
302495296
302577236
302581464
302619455
303103027
303234964
303364710
303406052
303489261
303510447
303523619
303619787
303670480
303706236
303801188
304148394
304315417
304729212
304776432
304818577
304916131
304996697
305013004
305247206
305276567
305402465
305535379
305639357
305673527
305707568
305901880
306030520
306249260
306319246
306352937
306385029
306418064
306456008
306636370
307013655
307017520
307196917
307406867
307709831
307800044
307810428
308000984
308036633
308151343
308179157
308406143
308773682
309040568
309054667
309068681
309177471
309181182
309529366
309565843
309833738
309890753
309917557
310159892
310199783
310207128
310220350
310271960
310322918
310587320
311018785
311074649
311113405
311204691
311324082
311470962
311892512
311975642
312009817
312040747
312182905
312429354
312438825
312504643
312504773
312532522
312539285
312569970
312649177
312680613
312689316
312809931
312970077
313026121
313127271
313131225
313138400
313151679
313277333
313380129
313539519
313557497
313739902
313771866
314137056
314165859
314204943
314222100
314386072
314403040
314512950
314513574
314567826
314981138
315064492
315197143
315221707
315276553
315325136
315490273
315871946
315897405
316306554
316340500
316363566
316363722
316451036
316603786
316697751
316810974
317044492
317294684
317299040
317466554
317625522
317632164
317654922
317747502
317811194
317888132
317978251
318000433
318003079
318064325
318142185
318150352
318214775
318391746
318426724
318441807
318445846
318452624
318629746
318649220
318700476
318731756
318978075
319064011
319246914
319252878
319286806
319308429
319316787
319375412
319432907
319660735
319665113
319910564
319937208
320286891
320358811
320592648
320597451
320612335
320874233
321303040
321309928
321351354
321410498
321464142
321491627
321496858
321576097
321915010
321933541
322127999
322160000
322282386
322304236
322343667
322352200
322532471
322643113
322885871
323073779
323240995
323251276
323393599
323433507
323476417
323643174
323648622
323709999
323713694
323821792
323846748
323990316
324101581
324217602
324455026
324491599
324514771
324667194
324711099
324788676
324805958
324844930
324930132
324952533
324972556
325063383
325072086
325117156
325329903
325535907
325544024
325688002
325784489
325894533
325912692
326057723
326243690
326343516
326743472
326838319
326868396
326871482
326876859
327244628
327315798
327317375
327398878
327474463
327506948
327684366
327728797
327899062
327914850
327925167
327947695
328086364
328112995
328219742
328516913
328543564
328561295
328781995
328822755
328950948
328988398
328996219
329109798
329178738
329247007
329291416
329357765
329409753
329584943
329768761
329782770
329858695
330159302
330191453
330494839
330527242
330733629
330733902
330786426
330796018
330802856
331093000
331359627
331468149
331835118
332077951
332295672
332311322
332385181
332385893
332481602
332514607
332545547
332561830
332811707
332861854
332868492
332889756
332914677
332984890
332991322
333041120
333135217
333193096
333235256
333566353
333817142
333990312
334141273
334189023
334204454
334235590
334247532
334300622
334367217
334375694
334376526
334383355
334557529
334666867
334722390
334809051
334938425
335144321
335638127
335928291
335986246
336061102
336108856
336141544
336142736
336250459
336395183
336500986
336674925
336678691
336810074
336822186
336890769
336987981
337010081
337020706
337057005
337070113
337079188
337094879
337240908
337250317
337402150
337492976
337498404
337649819
337863769
337885194
337988390
338014992
338077485
338240857
338301415
338508736
338712172
338778264
338784593
338785336
338870570
338949090
339002154
339097263
339240743
339284029
339333742
339480915
339612554
339641157
339666220
339956908
339976099
339986819
340255204
340294777
340301913
340309429
340514772
340587666
340981148
341038653
341081471
341185250
341202375
341213258
341213395
341398361
341490396
341611869
341854649
342079823
342130532
342171404
342235117
342431480
342471555
342628307
342641417
342696973
342771401
343041340
343043519
343314327
343341099
343407943
343699259
343770878
343849062
343920920
343924255
344174068
344415059
344463920
344609483
344626441
344662696
345029226
345134021
345243075
345600634
345705617
345748600
346000567
346092994
346106009
346112424
346134374
346253252
346395075
346534810
346564104
346581257
346707556
346812844
346829314
346874092
346891079
346907817
346966591
347025501
347457774
347744449
347760514
347986838
348028432
348028815
348047461
348229719
348275771
348416824
348673701
348708242
349373592
349424055
349536543
349551195
349690746
349937616
349979725
350086149
350135968
350371500
350468357
350605909
350771729
350947414
351036552
351100392
351161723
351387753
351632372
351638374
351639181
351654517
351738047
351838284
352158538
352191783
352230196
352248725
352514777
352632058
353145404
353198439
353206407
353283896
353418803
353542176
353644682
353647683
353751679
353930361
353947403
354015710
354045179
354072912
354162550
354330187
354405696
354425023
354428191
354508591
354662295
354854936
354866454
355041384
355148796
355162325
355172168
355228631
355247281
355338455
355411938
355495344
355520344
355653562
355711598
355997177
356252432
356419713
356465458
356478177
356744866
356835265
356940772
356964399
356998775
357005216
357053920
357413090
357516832
357523117
357570832
357649871
357704118
357721137
358054463
358075523
358091884
358099020
358263658
358430293
358468441
358477804
358491675
358523459
358603346
358657052
358788195
358867904
358917509
359058249
359076487
359138246
359430084
359683980
359694880
359732619
359777104
359805653
359845786
359980008
360104128
360212311
360252932
360396648
360522059
360669150
360851955
360892664
360914934
360970251
361073423
361166381
361293648
361427009
361533094
361628490
361640813
361894266
362320241
362585852
362640553
362963508
363060038
363086763
363097738
363203374
363285918
363319907
363380108
363557943
363560082
363617116
363624001
363711169
363751783
363763059
363830963
363888244
363989633
364217864
364246264
364494901
364746568
364868020
364878203
364957354
365315054
365350909
365453129
365560785
365660827
365842398
365925066
366033017
366060150
366125041
366135373
366140790
366233949
366450413
366710818
367080562
367082286
367091035
367142352
367184696
367227343
367370436
367441043
367560765
367584955
367586022
367658625
367690728
367781813
367816636
367889128
367897850
367909102
367939139
367947528
368298615
368306537
368320281
368448233
368459866
368483673
368560728
368742961
368861978
368917213
368919469
368980285
369027744
369050115
369300849
369490273
369511106
369529247
369675663
369822773
370014961
370017104
370098676
370149999
370169578
370185713
370391189
370902127
371011200
371070223
371118106
371187612
371540673
371560252
371620900
371643053
371731493
371759808
371760574
371785915
371900734
372195482
372227224
372325436
372328914
372522859
372677629
372743525
372849830
372959101
373004084
373291444
373331425
373359642
373381284
373423865
373434182
373458961
373464154
373682016
373710799
373732286
373787934
373793295
374016800
374049519
374076103
374269176
374341716
374457855
374458095
374473746
374537092
374599019
374716635
374794084
374829294
374867115
374984098
375054254
375058744
375092011
375104629
375178636
375270337
375302160
375475009
375514169
375631455
375844963
376047657
376401644
376427642
376461346
376478507
376648869
376679517
376877204
377023342
377040182
377070596
377120287
377142897
377149159
377162758
377207906
377279671
377319082
377416320
377582509
377651692
377658570
377825266
377832419
377865253
377921201
377926948
377968080
378045989
378130360
378175606
378179060
378225196
378375169
378528598
378548086
378676117
378895653
379173610
379503221
379616116
379683118
379740362
379743025
379948041
380055450
380542761
380677467
380843234
380869330
381576990
381671706
381693969
381949395
382189614
382204918
382454370
382458320
382537188
382704602
383055376
383396086
383421973
383427463
383547625
383712812
383716813
383717899
384025018
384068631
384143793
384316483
384363309
384504147
384693316
384790361
384903824
385077962
385185845
385262891
385375331
385472662
385504396
385509068
385539594
385740484
385783362
385830335
385845250
385954274
385987516
385998471
386294744
386308523
386375364
386430365
386431763
386471599
386512670
386527295
386633651
386653606
386683925
386967435
386978416
387126169
387218597
387229292
387488679
387512193
387676434
387798148
388004658
388116501
388142318
388262349
388645631
388723527
388728903
388785969
388844614
388883102
388921576
388985721
389005451
389215460
389222210
389229057
389371004
389404826
389519581
389887934
389915069
389921233
390060274
390125274
390187759
390307730
390407661
390663213
390794494
390881282
391008626
391114299
391123324
391297084
391308108
391368897
391391757
391408056
391580600
391598380
391719436
391814370
391866769
391942700
392034849
392233379
392252056
392318374
392493142
392568191
392625432
392693940
392779644
392905922
393020829
393071047
393123280
393164813
393234688
393296776
393394827
393570985
393747478
393763423
393809383
393831858
394046314
394150420
394162622
394197299
394294813
394332975
394351121
394390465
394572345
394600529
394670477
394756492
394776919
394793238
394888260
394928831
394996512
395073723
395372546
395441972
395816752
395832896
395871450
396041009
396074656
396149919
396290462
396387458
396508069
396662116
397071762
397100105
397298669
397523211
397568560
397746922
397777182
397933401
397948230
397949133
397992526
398043145
398073055
398239133
398292288
398396611
398581977
398651309
398722041
398788910
398843223
398862208
399242136
399495114
399646321
399650172
399932289
399982795
400062050
400397261
400471559
400536570
400546244
400591791
400720824
400723968
400811832
400892305
401008980
401063372
401206066
401240538
401475242
401640060
401690907
401866581
401925133
401953532
402019770
402029933
402035401
402054374
402062967
402413754
402503485
402536856
402556448
402600527
402615260
402838301
402995585
403214223
403221920
403222991
403229644
403231182
403249451
403270726
403411205
403579317
403741064
403804901
403846760
403931479
404045119
404056552
404072112
404263931
404320813
404400019
404406709
404503815
404576079
405005536
405207269
405252311
405323501
405569208
405583497
405681112
405716184
405717573
405747042
405764004
405842760
405900803
405924740
406031839
406111225
406327286
406413864
406528311
406603847
406879006
407053271
407275141
407299843
407478826
407505666
407541879
407824421
408078504
408113311
408191874
408278122
408534604
408542172
408689774
409142757
409274279
409334332
409348076
409547819
409555305
409617842
409718973
410007001
410073224
410085252
410109484
410139161
410202852
410286290
410312399
410352962
410404514
410563757
410795322
410903487
411033705
411039790
411097569
411171438
411331906
411487736
411652938
411704127
412047390
412057926
412091519
412211300
412308144
412391566
412438836
412556778
412735911
412802475
412839969
413078031
413216937
413290555
413357872
413403114
413420010
413433755
413586640
413590623
413698123
413889483
413990573
414085973
414171581
414259902
414449210
414566514
414727102
415122514
415160650
415211899
415382218
415390192
415534961
415642482
415953310
416053550
416249610
416303425
416306294
416344091
416423072
416504391
416575609
416595875
416625779
416765232
416768498
416853843
416919523
416997807
417122804
417163884
417248684
417382714
417462974
417530922
417536453
417565520
417694940
417851718
418024803
418058000
418184701
418403384
418476728
418609813
418725726
419043237
419108600
419248962
419277523
419496024
419600577
419624655
419759440
419923851
419926658
419958714
420008823
420041252
420094297
420134396
420450975
420471315
420517737
420527581
420748183
420870030
421049820
421112857
421118813
421431808
421453164
421483200
421630527
421766994
421767143
421767269
421872373
422177191
422336848
422430885
422493653
422509075
422528055
422562216
422771127
422900551
422904922
422935790
422947295
423220314
423371544
423377990
423525184
423567834
423583930
423707094
423776590
423902258
424335243
424363117
424470730
424471163
424533077
424540802
424589310
424879864
424899844
425098298
425187682
425311414
425596095
425778286
425894753
426061599
426335728
426424765
426502923
426515872
426523650
426546771
426808279
426873903
426942369
426987887
427427720
427496384
427522498
427681702
427785054
428464915
428524958
428731129
428804259
428928769
428999963
429119794
429212134
429225545
429246158
429258358
429270993
429359117
429388063
429507576
429608628
429634280
429828201
429856171
429861814
429934602
430018627
430043749
430063508
430143995
430571240
430571529
430757507
431178380
431302382
431507636
431714871
431753918
431835102
431872843
431970241
432102043
432305290
432380479
432414060
432443570
432446529
432599048
432900617
432901224
432947365
432966196
433164348
433238299
433488511
433493467
433496911
433640350
433778110
433810496
433911895
433945486
434010637
434115330
434120254
434157783
434193948
434198522
434264392
434528471
434579332
434775328
434935073
434939118
435162507
435232902
435402132
435483978
435970886
436014709
436055931
436081928
436267891
436302773
436311894
436313383
436317249
436615793
437034956
437116287
437262548
437382631
437394414
437398926
437451277
437484952
437678174
437692776
437788668
437869915
438204261
438547680
438570217
438601202
438819828
438978806
439068720
439148886
439261907
439296904
439396739
439455046
439503202
439564251
439753372
439754372
439880637
440020414
440135072
440183570
440210943
440225154
440343911
440371429
440391476
440434102
440448258
440484972
440504888
440572626
440874721
440928590
441005246
441073575
441338444
441488922
441511601
441980657
442019606
442129143
442170891
442469900
442520142
442557237
442738383
442830897
443228594
443371870
443663145
443713433
444373456
444408213
444481002
444508944
444652783
444667527
444682825
444741763
444781280
444902737
444989203
445006419
445071313
445197229
445234602
445305018
445320688
445336125
445551143
445615216
445642257
445642859
445656183
445682156
446102379
446105330
446254151
446340414
446353573
446373825
446425240
446625426
446750978
446913939
446943308
446991431
447014493
447098938
447343034
447355645
447472712
447620624
447671659
447682237
447762819
447820884
448184312
448243032
448267538
448439354
448465779
448477462
448508495
448599029
448691445
448701842
448718127
448760234
449160164
449163561
449235756
449279001
449287204
449424817
449450976
449506325
449542846
449584679
449601741
449775920
449843652
450144311
450206538
450221440
450349257
450349512
450509650
450615481
450669077
450689556
450810143
451051462
451192761
451237060
451373983
451448021
451501134
451849522
452042053
452306342
452332405
452584270
452615454
452641225
452771239
452809794
452856782
452926841
452928193
452968660
453042769
453080414
453150981
453228977
453243413
453523143
453585109
453636295
453669223
453771007
453775047
453891161
454000768
454003549
454127168
454200805
454279330
454292058
454395689
454483616
454557134
454668655
455143888
455184403
455190680
455306278
455334416
455403607
455499079
455628969
455956940
456177622
456416518
456641041
456642775
456675704
456963817
457025626
457211019
457225149
457341889
457427520
457442131
457451561
457667941
457697736
457722301
457820505
458147784
458318039
458381452
458617615
458837033
458910159
458942450
458984182
459457561
459690783
459699231
459814542
459819310
460246170
460301867
460356924
460402812
460425290
460643173
460646763
460729778
460782233
460799263
460880720
460928895
460937758
461107400
461130644
461280054
461527325
461527924
461541513
461823852
461868274
461937899
461971222
462021374
462062451
462083527
462272132
462393345
462393911
462554946
462567232
462663386
462694732
462799840
462820810
463028524
463055257
463128776
463136388
463213575
463243030
463322668
463491572
463579181
464054230
464297345
464403099
464413090
464454982
464557256
464558236
464559243
464592138
464639678
464732930
464818412
464919083
464942410
464995067
465037147
465067198
465391894
465482245
465580677
465760814
465826679
465857591
466014054
466097133
466236398
466281651
466394404
466401399
466532746
466544685
466564375
466571899
466698124
466914556
467027775
467041097
467343600
467348370
467497147
467552977
467569804
467633276
467671296
467854691
467991298
468004828
468098846
468104549
468121044
468212675
468272460
468391112
468413484
468455835
468465747
468471854
468540547
468561999
468674162
468711253
468722100
468760952
468763848
468934537
468971625
468975699
469072032
469095213
469205182
469257929
469393614
469638652
469931187
469948364
469993103
470191593
470272905
470405926
470459472
470520164
470573771
470711705
470720165
470856164
470913252
470999861
471001894
471119417
471267796
471285090
471302277
471332178
471332198
471345429
471445864
471491419
471617760
471748077
471906492
472297810
472298911
472361369
472381481
472469942
472664157
472860558
472864802
473072169
473111268
473473222
473510668
473580531
473924164
473986690
474045266
474158739
474252517
474281830
474338222
474405862
474434057
474477503
474518317
474750781
474861793
474872079
474984912
475088265
475129031
475141354
475153657
475226485
475466072
475482217
475505663
475560135
475617009
475739098
475779122
475831509
476145566
476147900
476295303
476473859
476485321
476552429
476798412
476983905
476997005
477269519
477288263
477319185
477360681
477442862
477483371
477825608
477917349
478098166
478154484
478193450
478264186
478325977
478472905
478509871
478558305
478618327
479002302
479032066
479108685
479261305
479396911
479401079
479476836
479601467
479624963
479766813
479790383
479811599
479832693
479870625
479890418
479908498
480018535
480019740
480024548
480334160
480367180
480442772
480487311
480580226
480583961
480611324
480673502
481059628
481070065
481126317
481399773
481495492
481676676
481810666
481815439
482042441
482081595
482104684
482238369
482377878
482416233
482440765
482835698
482898222
482910221
482977401
483039628
483150992
483275580
483436712
483484034
483625336
483907506
484002304
484062532
484076388
484207157
484231953
484386797
484464971
484475136
484504976
484513043
484513716
484624320
484705592
485154471
485300798
485368309
485420251
485483144
485516165
485591460
485685696
485697210
485933768
486044887
486078707
486101720
486116398
486180392
486330911
486374139
486570028
486849298
486863123
486880273
486957169
487012321
487050320
487262051
487385125
487523806
487627777
487699028
487789628
487797792
487806664
487830111
487890888
487929616
488059758
488060860
488294797
488440953
488580243
488598540
488883088
488904350
488907890
489101725
489159386
489207304
489217019
489273577
489291347
489359286
489545141
489562570
489773198
489789119
489919240
490178962
490204268
490249046
490251779
490382437
490418816
490472877
490612959
490652329
490660322
490665584
490748751
490834472
490859665
490963397
491123387
491165345
491196084
491219722
491326007
491353582
491491867
491538791
491931854
491963675
491995478
492232890
492511577
492624193
493153387
493168968
493194590
493220849
493237956
493289036
493315667
493366966
493551105
493586991
493672245
493739975
493829214
494024083
494068866
494147924
494212123
494213344
494446674
494616535
494693712
495091024
495436825
495780789
495903473
496092895
496104552
496271609
496527760
496661100
496754498
496847611
496893419
496968360
497262804
497334562
497394300
497474576
497704130
497751569
497865668
497959270
498026446
498178970
498183010
498186467
498411423
498464136
498537735
498589955
498644061
498752107
498825583
498833165
498852744
498865505
498876726
498902875
498938584
498944092
498978795
499082937
499135969
499157832
499228828
499237709
499261027
499452776
499487404
499559591
499591040
499658989
499696078
499727683
499880651
500062032
500097481
500174978
500297373
500660086
500691085
500763045
500837500
500920788
500989121
501051958
501388100
501446789
501501009
501697534
501919085
501948089
501951930
502027591
502132839
502315524
502334661
502525140
502551455
502563459
502602222
502676407
502862451
503134335
503148535
503182447
503202657
503316686
503361834
503451687
503512188
503575735
503607343
503704162
503811817
503896733
503898105
503934077
504006537
504217044
504254370
504359324
504455900
504458381
504542391
504675868
504796856
504857189
505095736
505188336
505193506
505225740
505241055
505288870
505332115
505347657
505394403
505435136
505663604
505683150
505736349
505785422
505798315
505867766
505929855
505959737
505994296
506101323
506178563
506184092
506201507
506492267
506554597
506563424
506745720
506792776
506910202
507047038
507165190
507242835
507389003
507483449
507625396
507667999
507773611
507886148
508114705
508146113
508149975
508173835
508186586
508341449
508413177
508457013
508525654
508537453
508707037
508860941
508872041
508909888
509037971
509046941
509248041
509508114
509515613
509533991
509652994
509739922
509771760
509888881
509949834
509987510
510091666
510188037
510360788
510391030
510538503
510656411
510940799
510957031
511151537
511180973
511435724
511477279
511600834
511637794
511840512
511927893
511939650
512035506
512150904
512177023
512235083
512244926
512309121
512359339
512432264
512470066
512482261
512567078
512595567
512601072
512602443
512677683
512707646
512826559
512941579
512978821
513174116
513291358
513524301
513698890
513711784
513751405
513836161
513983829
513986660
513998607
514036369
514151272
514206806
514237750
514249466
514312250
514354833
514581534
514628538
514635961
515018081
515069280
515533565
515549938
515714755
515763511
515881726
515891863
516079431
516165267
516192224
516569078
516649218
516672369
516764194
516787050
517041368
517090841
517147165
517685260
517720680
517805353
517922224
517925760
518280275
518497028
518520096
518553465
518602768
518648851
518744254
518899383
518940877
519022710
519039088
519042533
519056072
519204780
519318309
519427284
519484015
519499792
519619756
519690857
519778009
519793063
519816084
519947838
519960007
520023888
520153156
520205172
520319795
520417002
520882515
520932357
521038494
521044130
521059672
521172696
521659977
521669854
521695625
521712360
522203819
522225665
522342933
522447584
522473604
522558410
522582106
522686403
522999481
523140318
523197472
523255536
523590964
523709882
524029984
524108980
524117952
524179341
524216429
524372530
524474784
524545926
524871246
525057104
525067158
525218374
525263127
525290623
525387824
525549622
525598734
525663121
525771355
525776885
525843170
525977997
525989856
526036762
526090923
526112820
526164831
526223501
526416764
526484825
526490910
526606714
526625566
526673728
526846456
526951042
526995124
527008554
527016781
527074372
527188103
527405782
527465270
527513716
527590466
527640879
527658256
527689959
527862835
528063897
528065855
528272636
528291479
528471391
528494447
528497080
528659962
528760996
529032022
529226388
529248190
529441611
529490636
529760591
529839269
529876951
529928295
530011071
530043905
530080441
530138089
530158140
530324513
530702295
530800734
530805626
530827968
530976227
531024694
531117410
531237595
531540043
531585918
531652754
531913204
531927144
532118680
532250052
532380103
532410480
532463328
532501259
532609905
532626161
532640551
532799750
532848525
532869949
533061212
533070236
533170722
533181680
533243728
533313219
533530721
533542936
533653225
533742350
533830378
533855755
533870382
534216748
534236749
534257381
534468166
534500604
534590276
534662655
534664955
534703666
534731692
534790790
534793560
534810776
534916588
534946983
535005002
535020134
535097187
535156372
535170499
535210787
535281111
535351232
535746818
535825483
536010012
536234103
536427908
536459841
536501627
536530678
536590571
536679184
536735989
536803932
536907011
537045640
537145279
537149935
537194017
537202435
537327413
537353896
537375754
537504425
537613214
537668761
537870995
537979125
538082298
538185148
538225373
538234960
538249268
538269425
538290626
538475704
538486253
538501788
538574785
538746905
538919604
538955405
538971019
539107737
539111419
539257499
539276946
539447385
539487712
539492182
539616787
539617297
539794571
540203177
540251343
540305844
540491721
540568981
540598240
540617287
540656936
540736459
541082415
541280496
541289974
541313297
541462669
541547802
541578661
541681319
541719365
541835171
542046763
542054572
542088148
542116744
542210346
542260391
542313958
542441830
542469884
542515413
542596116
542699002
542699328
542864030
543046193
543101155
543179273
543236321
543251150
543267987
543283377
543292515
543313083
543357282
543679201
543688077
543690738
543727775
543748035
543858724
543962408
544053925
544191287
544301950
544353224
544392566
544393142
544530320
544532093
544561180
544682205
544718014
544792765
544940110
544960431
544985601
544987600
545052973
545093594
545894125
545922190
546313790
546351705
546451493
546469197
546518366
546537241
546646831
546659109
546705790
546894254
546921976
546965979
547004526
547259616
547487776
547488478
547497637
547965234
548137585
548141076
548165927
548197632
548299560
548307612
548398483
548510432
548748312
548774320
548801567
548979540
549057803
549143291
549228125
549273828
549291214
549308614
549348177
549452056
549488705
549744398
549769168
549866475
549961696
549988019
550440543
550465820
550538229
550653035
550675697
550881731
550905099
551184065
551335768
551439626
551548070
551560372
551567080
551901036
551923051
551938517
552165538
552514776
552655526
552682181
552785511
552786261
552908209
552938036
553078259
553113728
553140533
553210321
553435705
553488869
553690019
553875986
554107188
554265243
554337099
554338503
554954248
554981312
555050981
555148810
555176198
555212060
555416433
555470128
555791273
555891071
555937497
555983907
556153425
556213638
556420444
556521654
556749026
557140716
557181701
557526094
557621958
557735778
557754260
557756734
557778893
557868173
558028732
558063604
558359869
558375747
558414663
558415673
558431565
558786140
558838458
558889489
559011294
559011349
559170130
559181886
559382943
559385589
559536860
559668431
559704027
559709790
559765245
559786016
560233420
560238304
560475932
560626960
560662210
561080558
561276959
561385710
561429300
561516719
561607763
561813516
561892779
561991980
562139283
562298211
562507232
562567179
562582694
562654984
562702560
562812096
562897279
562956505
563075667
563132586
563407340
563627451
563645239
563681321
563858310
563887885
563913818
563946648
564016872
564144142
564246857
564284681
564322937
564360814
564529140
564547983
564620305
564676860
564697363
564846541
564887576
564893764
564905497
564941923
564979414
565012411
565064650
565074762
565093708
565223378
565285737
565493727
565515433
565519521
565558275
565565414
565633758
565707545
565729061
566042668
566042722
566343143
566362991
566440774
566780969
566937846
566972430
566985123
567008354
567032147
567044911
567137105
567183214
567230223
567235004
567264490
567274262
567391780
567438227
567462413
567543127
567626140
567654658
567675193
567689356
567841917
567851292
567936833
568071947
568243711
568327443
568343233
568350697
568359443
568728140
568748771
568978695
568987358
569059844
569067522
569099981
569235000
569244434
569367068
569426864
569501524
569708720
569887490
569936911
569960333
570179545
570257248
570357255
570362851
570553129
570749584
570878096
571229754
571293538
571302852
571493739
571497487
571628145
571880441
571930089
572059661
572090591
572143282
572214152
572471822
572489177
572499694
572539653
572560338
572605816
572615397
572698079
572849967
572941607
573013473
573068619
573191988
573289492
573522045
573555660
573595761
573615609
574001840
574047486
574065712
574205120
574530248
574584162
574614069
574700259
574703292
574711345
574795522
574805884
575015421
575135311
575146670
575196054
575332406
575341466
575455919
575507771
575637225
575665945
575863605
575960109
575968923
575995801
576001041
576051386
576069215
576089958
576173677
576353149
576576351
576583100
576926356
576991336
577111896
577319001
577557042
577653807
577720924
577758440
577854503
577930108
577983797
578024221
578070256
578193688
578205828
578272631
578413109
578417024
578480988
578499491
578535534
578614360
578776829
578834201
578931862
579201741
579238292
579295255
579355397
579719595
579855603
579877273
579899481
579983421
580142627
580224537
580251132
580354242
580358728
580488700
580698805
580712009
580718987
580746176
581142733
581205033
581293232
581295433
581353357
581716911
581917605
581938463
581958498
582033274
582099497
582129354
582134295
582255133
582348280
582442915
582494243
582500650
582510882
582570143
582633725
582659905
582895917
582901623
582939783
582950516
583142533
583579355
583607718
583668702
583779007
583806900
584212735
584267753
584279111
584379058
584394041
584433364
584477475
584567539
584781041
584827466
584837028
584844311
585020271
585161195
585230512
585344365
585590937
585752238
585834847
585848623
585888723
586066872
586075703
586115003
586233193
586384844
586413989
586558170
586662676
586683222
586713570
586746461
586841643
586873693
586938092
587096042
587155494
587309894
587316129
587335888
587424339
587494229
587550547
587658727
587780158
587823200
587993872
588146855
588753082
588931465
588974300
589039923
589064133
589084584
589261896
589504598
589537247
589590458
589630621
589739086
589868310
590126519
590137439
590219967
590306911
590384253
590397746
590461598
590516583
590756337
590930559
590948019
591032275
591072543
591119234
591298784
591327816
591451330
591460034
591498004
591707988
591760049
591977849
592074351
592099239
592118641
592205379
592250073
592533794
592601891
592610154
593139117
593180285
593205570
593227226
593358543
593485500
593512899
593860264
593942200
594284709
594340572
594396866
594544945
594551621
594633239
594713170
594739955
594826748
595091363
595141704
595156269
595457670
595559757
595702136
595723923
595746987
595885881
596002847
596076950
596413671
596436133
596819963
596841334
596881126
596958225
597371695
597413431
597437441
597682390
597685846
598011602
598012140
598142592
598277497
598677380
598774095
599058280
599092974
599241538
599290387
599298782
599345485
599361423
599441420
599469290
599489016
599499440
599531125
599679964
599732022
599790237
599830030
599892246
600028048
600097001
600107206
600127933
600243574
600324475
600375265
600460830
600508773
600551855
600599100
600692811
600892875
600956637
601002889
601060016
601110249
601160937
601259389
601331617
601435003
601526267
601535850
601645574
601683333
601788156
601821655
601836465
601942126
602012781
602081905
602101945
602167964
602259589
602448947
602592778
602931162
602931639
602998616
603102526
603125886
603160920
603172931
603803522
603862178
603862358
604025193
604173515
604419676
604458470
604498142
604638057
604753550
604903117
605072224
605081318
605229695
605341578
605515193
605530001
605816099
605940264
605973398
606183981
606209752
606238423
606248044
606576085
606632564
606632676
606763721
606841997
606964076
607020695
607141958
607175734
607418711
607477583
607781521
607934359
608088803
608224515
608249620
608261547
608415938
608502610
608528717
608538868
608597467
608637042
608850688
608880202
609053253
609063925
609065299
609180728
609374558
609416558
609457174
609493477
609535350
609540570
609617832
609808857
610124953
610188063
610211487
610417958
610469281
610511303
610522945
610740243
610923857
610949857
611005790
611075879
611110238
611117940
611235238
611282505
611301174
611317472
611402106
611592290
611634833
611648024
612559736
612644909
612669729
612721595
612795699
612869984
612901700
612971473
613093230
613154200
613321586
613387726
613462365
613615264
613668461
613719557
613780246
613968280
614053759
614095813
614175223
614211508
614274588
614348843
614363148
614447168
614513861
614522555
614779834
615116357
615120434
615297525
615460914
615532172
615561621
615668883
615713025
615868193
615870184
615907337
616117644
616186563
616197194
616277364
616349325
616408849
616423425
616423963
616431475
616438061
616477737
616742706
616916026
616933868
617148879
617196020
617209997
617241203
617391447
617432090
617466001
617500739
617579266
617655184
617821681
617958923
617958999
618032116
618051896
618076466
618083192
618229968
618249804
618382858
618443508
618515690
618675282
618825332
619043177
619081006
619187897
619225685
619312161
619370260
619391891
619491228
619558191
619596988
619854639
620125894
620237807
620241683
620475326
620553349
620616749
620636628
620682222
620895267
620909185
621008547
621024913
621125418
621434788
621514871
621526329
621664308
621862738
621874959
621921886
621933946
622006094
622020854
622197542
622225042
622241807
622401693
622470780
622501245
622544983
622618533
622646081
622705921
623082023
623397037
623573140
623949566
624045326
624056120
624058673
624104394
624110957
624284219
624366597
624379219
624629893
624729199
624921167
625006748
625033182
625048954
625274807
625311102
625318651
625505840
625700978
625732928
625827388
626023165
626212078
626305973
626553477
626676603
626909199
627120409
627208123
627231984
627375299
627378240
627494387
627510409
627513676
627519448
627628922
627632326
627734247
627939524
627991858
628001161
628029557
628053370
628115854
628156476
628190703
628191773
628268587
628274264
628282956
628453660
628478610
628607115
628626772
628651783
628784631
628838458
628871200
628909807
629081501
629235345
629428574
629668007
629675832
629688449
629733968
629936615
629976359
630080814
630132129
630452782
630453306
630730474
630754019
630792223
630927187
630996556
631167361
631254480
631276172
631532981
631553021
631823723
631860444
632057153
632223630
632274421
632429791
632668978
632722109
632761015
632795128
632840197
632884067
632981857
633104844
633219429
633417589
633472217
633577916
633745912
633752520
633756938
633784486
633815167
634122584
634316674
634400486
634422172
634570290
634590771
634784423
634825614
634833537
634873166
635023186
635079000
635206782
635321948
635676293
635767589
635832003
635873307
636032102
636053843
636138439
636204148
636634030
636846230
637011747
637066810
637329693
637367932
637499006
637706458
637919734
637995040
638022467
638123237
638133292
638138101
638189007
638482864
638650213
638748093
638799602
638922653
639031393
639086882
639336269
639366309
639545116
639709620
639772502
639790375
639874901
640188469
640206798
640237593
640285062
640368087
640395792
640396740
640408162
640473513
640477989
640570797
640647297
640725842
641211541
641294832
641543339
641573585
641577437
641600481
641886145
641968084
642001653
642125242
642306875
642614192
642972868
643099778
643175390
643361376
643487764
643615909
643626810
643672483
643692485
643878852
643913421
644162215
644169637
644272413
644456760
644472938
644520176
644521543
644543840
644545825
644694520
644746289
644794546
644800172
644879164
644911904
645002732
645024858
645065198
645093909
645124849
645245700
645263191
645324820
645381703
645402622
645405276
645567472
645677906
645867439
645983237
645988405
646144028
646237943
646278073
646310162
646325263
646701838
646778841
647014800
647562217
647651781
647736182
647826068
647900529
647943571
648050655
648192816
648412600
648424859
648478300
648630834
648768239
648817403
648849160
648992806
648999459
649018299
649037969
649047072
649065886
649216437
649217043
649658662
649791904
649870056
649964341
650121452
650197893
650481413
650562955
650628924
650632729
650835933
651504671
651543466
651554032
651579664
651748310
651881583
651973844
652000603
652041762
652260011
652339990
652443362
652491354
652593084
652635572
652821543
652997484
653003372
653275758
653281569
653372291
653425805
653568450
653603593
653765836
654052204
654290172
654348614
654547754
654590998
655003894
655101996
655141760
655202239
655260730
655317803
655320928
655339084
655360955
655487329
655601123
655815624
655869442
655915370
655945749
656003937
656053726
656108065
656383122
656398850
656405778
656591070
656880378
656890759
656940104
656964320
657000481
657065777
657094583
657105748
657178987
657183367
657423492
657445841
657482877
657499289
657875404
658033500
658055458
658266364
658811548
658933048
659002515
659064446
659155855
659265872
659315010
659481205
659488248
659497271
659515996
659583484
659627878
659954075
659999352
660041323
660231637
660429308
660464520
660587982
660602640
660672482
660729453
660759036
660765098
660824612
660873655
660953410
660994466
661040764
661231048
661408738
661682052
661761804
661996785
662012796
662081532
662267170
662299926
662406986
662493073
662716138
662763354
662766268
662846226
662924032
663047122
663065061
663141485
663150936
663277211
663279334
663345044
663533127
663773736
663825028
663848525
663969647
663970440
663994602
664081660
664135663
664137345
664210319
664331418
664532188
664722946
664998415
665007484
665159934
665185345
665296998
665361558
665399425
665624524
665731208
666016436
666270083
666291702
666294582
666320938
666324492
666341710
666344722
666461190
666677824
666803881
666928562
666951282
666981699
667113160
667147788
667364498
667395876
667510286
667705834
667754137
667772218
667819494
667873362
667939018
668019032
668103742
668148406
668175289
668337339
668471186
668681077
668829075
668836610
668858516
669050926
669059653
669232132
669315963
669336947
669366996
669408086
669448270
669457253
669506354
669631987
669634106
669715439
669911119
670089471
670293556
670383161
670384813
670476672
670499884
670635668
670926387
670959280
671147544
671369713
671468053
671592757
671645970
671763771
671819337
671864875
671883557
672469525
672564395
672594676
672616012
672647750
672669483
672889802
672908441
672960806
673135599
673600298
673731962
673757751
673760770
673938051
673946230
674004279
674129933
674283096
674537273
674561050
674666283
674684594
674713596
674893465
675393357
675476974
675630998
675656525
675705127
675747740
675762749
675776335
675850772
676192785
676268573
676289096
676351865
676414764
676513439
676587481
676764510
677203919
677259584
677374407
677750678
678037369
678054845
678171812
678204172
678323858
678354605
678457203
678697052
679240146
679254264
679370706
679660151
679772501
679837400
680001079
680253917
680260672
680280162
680341102
680496555
680514811
680537332
680813939
680840094
680880337
680910961
680991221
681064646
681137439
681395476
681417824
681434721
681442221
681615863
681713078
681761656
681775030
681797809
682145774
682416415
682540106
682867172
682878031
683074669
683293697
683722199
683943321
683945005
684220233
684266683
684402406
684650947
684700040
684713407
684752966
684904086
685034830
685224651
685307153
685606032
685881582
685902290
685959282
686042553
686226611
686241599
686294688
686433630
686500827
686608521
686683584
686727475
686733576
686743492
686820679
686970274
687067743
687148271
687345935
687353235
687571870
687762111
687807081
687941616
688088551
688116853
688160107
688347100
688371596
688391305
688440910
688493344
688808756
688953839
689224674
689282220
689385859
689720010
689731253
689742176
690115682
690205751
690527101
690713634
690859817
690960320
690969604
691193725
691200204
691294314
691356036
691390718
691449124
691536933
691584082
691637291
691648980
691707876
691774710
692075547
692111113
692122871
692191100
692194957
692305107
692341581
692379025
692477493
692532638
692566746
692670843
692733794
692770308
692900758
692919033
692984326
692995618
693101043
693124757
693199879
693358441
693550529
693767290
693908947
693964931
693991964
694006712
694043548
694065866
694075515
694128157
694256361
694312120
694414511
694426119
694884367
694898394
695028280
695221991
695375227
695398963
695492090
695710363
695786022
695821045
695891086
695924209
695954407
696167047
696271198
696490078
696652043
696841341
696854970
696989380
697000552
697187250
697275341
697388381
697854455
697902457
698131765
698340799
698383893
698481851
698496954
698618545
698834121
698903895
699051415
699238393
699394376
699562827
699577070
699618276
699700733
699765248
699775558
699821151
699837171
699975745
700281106
700299279
700547918
700573289
700795010
700823465
700866486
701084519
701103775
701794550
701797400
701830673
702080574
702132695
702243267
702392598
702395514
702402491
702470813
702497454
702526823
702617495
702632780
702663655
702735124
702761045
702784089
702853072
703107249
703108370
703181736
703326389
703395325
703450724
703638653
703688196
703783778
703944785
704010681
704395727
704443521
704463868
704578592
704675004
704713924
704768071
704853951
704894087
704998387
705035305
705068906
705081971
705108088
705117519
705177425
705230017
705233890
705285418
705291909
705340678
705429673
705630692
705829311
705923920
705962654
706085560
706209024
706290612
706307098
706461923
706498425
706877519
706893988
706980185
707117168
707156946
707241253
707266893
707277769
707279351
707631041
708088078
708476884
708494818
708524905
708555651
708723402
708874174
709238384
709380845
709473759
709491936
709795558
709868727
709900973
710008460
710210047
710273203
710416548
710422880
710633500
710718027
710787374
710834637
710902688
711023059
711024057
711135373
711166988
711282270
711399848
711546806
711627572
711676143
711837965
711854592
711868850
712040713
712079202
712274627
712334405
712411246
712495466
712727228
712792707
712950567
713198803
713461602
713597135
713704894
713725861
713732860
713781433
713816193
713833898
713844001
713883305
713893493
714169438
714183432
714305566
714312428
714313588
714314835
714410544
714496503
714527618
714724110
714779834
714932893
715021262
715130979
715212220
715241928
715348444
715505351
715612393
715627688
715642328
715648337
715651487
716071070
716099492
716225132
716315692
716350135
716588841
716603698
716885168
716915162
716988548
717018869
717037885
717040939
717115898
717183331
717240771
717425747
717529800
717667705
717826623
718206010
718436900
718441275
718585641
718612563
718717720
718728863
718771571
718790622
718796750
718852854
719024393
719125534
719142880
719409777
719525274
719723632
719995626
720161010
720192290
720292417
720921189
721000748
721163244
721166676
721201057
721248315
721572887
721748698
721758452
721849771
721923188
722004552
722069781
722100423
722128720
722255257
722342379
722453376
722560366
722626294
722897312
723146674
723265621
723307644
723366243
723479921
723492210
723507307
723570318
723827621
723908206
724039129
724124928
724174129
724180624
724193517
724248682
724267791
724286556
724286624
724335022
724432101
724505617
724624435
724639600
724657666
724759098
724850111
725099226
725131662
725240101
725289702
725358065
725402819
725422298
725496708
725526968
725600896
725630126
725664334
725820695
726085615
726285206
726315068
726323833
726373052
726560819
726578776
726965739
727014677
727048383
727216418
727390398
727423178
727485613
727799311
727961581
728011440
728295786
728403944
728663897
728684507
728875953
729052662
729082836
729123912
729271278
729278391
729296250
729314961
729347974
729494527
729580401
729727735
729864436
729893439
730135864
730149745
730303153
730420343
730603078
730768791
730812913
730921744
730964039
730986137
731007108
731077514
731077942
731123216
731168548
731252638
731307041
731366154
731412211
731428143
731977328
732030632
732042749
732045475
732245524
732255012
732324430
732452925
732508947
732936798
732985374
733049484
733101471
733264051
733280153
733690780
733697275
733753262
733811587
734060789
734141050
734223250
734498385
734526901
734530733
734773009
735265348
735286267
735353000
735366368
735555417
735555951
735612448
735674261
735909254
735963019
735971396
735974779
735980035
736078778
736118650
736163629
736649776
736732622
736742150
737021465
737023206
737089478
737175576
737216578
737557196
738060653
738115362
738798545
738817003
738839018
739228037
739245867
739321094
739386895
739395436
739470299
739596385
739843502
739908118
739925953
739948565
740097213
740184419
740216442
740274703
740343211
740480064
740568703
740810101
740864419
740897609
740933492
741052127
741233453
741235575
741406424
741492652
741682084
741895246
742043510
742140837
742221156
742286288
742520914
742558701
742658855
742703123
742745985
742804987
742883325
742897402
742948081
743064764
743075901
743257093
743258561
743267818
743397950
743594887
743735345
743811498
743870597
743908648
744041422
744054071
744133334
744260964
744274206
744298313
744379758
744388560
744398195
744457729
744501329
744540570
744644920
744874773
744948560
745109305
745137718
745201690
745274890
745452613
745543889
745748195
745820574
746007359
746068079
746121087
746194640
746196870
746603384
746702163
746706500
746935171
746966461
747001601
747073917
747303506
747481597
747559033
747631533
747932697
748001843
748206862
748774949
748938133
748956353
749111224
749117369
749217300
749322852
749387368
749411166
749523653
749653162
749665703
749861586
750002147
750153772
750348378
750403044
750748905
750894080
751069335
751294091
751367602
751674918
751718904
751890391
752000032
752071302
752190748
752200522
752277359
752433761
752649895
752670783
752741976
752858050
752934231
753024029
753239784
753297833
753316659
753777874
753868815
754095851
754172493
754680405
754742628
754755046
754789157
754867802
754953446
755018974
755114376
755129593
755358894
755362782
755377352
755442783
755508986
755539106
755563349
755697871
756117032
756140117
756244620
756288523
756380056
756418495
756454704
756466699
756474666
756533399
756574990
756587635
756709395
756718555
756944497
756945738
756973747
757061301
757087212
757187442
757230655
757322914
757326401
757649416
757749707
757774014
757936370
757989393
757992546
758278458
758320899
758434749
758443529
758494496
758503480
758514552
758575259
759048510
759221104
759224119
759274112
759281132
759284051
759406668
759416522
759474347
759476685
759798133
759942012
760021549
760061202
760128715
760249009
760297152
760314244
760396647
760514089
760580801
760610638
760618775
760734967
760834773
760908686
760916240
760941908
760949214
760995826
761090827
761239080
761284729
761411337
761562960
761680176
761744084
761772958
761854571
762100190
762276681
762395238
762402630
762618409
762674807
762775723
762831650
762980518
762982411
763030296
763033364
763266490
763306833
763371601
763377181
763392236
763410711
763434536
763639758
763787824
763825723
763937246
764001276
764191805
764477516
764484610
764592393
764699704
765383301
765469243
765554814
765627082
765662692
765706639
765818829
766012720
766018767
766040524
766150643
766156904
766186995
766203996
766216422
766267268
766269253
766371490
766392004
766394809
766477537
766616068
766674365
766676610
766775332
767018708
767156649
767165039
767248639
767263361
767319442
767322733
767339443
767461609
767580123
767739473
768089078
768147480
768161858
768171417
768265789
768311903
768312303
768414626
768434433
768434815
768730938
768855776
768890402
769080326
769138538
769261421
769317842
769523503
769595070
769726471
769744306
769757729
769797638
769830174
770043929
770203648
770357631
770581792
770751445
770816919
770842207
771129406
771169121
771186832
771264068
771315699
771468984
771487733
771562766
771801270
771896707
771952623
772173650
772180558
772252211
772306253
772454893
772496013
772613806
772632088
772639884
772643650
772646222
772692624
772741752
772820861
772830373
773145867
773148896
773286507
773332422
773376851
773384743
773429313
773511680
773576098
773610400
773636451
773702046
773756117
773773347
773847093
774075658
774094224
774253699
774472418
774511668
774559232
774562639
774624152
774693033
774861552
774982966
775030239
775043080
775205179
775290849
775564857
775658058
775751458
775855239
775900900
776045636
776510572
776515823
776707844
776752425
776872187
776955815
776976717
777004313
777048161
777083173
777157194
777227862
777376374
777558759
777609151
777846666
777884011
777948150
778028625
778082731
778142614
778229289
778301806
778317416
778414598
778652941
778760756
778796433
778797362
779036254
779087292
779116200
779286325
779316694
779353053
779354856
779500615
779749938
779751418
779783125
779814320
779977273
779995515
780117982
780183105
780524748
780699549
781026942
781050501
781358917
781397560
781439404
781686097
781841640
781853531
781853751
781931528
782075081
782382113
782493604
782539779
782587457
782630211
782708649
782761737
782835973
782879722
783115947
783429492
783446154
783447306
783541962
783566305
784046266
784168034
784178108
784200986
784248241
784249875
784328217
784364850
784466490
784562291
784660717
784675690
784852182
784950957
784993869
785012565
785103120
785194636
785214438
785238913
785335872
785433724
785753047
785763251
785828995
785841647
785888390
786103521
786152895
786212842
786226351
786355078
786445333
786587460
786626045
786936896
787111310
787260015
787489388
787519630
787622470
787653905
787680171
787914611
787946863
788041498
788207331
788540397
788577397
788827994
788833183
788883356
788939998
788973192
789151011
789305875
789377064
789749650
789856280
790021205
790291044
790691026
790723129
790808337
790839720
791113017
791279985
791322310
791855376
791866004
792083804
792109922
792310819
792329592
792553223
793024705
793110512
793164380
793283352
793630245
793699848
794140218
794335366
794457406
794547725
794590616
794641119
794681962
794695800
794698639
794722412
794807289
794953850
795011435
795079449
795146317
795306593
795524910
795575005
795634436
795701175
795877082
795937206
796131784
796133637
796213110
796349175
796403729
796409747
796627031
796685844
796886409
796887167
796891128
797077813
797083614
797137121
797241132
797315237
797331769
797332876
797353948
797354348
797489312
797625173
797689707
797780053
797985440
797998018
798144510
798312075
798325038
798547464
798609780
798612601
798733964
798806103
799045669
799299311
799474081
799516533
799785869
799872191
800005175
800250241
800266075
800279618
800361893
800455862
800807893
801005554
801117347
801485582
801857578
801863525
801891530
801956491
801957141
802038979
802193059
802307084
802574659
802591123
802688977
802814095
802949371
802973693
803005275
803172094
803224764
803281499
803332430
803369435
803527644
803628422
804130795
804198426
804200237
804225190
804290284
804411399
804416514
804499684
804518496
804590633
804746801
804845193
804926980
804997460
805172618
805248066
805312363
805536406
805669621
805684099
805783348
805798838
805872308
805883679
805915231
805917191
805949640
806159399
806285995
806343811
806583888
806656100
806763904
806921835
807359230
807500425
807564118
807691488
807716317
807808901
807842798
808115719
808221489
808605874
808616248
808756285
808815609
808834708
809074358
809186209
809369914
809373582
809446321
809520661
809605956
809626344
809765148
810114553
810240070
810352274
810464907
810662087
811076722
811151363
811170409
811179837
811319904
811340308
811517169
811599876
811774244
811795037
811932979
812030503
812175961
812194402
812429098
812614659
812631533
812664537
813045043
813070901
813135864
813189561
813760281
813807887
813848688
813917998
813929160
814211737
814242891
814491294
814544968
814686494
814722277
814762408
814788610
814827531
814871617
815302729
815427657
815758000
815825401
816179010
816476806
816549339
816790178
816971190
817089385
817262169
817427767
817603176
817683544
817833849
818137387
818268250
818529596
818577459
818862799
818953770
819112694
819501969
819508036
819580451
819782238
819846277
819861720
820074411
820088106
820097187
820376626
820538489
820675773
820777168
820881478
820896299
821048393
821193079
821208272
821259581
821292716
821417076
821439480
821616178
821635719
821673379
821694338
821718135
821943306
821984476
821989120
822142771
822321283
822372635
822437817
822460682
822513730
822529586
822540807
822791037
822974181
822995038
823168346
823297693
823456327
823466043
823565530
823586547
824041987
824065868
824067570
824185541
824221117
824242024
824443701
824493066
824732160
824733245
824736576
824821841
824907169
824913976
824919078
825102484
825394846
825487618
825633776
825699528
825772563
825847292
826050923
826058884
826119276
826134130
826223382
826229652
826371668
826380876
826432950
826649546
826724748
826864025
826937016
826974165
827111499
827395116
827444744
827492303
827566782
827674284
827771671
827821590
828030042
828060143
828349619
828451982
828472776
828566849
828572254
828730474
828882130
828941174
829092123
829120908
829473576
829523986
829792435
830021702
830084423
830385831
830393079
830467158
830535341
830597904
830720893
830743434
830905069
830973757
830981276
830996969
831403745
831518448
831545178
831630462
831773902
831942557
832000544
832048639
832175219
832336126
832588557
832632836
832801643
832805632
832857335
832909263
832988802
833122067
833191683
833210919
833396546
833593587
833599325
833621118
833664505
833875572
833896951
833912634
834078076
834161992
834186106
834198488
834289068
834346264
834429388
834833898
835073131
835233062
835312430
835354625
835395738
835818130
835825491
835967014
836275579
836785431
836952238
837092687
837167847
837173249
837222597
837315061
837482313
837601658
837616484
837867622
838081525
838141075
838148992
838280702
838331479
838487324
838602602
838667253
838870531
838963081
839062126
839302886
839390258
839437083
839462925
839578045
839651495
839670500
839753553
839851797
839852907
839943226
839943267
839956868
840268684
840302345
840312954
840326935
840361188
840365564
840383985
840400564
840444640
840687926
840855289
840899541
840970276
841035687
841048685
841191245
841252545
841373444
841496965
841635765
841734008
841866099
841940673
842000457
842105194
842120424
842249680
842290149
842338624
842367171
842390874
842432012
842639588
842712738
842760121
842887503
842950002
842997316
842998151
843062751
843063400
843080972
843236262
843280543
843464483
843476455
843623409
843683495
843694013
843723258
843753735
843795029
843934359
843961250
844087078
844106578
844183484
844195501
844213136
844226268
844242538
844450035
844458011
844511743
844540836
844877468
845026611
845241694
845506500
845583771
845685050
845722416
845747728
845793008
845895706
845898850
846021710
846134276
846175939
846360516
846802338
846862124
846886089
846994476
847261058
847328197
847392565
847418572
847662692
847843899
847886549
847902377
847926278
848033135
848143593
848244806
848279432
848334069
848449703
848473885
848541619
848587550
848606640
848634088
848911728
848936706
848985522
849034891
849039438
849180398
849667580
849673398
849767438
849835542
850125054
850137247
850159728
850298143
850579094
850767603
850833472
850839852
850892946
850948809
850992003
851009654
851035245
851116079
851152854
851175193
851179323
851419901
851573588
851706880
851715968
851747346
851802588
851876417
851889131
852532886
852547161
852703602
852745843
852877667
852907864
852914310
852929599
853199231
853332580
853389700
853412494
853421739
853512859
853549378
853577200
853583787
853596526
853611844
853703124
853713237
853724196
853729568
853756584
853797008
853823142
854061386
854227106
854268473
854269197
854648417
855028919
855219392
855263143
855298458
855370478
855375114
855472070
855483883
855486994
855538186
856177400
856278060
856573056
856810080
856814948
856832617
856914339
856921584
857016839
857288491
857433231
857563391
857616925
857672453
857720496
857772299
857938013
857972182
858299137
858792369
858850943
858892492
859501541
859523674
859670191
859843216
859919444
859993297
860116541
860408389
860690624
860717643
860833179
861116465
861150535
861218695
861225421
861336564
861410362
861434145
861465748
861736416
861796765
861801472
861810062
861971914
862001822
862226077
862249001
862597759
862609316
862610210
862682784
862801203
862894754
862897785
863031945
863230797
863320772
863508375
863676208
863812767
863918077
864098822
864201812
864367150
864420432
864588804
864612869
864684418
864775931
864818109
864864903
864900684
865072645
865198477
865296398
865340801
865526818
865552955
865561899
865606898
865742671
865864854
865926071
865943841
866028925
866268203
866275696
866289510
866300097
866436404
866454206
866504555
866556629
866687883
866766933
866884234
866952527
866993782
867205446
867223556
867287814
867324182
867460239
867487185
867551554
867640214
867665489
867834001
868039663
868157827
868159950
868188613
868436936
868437362
868725179
868763012
868774488
868883694
868985525
869121683
869162142
869251057
869318977
869582241
869583811
869620902
869685871
870049867
870113975
870221311
870343575
870350181
870367555
870429403
870496631
870536290
870567955
870654423
870706964
870729674
870753160
870805668
870855280
870989913
871103856
871196249
871218742
871220238
871261473
871661237
871852038
871994467
872051961
872100966
872181260
872201241
872243537
872274721
872548400
872610027
872695593
872711413
872766885
872782412
873038421
873178885
873215610
873343799
873414840
873423730
873447167
873669710
873702943
873724267
873986990
873996126
874089780
874140227
874353600
874437451
874493795
874634786
874790366
874801835
874802340
874873797
874931082
875092939
875165470
875467259
875548744
875557958
875577777
875750208
875750388
875758955
875860340
875893037
875921386
875938964
875973192
876094060
876156426
876394299
876607024
876621337
876697645
876732659
876793773
877047166
877120830
877196774
877254744
877263051
877361542
877455580
877483044
877533106
877643544
877892082
877900133
877989422
878187138
878250601
878296459
878334488
878393082
878406083
878421617
878467956
878476229
878629023
878846113
878974295
879023169
879323821
879368379
879522282
879619189
879621512
879636063
879987523
880136633
880233840
880284689
880296411
880311332
880611839
880621158
880759828
881095734
881137350
881253428
881385094
881667478
881701103
881857035
881886311
882279855
882839427
882865148
883101778
883399271
883682032
883737342
883984821
884008084
884050837
884138347
884188898
884242630
884408170
884511113
884643565
884775876
884804354
884946743
885307066
885331223
885369698
885464002
885577251
885607443
885668785
885778975
885787403
885915527
885945606
886062581
886163465
886296235
886297205
886403464
886418729
886701367
886738750
886788178
886869976
887156618
887206591
887220481
887330039
887359887
887587281
887663841
887750617
887842408
887924029
888006392
888020438
888247032
888309106
888351976
888391330
888422948
888549506
888649155
888884746
889103851
889127396
889268545
889366037
889418874
889488045
889602151
889637560
889640602
889683740
889722135
889858405
889862123
889931250
889951424
889971672
889992863
890111057
890189446
890276224
890532129
890703719
891075083
891078991
891096815
891129821
891361425
891394557
891480014
891519620
891583073
891622625
891682988
891687827
891841947
892090662
892144335
892176339
892324265
892547064
892673067
892691615
892856577
892933883
893327480
893366080
893622252
893684551
893689359
893721833
893829867
893842292
893868428
894006278
894145668
894183143
894286971
894330997
894346781
894425679
894764048
894987294
895009638
895141640
895172078
895205514
895265335
895350624
895373496
895409495
895461604
895695630
895755135
895770911
895854370
895872571
895950195
896308064
896329913
896624820
896726653
896818129
896845042
897131801
897300479
897312200
897378075
897481990
897651011
897664656
897719303
897810580
897817196
897879415
897933191
898134589
898143454
898268796
898322777
898495051
898496249
898508161
898608487
898612720
898679434
898705160
898867859
898938736
899056687
899232025
899396230
899420561
899492328
899625014
899625641
899736553
899797900
899811107
900037926
900086435
900140726
900216859
900236751
900243592
900325665
900352775
900413339
900419728
900424366
900464238
900550100
900579425
900616666
900656646
900738221
900770090
900780561
900822903
900839432
900885020
900948481
901013258
901089831
901146971
901149585
901306340
901466985
901467557
901469863
901556275
901563179
901578833
901590174
901608019
901615342
901624683
901691373
901928909
902092226
902342297
902400336
902468246
902479965
902498922
902541040
902892715
902972314
903151751
903233738
903234625
903238451
903282805
903298551
903702494
903888179
903934776
903953688
904157521
904259854
904315766
904339281
904341518
904401849
904514411
904555001
904557932
904587205
904959050
904971482
905027825
905076553
905158424
905285231
905516103
905578256
905655361
905677284
905866669
905926596
906368731
907148821
907271203
907389385
907433507
907809125
907848103
907931789
907938327
907960101
908012843
908013563
908369210
908486139
908624966
908727253
908799717
908829653
909056723
909288989
909413753
909522767
909536977
909650291
909745933
909861840
909888587
909913417
910018511
910133662
910252108
910594845
910744431
910851298
910861340
910921248
910987374
911009115
911094585
911190069
911576603
912022742
912061979
912065273
912173880
912185929
912389609
912473182
912500516
912568464
912645103
912675752
912767235
912782978
912885858
912889474
913094431
913244338
913307241
913443289
913800523
913821066
913897732
914094683
914249089
914302147
914319724
914348363
914357697
914434425
914566116
914586169
914640347
914675449
914779509
914812359
914853571
914941582
915090252
915206679
915279492
915330762
915432208
915752867
915765398
915793216
916111414
916145124
916152293
916238004
916352101
916385167
916480142
916568794
916572033
916605943
916666934
916674131
916995668
917046054
917057103
917100759
917167745
917206417
917330380
917423976
917495429
917817859
917944963
917950719
918163661
918187987
918275718
918364756
918368514
918402804
918487299
918510126
918726632
918933823
919114275
919218995
919226766
919244385
919266868
919441264
919510866
919532923
919603372
919773808
919799308
919804516
920006889
920070183
920074690
920276806
920389527
920391649
920432568
920466690
920561498
920590541
920648458
920738328
920771469
921036680
921165891
921262615
921322179
921533720
921679615
921809886
921862117
921940062
921997647
922025181
922035832
922398866
922788586
922823303
923125639
923173033
923183182
923193370
923196843
923252208
923398712
923776241
924157525
924222173
924314185
924463974
924529822
924565697
924670568
924695035
924729143
924818574
924912096
925009226
925155941
925201826
925271714
925280097
925332911
925365022
925464974
925475025
925479187
925551478
925753305
925853166
925930827
925974850
926116870
926189361
926201458
926352910
926391842
926470706
926524419
926710102
926725470
926811003
926880734
926936248
927051513
927105514
927126943
927418821
927447887
927554548
927623350
927776230
927885705
928022616
928156751
928164826
928265850
928273144
928299824
928366051
928402854
928443073
928447556
928474982
928522172
928534917
928607225
928826213
928884357
928910490
929070130
929203157
929502273
929623424
929764266
929979869
929986098
930491866
930515179
930576084
930763393
930797171
930977747
931150694
931238750
931264487
931372242
931387070
931499585
931715594
931752196
931869320
931915567
931964861
932367846
932393132
932408578
932734242
932781964
932982907
933086819
933163722
933195452
933331441
933369471
933405385
933490455
933581517
934046474
934050508
934210095
934219929
934231427
934368275
934848174
934885258
934999462
935093371
935599381
935608205
935640929
935649259
935712639
935841691
935974200
936106470
936155057
936190737
936291477
936313168
936348129
936393127
936471583
936525227
936543949
936569412
936595888
936853846
936857078
936927847
937125826
937151040
937161373
937178497
937255254
937280422
937294674
937386222
937429301
937541020
937551172
937611662
937744243
937872852
937951927
937974485
938153878
938258729
938415267
938522590
938547834
938732446
938743445
938802076
938972302
939079867
939199397
939228776
939240074
939283987
939442370
939451649
939485194
939722811
939892575
939926164
940082563
940204237
940271082
940352350
940357615
940375677
940382185
940503542
940614116
940665935
940691596
940733490
940764415
940769070
940796910
940811482
940877414
940977060
941012667
941024336
941061912
941142227
941151033
941180535
941298921
941661490
941962273
942018539
942112767
942279538
942789892
942976639
943047836
943231116
943600379
943902303
943934523
943938339
944248023
944330861
944485918
944881700
944932533
945007068
945109765
945163721
945195927
945349464
945410233
945447656
945481733
945492794
945551802
945623582
945627430
945639251
945730786
945730892
945903380
945933440
945962946
946048574
946077837
946276583
946322007
946345171
946500347
946518683
946593486
946757273
946804442
946833578
946997210
947026441
947044677
947178219
947240314
947263199
947263620
947391461
947502328
947660141
947714187
947719898
947736806
947755041
947961030
947973135
947985163
948003447
948054422
948064381
948180731
948189995
948299640
948367904
948466369
948497685
948837915
949001508
949046630
949051195
949074302
949134523
949343617
949431956
949501614
949545448
949554300
949595557
949607196
949708460
949712979
949771713
949808326
949949701
949978643
950191469
950507575
950529270
950673353
950750401
950814170
950835164
950905947
951025924
951096291
951217801
951363671
951516083
951604178
951607501
951914756
951929324
952163505
952246429
952444946
952475201
952696433
952960130
953002570
953090295
953228146
953325790
953377117
953395684
953534365
953566078
953641296
953705690
953778610
953847425
953967877
954024580
954140665
954420959
954454573
954486235
954864451
954932551
955642922
955845406
955852604
955968529
956071129
956279056
956330406
956419095
956435663
956505651
956564227
956850099
957033646
957043827
957127630
957170587
957185718
957229825
957521118
957788719
957879559
958071231
958178694
958211742
958237915
958277071
958405013
958448464
958478687
959110808
959127611
959136920
959315962
959354380
960014454
960087129
960146743
960167252
960198877
960201497
960420520
960474378
960584663
960617369
960816863
960879834
961006809
961165948
961267756
961269388
961348567
961634956
961680614
961710721
961738678
961918981
961959951
961963186
962001599
962030502
962047221
962061058
962198032
962222128
962254360
962608274
962906140
962942434
963414241
963493406
963543887
963636338
963667009
963935081
963967952
964016112
964095600
964130936
964190614
964212541
964226568
964257043
964293201
964387991
964394252
964451848
964454414
964655474
964662560
964733729
964780221
964797281
964923357
965061406
965104447
965169081
965449804
965713010
965767899
965778793
965874520
965989093
966070447
966109793
966404302
966448770
966524032
966607833
966624024
966672760
966814387
966945805
967265543
967311372
967342838
967358842
967461686
967575369
967737634
967795347
968203882
968271048
968280087
968305662
968306209
968326988
968407273
968461129
968473512
968622464
968709716
968728694
969056143
969123400
969149195
969158666
969179028
969250497
969304259
969376541
969385461
969629633
969685718
969710570
969822428
969934771
969951742
970018330
970092046
970208728
970231300
970242300
970288174
970289043
970351320
970376915
970382130
970499017
970635796
970857440
970971918
971051688
971441479
971609245
971909690
971972814
972234708
972239380
972351138
972484474
972560184
973053425
973068682
973109897
973269339
973374251
973510879
973564612
973603402
973641076
973751857
973921634
974065285
974303083
974444542
974450495
974579612
974748709
974848885
975293897
975314148
975452126
975525979
975578711
975718321
975792356
975878342
976295176
976312886
976466794
976472889
976479399
976563524
976647620
976776866
976789066
976843489
976852323
976933751
977009480
977195515
977300011
977449265
977537211
977565212
977603924
977643697
977812831
977829996
977892566
977892912
977986068
978063270
978067744
978247319
978299146
978466071
978710300
978806065
979085465
979294564
979303307
979319917
979373507
979403049
979428215
979531086
979743781
979754646
979838779
979916289
980110836
980124447
980127646
980230490
980241764
980245513
980254891
980329895
980334701
980429242
980463053
980522057
980695449
980752590
980794377
980847135
980870220
980899385
981028278
981068494
981099943
981143572
981251637
981262274
981454173
981794325
981801195
981809359
982039998
982185503
982237740
982457441
982500917
982683705
982732794
982753372
982753789
982755002
982919645
983165163
983330275
983565282
983630985
983638834
983658617
983772510
983807320
983835813
983927744
983945454
984022302
984026138
984085691
984087983
984294898
984484054
984497141
984553081
984593895
984642330
984753527
984924168
984927863
985243108
985855296
985946923
985981270
986202501
986327035
986607479
986813944
986827009
986882769
987003751
987269336
987319336
987446615
987631747
987741440
987909791
988236515
988366034
988719639
988882469
988884259
988899919
989062963
989251612
989379111
989527536
989532423
989549407
989583114
989651964
989665632
989732899
989741237
989877653
990076591
990151795
990198283
990260109
990283897
990298719
990312923
990340174
990461865
990665906
990689836
990786900
990824848
990840404
991104437
991241973
991349092
991387519
991444670
991607033
991834648
991839636
991845744
992121845
992152453
992169799
992189031
992207962
992418294
992614926
992618810
992635051
992793845
992909429
993027984
993541543
993559917
993593107
993787575
993917771
994050438
994283868
994523410
994735286
994964552
995011037
995044834
995073901
995237543
995310437
995416850
995463165
995525478
995560161
995656364
995885466
995930475
996065185
996079463
996128064
996268544
996470367
996505817
996610008
996724776
996755102
996893579
997004969
997046349
997079741
997082422
997268903
997504465
997561622
997681096
997826513
997863963
997926627
997930917
998044452
998424245
998464509
998611240
998616165
998762393
998827431
998929942
998966737
999065630
999067647
999068227
999201538
999215907
999240206
999276446
999357136
999413144
999574303
999613698
999720959
999750372
999875523
999906109
999981880
