245499
314697
389267
438199
464564
563569
676391
859656
1000940
1039613
1178771
1222153
1243776
1353485
1365614
1516978
1761551
1966039
2083249
2103111
2219327
2265371
2389531
2517959
2826504
2940777
2954474
3058544
3199157
3349071
3369369
3392132
3464226
3628554
3645854
3966234
3966467
3992237
4241441
4299172
4305020
4398868
4401550
4429416
4431365
4864829
5058972
5209758
5390613
5451206
5490783
5553105
5688021
5990357
6007272
6043427
6511511
6612599
6763208
7182332
7191640
7290476
7316002
7341417
7350291
7362844
7556562
7688896
8073398
8188978
8280637
8297267
8381069
8451730
8743661
8745852
9023740
9191819
9234729
9322271
9877933
10010964
10248751
10312950
10347540
10651811
10659120
10707854
10721118
10777077
10847827
10893984
11014306
11101744
11255253
11352095
11446751
11599646
11714470
11933030
11984550
12376286
12503635
12632896
12644950
12651957
12738549
13008075
13022170
13045870
13087932
13150315
13424040
13808207
13898927
13982058
14279872
14584773
14632925
14773473
14848597
14871849
14953758
15019092
15090726
15110249
15173045
15198079
15263819
15497586
15568695
16014054
16055460
16076538
16145827
16219880
16228139
16252029
16257681
16267419
16344258
16354505
16372912
16456560
16510785
16661453
16888219
16914701
16939190
16982774
17143473
17230998
17370767
17422251
17475545
17506138
17600572
17631602
17690561
17773159
17918121
17945511
18140779
18206360
18467495
18514202
18515277
18561954
18573037
18856277
18962154
19005125
19046932
19082606
19245998
19424793
19440814
19491812
19574800
19691819
19914691
20294113
20341808
20362977
20380903
20426222
20468542
20682214
20889352
21348796
21380645
21516874
21520881
21546105
21568276
21742630
21775226
21852720
22057930
22370960
22415563
22435428
22530931
22707675
22793154
22826984
22969278
23141462
23174194
23211488
23275383
23358178
23367595
23617115
23672227
23880334
24029041
24103931
24129243
24253574
24298804
24414876
24516222
24559128
24587245
24607520
24620132
24821818
24903693
24921367
25000925
25014507
25311509
25350684
25440562
25446570
25587622
25594721
25614226
25698074
25916863
25920252
25986283
26002339
26171187
26222849
26368345
26491828
26523319
26697008
26937676
26994598
27095956
27154352
27384651
27500069
27525671
27640671
27749510
27777356
27787949
27960769
28095714
28375769
28488135
28498938
28523073
28525814
28540880
28718609
28741863
28753094
28936765
29080639
29085345
29292495
29324263
29326495
29410633
29552242
29654442
29717903
30033811
30083364
30151135
30161701
30172772
30276488
30414384
30466532
30514764
30537919
30539837
30561492
30811025
30825581
30896083
31096257
31118714
31198479
31214989
31246017
31302375
31401308
31494594
31539826
31607868
31824284
32045038
32254111
32386964
32414287
32579770
32589461
33045596
33123405
33355888
33546102
33555785
33613586
33701199
33764389
34108269
34144996
34174761
34216611
34462187
34897438
34940239
35077107
35132822
35205629
35249043
35269703
35359765
35362846
35571667
35783757
35938530
36029606
36087796
36304326
36364692
36386864
36475852
36647597
36673960
36710345
37044413
37154106
37570453
37810565
37812010
37846036
37855664
38148015
38259271
38355553
38448066
38712617
38774481
38810883
39054448
39095845
39112696
39228465
39249368
39568688
39575580
39640800
39755174
39905540
39958097
39958596
40044661
40049091
40116879
40281495
40504260
40745522
40751423
40755316
40767146
40871531
40916790
40916954
40990986
41137245
41357899
41431444
41547869
41747399
41779194
41925623
41953843
41983949
42006131
42117136
42146092
42256772
42421208
42471371
42500310
42824496
42860281
42975532
43094317
43273731
43276628
43303431
43449511
43485863
43564687
43583071
43639718
43731020
43750877
43767597
44022719
44059555
44082982
44183451
44236576
44367274
44482806
44536184
44583477
44588135
44599344
44784024
44922031
45049981
45120675
45128591
45244424
45320433
45326851
45426844
45539017
45649793
45712857
45789160
45843367
46016057
46112809
46357918
46550278
46604048
46685817
46847540
46979768
47029077
47030791
47033883
47304305
47503759
47545343
47726772
47756698
47842092
47896901
47909825
48010617
48052848
48109319
48139303
48199639
48259502
48406518
48509897
48525594
48712581
48880086
48935545
49012027
49128417
49146099
49161092
49428842
49777359
49816092
49908516
49968730
50004200
50052214
50217713
50264646
50538900
50558722
50559540
50570193
50764056
50850700
51380357
51413711
51419351
51697758
51817491
51881094
51924610
51968661
51994544
52123911
52274925
52368376
52426078
52714771
52792817
52853180
53042612
53059612
53389628
53417837
53441352
53441763
53487682
53789061
53958774
54034854
54116514
54182905
54189845
54209057
54352570
54540941
54678365
54839800
54859942
55036363
55090928
55213873
55230454
55287696
55290801
55418329
55577418
55644560
55697531
55783872
55811731
56102959
56125406
56149132
56219351
56251005
56356370
56455849
56513901
56531318
56595321
56896625
57112667
57182633
57364704
57432662
57508328
57919685
57993742
58192873
58432243
58457691
58721619
58874610
58883917
59034907
59184708
59297213
59369745
59378880
59389959
59684491
59842088
59992200
60120666
60231895
60350979
60388431
60454150
60511038
60671867
60724978
60738122
60799362
60821613
60833717
60929279
60934150
60937991
61087106
61173238
61181672
61315262
61391474
61424773
61463192
61823037
61862939
61923529
62290131
62370408
62383745
62517794
63117436
63408807
63487252
63575008
63591814
63604802
63849961
63881407
63994921
64149978
64269466
64376561
64444320
64465980
64558043
64689459
64698118
64813259
64953020
64956979
65001128
65006218
65173540
65227583
65260789
65275295
65327699
65327837
65428380
65444893
65584364
65647434
65775389
65800679
65817262
65839736
65909011
66077919
66170997
66234588
66369848
66462154
66632787
66642648
66649762
67011873
67178110
67216898
67231224
67466353
67490825
67530782
67810454
68472287
68510886
68524366
68889407
68936872
68973840
68993468
69309775
69344565
69447210
69589842
69644466
69654202
69710145
69810359
69832279
69938167
69974787
69987279
70016902
70030298
70168463
70299677
70360198
70364088
70367769
70742397
70963428
71000499
71113971
71198225
71202588
71206281
71516471
71574666
72041706
72088913
72203961
72262997
72478354
72479959
72491778
72492718
72609202
72673876
72685610
72731390
72785670
72813310
72838959
72952607
72986250
73113251
73117457
73190286
73369232
73509282
73545765
73566332
73669800
73723270
73742619
73749503
73902132
73977983
74030580
74054744
74071373
74102795
74298342
74586512
74809163
74837833
74914294
74973250
75021876
75219653
75352955
75409225
75420593
75586214
75668630
75674170
75759154
75774147
75963531
76071700
76165922
76180128
76293259
76302219
76354845
76615707
76746732
77070364
77092017
77452108
77466118
77595275
77629758
77749325
77760384
77788296
77878957
77985312
78033989
78237581
78337561
78615624
78764227
78832385
78876447
78896692
79046638
79246220
79282023
79432126
79790098
79912302
80098929
80323790
80415523
80442051
80548699
80591768
80624572
80668006
80703856
80756168
80823803
80957450
81164840
81377602
81414814
81566893
81581445
81587324
81619695
81705916
81807488
81843816
82164928
82199209
82667943
82775758
82840960
82962988
82976071
83004536
83006969
83034297
83274263
83334153
83404258
83586144
83633003
84134231
84173564
84207463
84230307
84236311
84287221
84426546
84460473
84467929
84665482
84755715
84809435
84945215
85112632
85114067
85210349
85211037
85221062
85390070
85405971
85582200
85778045
85861775
86119388
86141773
86144183
86259090
86282066
86291287
86324732
86408429
86418825
86470078
86585309
86647271
86866534
86913128
86956382
87010854
87123375
87498593
87653956
87798180
87831312
87852722
87889718
87893394
87981492
88247317
88397958
88541128
88613571
88643631
88843476
88871857
88881396
88912001
88952341
89003991
89095459
89413543
89457903
89485948
89649979
89720807
89821804
89830590
89831571
89834282
90083098
90161804
90180943
90367008
90457452
90881531
90918826
91219495
91462560
91696100
91881601
91896706
92051217
92105567
92127985
92384850
92478042
92497170
92575783
92617590
92662622
92758026
92803130
93083345
93239191
93351928
93529547
93818905
93856849
93987161
94277035
94283744
94380610
94426863
94461575
94569333
94588421
94684494
94914186
95055646
95064228
95147404
95528784
95565929
95844232
95860950
95926515
95981713
95983144
95997770
96137074
96173690
96204938
96320665
96344922
96548069
96763020
96893740
96951089
97009871
97221790
97239689
97263008
97266648
97299177
97339700
97348891
97446245
97516997
97603033
97632883
97680320
97808631
97813708
97833687
97902300
97969818
98077945
98313027
98394491
98482130
98592453
98692861
98702627
98789954
98859948
99066535
99084364
99153554
99218067
99307357
99492162
99633282
99635449
99644193
99781607
100067941
100078916
100079088
100132563
100174197
100218982
100307459
100374713
100403590
100638363
100769262
100954880
101112470
101212964
101259782
101261910
101267983
101297575
101354349
101363347
101385151
101393323
101402973
101446654
101513349
101592295
101814853
101847402
102012747
102014506
102048598
102153775
102161168
102221342
102299450
102328928
102454521
102714415
102769567
102832825
102898216
102917060
103002645
103010156
103031915
103052995
103116705
103273332
103377533
103456226
103522677
103631407
103650826
103672387
103825894
103964104
104066540
104158946
104226663
104418757
104480711
104790142
104806501
104856699
104981676
105050348
105087143
105662204
105693654
105761471
105985413
106118679
106198991
106305333
106455289
106534270
106741641
106772120
106785690
106894765
106972629
107012083
107061867
107111507
107115469
107294444
107396699
107470680
107576651
107618749
107924590
107984821
108052457
108175781
108217343
108304300
108308429
108350297
108492735
108500922
108579242
108580071
108589338
108656912
108700823
108911023
108927615
108968940
109015563
109248543
109519483
109605466
109609685
109616104
109835193
109931470
110038913
110052209
110172631
110254500
110345416
110468951
110673198
110738257
110750265
110963079
111038711
111075952
111131251
111174516
111261032
111368980
111379785
111381697
111513715
111738884
111771709
111995404
112032340
112144930
112210369
112228536
112488516
112612668
112782426
112782586
112854531
112951883
113082702
113136207
113149994
113213122
113414479
113419680
113661253
113693371
113728254
113822982
113827357
113926647
113988467
114142373
114587996
114605324
114691290
114781464
115015686
115368935
115430192
115545713
115593684
115594557
115759046
115846899
115926767
116050821
116065229
116138903
116349552
116475832
116543761
116633082
116662817
116720973
116877634
116884766
117224318
117243293
117329291
117438281
117444786
117446959
117573667
117647063
117661138
117734654
118098752
118102948
118159322
118208589
118324925
118366016
118383671
118729854
118744759
118867983
118875385
118927348
119043491
119190868
119315936
119477862
119507185
119532892
119670845
119675190
119737824
119775359
119818054
120111125
120152380
120163805
120286261
120460068
120571436
120583134
120591658
120704067
120738838
121115184
121224109
121311720
121509605
121595845
121617135
121648860
121762270
121854730
121880573
121927772
122029004
122038000
122198241
122212322
122279330
122281858
122351896
122374464
122480529
122485515
122511611
122577697
123066395
123125321
123201802
123298008
123373243
123391620
123531461
123759724
123858007
123858264
123865002
123907876
123956466
123960421
124032502
124175351
124344926
124460653
124747054
124810248
124935712
124982538
124990250
125016098
125124779
125305615
125423897
125696884
125764333
125766560
126036318
126053047
126441159
126556992
126639069
126640795
126766010
126796123
126874888
126901234
127026427
127168595
127394800
127772161
127828702
127877461
127948809
127974958
128031619
128037995
128088008
128204817
128209747
128237915
128337557
128436358
128447921
128493365
128554335
128673963
128715843
128934951
129334137
129401849
129871351
129909174
129954046
129991947
130314464
130315391
130457893
130815277
130859934
130869966
130931391
131038665
131189705
131204168
131257046
131273892
131453365
131501431
131613421
131689435
131691702
131718425
131727052
132062664
132142556
132235979
132289522
132478739
132491546
132603723
132634137
132761449
132789774
132841013
132871918
132885169
133082502
133109282
133278567
133304189
133525772
133602995
133681869
133705308
133730183
133854239
133860313
133924890
134015285
134081090
134092256
134190232
134553149
134564120
134621676
134730112
134800837
134843804
134849084
135035864
135068188
135358384
135423194
135455827
135613839
135673626
135737576
135776891
135875784
136076506
136113944
136140578
136207276
136247236
136284792
136390081
136494237
136516147
136603052
136788941
136828231
136894495
136950214
136976854
136981756
137097907
137124624
137184395
137216500
137584106
137604254
137661597
137701424
137742617
137777839
137884744
138020259
138172843
138328152
138361621
138604488
138936342
138997201
139086733
139095047
139165470
139370466
139378311
139542103
139593012
139701718
139820216
139938856
140044401
140147342
140255159
140316156
140370098
140500080
140546677
140636963
140638497
141113227
141339794
141388555
141706230
141709017
141765748
141893963
141964479
141984951
142012101
142066964
142238822
142312535
142328905
142370251
142432944
142714236
142827514
142864438
143016046
143262369
143273961
143329183
143450352
143454151
143582948
143604364
143871950
143873308
144125351
144175642
144279755
144330038
144470475
144572199
144583393
144734756
144825618
145052055
145511087
145535986
145748648
145796455
145939928
146037186
146137742
146158762
146171518
146249873
146290723
146354331
146508803
146527586
146568532
146582713
146652189
146660333
146822128
146949578
146989651
147030703
147349015
147357706
147475972
147487543
147546151
147608433
147709082
147732457
147940693
147951841
148095429
148133329
148230912
148453023
148499257
148572800
148628600
148765115
149015280
149160883
149359892
149416492
149465082
150043234
150087885
150122919
150169996
150442833
150523820
150660470
150823444
150875544
151068335
151155500
151160962
151165370
151274279
151976323
152269265
152424058
152493875
152580689
152660869
152684430
152692413
152745015
152867550
152873066
152915736
153491427
153608575
153713796
153776346
154074603
154095214
154182397
154254513
154324183
154348389
154387247
154392525
154450452
154591879
154788619
154830296
155032439
155126905
155337902
155368249
155416249
155549209
155602291
155802414
155888416
156011316
156130981
156232729
156258897
156341893
156428777
156450030
156599251
156614065
156648687
156659222
156882311
157033448
157041157
157074817
157099100
157466538
157574876
157593998
157634238
157669994
157856671
158087922
158220980
158232998
158265222
158572704
158786774
158854731
158884600
159255912
159269074
159284868
159335926
159555193
159672075
159714798
159838202
160082186
160250975
160289842
160340479
160355209
160409546
160502426
160710411
160749530
160751496
160883971
160905365
160928293
160959272
161131984
161230302
161306968
161468842
161489159
161587210
161638437
161718866
161959294
162172025
162264873
162339221
162373969
162431820
162477129
162528685
162713438
162814137
162836841
163028776
163080063
163116255
163156931
163243381
163286362
163408596
163456162
163483862
163672786
163713377
163753015
163817468
163856799
164149873
164301792
164497575
164670804
164714519
165043140
165235900
165433098
165496582
165667072
165711478
165837549
165849832
165857799
165882836
165970254
166237687
166376958
166622775
166839767
166867776
167257680
167397163
167509325
167555864
167948471
168049873
168098354
168260857
168466096
168590246
168645325
168783357
168956565
168956956
169039284
169109421
169289226
169542240
169616439
169626518
169661458
169840631
169936191
170220059
170403771
170461241
170461257
170680344
170754351
171043340
171109825
171129662
171133112
171168276
171190836
171238791
171242908
171256660
171333914
171354835
171411057
171550634
171815447
171900904
171936152
172328830
172413117
172425655
172719363
172743414
172787347
172830053
172924108
172961948
173283319
173423029
173560992
173576346
173690826
173710668
173725326
173882001
173979956
174008708
174152743
174199148
174250546
174494112
174653008
174704813
174738983
174883168
174922167
174951210
174956191
174971976
175184527
175219191
175231431
175326227
175550813
175580927
175655566
175700393
175830624
175913470
175928515
176103749
176256588
176412602
176474828
176491593
176512388
176574720
176653446
176788930
176852332
176941369
177046440
177067887
177143060
177171677
177221581
177234117
177613163
177879626
177893457
178402522
178637352
178867063
178926751
178948085
178953333
178968462
179059194
179071168
179074900
179090910
179100071
179111384
179157233
179206014
179360897
179448153
179491172
179877214
179901663
179978035
180037087
180133957
180145156
180186294
180209011
180210571
180365823
180510018
180626756
180803849
180831971
180872830
180985272
181004968
181009966
181084383
181106894
181161352
181162456
181259520
181374089
181927942
182001273
182010827
182013237
182147893
182178395
182321442
182390385
182512494
182684949
182767564
182767897
182777828
182826264
182846915
182930888
182992790
183030466
183073512
183093161
183093513
183116487
183197172
183366023
183434062
183536830
183743932
183834433
184110983
184171805
184433408
184800334
184885002
185216916
185229319
185354168
185433063
186199641
186342510
186352039
186482673
186484925
186536242
186601976
186614361
186656917
186681573
186745322
186983102
187064248
187151632
187263878
187325288
187433270
187483879
187553753
187588228
187593268
187673610
187717121
187766523
187797064
187827226
188030637
188078611
188242381
188380018
188682736
188701552
189016924
189161260
189300399
189509325
189552776
189574755
189721705
189800035
189807975
189828488
189832436
190160314
190219131
190270556
190350400
190715627
190946180
191042981
191115104
191142007
191205240
191282121
191387208
191483266
191579905
191613847
191620662
191636627
191736751
191819346
191932458
191945131
192058243
192116383
192126010
192134516
192182704
192224139
192225203
192313835
192491114
192520645
192626986
192855011
192956141
192998322
193119113
193121887
193496891
193634848
193824031
194152003
194252202
194288014
194331187
194384944
194593458
194683409
194687535
194694456
194983603
195057538
195110795
195125060
195899048
195981676
196027281
196126757
196145019
196157663
196221792
196524505
196561474
196607838
196816768
196986544
197087684
197265108
197330017
197639382
197670679
197682686
197722578
197755653
197795635
197856656
197927550
197981331
197994691
198577152
198651834
198677292
198874045
199104378
199126777
199218783
199233823
199444844
199490679
199557685
199757228
199913902
200059534
200516709
200594504
200759606
201082371
201104074
201285337
201752623
201767044
201910171
201910633
201912994
202118590
202211095
202255931
202486847
202598033
202781789
202886340
203065667
203066233
203100652
203128645
203200289
203246795
203313919
203544226
203644434
203709794
203816370
204161622
204276781
204317073
204353695
204590729
204685637
204729703
204734161
204785870
204792063
204813794
205010189
205210258
205575101
205629480
205630740
205724263
205728807
205915108
206042677
206091082
206158488
206311670
206354621
206458932
206481132
206528474
206553152
206920997
206965440
207482087
207548214
207642533
207690201
207736398
207799854
207835012
207864318
207876753
207982275
207997458
208051410
208096145
208098942
208264530
208509447
208512968
208570052
208658492
208670053
208712073
209099124
209207443
209378223
209498876
209586612
209610531
209614702
209655893
209940296
209981184
210097886
210139275
210177233
210197881
210204624
210269394
210329869
210471253
210507915
210594685
210604131
210668707
210889160
210958500
211128788
211170208
211289004
211376874
211395955
211463987
211606715
211641178
211735569
211904697
211919951
211927035
211955777
211974812
212013813
212182409
212218834
212227249
212460596
212465826
212626798
212637442
212676110
212691810
212745678
213069978
213085660
213278080
213334716
213467601
213487884
213582578
213613527
213749343
213755797
214027064
214071695
214168444
214246605
214335322
214392357
214527868
214621418
214727936
214754539
214759121
214773998
214790475
214827761
214875392
214903724
214913067
214913469
215118630
215143286
215196286
215230854
215482051
215540485
215676294
215868577
215988928
216150858
216195228
216275973
216336992
216503369
216520800
216524678
216547331
216816750
216905146
216941886
216981096
217166596
217398157
217414251
217457853
217470319
217591446
217653474
217693925
217729877
217749138
217822872
218029264
218122835
218227639
218262753
218302816
218402055
218500455
218706709
218779261
218845487
218950333
219006436
219082364
219245454
219247240
219392023
219453361
219594053
219789808
219965840
220149436
220309833
220530555
220559294
220563223
220598073
220661734
220965158
221092252
221160720
221733697
221811939
221929712
221933966
222112194
222358347
222571002
222607598
222701440
222797874
222879156
223021023
223218663
223252829
223266538
223440199
223595518
223906244
223962752
224069976
224086953
224320381
224413636
224841461
224934129
225143684
225161188
225205987
225215257
225236388
225271949
225356892
225379756
225394895
225547991
225571001
225616400
225707560
225800037
225865268
225875586
225909709
226010948
226066431
226085814
226124091
226260234
226388701
226399018
226459948
226565134
226572744
226646969
226783820
226854651
226874814
226894913
227033277
227128344
227164068
227172994
227285250
227339849
227375915
227415169
227744847
227767245
228141273
228148893
228206996
228414873
228436960
228462654
228470427
228559900
228576570
228659269
228678596
228845651
228880287
228937939
229128688
229247737
229283658
229326355
229563128
229566563
229669646
229811919
229933451
229945133
230628973
230652941
230684807
230726777
230772842
230797518
230992132
231008788
231251141
231262016
231294566
231326847
231569575
231578995
231663097
231781113
231787556
231829086
232094197
232120837
232183293
232184824
232310867
232438825
232440930
232580415
232624460
232670439
232728365
232827171
232881531
233049905
233055739
233240855
233376479
233385237
233468589
233504429
233643653
233748004
233803172
233811905
234098713
234122253
234253504
234404040
234447421
234477978
235108173
235176348
235297993
235346506
235400825
235444503
235686032
235698357
235895903
235899710
236163731
236337318
236498233
236541015
236543827
236559661
236754630
236901644
236963847
237026515
237069585
237092211
237390999
237459508
238243636
238474827
238628670
238838791
238884575
238887888
238917386
239386163
239460626
239501015
239742007
239774176
239796577
239831915
239918474
240307292
240340680
240347904
240377207
240454337
240458659
241273925
241291521
241343035
241358507
241439805
241557201
241744442
241836447
241842772
241877768
241918554
242143280
242226234
242230880
242237327
242431331
242917007
242927134
242958999
242995070
243218473
243279587
243314113
243322665
243614008
243808850
243851408
244025639
244297787
244314599
244335609
244365365
244370103
244448388
244537475
244573902
244715814
244840112
244988717
245159916
245488695
245488977
245674607
245701286
245834289
245842958
245892767
245972880
246048528
246183417
246222377
246241693
246250413
246261862
246363538
246645040
246658909
246842744
246867200
246917673
247274224
247463355
247579234
247597558
247625357
248015936
248168459
248344171
248389313
248439933
248464769
248525272
248530055
248724177
248883852
249020538
249098543
249251720
249291318
249306772
249312654
249503147
249519132
249744924
249825364
249860914
250111300
250288028
250685425
251107016
251426782
251454466
251542536
251579323
251706709
252232627
252311279
252387120
252453083
252757645
252763038
252773385
252856124
252896118
252947333
252967356
253025176
253066687
253124386
253132552
253141893
253279933
253622579
253698462
253852968
253880458
254022298
254111767
254323676
254344800
254635931
254689820
254703701
254725490
254767846
254790171
254906810
254978116
255013681
255027082
255066471
255253811
255442594
255640633
255671133
255795558
255929800
255931898
255991019
256156293
256245683
256382552
256523766
256844424
257004967
257227164
257361571
257583478
257595488
257633676
257638332
257746832
257889726
257911176
257943215
257966541
258056086
258095587
258103769
258125814
258131085
258236393
258475078
258570763
258644817
258697836
258760554
258790876
258905462
258959838
258986216
258988722
259299090
259317889
260043914
260469204
260476288
260702928
260802100
260816095
260913238
261024667
261089514
261134472
261207054
261450175
261562271
261588193
261645174
261712026
261759802
261883806
262298452
262587819
262656808
262839351
263056233
263206599
263282828
263379974
263497253
263522639
263637014
263658450
263661791
263764313
264203818
264258047
264274697
264500998
264599566
264608975
264682427
265026295
265086632
265315402
265410128
265523508
265675891
265905720
266397033
266463328
266512744
266526483
267045541
267291362
267296520
267360561
267403875
267437077
267488006
267646484
267677739
267714115
267737494
267849464
267943140
268108889
268190772
268338999
268455329
268536455
268603388
268619424
268945866
269034643
269070281
269284268
269315149
269580262
269707325
269708932
269889610
269914849
269987540
270237361
270321327
270389776
270400555
270518677
270550262
270700610
270704783
270878311
270893519
271021540
271071035
271101766
271129661
271153293
271399482
271728878
271792506
271851136
271977617
272093524
272178108
272248885
272315058
272343306
272357769
272374389
272383311
272512078
272535456
272542254
272868086
273020924
273194271
273387042
273421902
273464765
273509508
273587276
273608301
273725638
273735750
273802185
273828090
274075926
274148360
274231766
274288047
274298695
274314085
274485145
274494751
274543290
274544962
274563538
274861345
274883454
274884306
275160699
275332815
275336448
275381084
275670142
275738817
275960987
276194810
276454816
276807622
276872840
277008526
277078778
277106491
277287235
277653383
277725860
277874447
278333932
278448260
278531946
278737159
278758339
278865084
279008301
279095587
279236833
279268170
279331039
279404709
279409983
279432740
279467330
279629064
279803127
280102562
280420496
280448264
280463329
280614528
280776380
280820565
280970793
281017355
281102298
281106893
281281392
281341236
281488386
281790092
281870054
281892112
282256123
282318049
282387953
282438919
282715746
282947493
283064603
283146610
283194077
283283024
283340967
283351199
283395534
283493532
283569629
283650178
283696488
283697631
283741541
283749515
283838469
283912031
284014301
284043488
284112002
284214842
284255131
284618505
284714825
284746082
285158791
285289591
285411593
285479649
285605563
285617897
285750406
285793295
285897584
285994190
286104570
286325579
286411147
286502164
286507075
286533066
286555306
286563007
286650826
286673192
286783063
286978772
287104619
287208950
287240325
287497588
287661914
287718835
287809523
287901359
287910481
287942492
288002834
288164009
288280358
288308701
288393677
288420650
288452075
288793865
289021167
289075596
289278080
289758237
289775081
290007893
290166018
290540820
290621012
290906730
290944061
291112486
291127451
291398801
291510250
291523461
291550250
291652068
291683746
291730179
291969926
292151406
292290714
292316300
292366307
292457408
292468419
292769741
292881168
292893796
293067050
293089975
293230029
293296805
293353759
293369717
293472891
293569082
293657407
293876258
294006355
294138098
294166859
294177134
294250775
294297990
294329785
294397293
294442474
294546024
294584016
294649034
294762862
294925387
295297637
295321769
295493123
295578442
295726899
295834802
295845276
295922274
295993403
296014314
296027604
296135024
296409354
296767723
296800678
296856070
296956652
296990461
297399286
297545097
297556875
297647933
297756905
298001575
298222838
298437822
298475602
298507712
298872776
298945116
299073313
299351995
299631571
299980408
300017601
300039192
300179216
300183564
300214946
300346129
300419423
300538143
300652396
300680022
300724650
300888591
301109144
301188500
301312122
301336026
301341654
301589158
301624007
301674531
301895278
302065825
302066595
302330421
302399177
302445456
302453966
302596934
302723315
302827826
302960100
303052084
303071297
303172038
303489847
303497910
303706696
303895784
303985451
304009782
304225335
304232175
304425595
304606428
304886224
305030293
305182083
305206139
305408195
305443366
305446352
305503437
305512444
305586400
305720312
305792009
305944997
305962582
305977677
306019375
306098463
306129408
306165708
306235091
306295252
306428034
306450373
306496609
306546283
306557413
306581383
306667841
306867272
306885394
306900685
306910660
307067809
307483879
307590884
307730072
307855245
307874612
307982338
308079417
308226961
308229136
308323752
308375510
308408877
308684270
308732066
309013827
309084950
309226223
309238283
309498259
309568943
309696848
309724440
309789464
309902942
310096301
310099158
310141601
310321393
310587546
310661796
310692261
310694264
310750781
310924528
310999764
311160090
311230703
311327074
311350847
311357278
311439754
311587463
311790870
311908856
311947246
311949401
312045457
312124006
312202378
312363838
312537382
312577597
312793144
312927532
313173898
313220647
313251004
313501744
313555155
313646338
313656365
313717561
313730862
313911534
314023132
314214211
314335293
314529601
314579640
314591142
314660557
314736798
314780764
314823577
315189246
315205887
315206030
315500694
315875046
315903240
316021177
316091560
316199308
316239319
316249647
316488707
316505493
316505881
316536828
316590706
316672613
316709004
316726095
316859469
316902430
316960296
317034149
317040481
317077560
317136200
317269178
317609973
317655729
317694135
317707985
317834040
318308188
318386659
318656072
318676081
318700151
318706601
318798452
318831522
318837092
318847856
318866951
319003990
319526803
319543407
319572853
319637155
319674369
319743996
319796027
319907933
319928472
319935757
320103052
320212816
320335260
320455569
320571807
320624767
320864614
320934887
320979557
321040206
321119757
321174191
321266573
321290602
321349613
321427191
321603468
321751482
321981817
322032210
322072803
322102248
322259726
322295888
322714527
322790676
322818703
322952516
323303377
323310535
323430529
323440163
323492744
323555692
323831769
323837547
324148021
324341138
324350674
324495130
324522869
324538083
324641645
324659066
324680401
324690262
324794613
324803844
324854954
324863327
324979434
325050709
325128486
325322214
325528407
325729851
325860361
325860515
325895513
325932769
326063696
326065140
326272178
326535675
326641993
326807886
327183910
327188559
327338736
327344493
327530002
327552032
327579443
327652018
327775883
327914742
327916866
328050089
328255162
328312151
328432159
328487392
328569919
328600770
328685965
328753774
328760912
328829708
328929492
329009658
329091524
329249321
329296724
329417587
329452640
329494720
329496662
329527971
329709102
329724807
329740221
329773281
329786461
329799129
329808913
329887044
330010462
330042450
330048308
330142860
330267828
330340913
330728192
330918986
330979876
331141031
331169277
331304705
331479676
331614302
331655008
331679721
331812873
332013797
332190192
332244629
332266930
332297930
332337847
332364498
332364758
332441461
332444675
332527410
332546416
332717874
332982060
333166976
333191719
333386374
333406431
333415739
333667056
333858318
333982512
334013028
334041857
334049068
334289882
334295202
334351081
334384453
334449530
334462675
334538020
334587447
334698163
334750969
334756254
334760016
334870545
334918362
335013789
335105007
335160125
335203933
335233641
335313786
335363985
335401608
335653613
335691455
335987430
336003818
336032385
336068358
336300841
336407148
336468458
336480838
336489643
336780448
336844155
336889893
336897978
336946670
337008324
337094778
337263007
337543435
337592229
337593904
337621911
337667377
337732949
337814333
338075203
338168721
338238794
338674352
338732801
338737875
338842367
339010576
339115324
339269683
339350758
339375832
339492988
339663957
339738913
339984669
340086693
340149247
340229807
340270069
340416986
340542951
340697523
340720406
340761975
340925020
341035318
341040255
341075202
341084372
341241043
341262331
341348006
341543012
341617484
341673738
341783751
341849269
341869113
341890911
341922140
342001575
342015792
342178558
342277563
342311028
342322870
342394517
342502526
342579434
342594119
342662955
342812178
343020480
343216241
343240900
343250787
343397556
343509795
343514549
343661135
343927486
343935443
344003286
344007312
344035903
344096546
344143929
344194413
344282827
344381152
344440132
344509490
344628387
344755288
344778197
344801271
344966927
345009252
345191447
345252547
345318316
345417598
345570773
345575040
345613806
345842198
346181155
346391328
346423816
346442710
346586333
346726249
346770809
346802376
346899154
346965672
347303512
347389276
347750049
347784931
347786494
347802321
348168873
348327331
348521500
348617968
348686762
348741033
348847943
348898292
349017122
349059000
349061347
349206885
349440546
349493948
349718139
349922612
350273051
350276623
350397816
350413032
350504122
350723535
350747104
350780035
350967561
351065221
351100949
351183003
351192374
351262782
351329402
351350820
351423253
351540143
351606494
351639875
351646725
351688711
351692496
351703247
352086636
352119957
352125070
352135305
352163880
352248405
352414660
352465361
352538751
352599685
352706535
352882830
352981941
353188630
353477089
353483891
353564255
353827689
353970554
354167144
354177868
354318842
354352410
354379603
354619883
354663488
355177092
355187900
355209218
355241730
355268281
355273217
355337769
355405359
355472632
355501736
355553850
355744757
355866677
355927497
356227168
356323812
356383869
356485764
356489243
356643035
356813337
357247731
357260621
357389266
357454033
357520520
357561662
357774136
357797176
357841577
357872406
357901474
358027431
358498600
358639734
358765053
358812941
358826390
358910092
359092919
359112090
359186195
359294452
359692147
359730960
359855549
359879077
359891753
359968556
359974721
359975501
360106924
360341766
360369713
360434076
360485222
360509491
360613222
360846924
360856836
360919804
360997775
361030277
361042206
361054093
361072235
361076594
361255340
361273678
361290797
361310490
361468100
361538105
361571438
361619636
361648177
361719330
361754968
361868375
362027792
362245616
362248696
362316250
362378856
362457676
362579716
362820617
362831164
362975627
362997520
363024942
363150817
363230615
363360643
363584664
363587745
363609393
363683155
363697417
363946567
364026604
364121578
364291908
364368421
364375566
364431734
364494421
364589089
364634759
364725915
364790799
364921035
365028704
365121615
365145410
365170293
365189516
365398715
365512291
365642216
365694248
365796303
366089264
366091435
366218097
366307625
366335771
366725146
366790786
366807594
366827944
366942101
367076388
367309392
367441711
367561575
367626824
367786828
368491280
368495638
368596371
368648441
368653586
368692141
368818811
368946139
368955873
369025042
369138628
369164716
369165519
369255964
369439361
369551067
369713996
369750571
369772884
369970865
370040532
370048920
370093807
370108161
370185176
370228869
370274385
370274655
370293312
370316191
370381452
370439823
370448342
370509257
370732084
370841190
371103203
371164658
371532618
371703607
371763808
371948069
372082417
372236437
372340601
372789546
372890558
372900366
372964778
373018251
373041886
373071729
373273359
373276219
373578282
373626181
373787376
373908809
373975260
373990961
374131850
374217397
374228365
374370903
374377075
374382629
374408825
374428937
374528457
374581489
374621934
375058689
375332439
375495963
375614850
375783409
376022948
376196951
376235323
376258323
376278307
376280125
376280673
376287667
376473886
376491877
376575033
376628902
377017714
377018229
377191781
377193462
377506923
377695037
377715758
378061804
378126408
378133409
378243117
378309237
378657390
378725126
378866592
378940693
378947381
379043205
379064832
379109332
379142465
379255227
379436127
379447309
379703077
379753314
379792196
379891847
379900028
379944987
380019326
380070831
380172967
380259792
380454906
380564833
380658429
380745425
380829922
380971136
381084173
381113886
381175216
381238213
381264334
381361022
381456575
381467810
381534553
381547895
381600261
381645572
381645693
381749785
381812180
381820540
381950121
381987188
382035982
382186137
382227127
382371200
382634945
382658835
382677486
382685056
382719592
382761006
382803466
383047185
383120204
383129018
383150601
383202415
383265785
383284168
383451300
383523876
383592970
383613450
384014175
384014939
384087515
384155514
384412058
384476915
384564114
384589350
384997194
385358803
385420235
385462663
385633680
385716102
385732868
385748011
385884898
386411506
386459822
386752860
386877753
386942244
386961461
387055992
387115935
387142603
387279822
387385933
387500503
387532240
387769147
387829860
387981267
388067367
388076769
388166830
388212844
388257430
388413692
388427038
388448326
388514484
388646842
388849540
388917323
388984478
389143063
389406086
389425511
389537540
389565161
389774785
389857486
389898619
389903683
389937222
390293961
390498515
390854022
390959453
390983786
390986697
391057329
391072035
391160640
391195620
391254637
391313351
391340662
391402423
391593974
391674103
391707971
391844139
391870050
392065331
392211325
392319314
392396361
392494345
392632976
392662820
392804080
392818363
392841383
392907627
392923691
393170242
393264793
393325600
393329125
393536109
393583645
393644201
393932569
394194687
394241416
394263872
394353687
394426311
394451908
394655436
394804076
395013718
395121759
395392892
395536909
395637796
395704246
395819398
395853150
395871815
395954952
396032403
396033962
396239278
396292807
396307498
396458366
396609240
396651040
396827250
396885953
396893385
397019814
397205085
397413393
397456713
397477488
397829450
397944269
398032789
398336618
398403579
398582805
398625378
398783773
399232752
399472415
399480649
399551817
399554846
399558690
399655363
400045990
400152432
400217412
400241329
400392879
400518613
400549904
400654229
400672263
400685201
400771221
400813086
401065262
401133374
401218990
401399715
401468284
401544755
401652812
401683175
401701482
401803971
401869741
401872914
401944987
401984461
402021552
402287950
402318900
402323092
402379709
402434411
402718839
402914511
402931605
402934451
403136854
403393393
403412607
403578893
403617381
403640682
404051498
404057272
404308480
404602897
404804166
404821642
404927458
404931810
405042279
405282208
405350861
405499887
405561897
405684460
405823630
405963133
406086590
406099179
406116435
406265744
406390272
406391344
406481673
406586643
406639031
406723818
406771093
406816658
406851386
407015193
407017867
407066271
407338497
407350857
407429006
407430109
407658014
407734862
407823565
407871583
407969728
408041402
408089651
408135502
408165149
408217659
408390869
408394196
408596885
408652473
408681887
408826845
408997285
409351439
409360604
409445340
409476421
409511638
409513758
409564578
409733850
409783294
409788471
409799235
409835814
410079520
410130070
410170928
410332551
410488927
410725696
410867778
410927960
411030330
411108655
411383923
411409390
411639080
411682236
411690197
411696345
411736026
411756669
411802688
411870499
411944211
412014081
412025716
412130751
412266224
412307072
412400328
412786678
412953516
413099883
413252548
413476824
413538524
413619993
414034845
414068439
414272888
414328011
414393622
414652291
414667055
414987525
414998353
415043490
415084519
415114957
415299220
415323364
415408907
415421136
415692570
415699652
415701702
415703302
415707113
415905581
416176116
416286595
416395304
416562964
416664420
416714180
416819030
416933010
417218495
417351043
417356752
417458766
417648932
417668167
417751093
417957076
418022065
418267643
418269089
418345726
418400781
418574577
418584330
418612528
418661490
418759240
418783412
418885913
418977537
419108714
419445503
419478338
419607320
419767363
419814874
420027221
420030416
420188218
420199238
420279865
420306028
420336500
420397477
420434037
420470146
420535420
420666818
420676833
420843348
420889534
420916794
420948056
420972283
421004457
421030284
421241774
421242085
421268264
421366427
421405399
421423228
421591416
421622282
421697144
421730133
421795990
421822368
421837477
421873200
422026781
422029677
422275391
422294509
422304700
422334470
422356358
422396116
422619234
422641761
422642745
422916085
422959467
422982129
423192408
423252621
423309593
423316757
423335522
423358874
423393998
423412434
423416492
423426331
423557904
423566248
423649257
423666215
423682796
423985837
424044865
424267818
424345121
424361582
424617171
424796337
424858372
424876198
424975891
425007212
425389711
425480885
425557548
425934136
426024270
426127604
426400320
426427188
426592014
426700731
426703997
426815463
426867380
426914671
426989983
427161624
427179934
427305332
427326190
427541711
427646494
427660916
427722490
427819575
427908281
428074336
428494802
428552469
428744876
428920804
428982861
428993093
429494368
429914504
429948985
430030824
430057317
430290177
430313365
430521484
430781951
430841628
430854079
430915921
430952380
431360719
431412774
431534749
431588172
431630996
431719064
431768448
431902285
432036158
432134843
432142088
432316513
432368801
432382152
432452053
432455764
432517349
432551000
432592372
432665661
432740064
432798339
432844809
432868447
433009276
433189592
433242099
433260515
433279573
433296417
433316438
433453884
433478611
433530064
433530446
433686932
433771244
433851422
434144520
434168947
434215342
434273058
434403149
434474240
434546821
434580896
434622713
434859701
434885935
435010820
435055440
435192680
435208344
435310816
435319110
435325156
435357159
435381655
435412490
435601578
435857259
435859006
435914724
435948948
436062451
436075869
436151584
436157763
436384740
436468546
436534214
436622989
436648161
436756515
436818884
437028586
437238961
437264805
437357454
437561810
437674303
437686634
437968952
438106382
438123491
438134815
438151180
438219331
438339751
438487534
438568223
438860156
439113559
439174015
439184979
439199524
439294147
439680334
439857519
440038216
440105461
440122166
440465114
440581808
440752132
440797448
440894198
440978295
441024448
441253873
441325004
441364073
441501372
441830188
442125662
442169065
442175036
442197339
442221576
442279289
442290399
442318403
442378759
442422136
442511010
442587068
442625387
442654183
442677153
442911587
442915605
442919235
442936951
442948492
443137234
443172604
443221368
443492972
443503612
443543180
443562620
443597125
443669587
443921894
444126189
444132332
444209798
444217490
444250073
444331951
444460196
444712230
444976689
445100275
445105952
445321314
445346418
445366582
445484553
445554532
445766444
445973242
445984874
446030685
446034498
446217090
446307126
446443148
446450068
446768657
446991443
447048815
447221061
447232703
447284633
447431062
447493767
447498724
447722705
447737146
447939319
447954223
447954323
447977291
447981750
448078312
448168076
448169516
448265899
448306916
448540869
448554704
448624607
448663222
448772539
448773248
448832341
448842259
448865300
448891235
448910919
448932949
448946215
449311168
449326125
449626814
449694647
450175837
450216934
450285003
450438113
450493590
450518810
450545918
450697903
450766061
450951461
451020833
451047894
451103662
451135840
451157846
451300468
451387946
451406506
451437249
451487769
451948351
451990320
452181044
452265778
452323750
452559997
453046904
453162199
453388045
453460260
453556457
453633038
453642606
453730831
453772399
453867046
453887424
454019213
454078635
454145755
454509205
454511850
454650090
454909025
455581882
455635574
455855394
455910622
455998558
456098560
456172747
456206020
456249608
456423631
456526715
456585848
456594856
456630300
456740533
456836233
456880959
456932991
457091544
457094221
457229689
457290044
457308872
457328869
457552091
457596588
457676336
457838529
457867033
457986578
458258635
458280477
458300240
458426714
458798489
458890824
458947701
458986438
459015313
459188628
459226446
459507967
459555836
459569973
459573676
459575943
459859355
459875764
459962238
459968357
459981032
460129613
460476871
460481959
460733140
460903520
461040128
461058376
461186908
461238539
461295652
461331931
461368148
461495903
461546569
461554724
461731478
461744125
461820683
461961954
462030273
462229642
462256889
462543325
462683556
462693508
462700345
462822680
462897751
463035576
463098900
463125677
463128562
463206524
463255951
463524814
463570376
463586754
463831625
463912155
464202446
464233321
464235555
464265140
464366646
464377974
464415825
464516452
464549967
464552769
464735082
464848265
464967386
465160058
465231487
465438297
465988757
466040408
466050029
466065558
466077290
466110789
466119905
466257851
466335549
466345081
466557496
466763957
467183029
467364178
467529188
467557152
467865364
467929331
467970290
468018677
468224223
468235001
468247541
468353481
468418968
468473102
468483277
468554389
468642569
468944657
468987703
469150801
469171593
469330490
469338584
469582583
469757471
469838337
469893713
469898722
469974820
470207078
470340791
470430008
470433261
470439767
470450332
470458561
470474201
470511793
470580770
470711900
470752884
470862031
470894033
470927995
470975544
471005669
471030964
471046770
471179871
471433595
471445875
471589987
471750855
471787909
471797279
471803707
471828905
471875441
472001839
472208331
472308579
472315793
472463476
472467495
472516068
472523560
472547690
472753280
472774549
472785291
472895353
472947666
473027421
473232216
473345465
473466153
473604315
473680721
473761166
473786195
473799935
473858535
473957093
474046707
474207419
474335162
474386918
474447118
474605282
474704255
474754137
474904177
474959779
474983622
475225789
475226413
475316919
475331028
475385850
475427957
475532351
475579603
475692763
475709483
475770297
475982214
476080005
476090438
476095528
476188702
476267787
476568250
476850458
476900612
476902099
476966717
477054986
477109850
477206054
477351239
477441227
477454327
477510734
477609851
477718062
477834659
477841700
477857399
477978104
478054782
478276708
478279324
478337167
478535489
479137358
479152125
479196474
479226479
479304180
479682105
479686974
479751793
479825561
479825865
479925030
480026003
480062226
480198252
480324768
480389839
480420259
480519547
480695564
480709409
480732228
480773170
480878318
480907163
480975853
480996772
481248417
481252780
481656076
481780965
481782672
481796261
481846158
481910037
481913228
481927240
482041727
482132334
482158318
482249806
482281985
482414196
482478761
482714981
482789407
482791823
482808111
482817493
482982796
483172316
483213394
483261818
483433663
483550792
483816354
483924026
484026479
484088541
484203876
484228313
484258679
484357347
484385592
484403703
484411232
484486256
484579694
484672270
484802245
484992495
485047500
485072621
485209097
485354964
485380088
485402114
485699760
485726283
485839404
486122257
486177373
486376292
486430158
486450673
486572782
486752619
486903653
486920603
486929595
487025650
487069116
487086796
487115375
487201721
487253026
487257218
487261981
487354440
487511875
487562514
487586624
487849601
488039665
488155996
488295585
488402890
488581204
488781179
488981307
489164919
489206464
489420545
489485010
489489331
489522145
489537622
489581889
489586062
489780463
489823003
489859467
490106149
490324201
490560986
490641702
490651062
490877623
491000248
491209756
491287465
491607235
491721048
491766034
491829146
491942059
491978643
491996720
492058419
492224993
492299071
492329426
492490593
492631052
492680621
492760334
492810420
492845399
493011631
493279739
493406756
493543479
493635721
493637797
493709870
493973147
494045099
494075579
494186816
494271098
494426241
494439647
494518949
494582285
494682080
494906286
494910685
494945355
494985904
495076357
495128587
495137847
495195144
495199710
495489004
495513208
495730304
495762170
495784958
495852741
495893822
495967017
495975999
496089078
496115387
496299694
496531491
496581291
496700552
496753021
496789448
496875428
496885891
496917865
497032018
497282951
497287436
497384872
497466044
497471704
497677729
497745719
497841384
497896754
498130926
498353272
498581780
498715457
498715970
498829275
498910620
499012611
499101572
499181802
499211304
499379937
499608756
499737349
499829529
499936120
499950289
499989690
500100654
500275530
500416226
500418235
500441865
500554747
500640339
500728545
500791412
500799487
500900168
500936936
501135611
501293849
501352891
501400280
501419415
501583970
501765464
501822438
502099974
502109625
502159990
502187404
502262902
502356321
502373704
502464517
502654470
502655208
502658801
502662322
502874773
503015332
503173913
503316582
503339507
503339842
503550990
503556217
503683468
503726342
503895125
503963400
504079445
504081722
504184399
504459272
504758701
505003350
505173112
505274317
505440127
505475548
505492326
505494299
505598043
505667296
505798484
505839405
505859646
505873915
505910256
506149166
506164606
506177918
506515166
506531170
506637131
506803130
506823026
507133423
507152312
507231666
507467652
507472009
507551173
507708534
507933334
507961642
507988719
508062317
508161336
508184786
508199086
508232431
508332931
508494561
508512378
508568894
508628634
508679892
508714527
508821404
508928803
509034803
509050594
509126487
509221839
509414319
509439116
509442617
509634967
509706986
509800086
509816301
509832634
509840826
509928646
509981769
510012350
510167245
510215134
510244617
510261709
510284891
510398956
510478145
510680730
510718327
510763230
510813499
510839279
510851659
511444696
511489670
511584139
511605019
511760014
511824332
511965429
512080049
512306266
512392808
512501913
512604490
512612050
512780519
512784530
512808467
512839386
513020258
513059333
513209121
513388194
513400561
513607512
513633876
513856095
513867359
513912795
513918125
513920338
514015024
514108804
514180767
514241831
514351892
514475678
514525699
514539914
514641246
514953356
515022623
515166228
515174198
515500103
515595418
515744767
515834548
515990001
515994800
516074019
516103365
516118784
516242668
516445637
516615621
516660184
516682373
516758162
516936535
516964644
517314418
517320479
517363472
517440941
517489230
517534798
517602720
517707274
517800445
517804219
517860766
518237064
518517258
518566427
518881977
519007787
519021070
519026443
519054395
519136608
519146798
519218616
519359102
519421722
519427727
519462776
519624012
519668475
519811276
519882841
520052816
520097934
520225079
520355453
520482872
520758544
520959238
521022979
521257246
521266921
521356142
521401808
521412977
521516644
521705769
521821767
521913142
521931035
522000922
522176540
522278952
522354355
522715561
522814997
522854801
522968289
523014523
523090113
523094025
523127099
523564880
523680667
524055832
524175919
524443225
524445679
524471968
524532739
524568281
524595267
524750240
524994535
525003916
525140176
525331231
525364169
525515663
525717403
525743875
525843400
525853595
525963039
526020298
526067909
526319643
526404267
526416337
526420501
526486124
526495270
526613897
526762037
526900537
526962268
527071354
527087618
527097684
527242920
527405062
527453671
527500018
527764880
527885071
527909632
528018350
528233322
528270044
528352435
528433662
528588423
528706360
528750003
528848609
528928868
529139773
529263918
529545047
529628529
529874416
529910546
530052967
530123795
530188134
530284743
530414605
530506372
530567382
530600164
530677881
530761105
531132909
531202971
531335808
531444592
531466485
531929457
532017105
532075461
532218536
532231088
532255793
532342308
532348060
532370419
532523284
532739085
532885665
532892253
532904666
532965112
533051986
533075153
533086039
533092572
533391296
533422984
533480428
533511786
533640985
533859708
533862637
533881655
533897373
533947189
533952379
534070788
534112045
534290816
534576341
534688686
534727083
534768442
534791853
534867700
534933393
535009207
535114616
535168508
535176466
535533037
535692879
535730962
535822814
535846498
535893138
535943096
536041351
536070494
536243170
536414656
536496268
536685983
536689801
536713984
536719211
536749507
536869625
536886839
536955782
537163004
537255993
537259273
537308102
537336578
537356193
537547294
537667269
537760416
537869046
537955104
538181744
538353856
538392629
538394999
538423459
538452821
538738450
538820718
538903937
539017563
539091982
539295528
539304292
539325119
539375673
539417395
539529740
539581144
539761949
539765314
539790029
539824108
539858627
539944405
540154017
540304825
540389902
540394131
540709388
540881451
540912692
540923759
540967837
540972330
540979230
541090903
541149059
541201810
541214408
541423980
541462691
541465911
541756045
541859328
542069059
542096356
542193666
542355578
542431339
542452921
542633826
542696532
542713360
542760299
542996709
543029694
543151375
543156314
543194711
543391834
543448097
543469631
543487419
543515215
543523110
543553349
543656562
543700714
543734584
543881778
543911052
543915339
544090747
544153878
544259342
544274860
544327988
544389215
544543272
544665316
544847142
544891001
544961272
545003423
545309842
545340221
545447446
545600495
545711846
545721834
545785521
545860643
545962522
546043064
546312358
546408623
546577556
546653915
546872206
547016002
547133900
547332299
547347680
547399475
547518315
547810784
547872170
548042632
548064856
548142196
548197684
548278470
548311995
548538484
548563950
548714956
548758689
548927168
548928193
549102678
549117224
549152311
549215607
549364430
549388310
549393182
549430681
549509978
549552939
549587890
549759650
550122071
550126778
550221319
550306147
550463317
550490127
550701051
550773700
550796798
550834188
550841142
550848399
550982503
550987914
551057916
551058528
551108782
551136470
551222238
551232010
551249882
551554000
551571346
551574150
551680029
551695745
551828700
551876814
551877567
551943730
552032401
552066170
552223369
552338107
552468192
552914725
553379354
553400394
553424089
553547080
553606076
553680831
553680878
553820786
554004229
554055978
554115854
554150141
554405143
554690074
554692957
554695376
554713565
554758543
554817556
554829441
555049595
555331059
555465289
555513130
555721168
555873896
555896848
556151118
556207454
556295331
556368969
556462494
556466469
556562546
556569598
556570228
556635449
556658349
556824126
556906033
557021181
557056108
557233098
557572831
557740197
557955725
558035935
558421432
558490594
558634329
558642614
558790110
558822676
558897819
558915975
559130165
559142202
559217572
559266647
559463289
559487153
559541952
559553244
559715514
559786486
559828005
559878559
560288689
560405815
560581829
560612637
561029919
561031090
561200413
561275065
561296196
561426291
561529192
561618361
561724591
561845759
561848092
561877701
561895048
561909731
561938640
562103959
562242690
562261888
562282609
562343895
562449812
562477197
562679691
562742286
563009951
563258736
563538652
564106256
564310742
564515226
564565232
564580777
564746653
564833251
564985894
564993955
565158662
565218397
565302865
565410182
565493279
565502992
565855319
565860528
566076436
566145453
566216022
566260241
566612868
566781082
566940033
567124729
567372495
567475215
567554154
567706729
567732978
567751704
567785391
567795222
567797664
568145736
568362367
568367528
568468787
568504380
568532802
568813882
568980533
569053220
569059884
569084588
569213593
569269932
569485960
569508434
569544542
569762993
569801616
569815385
569816949
569840171
570045558
570121257
570446225
570492733
570619286
570642504
570785970
570860194
571026991
571108329
571502561
571641246
571658753
571745554
571940671
572205344
572230272
572344552
572374483
572489227
572511222
572603295
572754352
572771927
572893381
572954147
573192730
573343485
573437521
573512505
573601804
573603994
573690670
573889282
573935621
573937801
574174460
574224844
574232927
574251723
574294402
574295527
574481400
574528899
574538311
574561429
574604967
574701711
574797096
574911632
575091686
575111857
575114220
575376752
575392500
575571310
575610413
575744438
575792755
575893560
575986584
575998553
576004735
576024980
576064122
576171968
576317084
576382784
576508007
576659403
576739475
576749797
576819161
576842558
576917710
576922553
577069513
577133017
577210392
577418362
577425873
577549159
577587075
577688032
577721403
577817948
577970642
578017517
578175347
578336047
578562449
578567863
578608721
578664308
578876161
579152600
579253810
579352853
579412300
579454002
579572967
579700758
580005461
580044254
580074713
580192003
580198402
580234275
580501675
580663367
580686814
580807894
580815182
580895170
580940412
581018090
581050422
581148954
581206251
581220548
581330395
581425386
581443563
581546452
581926797
582020255
582107515
582207417
582235652
582248801
582345177
582549049
582853494
582977084
583008825
583018686
583289853
583355323
583457319
583664801
583808072
584216348
584229236
584317616
584454424
584469226
584630982
584674805
584701414
584815043
585000894
585033487
585062022
585328774
585337556
585390351
585394320
585520256
585591125
585655747
585784493
585835290
585958893
586026796
586089289
586099638
586166116
586394949
586646964
586681766
586705517
586843019
586951706
587148738
587185303
587232704
587415737
587584290
587823269
587887312
588157652
588181841
588270455
588381309
588485051
588486485
588487390
588553594
588800339
588942913
589200806
589284635
589336307
589405502
589562167
589585179
589601037
589683698
589694752
589763421
589897569
589975867
590235994
590470292
590547928
590560597
590650173
590705716
590840671
591356828
591430216
591515057
591523796
591783841
591874158
592109471
592232334
592537358
592541785
592596774
592735167
592959807
593009858
593011645
593078138
593472700
593552730
594313428
594579089
594610825
594679408
594705142
594707295
595083108
595141391
595148407
595392274
595564970
595800739
596337310
596485459
596591373
596833020
596886958
596924491
596946030
597157671
597331726
597492797
597571888
597639368
597674594
597750864
597806379
597929849
598006758
598060841
598116879
598280705
598423949
598511981
598607192
598797857
598847143
598935577
598991435
599033278
599071021
599149321
599292479
599343355
599465138
599509641
599544637
599663197
599847286
599865935
599936592
599955553
600027933
600057426
600177870
600244546
600343246
600347513
600352169
600403140
600512339
600676716
600734567
600737856
600786124
600836825
600912003
600919428
600928571
600930550
601011005
601051184
601080748
601143044
601180024
601206810
601330704
601383938
601605374
601639735
601671217
601711086
601855792
602041290
602092774
602143454
602271082
602385856
602453577
602571749
602599804
602636947
602684046
602761079
602778271
602800585
602816292
602984331
603106105
603108954
603345959
603395520
603658665
603819651
603882418
603981926
604007109
604038814
604054560
604194348
604199135
604380559
604386164
604532296
604541195
604765575
604801344
604953761
605075829
605351692
605355184
605414586
605478320
605487866
605586260
605631801
605638874
605735628
605771122
605912322
605974756
606210657
606223394
606378143
606522762
606558723
606659412
606727588
606731635
606777459
606843845
606884689
606989132
607183035
607208720
607245422
607298932
607522044
607627115
607667776
607689668
607816441
607858481
607968214
608123592
608215986
608376097
608436731
608438723
608481063
608518731
608566016
608608792
608635043
608769482
608802809
608984252
609026563
609175638
609500881
609931525
610056207
610173893
610412957
610544391
610683749
610794263
610949928
611107172
611141973
611197580
611302089
611780000
611837510
611893020
612036822
612196330
612230041
612247938
612275996
612313869
612329403
612392905
612456764
612461222
612492187
612497607
612535313
612826238
612887810
612947301
612949599
612992267
613140677
613634125
613664755
613683157
613734772
613868186
613908108
614120762
614144579
614270521
614344926
614373564
614404923
614727945
615103393
615170784
615578658
615734408
615738720
615869471
616054814
616296010
616758483
616857581
617012530
617136959
617218635
617259313
617436335
617445586
617530297
617552859
617564933
617977292
618008772
618008957
618318979
618401025
618420296
618452463
618679575
618734516
618844166
618911806
619099694
619370298
619500119
619501369
619611611
619660964
619684127
619690743
619726092
619751347
619760716
619892290
619937908
619979318
620174216
620234131
620307120
620484352
620702877
620751235
620764746
620918856
621143552
621184296
621326060
621611248
621654171
622054511
622055740
622330632
622365378
622469380
622607366
622625949
622650892
622734985
622856257
622907753
622923320
622976790
623074887
623077725
623111811
623183260
623188827
623247884
623256473
623286592
623325949
623354609
623369492
623571743
623614334
623828240
623918256
623966466
624092661
624194548
624216680
624224924
624290511
624563083
624572785
624624850
624659814
624661847
624686916
624841271
624848855
624859768
624899676
624933318
625001091
625036685
625049739
625077646
625307989
625376012
625376575
625593797
625594047
625796874
626034649
626134765
626353711
626426284
626632361
626635126
626642365
626707065
626720808
626729937
626763591
626864551
626939748
626958362
627066685
627129584
627252488
627272184
627276803
627338484
627468955
627513748
627516096
627581025
627672521
627674266
627678129
627726942
627742349
627744379
627785574
628008299
628160737
628175424
628284954
628314816
628329873
628361205
628452246
628500688
628630198
628642661
628656012
629251510
629319097
629336630
629358963
629362656
629459378
629496310
629506735
629660124
629920546
629975446
630030319
630089820
630137444
630286204
630294469
630331242
630425988
630511323
630549139
630799795
630810648
630841912
630996238
631187858
631192096
631364897
631417519
631586623
631611969
631772310
631826610
631888929
632006063
632114592
632156351
632198232
632318318
632340336
632411978
632473490
632540671
632760148
632760798
632900503
632919211
632931444
632989856
633042525
633095231
633262171
633515393
633521799
633572297
633586669
633663901
633770469
633778541
633821633
633879647
633941171
634053807
634204058
634388519
634421990
634468233
634644318
634674304
634879984
634940543
634986917
635035338
635212337
635259473
635335088
635336778
635549311
635636436
635653704
635696198
635733479
635772543
636003748
636089446
636160422
636169657
636182248
636426441
636509218
636729519
636984071
637249627
637250762
637331510
637334926
637373227
637400391
637446187
637499635
637509235
637544344
637582807
637678085
637685702
637708962
637732371
637863473
637872284
638052962
638066138
638224093
638253022
638269183
638588037
638768602
638943061
639226781
639259773
639404424
639543760
639820220
640045369
640072991
640183238
640195093
640246468
640462389
640547621
640560111
640633298
640660190
640834244
641082905
641184520
641279176
641329243
641472327
641740480
641750094
641780056
641786617
641787458
641899069
641987427
641988308
642235611
642302041
642310342
642324452
642374142
642578139
642660146
642737611
642795143
642922599
643057000
643076506
643089356
643091451
643116159
643123521
643134176
643149775
643525562
643956828
644195373
644398677
644599980
644753301
644858863
644893390
644980385
645114768
645250096
645271459
645482641
645508390
645513123
645535533
645620875
645863211
645904464
645985539
646139340
646172353
646242101
646277936
646421830
646484142
646572698
646573906
646579952
646660219
646744947
646822174
646866172
646889231
646967713
647040560
647068408
647077902
647203448
647213237
647320301
647372320
647444789
647454564
647635589
647790760
647890102
647985844
648132123
648151412
648291265
648696247
648747862
648757168
648912781
648974686
649056015
649303872
649335450
649409300
649440197
649592754
649849308
649900913
649945584
650022445
650153983
650238811
650262310
650319130
650335124
650348585
650416721
650485546
650646788
650733080
650819965
651067585
651199406
651204881
651272557
651317997
651320426
651396630
651486043
651582086
651641926
651945791
652017465
652107226
652290472
652325265
652329204
652370917
652455284
652769189
652841834
652950629
652976880
652984519
653002493
653005552
653048963
653071381
653154636
653573267
653852715
653952343
654275015
654383293
654423729
654442097
654519436
654577612
654654302
654676974
654721427
654936382
654951722
655000545
655029870
655134522
655143690
655204964
655328895
655334193
655350665
655424645
655510933
655633235
655736998
655753217
655953235
655989444
656084876
656176941
656228430
656287208
656313872
656536860
656576192
656707504
656777134
657013236
657150674
657189491
657370864
657548130
657668129
657672501
657697125
657785062
657830395
658117608
658190015
658207942
658234895
658277124
658474273
658495151
658743179
658870326
658874735
658913643
658939445
658955015
659006023
659022375
659034798
659042696
659084264
659148843
659309357
659553440
659629049
659706424
659724120
659756046
659794364
659864164
660099121
660173726
660221283
660233604
660302995
660391990
660560606
660723828
660788279
660791576
660846995
660915993
660938656
660948041
661059850
661163986
661261171
661461652
661504995
661575979
661602543
661712142
661740666
661900673
661971834
662037386
662145883
662559836
662592670
662665818
662879712
663136887
663139342
663193640
663382254
663500349
663530283
663535458
663599573
663744109
663783133
663883547
664080923
664142619
664264346
664272240
664413467
664424743
664436096
664475299
664827866
664940869
664964313
665152947
665157282
665337510
665578819
665618944
665659460
665787971
665806684
665860138
665948774
666298203
666396137
666406475
666535083
666873214
666958770
667139722
667364978
667721051
668329396
668415121
668705645
668787306
668791347
669005721
669009966
669263843
669311458
669328995
669443321
669444334
669483393
669549378
669720362
669749465
669786681
669866513
669972915
670004962
670173132
670287994
670341013
670389730
670462636
670649557
670700858
670848182
670878522
670899585
671053185
671498405
671616592
671780747
671861769
671965000
672013904
672229447
672324804
672404716
672525399
672596796
672640098
672725872
672952899
673211192
673369649
673460877
673524796
673600931
673680216
673712939
673715490
673920566
674158788
674443037
674570222
674580965
674752556
674757836
674832448
674891509
674938831
674981164
674993590
675126394
675131503
675161628
675203791
675213617
675250916
675808226
675870814
675916647
675920861
675964421
676091358
676126067
676176225
676216831
676237278
676292049
676441625
676478426
676501422
676559116
676565735
676806847
676816756
676943051
676972755
677038545
677099891
677470394
677535635
677537193
677546035
677605322
677889334
678355685
678376236
678424404
678456909
678508784
678660114
679082892
679099095
679272074
679300662
679358322
679370833
679587507
679603249
679688709
679739744
679840484
679995777
680204630
680316061
680359119
680492205
680504468
680559036
680641679
680898022
680977186
681005480
681295913
681336606
681402565
681512937
681655280
681656244
681665915
682158168
682164345
682233736
682294449
682439357
682441309
682642266
682785723
682934652
682980833
682996623
683275360
683283137
683397984
683399792
683602722
683759248
683842185
683857181
683963754
684274962
684509334
684586494
684802572
684879495
684938983
684942525
684977112
685215128
685216355
685236884
685270941
685346599
685347283
685369821
685393295
685410634
685563833
685585817
685587822
685606961
685710295
685784772
685813435
685862814
686050681
686119947
686350402
686441205
686590380
686591328
686800191
686901998
686909667
687054582
687096845
687160578
687240011
687338154
687516866
687662458
687739562
687843861
688414032
688415843
688510003
688541337
688660720
688669427
688708254
688871383
689300447
689337326
689470966
689700025
689789936
690007978
690107579
690373340
690636280
690638435
690705654
690982510
691212849
691242128
691337084
691356593
691387015
691431506
691780599
691785056
691890264
691971865
692207769
692296245
692330171
692428284
692498326
692519840
692562295
692751671
692898942
692957584
693172326
693239877
693319614
693352991
693380469
693484801
693571479
693637625
693690554
693800805
693993575
694041393
694056460
694071529
694096481
694544509
694592446
694681684
694712803
694750232
694800861
694825152
694839014
694886240
695082944
695119577
695208252
695226374
695287275
695311270
695455940
695541950
695560233
695731838
695748683
695772697
695858774
695981114
696058343
696076456
696201920
696582729
696626755
696692137
696795605
696806209
696877587
696932275
697041789
697201137
697326652
697365117
697474849
697498913
697567705
697584221
697599350
697666085
697675418
697886402
698048386
698151296
698587751
698640217
698837566
699180459
699454790
699485433
699556824
699800094
699878674
699916973
699936714
700062733
700339907
700482970
700503097
700503814
700728816
700742026
700830165
700891144
700965012
701022809
701187014
701267487
701585373
701758403
702037946
702365780
702404545
702423776
702439004
702472719
702472957
702512174
702527433
702550060
702583782
702670819
702714443
702993046
702996879
703154716
703180460
703273345
703292651
703610380
703889771
703895356
703918644
703977702
704072421
704118259
704245375
704316089
704638711
704649851
704650580
704795748
704825416
704848388
705069123
705103391
705225010
705389114
705431699
705450791
705542542
705687538
706032477
706132235
706195155
706226974
706227925
706244913
706527322
706661778
706854961
707010989
707098882
707099072
707198581
707218712
707280251
707280902
707551036
707910625
707912781
707916999
708142102
708332978
708348920
708432987
708561087
708683805
708828282
708954886
708957374
709152467
709229646
709269023
709328288
709441621
709562899
709667956
709799135
709895463
709902496
709913526
710210484
710350434
710451787
710676016
710688531
710710207
710732594
710792947
710836302
710911445
710988991
711117500
711209280
711642368
711648969
711698454
711828535
712122837
712319015
712355735
712383372
712443509
712548235
712553945
712719592
712761025
712903455
712916180
712943519
712998784
713137318
713168664
713367076
713495752
713502201
713532265
713565511
713639640
713650933
713710377
713767778
713837451
713953508
713955650
713974161
713989477
714058391
714066336
714124922
714130895
714185285
714213957
714311699
714403907
714532855
714762807
714837915
714859469
714904860
714947457
715193626
715526792
715576371
715771116
715784737
715887120
716068439
716239121
716384271
716703758
716744518
716745864
716747877
716819707
716907145
717070162
717192203
717237647
717282149
717325198
717341147
717348486
717486858
717538430
717560018
717625575
717636165
717775630
717793853
717877754
717990684
718216535
718386227
718414487
718448586
718505745
718537692
718674278
718866931
718994233
719031091
719315775
719325837
719475038
719532727
719560433
719618997
719704481
719782376
719795506
719842829
720075412
720163571
720327726
720347026
720828849
720845383
720948936
721080563
721184537
721353427
721422835
721931226
721934889
722061155
722106621
722209854
722252896
722651976
722654639
722947258
723349565
723397948
723429567
723737797
723826720
724061912
724169266
724173123
724217881
724274070
724307536
724352669
724448353
724466971
724513663
724528216
724543220
724629512
724640676
724645925
724698384
725070743
725430614
725492821
725549454
725562756
725565406
725818796
725915538
725949333
726047741
726095283
726204425
726470149
726484290
726574467
726700398
726701644
726836863
727101958
727120978
727143267
727165447
727202336
727224451
727243908
727405896
727476668
727552443
727570606
727597202
727606557
727728255
728090535
728112573
728122246
728163708
728414919
728425012
728463482
728848952
728908036
728994408
729029645
729055137
729089768
729124341
729255255
729446717
729457783
729633802
729658318
729695124
729716064
729892151
730123504
730127891
730170830
730230610
730540855
730594898
730605974
730658239
730682577
730740157
730876282
731152516
732031372
732296066
732361786
732431528
732577500
732639139
732665476
732678408
732688662
732713278
732779571
732823627
732847089
732899292
733122610
733272255
733287025
733340314
733341123
733558585
733580435
733967632
733968824
734047221
734090390
734301889
734408595
734651247
734802857
734808151
734885937
735077735
735174540
735304777
735557087
735697156
735856875
735892988
735971305
736023572
736090683
736184466
736232094
736278460
736528491
736814196
736826109
737065853
737229036
737281906
737403888
737461110
737577266
737583244
737705005
737780140
737848787
737973085
737974124
738053887
738134099
738250741
738307766
738504729
738575141
738623382
738644990
738699330
738784224
738817369
738837746
738916872
739148189
739460463
739560374
739691506
739733954
739784896
739883756
739932232
739994471
740185718
740413650
740563555
740599093
740700883
740877133
740878296
740901457
740945186
741300937
741451480
741481142
741879565
741898732
741994407
742040141
742153055
742235527
742302359
742316749
742429886
742432590
742476410
742666819
742725286
742780183
742952053
743058705
743083981
743158845
743206319
743289414
743353952
743379859
743399895
743432444
743641615
743658090
743684375
743982369
744172146
744371305
744620452
744655417
745033567
745205200
745523396
745594220
745901389
745943404
746167986
746278779
746366286
746366927
746382163
746408606
746785825
746832143
746857516
747093397
747106877
747117884
747197357
747215532
747227569
747255698
747285012
747370285
747374503
747454858
747489657
747494653
747543437
747551384
747555202
747635893
747722661
748053255
748153802
748176380
748498884
748531871
748608979
748616581
748663890
748857118
749523510
749621920
749653188
749696373
749853796
750070876
750149756
750464022
750508902
750708872
750901126
750959203
751047534
751063557
751075372
751139821
751305540
751313804
751507814
751511283
751580252
751596514
751821910
751909060
751925117
751981262
752058179
752076230
752106485
752155034
752269793
752354877
752413834
752427474
752527598
752732222
752935340
752979122
753087098
753111719
753153969
753215782
753239844
753373767
753386244
753562330
753581854
753596906
753732704
753772907
753803440
753892204
754032658
754050443
754472579
754508900
754509169
754576738
754586443
754599643
754607087
755013316
755351197
755374953
755427764
755506666
755636529
755841018
756163733
756167345
756319442
756322997
756461449
756558170
756675333
756882175
756883215
756970590
757033349
757139718
757364832
757525612
757552893
757656269
757661825
757835830
757938076
758029823
758063521
758132100
758192417
758192629
758251702
758276158
758615089
758643187
758819600
759306490
759383327
759515856
759653293
759919014
760002764
760155294
760222621
760261708
760267135
760302062
760372605
760469213
760486807
760637392
760649719
760746831
760839148
760906488
760964057
761037907
761065726
761093977
761144711
761173110
761211977
761286455
761297542
761342324
761359204
761542582
761752860
761920256
762186497
762249810
762270675
762319105
762381485
762639900
762706631
762811755
762838695
762882837
763152320
763153697
763167093
763225437
763268332
763455241
763750628
763871269
763880046
764016282
764087519
764185877
764198647
764345395
764519896
764528405
764700925
764912135
765249326
765345183
765426171
765505762
765715245
765722286
765730471
765772918
766078636
766221715
766253146
766517361
766588341
766737791
766746677
766780725
767050442
767219280
767404402
767566008
767618514
768069401
768168634
768195732
768210939
768347061
768523258
768615763
768752740
768989106
769073096
769078614
769091433
769124909
769184702
769243467
769293895
769486985
769681368
769692784
769858987
770070762
770350196
770382916
770468751
770558148
770686692
770907005
770924157
770958736
771089691
771195953
771218320
771304679
771369757
771427740
771453597
771667196
771712216
771766538
771771124
771826476
771916309
771918282
772001706
772010753
772199634
772579645
772661892
772685794
772886980
772896945
772977860
773400761
773412556
773533974
773587456
773610239
773711145
773789506
773816867
773894498
774020193
774181482
774311552
774315900
774348076
774566850
774574333
774604456
774856646
774871951
774944018
775418501
775522860
775532137
775609307
775646091
775649761
775717664
775878732
775907875
776225407
776258189
776262127
776347834
776452688
776484527
776523490
776777549
776780028
776784326
776897190
776971645
777020579
777669441
777768689
777835052
777881680
777919162
777978195
778087871
778132145
778234859
778269706
778275639
778460493
778559273
778735145
778756370
778893560
779055312
779076016
779206811
779389508
779608500
779628682
779670536
779673289
779761149
779794842
780016503
780051371
780273480
780392982
780454974
780547662
780572350
780590376
780710924
780750078
780871504
780880054
780884890
780894193
780932391
781120552
781123766
781225891
781291595
781385660
781390351
781392602
781563368
781593473
781677161
781749017
781778270
781791531
782034437
782195490
782205527
782218502
782332397
782405098
782422030
782451358
782470231
782474059
782531968
782556752
782577183
782642091
782647424
782729157
782775782
782982211
783003562
783080243
783124415
783169125
783173160
783208184
783303905
783469781
783526444
783590456
783779878
783880951
784044391
784098539
784305727
784461203
784482354
784582048
784615271
784741458
784754527
784761979
785061812
785087759
785136257
785172990
785206018
785250022
785309267
785363460
785424439
785538575
785674186
785698647
785727677
785767108
785782890
785836899
785855335
785855698
785876051
786290444
786312076
786506408
786590208
786824824
786956169
786996385
787439563
787490497
787597468
787729938
787783091
787794281
787977002
788009603
788265444
788270479
788411755
788734615
788775065
788796269
788856411
789297027
789306599
789335879
789387364
789390893
789572519
789582028
789584949
789854199
789928069
789936149
789938683
790048975
790057044
790123892
790144209
790180446
790194471
790376669
790550720
790641989
790685769
790726642
790915271
790931125
790991132
791142655
791187467
791450957
791496340
791709087
791721664
791844564
791886282
792011685
792027593
792439891
792565837
792613719
792623179
792662091
792752668
792771985
792819578
792970082
793131976
793163705
793195293
793291618
793299038
793390243
793490941
793497938
793689750
793715264
793750902
793768299
793881834
793901189
793962578
794009017
794030164
794059048
794287336
794304488
794410236
794452904
794514449
794870638
794918422
794946414
794987581
795050785
795122426
795196169
795262425
795264054
795539912
795590167
795667486
795753959
795918007
795964397
796000435
796072536
796155575
796408646
796490211
796736495
796906862
796917338
797013063
797171386
797331879
797516969
797730515
798378624
798386831
798602610
798908637
798941807
798973073
799078718
799111083
799200610
799226886
799564862
799592383
799631102
799688626
799697604
799732483
799735574
799758283
799849031
799889299
800015503
800016746
800019410
800044959
800085790
800176246
800242910
800340437
800391506
800588516
800593480
801080439
801155314
801160234
801225264
801317641
801347469
801350721
801401717
801571109
801983350
802027772
802074344
802186461
802205511
802229050
802246698
802343030
802384229
802414845
802429942
802453104
802456230
802596539
802715272
802848275
802920166
803120640
803136704
803243818
803568191
803617960
803876808
804186204
804232473
804335701
804336457
804554860
804576623
804609712
804695401
804988442
805047564
805442825
805518485
805688647
805999759
806152690
806275839
806276843
806402561
806842587
806916980
806975088
806990656
806992868
806996245
806998723
807113645
807205253
807214351
807478756
807532477
807742796
807829630
807849980
807857553
807872018
807992508
808159297
808354300
808460428
808710801
808920947
808921646
809045820
809160272
809359514
809379826
809591347
809594203
809847018
809932606
809946341
810047406
810067319
810128006
810324539
810589131
810708468
810993526
811004000
811070922
811196649
811327582
811392000
811742338
811971484
812014047
812096808
812149014
812162737
812267951
812300348
812312765
812333167
812350378
812506287
812589016
812595659
812603115
812740952
812765012
812911775
812923189
812983885
813010037
813069176
813176626
813226279
813300319
813359175
813364812
813408358
813509979
813615323
813696179
813754897
813774250
813775271
813881180
813901975
813960184
813960340
814080338
814277803
814427767
814628242
814629313
815004032
815068092
815116047
815191934
815396284
815589974
815654122
815672103
815825871
815829572
815920353
815988638
816200514
816212001
816381605
816448462
816460919
816672932
816691304
816735399
816787366
816848788
816923490
817010625
817410405
817453064
817612716
817753722
817826845
817889246
818239363
818251415
818367641
818403933
818550178
818573096
818650060
818703697
818737337
818826579
818892287
818951095
819052415
819097311
819194218
819271683
819278157
819407525
819440215
819468058
819739071
819786814
819840313
820071741
820161177
820230068
820291506
820297323
820520273
820626998
820737535
820750734
820866771
820873025
821157386
821190421
821355071
821630988
821663204
821757905
821811719
821837813
821935562
821940961
822041224
822137904
822153182
822289730
822371091
822612360
822661325
822670375
822700200
822766142
822769142
822777641
822904755
823019275
823117566
823434453
823533971
823629330
823659768
823877649
824103149
824125511
824290306
824310014
824453298
824530834
824537901
824551065
824601081
824675673
824697466
824891462
824894653
824958593
825064821
825074510
825333162
825588120
825871529
825884971
825895757
826031634
826089494
826096618
826236306
826472971
826510328
826584797
826654601
826661616
826849294
827060554
827079221
827117381
827161349
827206181
827232978
827306900
827342017
827382210
827485965
827497899
827505970
827514490
827618727
827651454
827800799
827835140
827854459
827884407
828132284
828141312
828212703
828391328
828483199
828531386
828561589
828568167
828618220
828650000
828785367
828915804
829039684
829111199
829187637
829386395
829631314
829796802
829840564
830195082
830250509
830251231
830620988
830662938
830724627
830898761
830980574
831046825
831112170
831138055
831170449
831197365
831451877
831696400
831705879
831780416
831911819
831937778
832244034
832294562
832380432
832416924
832582250
832782857
832929434
833009714
833097112
833100606
833384272
833484602
833649949
833660500
833964424
834117669
834168592
834203687
834216927
834315135
834350554
834360656
834432129
834543092
834606075
834611670
834802153
834843244
835118069
835343120
835533079
835687016
835830046
835889628
835992797
836026064
836075473
836194243
836226654
836471092
836566712
836582740
836623175
836680733
836745779
836809301
836939823
837071059
837257297
837274249
837509799
837780991
838039018
838218502
838549214
838585131
838668859
838776857
838791071
838850175
838890180
839023624
839085604
839118781
839335824
839485228
839524710
839529762
839571413
839617781
839638848
839751078
839881866
839934707
840043957
840124955
840133984
840163647
840484234
840502485
840546707
840570923
840672620
840708518
841137710
841258227
841324719
841569920
841576563
841611648
841948728
842018660
842088154
842094901
842224548
842393475
842418554
842436588
842667564
842752923
842754765
842791194
842850411
842967996
843018713
843038786
843183919
843193894
843288277
843333113
843407838
843513121
843554740
843580968
843804724
843817717
843835276
843953927
843964534
843967132
844037959
844055400
844106844
844202118
844442957
844520467
844528462
844560137
844940551
845047260
845210798
845270381
845284771
845339799
845405493
845577428
845649668
845673843
846061767
846066001
846082867
846560692
846818715
847015205
847070894
847081190
847171253
847291375
847297232
847365884
847431883
847552251
847607025
847712257
847799938
847849703
848278872
848324630
848333500
848507437
848638026
848813380
848835399
848901030
849059042
849190363
849193629
849212596
849231419
849346922
849358864
849419134
849803788
849897055
849933334
850059694
850309423
850591435
850641579
850672119
850718347
850813565
850839904
850919121
850924573
850977136
851015646
851104365
851143895
851216627
851339145
851459610
851612681
851674905
851902568
852016624
852138365
852307375
852457932
852494294
852707669
852843205
853263983
853288946
853322729
853351855
853536603
853559549
853569766
853751522
853838056
853989993
854411349
854509357
854539934
854571421
854670424
854854263
855337634
855425649
855639460
855641361
855687721
855725197
855931670
855968883
856007338
856095481
856197800
856313736
856319058
856384983
856458749
856611369
856667722
856930790
856964174
857005839
857053648
857079522
857106791
857423296
857433681
857660733
857683680
857756946
857798296
857863051
857940443
857994225
858037687
858158817
858197177
858206920
858218818
858227367
858275616
858359365
858492472
858526732
858644344
858684069
858793290
858852535
858861433
858994047
859091499
859423487
859601810
859652745
859981089
859981533
860239253
860356564
860580579
860584837
860616065
860668297
860683385
860820248
860846928
860853971
860890614
861024067
861048628
861158085
861183208
861228506
861342089
861357031
861399622
861449528
861519623
861534170
861547728
861571593
861665826
861699154
861757152
861773524
861954510
861968243
862196297
862246695
862283341
862418615
862551057
862624987
862659106
862973623
863132193
863179972
863185224
863556266
863916242
863917355
864002165
864091009
864115112
864229144
864243670
864405384
864475318
864546747
864601225
864715667
864727514
864803175
865006653
865044308
865067963
865472335
865481240
865495794
865551391
865725508
865777735
865896679
865915364
865918402
865930655
866242936
866418942
866434298
866461826
866552509
866689777
866742514
867051854
867205458
867334963
867350094
867383489
867495388
867843796
868020766
868046489
868106173
868187054
868246361
868248949
868261301
868326827
868576331
868580577
868671821
868691298
868761381
868788100
868827036
868847479
868868553
868880565
868944557
868995674
869038741
869093672
869125806
869163959
869288243
869457538
869513210
869606453
869636349
869810833
869842877
870003310
870095846
870217929
870394030
870554224
870581573
870753469
870809188
871056185
871068741
871096723
871160713
871210092
871219201
871316229
871402383
871560828
871648767
871765987
871801268
871801321
871809035
872039338
872082022
872345153
872454807
872684747
872951530
872981430
872994532
873058686
873291917
873311410
873335587
873457367
873458694
873495079
873547154
873577279
873625829
873675490
873724423
873783113
873930277
873930529
873935621
874035613
874295454
874363895
874450849
874466924
874510075
874704314
874726357
874786603
874928104
874934077
875054809
875279738
875319014
875329582
875342809
875411646
875488431
875512060
875549822
875575342
875648170
875720126
875800454
876042449
876142579
876308409
876320630
876326926
876513453
876534281
876566237
876583754
876628126
876708564
876833318
876850929
876910418
876955180
877007267
877021520
877135854
877210492
877230316
877249323
877258497
877367455
877511814
877585004
877694063
877893464
879035772
879081027
879128505
879260415
879283351
879462600
879492594
879505426
879679381
880038001
880054706
880145075
880373042
880653351
880910287
881010011
881173384
881180541
881245732
881251260
881475982
881557644
881637588
882192084
882281053
882462424
882487591
882692009
882805460
882883410
883017536
883322340
883396787
883447000
883674899
883686634
883849017
883869337
883991490
884091048
884348374
884392191
884431218
884468407
884507814
884727716
885021239
885102303
885246519
885335084
885377132
885390223
885625074
885990195
886153513
886297380
886511731
886527183
886687694
886731101
886801283
886807812
886997565
887059419
887130962
887234567
887358819
887366684
887551540
887681745
887682290
887684098
887690847
887763464
887965528
888079764
888107135
888126753
888202401
888206526
888217756
888326844
888447924
888656698
888670689
888791915
888911106
888947136
889028081
889037984
889178931
889197087
889347139
889350686
889364338
889377071
889408283
889543150
889696154
889828443
889850403
890071228
890260799
890274511
890327318
890354518
890487582
890505682
890823891
890857889
891185589
891367167
891458836
891465526
891582790
891801335
891832027
891855646
892132045
892197575
892521385
892521819
892529966
892576489
892622776
892732480
892765884
892775837
892937545
893465362
893517487
893708633
893848030
894034292
894245001
894247967
894249992
894362988
894435474
894469987
894615371
894617165
894646777
894739239
894772399
894918536
895076750
895081354
895139488
895172585
895235086
895297581
895300422
895369119
895427538
895571022
895824829
895880917
895884423
896013069
896082522
896190290
896214760
896239961
896259851
896308774
896331259
896436376
896484294
896487400
896501794
896558981
896794620
896872247
896911924
896968640
896996128
897154995
897274243
897429376
897607813
897714839
897776423
897778447
897847014
897917450
898012847
898621540
898981669
899057118
899097396
899206502
899294934
899500934
899564959
899839649
899840281
899952042
899952278
899982012
899984767
899998621
900016513
900032894
900043989
900628370
900654120
900767046
900934781
900980054
901170003
901336975
901428915
901599164
901730244
901740049
901885748
902037783
902351146
902411948
902506107
902917156
903005511
903007987
903173961
903262001
903295061
903378417
903380033
903389068
903402197
903531118
903550153
903603212
903745584
903914007
904103859
904130138
904255404
904378807
904399246
904411135
904476730
904501436
904545876
904734143
905055376
905056574
905117733
905862231
905947879
905991990
906202515
906228516
906273889
906295460
906357254
906488192
906509483
906586350
906696091
907013703
907048761
907078703
907171175
907224208
907371536
907382446
907399926
907433223
907535865
907537500
907564869
907686287
907692207
907702180
907712333
907765520
907767337
907883014
907941744
908408911
908516698
908609595
908731833
908742122
908892216
909065321
909399809
909413988
909460371
909481266
909564861
909631331
909895776
909948074
910027998
910136349
910414704
910432711
910696296
910765930
911049471
911092643
911122348
911172699
911229893
911467297
911488748
911492841
911591161
911635348
911781268
911810977
911926957
912012783
912020581
912091854
912102325
912163597
912181608
912499897
912567782
912716747
912759435
912850294
912893632
912946146
913437191
913633609
914213682
914303367
914469123
914492170
914596795
914691757
914797574
914843766
915060357
915287731
915394459
915473464
915514812
915544491
915582444
915711838
915738302
915914234
916123693
916163540
916204378
916367104
916438794
916787463
917016676
917071355
917236053
917527366
917804842
917904512
918050586
918080539
918091499
918161574
918239927
918276331
918288494
918333609
918436017
918527180
918617699
918680555
918818649
919056613
919120628
919196478
919465372
919556929
919596322
919604491
919877973
920188008
920220461
920383810
920426243
920451248
920451867
920537465
921053263
921113931
921156837
921184811
921347627
921394223
921794406
921796014
921816665
921824001
921906574
922180258
922248627
922260775
922261759
922268828
922390733
922444909
922577134
922616203
922654975
922749138
922772860
922885068
923039961
923147537
923267052
923286591
923318056
923342532
923425775
923451712
923451752
923507858
923524020
923576626
923667281
923848253
924157645
924191103
924454341
924463816
924508297
924605201
924670989
924731424
924771513
924774038
924779565
924850003
924912544
924952775
925061476
925227700
925416596
925494718
925711024
925790359
925832186
925840960
925882705
925888030
926078765
926218582
926262915
926303176
926387122
926387154
926457478
926509980
926573905
926679231
926927300
926979082
927045233
927100143
927171834
927252633
927377064
927420127
927610451
927696419
927729509
927750792
927842463
928004422
928048420
928105097
928139396
928343421
928496295
928602364
928925423
928988317
929046487
929188523
929406626
929503256
929550282
929620163
930093593
930102478
930117501
930121680
930414972
930426756
930531952
930661123
930729542
930841299
930967317
931093777
931354758
931386420
931467644
931536217
931552535
931885770
931957017
931987333
932039028
932277068
932766606
932805831
932942071
933247436
933336761
933454902
933487886
933602547
933634320
933905998
933910898
933942325
933970247
934096226
934305827
934314010
934384139
934461318
934906785
934973466
935041173
935048151
935156456
935427103
935740221
935823132
935853167
935881878
935888550
935937023
935959912
935960194
936265914
936370769
936541644
936736291
936918132
937054625
937096377
937167801
937188106
937231329
937242911
937253740
937311630
937319248
937343431
937475793
937559407
937802570
937934727
937955306
938071134
938194558
938379641
938420678
938464273
938504769
938607765
938656568
938853163
938860500
938886645
939044256
939064066
939122622
939181742
939182417
939320929
939435760
939464098
939992018
939992234
940125258
940355621
940407990
940539379
940635122
940699151
940776674
940896028
941022779
941046520
941055354
941177474
941264599
941353144
941365561
941369089
941399322
941446423
941457416
941484591
941604059
941650076
941717375
941732122
941772042
941838260
941896423
941933992
942133007
942134418
942144999
942158429
942231610
942279031
942325064
942395688
942524437
942606121
942608255
942634967
942752844
942836708
942972041
943050664
943085606
943123972
943209621
943263641
943404908
943452047
943626918
943663816
943862401
943936741
944002058
944034667
944089000
944206291
944426330
944473039
944579158
944839371
945021980
945035927
945120132
945269038
945549485
945622399
945705580
945765020
945888515
945980181
946289023
946407066
946529429
946540716
946577151
946626360
946697409
946732498
946780863
946840333
946884858
946942734
947046555
947078891
947136568
947387475
947567027
947686984
947964478
947982626
948099633
948104737
948138083
948191799
948302297
948356262
948414260
948599450
948656511
948848820
949058348
949159348
949179136
949351921
949352658
949811108
949851201
949919630
950084496
950198057
950234318
950302182
950466256
950589086
950632711
950769104
950852735
950853854
950886808
950904225
951316700
951467521
951638515
951800178
952285464
952332224
952432300
952462634
952527332
952557313
952672208
952812124
952883061
953007038
953734171
953862411
953887422
953905810
954022922
954265820
954294158
954444040
954602747
954678545
954697323
954796739
954928574
954960533
955003362
955108543
955124782
955218067
955234199
955282567
955290993
955349202
955493234
955499786
955723189
955729034
955770345
955871966
955900657
956014503
956059360
956084393
956128798
956317992
956403174
956409690
956796646
957168345
957202255
957296417
957454388
957544781
957666428
957863102
957920397
957948702
958062752
958228228
958250888
958394392
958517196
958537684
958552593
958571124
958581054
958648426
958694144
958880121
959167834
959327835
959333477
959632655
959977479
959977584
960063933
960176154
960259375
960349184
960580191
960613895
960640372
960662970
960851637
960854113
960945606
961130601
961153066
961247658
961249639
961524633
961702825
961802364
961855993
961919092
962107848
962132693
962161278
962454550
962502431
962523481
962744676
962793514
962874610
963065748
963073684
963289577
963487666
963538637
963683482
963827224
963930521
964015117
964076611
964125149
964141038
964144816
964149576
964604519
964632970
964823062
965021986
965035607
965106394
965258352
965260187
965369334
965493074
965501296
965527220
965581416
965636209
965640207
965693491
965759139
965785837
965986184
966019551
966446375
966570890
966638340
966687385
966731820
967034057
967191355
967349882
967420950
967523333
967584685
967613325
967906252
967979332
968011570
968415644
968505870
968583440
968658997
968659984
968817159
968830161
968856425
968905829
968938162
969137139
969284475
969351047
969779164
969795945
969929529
970023772
970096772
970262796
970277401
970327336
970369839
970817866
970832648
970855360
970897740
971021377
971167997
971200077
971321107
971342281
971482484
971526253
971848804
971876222
972081683
972168315
972509992
972590924
972618181
972641204
972667166
972695458
972773743
972782269
972957877
973062792
973149214
973237108
973238415
973293999
973314309
973337776
973384720
973472868
973478257
973570263
973579296
973591021
973597136
973674034
973806346
973815085
973841775
973955011
973981355
974019067
974175396
974418152
974470087
974500700
974521325
974695752
974918640
975109946
975252387
975474421
975506140
975692789
975767269
975798260
975856613
975937237
975949278
976205174
976236450
976277206
976405229
976477887
976613517
976810732
977233995
977298409
977443096
977544245
977720301
978174884
978202809
978447622
978489555
978525054
978542866
978557642
978615228
978615913
978649087
978676266
978839709
978994321
979088377
979207678
979271642
979626132
979632320
979819163
979839280
979851696
980186001
980284871
980655906
980988900
981005360
981040561
981196808
981323396
981416356
981588736
981760310
981773340
981908033
981960979
981998623
982006146
982409876
982439051
982475614
982490585
982610748
982700195
982868839
983247822
983354351
983429036
983430817
983540135
983566852
983596388
983642552
983785163
983833574
983878370
984168134
984248705
984285977
984305405
984367703
984389454
984466981
984469199
984589380
984717902
984720396
984729909
984740975
984907556
985029764
985139221
985139827
985195151
985258269
985276284
985282270
985552423
985888848
985905707
985909939
985917989
985954876
986206321
986358321
986794285
986849303
986898446
986910566
986920980
986965611
986984158
987007692
987033987
987120003
987336687
987343517
987354614
987389119
987626934
987744809
987901502
988154482
988192767
988240157
988371648
988580084
988613564
988672667
988734968
988790706
988944852
989123906
989236613
989585494
989779427
990053542
990210169
990366404
990445046
990474627
990477826
990632759
990783077
990869863
990883646
990961050
991095361
991152058
991306587
991325320
991412823
991513605
991566504
991588736
991601913
991701328
991941623
991991168
992200205
992288807
992330201
992377715
992653904
992746205
992754839
992898624
992966932
993077921
993080386
993275566
993370215
993414112
993512289
993514608
993571256
993577305
993594402
993613759
993661182
993725362
993751640
993807800
994019337
994047720
994194709
994430064
994567796
994571695
994871787
994890883
994895279
994975356
995217165
995451677
995629307
995677777
995725957
995805996
995889368
996094704
996307550
996406029
996471079
996644063
996645222
996758621
996888291
996904956
996909820
996939298
996991054
997104987
997112584
997540555
997711916
997788598
997821532
997871174
997925344
998012573
998084417
998261218
998333268
998338239
998382950
998392473
998444370
998505718
998589083
998641638
998655230
998793853
999027950
999126148
999170043
999181910
999642965
999668161
999682979
999844696
999889361
999952858
999987650
