218192
230111
237249
578175
619822
631312
716929
803999
833857
916910
1161739
1332764
1454052
1625870
1701620
1703305
1732904
1903429
1978260
1978269
2001433
2040093
2115798
2132805
2303281
2411958
2576598
2584398
2591398
2778661
2788051
2918861
3023975
3086933
3093596
3144692
3171107
3234068
3472013
3781726
3797055
3880494
3916031
3941659
4016681
4032121
4114625
4263142
4266540
4294640
4579422
4648289
4655401
4681660
4858210
5218717
5378306
5415035
5579608
5629733
5691637
5705582
5762061
5866719
5968371
6051188
6105112
6150967
6238219
6332007
6472180
6571262
6708192
6727739
6780693
6812618
6813386
6989253
7039373
7064626
7117951
7367212
7389386
7647101
7754757
7772653
7912920
7986585
8063099
8197593
8286942
8350887
8353175
8438752
8454127
8504709
8541207
8619185
8747941
8971672
8982955
9100412
9185033
9206538
9248449
9255095
9286716
9579323
9586652
9825839
9932334
9944017
10014507
10037643
10099820
10199220
10383300
10531300
10595395
10801238
10822395
10975443
11101757
11123504
11124947
11152443
11164894
11400802
11441686
11512032
11594611
11859069
12108004
12170329
12180452
12213414
12297800
12684951
12842580
12917699
12978086
13004493
13054973
13278891
13322279
13334260
13358943
13456470
13514617
13518474
13543914
13575494
13661388
13677527
13706366
13859899
13937454
13994699
14006876
14149227
14231280
14256462
14278848
14675970
14863755
14974292
15054619
15260449
15512584
15523997
15559000
15588557
15590063
15912403
16154280
16160686
16438761
16499090
16538302
16807737
16928879
16929609
17078329
17123200
17281735
17580581
17776344
17810012
17866287
18068336
18077444
18116526
18119799
18241667
18447805
18697289
18737589
18913013
18925300
19033036
19048385
19086723
19125646
19247517
19424756
19430323
19564758
19753549
19980147
20077413
20441264
20674186
20769600
20867556
21044329
21202219
21208365
21230725
21410209
21424629
21471727
21486456
21536189
21607482
21697201
21745833
21840912
21910854
21982869
22015986
22033103
22143409
22156266
22198338
22349830
22513699
22575725
22902947
22943895
22955710
23019900
23133726
23302229
23358149
23422358
23472084
23624986
23652893
23715071
23760942
23765294
24061250
24303665
24374328
24509039
24521439
24628710
24634419
24743234
25012511
25159527
25165097
25184290
25212602
25252296
25443438
25530520
25722636
25731288
25797750
25877971
25977141
25981369
26036834
26150071
26154556
26182475
26187909
26317233
26420817
26447191
26515783
26529463
26606975
26742800
26837650
26991013
27139255
27182396
27284895
27324162
27365360
27384940
27447156
27667916
27688944
27764535
27921355
27965859
27975127
28117980
28238831
28347170
28421354
28631854
28649864
28831021
28945756
28998939
29151455
29176487
29402190
29570082
29606099
29610476
29684304
29765664
29857143
29969920
30039359
30430532
30610069
30654029
30950267
30988069
31065495
31611746
31680019
31716366
31919178
31948007
32009434
32242557
32272332
32494524
32610470
32673770
33172682
33303263
33366070
33384500
33399249
33445651
33515333
33561896
33586552
33661525
33683827
33740231
33794862
33975524
34001883
34095448
34116342
34202067
34265756
34294300
34335003
34346500
34631873
34982749
35015190
35027743
35275978
35344926
35395036
35533066
35731784
35740171
35748110
35822690
35884703
36004979
36074185
36101515
36490587
36496986
36597065
36805833
36839848
37187977
37446537
37477690
37543379
37564086
37644955
37865511
37950599
38004700
38073909
38152623
38282568
38316135
38320266
38534188
38604664
38685008
38724177
38884492
38918782
39153853
39185853
39193169
39269885
39315788
39376356
39388674
39456938
39684109
39851075
39965664
40086979
40214765
40292626
40440163
40640137
40678125
41020709
41033218
41130285
41187848
41227154
41272664
41316501
41443519
41570418
41742331
41795665
41938296
42298406
42298500
42687681
42770497
42986272
43022934
43061477
43123203
43252694
43853216
43865476
43923292
44025866
44103070
44463860
44464718
44503477
44608890
44735686
44765084
44793147
44854951
44958976
44978071
45057240
45099540
45335638
45400171
45415331
45498339
45564216
45880811
46007676
46012358
46080816
46214319
46258636
46289509
46396459
46505260
46552775
46906019
47028323
47081036
47119340
47159680
47217243
47402453
47429068
47467886
47606504
47625463
47665921
47804018
47817776
48079683
48161739
48201080
48222718
48236840
48251797
48308837
48405658
48468377
48602730
48694644
48876415
48942331
49173598
49215807
49295459
49328619
49336529
49448817
49614997
49678554
49738819
49758052
49852120
50056845
50062478
50136050
50224571
50330009
50344613
50417997
50565915
50799073
50874962
50942875
51081459
51197152
51287281
51503942
51534822
51709852
51931125
51960960
52247192
52329493
52400419
52524703
52680166
52810746
52935801
52977431
53046503
53389522
53399872
53483499
53502870
53683703
53757964
53810240
53998437
54128009
54198367
54564172
54607054
54661942
54692322
54781147
55141518
55281899
55327433
55331893
55333064
55473012
55489822
55522719
55595752
55641002
55648299
55727449
55741024
55932639
56065098
56083074
56472797
56481814
56749470
56779020
56991574
57076344
57268812
57289398
57326081
57368067
57380635
57510420
57561152
57637758
57949964
58040173
58080612
58173488
58179764
58594196
58621209
58657893
58880998
58917994
59525308
59586394
59607425
59638509
59649432
59843666
59967218
60004745
60186403
60210363
60358935
60373864
60385043
60503942
60561972
60629652
60671723
60677548
60677551
60773906
61010106
61034733
61060715
61212511
61296068
61303812
61376853
61514157
61576941
61677558
61770668
61869615
61928234
61965497
61978783
61981651
62158365
62221545
62294594
62296717
62318853
62349404
62588381
62722802
62765022
62919141
62931112
62966253
63024111
63053999
63092871
63161165
63199233
63229546
63443953
63480627
63494298
63510643
63588504
63597541
63690078
63797884
63838571
63950076
64018944
64079875
64116657
64305757
64313565
64496453
64760654
64861458
64937293
65013538
65037294
65067495
65171315
65214067
65572991
65600001
65682539
65793543
66161523
66171735
66222105
66261980
66275090
66314157
66321449
66425241
66426951
66535792
66798048
66864384
66888845
67035937
67122970
67257254
67268683
67407361
67521326
67571611
67694686
67758048
67945777
68010360
68071743
68292690
68301980
68372974
68391379
68407145
68411889
68413500
68494723
68910704
68945444
69105573
69148440
69308526
69443784
69445419
69489702
69520595
69733356
69972359
70022747
70024180
70122126
70247022
70275297
70284961
70756017
70824505
70968335
71097330
71174182
71253400
71755570
71794264
71936725
71982013
71991864
72066347
72070586
72217563
72236918
72353603
72354708
72368777
72403551
72423697
72485218
72549746
72563881
72805737
72806056
72824696
72997954
73037196
73042405
73161896
73229044
73243044
73347964
73372860
73509430
73509514
73525766
73547714
73566518
73723022
73741219
73803178
73908999
74155811
74159137
74467714
74887390
75019190
75118828
75257101
75394146
75438059
75459777
75514171
75687747
75694015
75752385
75947560
75964091
76517434
76848784
76888210
77048924
77052391
77054953
77101848
77384521
77387303
77404692
77541240
78044129
78063498
78120121
78219120
78241348
78288404
78489222
78492632
78751858
78937723
79051785
79202857
79217351
79430784
79573586
79599837
79618117
79756942
80064016
80099570
80255711
80361907
80438724
80547705
80746614
80883539
80953058
81028815
81184912
81324108
81369449
81573034
81613374
81723509
81819233
81858941
81882877
82138515
82275610
82426923
82685094
82796506
82940742
82953336
83084982
83146596
83185468
83310537
83472083
83490652
83748774
83808118
83862300
83905011
84298871
84338188
84382773
84445411
84453857
84462112
84533951
84755576
84839505
84929693
84946550
85148791
85295594
85301713
85557033
85794208
86019540
86024124
86082864
86095830
86103702
86173135
86217952
86335651
86577981
86716554
86731826
86746375
86946030
87081000
87161270
87168505
87338821
87348476
87472870
87546821
87650413
87653701
88123583
88313008
88318857
88348905
88357753
88483054
88509387
88576105
88597856
88712730
88723938
88767175
88902332
88994480
89070120
89154366
89321208
89359574
89374082
89587522
89611642
89688578
89737503
89911152
89942452
89955372
90040093
90069648
90204620
90267339
90271911
90315889
90325104
90548465
90808540
90809902
90946891
91078340
91158863
91313052
91393175
91632073
91704688
91816672
91883209
91984877
92032591
92079600
92100177
92160204
92312515
92362249
92427090
92477547
92486523
92557300
92570920
92611331
92649945
92681340
92762453
92872580
92978078
93061992
93180619
93674446
93798331
93825805
93875063
93943182
94126907
94186156
94260968
94315564
94435268
94440025
94532174
94633323
94765560
94843882
94848644
95133722
95172033
95422663
95597133
95626689
95664401
95722499
96033334
96404703
96565260
96619765
96633567
96637562
96766403
96820951
96889034
96916826
97041412
97351997
97399349
97589677
97595306
97630543
97657146
97786643
97847086
97935022
98018816
98094925
98133591
98164883
98350222
98424642
98496712
98544128
98563972
98766955
98804410
98808436
98861522
98984112
99044263
99071213
99438233
99579050
99756742
100009685
100171566
100201897
100265674
100273204
100583169
101230239
101394302
101450977
101468060
101566291
101597228
101601464
101608683
101746250
101802709
101866040
101885250
102014289
102447997
102511929
102552827
102721831
102863482
102866400
103008908
103114864
103176892
103191323
103224368
103331113
103341239
103553957
103580094
103765792
103817510
103820228
103832366
103953060
104015544
104050580
104066092
104071449
104088469
104135515
104568514
104818318
104856212
105419373
105449269
105546101
105604676
105728321
105774813
105803944
105920532
105963954
106070730
106146529
106215295
106310341
106367825
106604860
107053967
107077631
107167323
107178123
107218449
107426407
107479139
107528205
107567221
107627790
107631009
107947666
107955374
107967696
108058737
108078667
108269344
108278483
108311687
108370984
108371457
108372663
108405249
108460410
108520355
108626910
108706125
108737284
108802528
108951423
108954332
109122883
109180042
109245838
109377884
109474827
109547525
109550190
109611440
109637520
109675160
109727363
109765695
109772705
109855090
109938159
110259927
110662108
110832028
110886099
110930637
111043236
111087845
111125356
111137131
111205829
111215921
111225348
111251568
111412696
111607635
111941963
112057622
112079559
112106762
112254239
112365756
112713920
113292804
113562783
113676667
113688154
113708509
113736288
113792627
113865810
113876512
113953319
114225645
114561164
114590122
114690092
114774577
114961947
115065000
115110570
115352020
115548063
115610950
115709345
115712401
115857215
115879932
115990202
116002274
116176566
116178895
116201814
116382811
116507603
116531242
116562526
116593419
116639282
116723086
117059231
117231438
117273684
117338892
117350450
117412263
117490204
117517791
117601370
117726471
117811522
117858664
117963435
118060580
118147378
118159173
118268049
118420368
118501166
118628120
118660672
118778257
118790274
118910240
118968907
119031523
119084586
119280826
119289622
119944764
119972405
120092773
120180874
120202858
120415113
120500941
120671462
120755474
120763847
120845960
120932694
121057304
121164801
121184415
121349655
121372323
121486146
121774564
121824803
121849974
121918918
121952426
122026835
122099815
122144962
122181814
122272644
122300536
122321395
122538388
122573733
122635129
123174264
123277552
123284461
123308363
123358873
123421335
123546711
123668736
123745933
123908689
123987860
124023125
124113742
124189277
124375101
124520570
124557477
124574869
124666473
125337969
125445842
125460421
125475091
125785887
125786296
125843464
125851241
125858891
125967985
125990692
126073355
126139245
126341264
126388364
126493688
126528161
126647681
126683733
126819209
126954256
127276773
127502558
127514058
127557221
127594395
127683073
127695382
127934212
127942690
128029819
128305070
128410187
128764001
129088253
129190698
129242561
129372799
129456387
129528895
129680689
129841469
129926291
130077626
130193750
130217594
130377689
130397096
130502673
130657011
130671117
130706450
130713298
130753683
130794085
131005488
131260844
131332207
131464583
131465670
131709330
132130286
132328389
132472971
132651523
132688098
133103363
133395700
133414483
133582348
133626104
133722279
133727543
133924236
133929960
134007880
134061039
134173198
134255383
134453119
134496120
134553836
134725213
134794662
134954493
135028669
135096247
135096458
135130224
135353325
135493259
135724491
135755585
135834222
135908531
135989164
136020929
136695271
136809326
136839244
137086488
137107708
137127557
137167626
137214459
137375210
137572185
137604328
137885924
137984423
137993662
138049194
138316039
138373884
138440877
138678152
138902795
139117359
139348931
139475853
139494010
139612491
139684118
139700749
139832283
139864361
139967931
140022266
140062054
140284044
140301913
140328260
140421861
140424213
140532777
140785051
140920392
141031311
141064285
141263447
141291861
141332835
141394054
141903354
141922541
141929365
141958022
142161803
142424996
142430588
142495664
142638931
142662122
142666275
142736167
142896865
142982500
143078863
143129205
143264497
143417702
143439861
143575912
143946757
144131558
144232306
144276903
144358097
144458913
144676250
144771724
144831711
144978406
145181595
145245859
145359421
145612677
145643273
145939613
146160443
146173697
146243842
146269532
146296861
146564387
146580016
146630333
146721500
146749727
146790549
146825393
147084812
147126918
147153865
147355140
147580768
147722866
147785097
147882058
147893012
147965171
148136899
148471920
148737853
148798349
148948385
149032035
149056988
149058175
149066784
149141132
149313371
149319629
149337052
149357409
149422692
149496685
149500583
149520486
149531501
149662964
149715066
149730818
149836354
149846153
150012494
150300032
150360442
150417972
150535044
150622677
150703937
150916039
150969814
150985295
151106417
151189321
151192481
151376924
151392522
151415772
151517556
151555325
151615584
151631930
151720845
151730081
151802860
151808525
151916556
152049823
152421044
152472694
152496049
152723878
152732420
152736695
152783402
152785648
152957890
153138794
153301448
153475174
153505725
153653706
153674211
153704402
153735759
153736104
153860666
153867155
154167450
154168629
154607804
154661372
154671869
154703222
154972372
155004005
155079600
155129171
155234368
155439352
155572730
155636155
155687710
155886255
155898155
155986474
156116266
156429693
156456417
156472730
156501202
156503828
156547199
156754252
156996291
157012243
157050158
157102223
157113631
157155663
157161646
157235019
157695494
157723963
157751368
157883741
157971447
158044078
158051882
158211454
158434300
158448683
158630381
158746659
159140418
159288977
159604550
159833446
160006205
160021164
160374536
160411158
161197730
161225984
161292796
161295931
161337001
161509188
161553207
161623966
161651057
161671375
161756134
161773760
161812047
161936231
162009653
162119997
162128989
162266245
162313710
162360033
162405545
162447108
162479680
162481388
162493249
162647621
162734653
162791574
162986893
163088348
163258703
163409796
163533508
163691097
163833711
163910455
164122590
164240257
164466181
164588842
164734393
164745404
165163249
165238524
165328300
165328496
165333749
165349856
165389573
165473366
165619704
165622987
165688612
165710394
165834206
166046665
166195519
166242475
166264286
166385819
166393626
166650217
166730749
166906884
167044618
167130862
167147596
167204110
167297277
167351629
167427488
167546488
167561688
167830310
168217975
168238823
168403285
168623290
168626423
168680286
168694351
168762527
168810105
169063564
169139410
169159768
169173220
169197128
169422519
169456368
169584394
169876761
170012272
170069439
170226923
170317354
170391312
170578541
170839351
170955140
171080064
171109054
171112818
171417380
171778207
171794517
171869531
172031583
172211628
172327717
172430603
172508156
172521843
172632624
172724683
172834993
172948535
173061113
173142701
173144496
173214601
173282563
173451086
173574367
173590398
173604533
173708036
173890863
173937050
174296248
174433747
174435008
174508553
174596804
174875593
174875663
174907229
174918646
174967274
175135357
175207308
175360443
175419885
175737079
175748461
175902131
175930059
175957331
176049339
176138658
176239087
176268974
176470299
176653241
176703577
176778547
176780329
176965281
177199384
177231515
177240591
177321116
177386542
177444568
177487504
177631831
177781578
177785483
177887807
177962196
178012410
178242774
178340624
178362271
178566294
178571297
178605252
178607369
178882357
178918159
179073818
179086014
179110449
179546076
179621038
179679739
179840229
179842923
179901991
179916758
179950227
180005286
180076505
180087118
180214296
180394403
180428017
180434132
180469098
180714971
180735652
180945526
181050189
181142224
181232682
181327686
181359792
181382842
181396745
181404366
181670582
181683850
181764177
181791806
181847157
181969834
182195413
182210611
182682318
182690611
182752442
183089780
183171108
183179518
183183224
183205496
183298357
183407620
183543028
183557560
183585243
183814998
184042494
184119075
184152266
184206019
184248807
184338821
184510292
184577508
184623909
184641099
184689590
184876382
184876401
184966946
185052747
185145889
185152151
185155118
185232827
185232917
185289967
185292383
185303012
185546606
185650046
185696034
185874216
185994249
186035153
186055470
186113915
186115524
186332602
186438356
186442300
186479083
186632508
187158955
187262561
187386193
187443043
187737185
187832359
188019560
188182717
188356622
188398449
188447299
188472956
188480824
188609652
188614764
188692151
188738289
188871114
188975376
188986556
189019680
189382272
189484153
189630729
189643334
189676748
189678525
189691037
189700765
189814124
189872899
189980358
189983283
190015621
190016058
190159783
190251284
190494311
190677818
190824951
190832931
190885085
190906784
190908822
190934005
191068560
191307480
191520396
191832220
192081603
192206637
192458181
192490637
192525538
192569762
192578355
192666901
192671568
192719693
192722837
192769944
193009885
193080943
193151149
193187360
193198557
193251359
193287109
193528995
193556641
193864917
194155904
194404702
194465380
194493272
194515083
194656060
194806815
194900968
194983351
194990020
195109785
195127158
195376351
195493915
195519372
195643938
195706723
195770763
195772420
195853032
195855297
196084139
196246272
196514968
196601713
196611091
196652438
196675686
196679027
196856535
196910653
196942782
197006576
197498030
198281299
198336568
198483893
198590465
198663115
198704351
198750513
198761032
198965996
199003611
199158784
199224834
199310437
199349852
199391915
199422384
199443599
199446640
199474243
199532249
199576066
199595325
199788987
199864871
199915845
200076970
200131483
200181161
200255643
200358083
200432245
200440020
200630910
200710722
201019790
201153808
201164064
201204394
201213189
201518395
201604425
201673689
201771340
201916591
202002980
202195416
202482140
202490125
202514667
202528145
202616734
202627477
202773617
202847014
203012908
203037727
203038607
203158972
203462947
203984677
204053343
204058048
204100843
204220312
204226177
204503878
204676707
204707806
204797172
205092899
205142614
205182331
205290823
205296287
205302345
205488799
205672558
205731428
205803337
205915850
206008924
206063059
206138926
206310827
206437326
206537792
206568847
206674915
207195037
207243333
207246115
207274709
207297006
207487754
207516201
207530903
207559666
207940855
207981993
207990673
208000696
208065860
208118891
208350184
208412201
208418845
208459698
208651773
208656733
208703951
208781032
208893173
209091891
209283054
209489693
209496469
209559014
209571803
209614611
209759308
209804019
209902535
209924417
210376683
210446850
210498132
210548954
210579489
210610434
210638502
210722104
210760870
210774430
210925866
211042482
211207026
211473522
211502543
211585122
211591248
211601328
211627166
211633749
211656124
211657536
212068088
212192261
212308029
212423472
212490952
212621401
212641228
212794416
212799461
212919670
212936289
213317094
213349587
213375771
213755654
213794769
213808973
213813919
213946865
214015938
214246428
214316310
214328220
214328335
214363631
214626914
214715736
214938982
215031055
215080456
215115922
215298249
215426245
215457354
215460276
215461949
215465339
215490475
215531288
215564141
216012114
216143847
216157590
216310311
216396996
216437645
216488726
216567638
216649713
216727631
216894789
217103395
217166824
217184785
217213162
217511371
217579124
217742928
217757780
217836834
218188596
218369469
218424465
218428951
218501291
218583006
219144181
219172700
219230064
219378705
219471166
219517595
219519578
219588698
219620061
219631442
219701798
219738432
219826554
219861569
219870285
219916832
219930599
220050913
220170496
220256896
220270791
220276875
220374856
220411178
220423109
220611569
220681619
220741666
220861212
220901799
220961411
221014842
221020904
221276694
221307207
221317697
221596276
221623479
221643578
221764043
221768516
222011937
222133077
222197247
222213924
222941635
223117358
223117911
223181133
223216293
223266354
223285388
223363345
223387377
223391695
223498020
223628029
223664641
223673453
223686020
223938454
224099906
224220887
224374074
224507855
224523685
224534469
224629429
225120649
225304696
225326209
225370998
225515713
225528020
225621299
226084444
226191495
226205728
226397416
226469469
226524959
226630339
226723835
226738385
227454010
227824040
228052925
228155858
228189755
228246226
228256558
228437328
228441790
228531566
228599686
228769469
228965516
229024940
229180409
229285935
229561560
229642087
229666423
229715187
229861004
229992081
230010792
230081760
230168939
230322416
230527847
230559126
230694802
231044066
231057773
231076720
231080947
231123999
231202504
231391534
231405195
231412735
231425325
231535027
231552694
231563383
231614726
231679092
231728202
231816212
231891726
231968583
232019492
232041584
232133187
232268699
232322000
232323844
232397414
232449703
232495958
232496732
232499898
232691522
232711576
232910079
232914476
233067150
233074527
233193725
233236468
233285536
233313281
233568706
233671671
233671888
233894766
233894989
234054057
234373661
234485119
234569577
234782407
234789004
234789757
234812639
234914150
234919114
235131709
235207088
235234289
235536961
235875589
235998534
236055917
236114805
236198532
236290130
236350428
236885321
236903098
237007320
237054842
237080199
237229448
237376827
237377384
237440892
237869115
238102012
238137883
238142701
238222942
238303373
238309927
238423480
238425992
238442660
238490953
238518162
238625218
238659553
238966392
239309572
239374618
239549620
239594458
239619915
239793234
240237561
240257857
240323090
240436105
240783311
240878111
241002061
241010556
241238715
241252611
241327961
241547546
241612572
241639232
241712258
241716881
241833556
241885006
242072028
242141292
242249578
242405572
242459714
242669798
242924419
242958660
242964887
242971882
242998105
243213684
243245639
243455148
243560180
243651792
243691446
243728633
243737427
243791813
243853582
243904970
244160865
244172415
244189035
244292608
244353733
244391150
244576566
244652812
244768027
245006469
245229323
245418329
245444222
245819278
245834016
245898195
246066654
246203695
246283665
246505857
246714313
246738407
246799784
246911536
246927563
247717408
248177286
248181493
248336257
248437699
248526092
248809634
249083065
249098517
249180258
249212620
249392229
249521916
249532028
249602078
249702374
249710684
249762336
249783293
250084724
250114171
250175511
250338676
250744595
250765584
250789809
251004566
251045450
251058326
251069381
251367036
251405157
251522779
251550642
251553683
251689602
251720036
251830917
251856705
251883097
251924354
252067062
252175635
252650444
252985064
253219830
253226029
253404026
253422101
253671370
253750688
253866131
253906232
254100419
254317397
254619176
254634339
254678596
254810533
255087809
255119101
255202947
255613899
255620347
255828430
255970454
256155117
256380133
256634954
256696134
256982988
257062470
257162072
257293749
257399173
257494339
257582667
257785871
257798298
257915940
257945748
257947141
258056969
258176890
258235652
258535066
258545041
258606370
258649736
258771113
258781030
258960304
259029862
259177536
259194282
259197239
259237624
259257512
259430339
259545409
259555685
259631150
259704136
260149831
260150008
260247691
260341911
260516419
260555929
260709892
260818694
260837067
260933423
260934689
261022147
261060976
261104313
261159123
261237193
261405175
261515031
261675231
261794150
262031195
262079404
262189701
262282804
262389047
262408152
262487312
262793899
262795680
262906066
262944756
262978274
263022900
263051842
263066253
263094001
263538074
263558426
263578262
263580151
263627513
263684511
263848158
263908609
264163666
264237140
264374937
264403009
264482145
264491141
264628199
264640726
264698929
264741807
264812685
264821691
264935480
265098018
265184770
265224560
265300211
265370639
265430935
265492159
265583423
265690235
265840184
265844020
265882991
265945093
266162036
266210082
266326743
266376202
266452389
266468375
266642316
266755966
266776512
266850808
266952555
266965242
267146323
267214927
267479394
267512243
267712758
267720888
268007378
268101260
268137439
268162809
268214950
268296239
268332722
268365411
268382017
268674571
268681876
268769979
268836112
268865081
268932376
269168044
269401157
269510735
269545830
269561973
269563882
269832792
269838249
269972967
270051682
270115980
270225319
270307664
270390275
270414267
270511878
270608263
270630104
270738689
270748768
271229838
271231001
271316691
271332291
271346223
271371895
271757923
271811156
271883807
272034097
272188217
272212300
272257534
272372983
272422137
272536783
272553739
272588102
272602795
272639423
272770919
272817408
273073107
273086092
273104164
273366266
273545616
273619975
273631167
273633744
273634559
273667157
273813201
273909090
273960805
273966572
274028521
274058670
274152101
274266458
274542903
274628366
274818864
274947892
275160514
275191665
275430062
275537038
275594067
275761454
275887999
275953550
276161259
276231929
276329007
276388518
276468301
276625846
276628005
276709732
276809733
276929381
276936736
277188926
277393470
277460544
277475655
277484287
277497800
277557077
277614723
277653547
277734362
277781637
277786477
277855964
277875992
277912927
278045772
278129456
278239504
278386206
278474802
278479415
278549274
278635464
278728918
278932149
279023508
279280997
279300166
279375824
279426287
279464145
279528364
279528765
279976770
280092182
280115118
280118235
280128791
280162615
280191231
280217049
280338511
280536794
280673693
280816931
281009563
281144536
281188893
281313048
281315849
281414530
281555694
281642976
281927733
281987004
282023628
282148064
282199528
282415822
282433949
282544807
282767390
282854617
282864186
283163718
283308937
283338141
283358176
283367992
283371976
283415710
283811374
283833716
283943076
283994999
284146623
284229960
284263897
284302876
284397738
284399979
284733299
284746701
284779386
284845939
285079301
285171914
285475968
285509567
285624014
285745604
285746665
285789264
285829518
285908385
285914255
285915872
286079264
286231846
286575868
286620267
286660080
286799516
286857746
287015622
287261053
287312510
287459527
287546078
287629559
287653232
287949388
287970966
287991357
288099126
288193118
288255659
288273231
288374375
288467452
288490956
288571201
288573987
288725535
288767865
289065215
289080427
289169201
289274860
289427967
289444227
289551444
289708652
289741871
289775672
289873785
289900303
290055145
290148293
290410241
290707612
290715399
290819763
290822743
290955082
291017871
291091816
291186903
291299865
291327309
291357254
291534810
291638343
292007237
292016949
292074569
292154886
292227872
292342231
292517697
292815913
292856179
292987403
293088293
293417940
293598129
293620270
293764360
293770647
293815533
293966232
294039718
294067303
294076361
294107158
294304877
294313480
294358980
294597566
294771716
294844856
295013035
295041457
295108802
295226581
295308806
295318973
295354268
295637727
295769103
295774189
295815881
295900749
295938340
295962491
295965599
296015755
296297275
296529856
296735192
296952521
296993524
297051301
297071120
297268426
297320044
297462072
297525850
297610720
297628761
297717692
297828826
297855558
298112827
298239084
298256758
298449816
298457942
298548712
298601267
298695722
298923547
299267642
299312911
299418764
299624339
299709501
299718128
299864956
300036778
300614564
300691712
300718974
300855557
300951576
301112981
301139609
301165857
301198991
301288350
301446512
301537719
301537739
301621289
301761111
301785831
301888668
301992601
302019749
302052854
302053647
302117106
302145034
302168736
302169814
302181175
302307881
302376242
302387882
302446717
302451418
302519943
302627991
302866993
302940952
303148365
303244835
303384462
303503967
303639409
303695544
304117341
304194852
304247891
304394691
304556774
304692438
304895961
305326202
305461405
305604844
305701387
305761162
305762585
305915897
305939753
305989328
306032044
306076326
306508807
306647984
306691566
306726386
306779980
306781136
306842695
307042900
307068596
307105468
307502890
307714368
307737775
307763046
307779073
307966366
307985125
308168432
308225104
308331358
308334295
308403585
308684656
308802676
308866349
309069136
309092367
309206459
309372358
309403542
309416528
309421988
309491196
309527605
309589627
309725215
309758861
309789952
309958803
310058825
310085139
310342244
310441070
310449625
310483541
310491049
310538370
310566069
310574728
310600117
310693562
310876926
310889565
310902905
310913187
310930163
310999862
311109509
311231684
311354585
311507072
311535408
311547657
311697072
311745149
311915954
312062861
312114118
312403816
312431225
312502300
312649924
312779783
312805949
312965731
312976863
312978813
312999729
313091914
313211480
313298319
313303744
313331020
313342996
313344286
313738179
313877734
313921812
314031120
314041721
314192497
314440563
314442744
314637373
314699777
314750141
314888640
315164968
315199458
315323259
315397936
315411702
315426016
315549087
315551694
315615411
315651988
315947129
316101734
316186184
316460355
316632419
316990329
317002631
317089817
317099078
317188527
317218857
317233849
317239239
317405259
317506188
317927294
317935902
318010475
318052773
318069136
318085813
318321416
318733439
318788671
318797298
318809329
318855930
318951643
319067440
319154128
319427960
319458598
319548418
319564209
319570593
319941278
319973314
320022397
320054463
320157872
320177750
320199083
320269183
320516536
320563926
320894102
320898593
320979535
321075112
321244666
321247919
321256853
321386203
321469976
321676593
321856040
321886632
321940338
321967917
322463965
322532346
322686390
322706666
322745347
322817048
323166082
323189632
323242812
323427677
323615908
323643771
323647427
323731272
323795411
323806320
323926127
324340459
324494738
324536159
324588154
324688998
324702939
324839146
324906485
324933860
325250882
325513932
325542368
325689072
325718245
325809245
325926602
326190981
326344186
326367632
326550397
326718362
326848418
327013244
327114051
327217434
327309341
327695243
327735228
327840346
327949435
327965179
328005406
328077957
328139368
328248659
328264337
328334607
328421837
328536489
328708033
328722163
328795061
328930342
329045929
329278970
329442256
329536687
329680336
329746060
329866875
329869856
329953281
330057014
330127642
330159639
330397449
330618644
330619513
330740655
331030158
331211733
331364267
331450273
331640284
331655587
331749681
331851120
331893197
331923103
332021013
332079692
332139197
332488400
332641239
332682683
332933256
333155913
333177560
333262868
333265190
333392791
333730794
333843492
333993553
334055944
334185463
334189885
334392108
334583395
334623526
334637981
334660312
334825687
334863475
334888865
335169392
335265050
335409399
335489610
335503323
335571457
335574946
335657901
335807672
335812489
335831152
335974611
335976843
336004096
336116717
336121989
336267141
336300193
336406916
336579549
336641691
336781083
336850482
336929505
336956220
337069342
337114166
337245188
337316617
337330403
337371616
337374338
337422240
337504057
337672187
337705188
337720084
338013297
338116896
338251658
338268404
338388749
338496626
338634297
338657596
338671035
338840319
338844868
339296523
339317622
339381877
339555147
339604251
339775163
339842002
339871624
339903917
340175189
340501877
340599789
340679454
340736545
340841444
340962499
341002044
341065310
341474232
341543838
341603721
341609517
341650881
341809632
341823404
341869196
341931356
342117587
342185075
342367502
342395456
342604807
342857712
342982770
342987911
343116942
343151210
343555101
343663554
343680629
343730378
343765725
343795460
344057884
344061699
344079233
344207333
344220113
344268631
344350913
344526205
344545522
344576165
344608440
344777112
344863883
344926245
345097954
345133977
345263730
345313901
345324247
345401655
345763064
345777724
346065283
346101955
346169536
346255847
346328249
346358529
346388991
346391415
346488276
346717599
347062876
347219872
347323882
347418756
347438063
347611091
347756923
347908996
348133939
348152261
348259193
348280996
348488274
348579755
348580990
348744863
348920518
349076774
349190901
349248380
349316719
349318302
349386743
349390142
349510806
349582054
349603719
349804518
349895429
350013048
350184466
350242760
350308865
350350724
350637898
350695586
350719832
350878978
350916701
350964334
351034396
351185398
351243407
351252377
351296914
351482352
351496607
351988929
352034534
352114471
352221507
352274743
352287342
352299070
352433429
352490850
352530320
352651765
352773261
352810074
352839738
352943036
353435809
353474709
353564263
353598976
353812331
353937387
353957452
354011702
354124514
354154744
354171192
354230268
354262376
354360173
354601350
354611104
355041158
355202382
355317086
355398064
355509240
355707719
355712414
355864514
355914004
356160291
356198783
356328685
356553620
356578873
356865228
356887080
357083759
357115438
357133706
357192155
357209335
357224205
357237773
357261210
357357723
357451707
357800303
357916795
357998969
358000047
358071860
358072442
358170859
358314433
358346412
358449641
359196794
359270154
359379666
359390437
359391778
359710999
359873931
359947475
360095632
360195672
360198113
360222617
360264400
360509977
360665511
360762729
360799975
360813835
360823983
360836703
360895855
360979581
361028560
361058445
361064108
361145216
361318166
361369789
361436877
361451675
361518174
361613778
361694720
361925996
361971774
361998425
362043184
362074027
362075252
362167147
362191445
362356542
362369044
362448249
362687697
362747879
362817824
362937020
363017007
363020283
363031803
363066858
363104422
363211693
363351494
363512133
363576989
363748227
363857972
363948106
363968712
363985273
364132628
364152553
364210569
364213987
364373996
364434092
364499701
364588350
364774022
364774662
364776690
364781554
364861860
365241822
365256558
365645695
365754204
365768952
365785644
365801256
366496550
366586561
366602152
366641715
366789519
367150137
367209488
367488448
367535199
367657638
367787458
367948476
368231691
368245597
368285604
368294044
368305081
368354469
368406443
368524111
368548586
368551053
368617048
368739728
368920011
369029298
369412056
369452729
369551922
369589671
369645453
369687472
369800371
369834606
370026229
370080136
370099572
370297123
370375145
370403012
370446696
370492863
370510442
370513502
370516723
370529625
370861748
370937153
371016823
371154325
371165532
371201049
371255518
371428529
371444091
371496906
371579852
371590502
371620649
371832615
371837538
371962025
372049747
372071256
372130948
372339366
372351636
372411714
372415025
372485315
372620171
372654267
372687512
372777446
372856923
372979144
373158556
373201427
373242156
373242614
373340496
373489948
373519189
373829897
373889400
373896723
373930531
373971170
374001763
374079349
374226718
374266751
374699090
374809449
374822986
374885922
374898053
374942000
375007065
375114862
375145933
375244279
375272153
375301758
375368283
375426823
375550570
375578523
375728428
375825848
375888889
375900955
376105919
376349451
376365305
376575723
376581438
376922753
376923158
376969595
377016544
377138086
377273977
377299853
377479804
377480405
377613673
377680919
377712792
377814910
377847138
378057467
378058425
378061673
378065714
378072848
378162206
378174196
378229613
378283767
378627889
378688592
378850919
379381267
379429475
379434054
379600456
379676227
379786691
379805142
379924907
380065815
380266117
380503171
380539267
380621055
380939857
381094574
381148506
381150653
381179642
381324088
381402324
381452090
381456531
381508261
381532848
381532946
381634066
381705957
381784750
381856583
381887720
381906372
381944778
381992943
382055223
382180121
382285376
382319686
382360597
382401908
382614948
382786682
382931559
382933698
382974711
382991524
383040988
383133516
383174159
383291407
383383334
383483929
383542861
383549404
383809609
384092732
384111587
384291291
384678491
384799956
384818448
384897246
385113339
385159412
385319210
385598736
385644103
385859525
385907715
386001268
386053050
386063601
386303619
386436991
386437148
386690356
386717288
386776966
386797721
386841171
387139677
387174680
387181031
387191390
387337755
387446516
387628937
387684998
387763177
387961818
388023115
388268713
388281890
388490548
388491300
388564412
388755193
388786835
388848422
388938554
388965808
389161465
389229458
389243819
389317687
389528983
389537600
389557085
389563952
389627359
389725175
390012378
390075260
390105866
390242523
390450024
390455062
390487206
390541968
390582327
390624780
390691811
390774794
391084506
391105128
391136011
391137058
391165582
391212924
391325949
391416562
391715431
391771250
392025659
392025877
392389896
392548837
392577315
392588516
392636977
392672993
392691331
392695106
392796054
392863882
392960110
392985644
393323549
393432743
393466036
393519091
393533325
393543814
393849351
393866248
394124546
394142259
394201392
394255071
394402930
394419400
394492098
394558278
394678441
394820136
394845767
395036524
395047906
395111554
395215114
395260633
395268415
395311153
395381680
395455151
395471701
395600963
395613625
395700158
395761434
396096450
396105605
396136951
396170309
396302928
396387756
396473037
396637104
396772179
396784365
396853844
396922136
397170341
397172954
397389724
397477354
397601000
397624769
397776476
397860869
397904990
398055301
398178084
398248364
398252452
398295906
398497401
398605914
398791833
399246412
399263803
399291325
399648227
399686467
399695695
399759660
399968806
400039700
400104361
400481543
400582366
400630900
400702782
400791800
400807172
400888906
400923568
401032951
401184185
401333108
401560259
401563532
401669659
401786189
401826464
401846346
401849525
401911344
401985218
402283445
402299764
402326211
402373237
402383704
402416706
402572706
402762630
402920364
403214768
403233152
403459994
403478702
403479711
403624443
403775975
403873198
404272105
404304398
404346257
404516152
404564115
404591238
404683176
404852458
404917947
405192774
405200842
405352460
405358634
405375657
405443539
405448207
405536549
405556067
405599268
405707055
405785163
405805742
406006819
406023033
406093396
406286465
406368350
406395043
406435412
406547836
406750109
406784569
406796638
406820547
406821483
406823265
406826885
406848909
407106456
407107173
407151129
407164447
407171059
407282224
407366121
407404503
407417598
407684176
407702559
407782905
407827871
407875477
407972987
408024702
408117781
408198419
408293696
408351844
408586279
408938666
409074391
409160844
409175145
409413592
409435678
409480592
409522593
409526271
409531827
409534224
409652055
409718610
409864805
409947759
409961623
410093804
410101049
410122492
410167692
410240882
410244487
410309609
410312062
410547760
410633685
410647375
410707814
410767325
410897651
411006914
411066176
411070518
411129995
411261473
411492551
411554665
411784785
411858928
412084389
412161598
412188969
412193650
412349798
412402210
412750270
412829666
413057824
413144424
413149264
413350767
413553020
413571641
413577220
413590348
413842141
414117297
414120018
414326519
414328497
414350044
414381676
414464060
414737425
414794226
414946314
414952210
415205205
415304494
415784597
415793982
415861956
415944408
415946289
415975208
416054951
416355652
416383160
416508229
416692796
416784472
416875549
416886395
416912385
417061397
417174166
417381535
417477952
417613551
417698547
417708312
417720521
417811517
417825571
417839610
418063488
418077961
418140376
418230064
418262856
418475616
418487961
418559076
418601011
418621834
418698971
419426460
419515033
419639036
420055073
420141328
420403173
420453768
420500624
420550682
420640929
420651844
420745312
420785336
420906291
420912823
420972633
421023788
421053314
421056563
421232357
421358014
421453441
421487422
421521293
421657182
421659367
421711158
421755820
421951543
421987176
422100461
422116066
422184264
422190010
422240655
422298183
422476759
422527551
422614774
422768351
422851963
422973783
423081686
423193101
423281471
423306222
423446502
423555555
423678771
423747300
423765475
423895966
423930064
423996979
424111921
424148682
424265375
424587842
424588144
424656799
424769825
424819077
424834054
424857307
424983666
424984555
425137388
425338148
425348988
425414306
425443321
425445292
425448147
425456415
425488847
425524944
425610597
425631936
425738106
425809336
425844413
426212224
426215429
426215700
426365744
426380855
426581063
426988203
427016258
427061232
427135355
427216095
427524204
427821499
427879458
427939914
428064407
428260318
428487508
428505963
428561108
428569367
428666806
428779343
428844885
428976640
429000651
429014264
429040057
429299083
429397636
429685133
429695397
429734925
429749883
429862398
429881838
430009672
430321364
430499598
430591797
430599985
430701511
430708079
430723332
430765736
430810340
431224857
431458800
431521015
431668715
431763541
431814439
431898042
431990486
432061389
432229081
432247593
432489066
432757436
432914524
433042773
433101249
433108258
433132928
433248934
433270166
433330082
433362811
433381645
433401647
433445138
433505299
433555917
433620625
433643999
433800963
433853593
434007943
434126333
434197404
434297529
434611370
434747252
434881632
435196524
435317886
435424776
435646165
435707797
435839054
436062177
436175512
436229451
436324635
436601248
436730910
436736397
436879874
436885509
436901188
437093901
437181145
437209079
437214300
437583904
437616155
437649452
437877669
438035853
438128008
438130851
438248238
438266795
438457548
438560992
438698018
438754346
438773302
438824455
438910441
439074129
439125220
439235781
439238843
439306437
439319657
439462805
439621234
440384226
440516266
440836891
440838094
441044216
441107136
441148433
441180497
441200439
441226156
441355072
441729096
441769192
441819510
441834053
441941626
442074796
442162279
442191617
442768236
443102198
443265912
443406457
443417031
443477740
443583376
443681232
444000685
444004638
444007818
444036674
444214226
444374009
444451543
444638133
444763465
444873240
444947622
445447835
445448260
445466030
445710891
445737568
445739723
445875536
445876067
445907574
445933276
445972270
446143391
446148378
446161840
446506327
446528919
446574053
446815732
446891267
447005184
447072561
447125037
447617681
447729998
447768929
448026303
448118563
448143423
448159055
448164361
448306564
448490034
448501497
448550264
448579929
448682204
448691399
449122617
449141988
449160733
449186967
449456480
449533585
449610510
449715184
449761488
449768324
449948644
450398449
450577217
450582237
450652323
450659718
450819646
450825217
450890821
451105151
451123431
451191297
451197162
451209446
451238302
451247267
451463786
451524498
451658132
451664384
451729041
451826191
451858312
452020447
452040996
452041149
452228628
452316509
452508009
452508681
452572798
452578879
452662085
452789051
452891453
452948653
453004211
453018301
453251116
453508466
453793021
453802772
453853414
453953231
453961512
453993920
453995518
453998659
454035639
454066985
454179679
454235715
454346304
454351285
454375580
454413493
454571683
454577439
454631510
454740979
454783802
454966712
455168005
455391660
455535746
455635270
455686066
455691788
455782667
455902857
455927790
456141228
456146162
456689512
456716749
456722055
456752450
456756749
456830096
456912444
456923198
456934299
456977079
456987500
456987977
457017495
457078589
457264163
457384840
457817796
458015767
458227066
458263339
458400749
458738356
458795608
459255405
459329355
459615559
459656700
459664281
459686205
459887633
460009130
460106835
460151659
460277696
460373416
460453863
460666892
460792641
460852179
460895769
461158518
461210711
461322615
461385999
461801307
461834802
461850992
462078880
462155923
462303771
462408076
462485339
462878983
462926583
463107577
463117073
463132571
463254480
463265741
463327184
463400826
463494119
463540465
463651843
463780377
463848863
463859862
463987398
464125510
464216970
464490420
464544008
464545051
464559162
464928554
464971258
465025898
465127967
465144745
465228073
465242065
465517228
465525372
465558014
465654824
465662356
465699721
465751706
465799831
466102998
466336410
466345154
466409339
466421407
466491135
466616151
466640902
466786086
467074703
467311214
467371548
467404990
467442299
467448868
467520165
467612479
467667894
467806182
467851392
467905784
467952214
468261563
468314130
468410933
468425841
468756451
468934353
469018945
469129525
469208168
469329187
469355533
469656351
469865327
469893481
470071592
470167511
470292841
470474614
470588255
470609094
470848268
470901155
471207400
471337302
471352418
471754632
471757246
471922346
471960136
472170709
472533491
472570663
472725666
472757608
472942865
473012522
473120750
473227980
473400588
473498254
473505089
473515229
473533183
473588776
473612622
473648042
473657451
473872989
473961704
474192179
474433297
474693301
474818803
474864180
474948863
475178640
475320973
475396311
475650411
475863672
475864266
475915407
475937768
476006895
476119156
476223970
476231014
476408707
476448136
476568483
476716056
476760863
476780796
476861752
476890504
476916079
477033096
477120348
477213748
477231131
477301365
477752242
477752911
477822797
478030635
478165455
478173426
478179534
478307796
478444245
478470880
478501662
478524515
478748111
478895056
479066840
479109876
479147100
479189050
479203924
479215847
479248624
479334084
479410144
479433996
479461315
479745097
480117393
480121409
480154826
480377511
480498425
480624382
480745299
480982998
481106083
481133141
481197524
481281907
481572261
481588354
481611543
481624585
481799419
481800138
481898303
481982222
482150531
482152536
482157984
482435538
482480803
482513383
482518556
482604981
482773158
482921129
483058410
483067892
483143486
483143855
483181090
483245229
483252367
483277232
483342753
483622106
483745823
483799149
483836416
484099766
484131337
484132672
484213211
484214278
484329313
484400331
484412436
484708915
484747933
484795810
484907851
485014495
485087639
485136036
485274597
485305563
485368610
485423157
485479952
485714089
486044850
486150791
486202158
486206994
486424526
486545183
486545556
486562306
486705803
486782664
486784320
486827393
486927562
486940957
487242209
487409701
487433391
487549135
487594303
487603221
487746062
487756395
488044992
488141510
488249821
488513833
488543507
488551568
488568694
488828117
488849876
488964315
488967867
489291687
489402437
489597092
489765227
489791920
489799851
489845006
489904086
489964670
490094216
490111673
490168496
490270531
490437376
490688911
491027326
491150830
491363007
491475121
491589630
491638237
491645127
491774762
491808860
491959182
492016621
492023777
492092535
492109766
492439353
492474073
492474106
492663934
492734216
492835840
493102079
493276930
493474412
493475830
493638316
493687047
493694507
493721061
493925781
493941684
494251581
494295274
494343967
494388625
494508051
494604664
494643290
494646065
494703836
494847375
494891695
494963424
495028713
495112246
495273534
495531033
495531870
495566968
495606845
495712240
495851438
495868629
496188994
496263828
496272629
496362720
496524040
496660310
496688346
496729834
496795161
496884157
496976698
496984233
497376058
497718341
497754923
497809938
497834125
497834264
497878097
498030066
498095525
498399989
498440582
498459790
498513093
498684166
498755065
498873547
498984859
499083644
499108321
499119237
499154233
499398401
499428504
499519290
499782600
499837560
499926103
499939534
500048723
500158192
500297593
500500942
500518122
500695172
500696508
500698411
500825906
501067383
501138937
501195570
501247112
501300785
501370339
501375408
501426326
501739868
501816926
501841614
501848270
501867931
501897575
501968586
502125655
502191638
502242133
502283556
502459689
502642323
502653302
502665624
502704081
502710532
502725427
502755878
502875682
502880014
502942449
503213651
503270844
503315240
503471408
503481503
503542201
503625114
503756836
504095988
504271032
504351829
504387001
504422703
504487189
504773683
504783451
504800224
504868120
504908811
505387483
505403690
505477808
505655714
505797634
505841066
505883069
506027222
506191558
506328886
506449394
506554746
506613509
506932736
506955249
507031704
507268852
507295260
507340996
507435762
507682416
507714821
507749749
507753815
507810550
507926042
508086772
508154012
508188906
508189662
508385418
508445944
508493473
508497689
508501029
508620923
508860022
508971506
508993875
509068494
509546394
509572124
509667311
509699978
509716255
509773648
509905897
510086170
510110953
510201810
510431414
510580139
510691128
511027968
511064365
511118990
511133105
511151248
511441458
511602333
511662086
511673109
511782412
511787680
511788335
511807832
511903712
511952921
512135624
512391203
512554187
512664661
512685680
512719822
512752909
512766986
512939512
513006409
513087055
513114808
513434258
513475580
513533593
513582474
513767116
513954431
514124899
514181904
514326061
514391090
514515066
514517648
514647146
514662022
514673151
514801754
514820160
514885440
514903074
515083072
515235756
515419896
515462943
515788891
515842927
516011781
516069746
516325732
516480968
516616979
516639238
516830204
517284920
517351271
517361690
517438607
517592107
517657355
517695757
517808570
518035416
518057153
518106404
518144886
518252359
518273486
518296453
518296991
518353276
518370002
518467114
518468304
518642235
518760329
518827683
518907894
518982590
519300852
519304191
519340087
519359332
519397432
519458545
519616540
519706004
519738851
519794693
520101750
520105801
520441873
520501736
520568659
520773253
520949047
521184652
521347364
521629431
521709977
521764071
521802734
521906695
521970745
522132517
522227260
522270882
522271262
522351778
522430739
522461394
522464302
522543211
522820114
522870630
523069669
523131083
523131227
523239310
523262711
523273714
523321713
523457657
523508825
523526614
523575337
523856408
523939788
523992619
524175177
524221781
524223418
524230809
524257944
524583307
524608381
524698115
524699897
524726750
524800452
524992733
525015617
525042144
525083931
525179614
525192197
525319523
525354256
525403291
525479408
525496160
525690357
525721640
525730151
525959840
525961819
526049448
526066731
526088982
526140575
526151912
526212575
526293125
526327999
526354406
526471019
526675034
526749486
526750678
526877754
526904213
527063730
527157144
527268394
527376628
527411931
527414460
527644963
527708748
527813394
527888660
527905770
527921216
528125508
528596705
528622102
528677878
528835684
528924265
529003394
529052163
529141764
529150786
529182787
529330624
529524086
529970661
530059324
530099067
530172888
530239403
530646569
530691542
530803887
530939213
530954172
530991068
531379277
531569255
531739706
531772660
531888972
531962725
532011565
532244800
532568955
532970070
533053524
533054779
533451892
533675472
533735974
533833881
533849516
534401082
534421457
534611897
534634643
534649525
534765886
534841440
535066165
535305429
535324553
535380393
535387435
535712683
535835202
535862561
535986259
536044837
536536722
536685871
536742804
536874710
536918754
536934773
536970995
536981998
537050620
537216808
537247952
537440206
537687451
537771844
537952828
538001175
538069982
538099507
538292977
538393889
538439407
538514773
538592711
538615357
538652406
538704874
538768104
538784232
538787775
538910181
539110636
539139432
539238759
539287714
539335419
539405767
539415543
539468949
539488479
539526430
539748751
539758956
539839170
540032967
540061107
540206949
540214970
540231682
540291353
540421400
540422901
540531835
540942704
540969094
541153808
541183525
541239979
541251042
541263798
541263940
541359980
541501714
541517548
541520586
541572570
541715994
541741032
541839563
541841093
541959171
542017489
542143928
542216851
542331444
542444616
542470423
542621506
542719096
542839355
542967922
542987992
543077667
543171532
543183037
543371277
543384255
543478957
543548403
543582290
543660852
543667368
543746699
543821048
544195748
544314808
544337726
544491260
544713609
544761243
545024887
545122245
545417420
545425145
545684238
545883125
545917149
545989210
546063070
546068291
546069722
546146108
546150258
546161173
546445670
546456906
546551639
546617217
546929920
547109614
547176981
547638372
547642920
547699744
547768790
547833537
548019991
548021304
548174781
548403260
548422952
548615815
548666288
548762164
548788201
548804866
548835032
548853726
548864509
549105821
549499390
549541232
549739998
549785599
549813498
549864207
549944724
549977836
550195516
550252806
550286828
550399464
550416072
550480015
550494373
550583944
550736876
550805635
550850777
550867042
550909858
550959507
550996465
551091184
551125896
551148382
551202376
551257342
551334860
551408795
551420932
551440268
551469058
551485615
551533999
551571341
551586692
551751521
552001668
552173143
552212445
552261052
552283165
552433976
552494471
552520042
552570181
552641132
552716868
552771934
552807105
552912590
553127722
553153534
553155488
553220886
553404951
553410793
553443426
553513459
553521393
553546694
553560854
553600410
553754036
553758565
553887508
553962018
554095942
554111848
554279030
554292343
554304280
554351980
554647424
554718540
554731933
554823262
554867996
555226342
555313126
555508545
555744513
556027049
556044947
556075072
556267565
556301623
556409735
556532305
556766150
557148413
557260741
557296451
557449278
557493040
557611785
557612058
558079671
558087332
558111485
558193812
558195705
558352687
558406111
558427604
558442460
558936053
559141763
559399489
559403422
559500671
559596698
559670120
559817798
560031994
560094951
560100941
560235604
560299766
560311225
560645240
560667478
560697283
560755448
560755898
560787791
560920076
561090098
561185839
561194472
561263132
561293270
561299370
561318647
561542484
561633846
561739709
561757779
561920321
561939717
562280524
562480932
562492806
562697714
562805665
562907916
562965564
563077671
563167968
563169022
563368550
563421602
563562754
563652205
563723273
563738215
563817738
563915312
563949766
564023708
564112190
564189799
564602385
564619538
564666401
564721350
564831900
564849326
564869060
565100928
565182214
565333758
565351459
565514327
565563872
565572851
565592966
565623312
565681614
565865384
565919658
565951312
565968606
566328920
566473101
566551544
566577826
566692350
566692654
566860817
566878881
567016665
567061102
567137842
567313390
567369321
567507982
567701046
567993523
568022264
568173770
568267467
568354604
568900530
568950732
568975009
569363363
569396836
569457517
569459114
569570121
569696422
569703652
569724346
569814762
569918367
570057484
570105529
570108565
570125342
570154566
570216863
570247995
570470257
570497103
570573256
570584130
570716851
570717136
570787807
570795053
570845845
570851179
570866815
570899414
571114355
571235741
571264395
571305023
571477420
571710798
571965807
572011998
572190816
572304000
572440529
572859399
573078458
573226526
573379446
573633835
573687464
574009402
574084034
574107336
574111860
574115565
574497029
574582152
574597626
574732271
574736635
574878358
574947720
575028602
575055396
575075591
575115709
575123070
575422897
575514361
575568662
575588203
575737210
575902788
576030478
576092194
576101015
576161210
576265863
576278848
576317523
576627991
576739584
576803398
576891549
576987885
577492518
577949184
578040394
578086823
578111844
578147816
578327367
578533840
578560100
578584898
578651760
578653331
578729942
578830215
578848380
578861090
578867204
578947287
578954066
579179544
579212686
579328402
579363738
579376423
579533858
579682571
579786801
579949619
579952272
579998779
580027205
580041134
580277493
580358064
580471021
580694466
580748759
580770189
580895303
580945964
580970849
581041361
581250295
581382399
581546904
581619216
581654590
581974001
581988979
582021123
582055288
582148095
582215374
582284524
582395059
582460694
582573916
582585102
582615240
582735455
582762593
583032924
583072799
583101599
583412039
583430188
583527386
583566580
583696915
583915369
584189274
584298324
584336825
584397621
584403904
584474292
584635592
584789741
584803658
584806061
584901854
584975531
585241814
585246890
585622475
585695308
585905693
585954522
585989475
586110742
586507080
586521041
586850678
586941409
586981976
587118439
587169473
587365231
587426664
587449110
587499827
587653285
587703669
587798132
588052789
588166660
588186200
588201791
588355391
588543323
588598307
588673007
588811906
588821010
589056127
589263892
589317303
589323526
589428558
589429230
589526368
589895879
589924048
589930963
589980287
590006879
590201519
590226768
590246375
590298276
590380556
590480832
590617940
590808547
590859908
591126118
591225483
591251045
591440107
591443074
591519593
591568881
591611902
591692902
591829037
591839814
591843607
591909406
591935213
591992482
592147588
592440669
592563110
592734912
592841466
592867668
593180660
593187634
593496918
593643496
593691274
593695789
593716131
593789510
593795255
594091152
594095658
594277762
594492038
594532822
594739719
594914386
594987911
595090943
595092049
595130088
595235927
595272741
595289392
595450533
595655314
595667482
595773970
595905080
595964067
596283831
596554807
596615268
596793094
597002810
597116823
597303600
597341988
597376914
597404966
597432692
597481407
597510870
597624697
597676118
597841748
597915220
598066071
598083420
598091520
598149539
598270861
598471245
598696998
598769769
598875486
598947301
599162069
599242354
599279102
599294455
599296544
599307951
599595775
599762795
599821782
600174950
600338783
600363411
600463716
600489226
600647052
600684861
600778196
600825388
600879559
600914031
601119457
601142842
601154052
601161040
601188262
601503679
601595099
601649585
601672310
601691118
601826897
601880986
601931696
601940630
602076805
602123950
602292513
602334534
602340715
602454310
602507444
602548085
602578229
602597429
602603512
602642218
602661948
602724370
602763391
602806403
602809925
602904812
603012759
603037160
603298686
603345216
603409989
603436659
603440088
603462820
603515063
603628199
603662039
603738954
603750164
603762510
603813542
604407718
604429592
604441784
604517235
604581492
604681480
604707817
604783722
604864840
604936603
604971911
605141292
605196827
605441479
605443806
605520506
606008227
606047473
606118088
606232175
606347449
606442441
606704492
606740284
606911692
606989200
607085888
607301923
607350716
607471501
607558023
607591746
607827056
607924011
607999931
608051074
608142685
608289424
608370308
608418426
608476343
608624982
608740968
608829773
609022271
609202909
609224711
609461018
609529832
609638260
609652034
609711694
609922618
609968498
610032188
610073635
610080030
610088305
610131490
610180093
610393879
610413458
610583247
610598181
610605460
610894734
611118928
611281686
611388642
611690625
611726624
611739116
611754551
611848260
612072656
612138880
612175376
612177997
612194717
612493482
612528013
612608125
612636022
612676046
613153670
613174368
613362251
613448899
613518695
613520038
613651397
613669653
613720874
613805254
613898888
614003490
614115775
614187872
614229873
614243031
614275357
614295896
614373633
614608348
614655437
614705296
614743306
614771462
614785263
614952453
614959118
615129034
615191233
615237054
615299061
615421248
615528875
615541805
615615728
615658396
615687672
615758525
616310270
616439388
616468279
616553559
616725730
616800088
616902150
616935130
616973568
616996528
617017390
617135484
617138455
617174245
617218390
617330629
617651734
617947853
617997386
618166084
618201616
618239612
618247952
618437689
618517094
618605808
618644100
618977588
619045041
619096635
619157844
619162493
619253125
619363840
619400461
619460153
619479377
619569953
619929778
619956982
619986088
620069323
620137798
620175423
620240439
620261461
620348380
620404249
620514977
620520346
620560611
620662007
620662397
620692864
620693974
621081880
621123908
621233434
621241173
621274179
621306077
621385159
621423235
621429978
621448182
621512117
621581852
621621911
621658384
621742785
622056751
622106101
622316335
622343347
622390899
622394504
622599843
622830879
622980247
622997648
623011188
623096920
623112793
623133800
623228798
623409273
623673835
623706275
623755881
623882695
624026450
624027102
624119089
624189659
624205510
624596491
624684295
624703519
624998197
625039167
625237504
625352974
625375537
625492708
625547694
625558040
625614917
625651319
625992404
626091299
626104621
626427001
626440149
626560110
626573559
626590259
626820445
626825441
626900380
626948186
627051441
627151694
627154647
627160332
627340188
627391194
627461801
627489177
627526920
628006711
628058592
628155608
628255525
628442622
628520167
628544828
628558572
628580485
628669563
628688209
628814149
629000295
629011863
629020438
629065272
629188115
629223980
629401889
629459009
629586934
629693076
629771819
629859741
629944198
629962876
630051314
630504753
630579554
630680369
630782794
630856018
630900796
630940286
631316077
631421871
631536676
631599028
632048656
632105344
632159656
632238080
632363964
632710017
632719764
632742573
632945454
632984946
633151950
633477278
633502490
633620253
633683576
633741006
633744647
633905676
634053627
634180076
634204468
634256440
634319884
634347109
634591958
634936885
635058483
635125625
635158345
635199318
635226820
635252061
635388936
635450732
635502498
635533621
635597198
635746786
635760440
635785839
635837031
635902462
635910984
636253357
636435528
636571357
636590775
636780725
636832854
636923473
637014299
637031183
637409877
637439096
638257190
638396488
638402476
638711632
638760775
638770853
638804301
639122295
639181953
639210779
639324349
639403838
639445426
639492299
639571651
639579992
639610544
639659975
639703193
639886098
639973707
639990419
640030830
640110809
640250792
640375144
640424543
640432479
640554196
640563403
640716268
640722705
640737152
640796878
640861838
640931091
640993588
641015876
641033651
641130291
641211893
641510677
641518301
641576282
641585254
641678252
641719667
641729193
641805430
641844077
641898918
641979405
642046392
642143507
642370978
642467306
642659920
642718896
642823716
642933105
643002402
643047971
643186820
643196455
643451237
643669114
643830565
643909651
644077659
644105378
644118452
644165829
644196253
644209829
644352301
644429730
644439883
644674679
644763466
644807381
644824978
644877373
645365490
645382793
645402525
645516914
645523869
645540702
645911127
645933743
645942553
645952433
646074678
646104035
646194767
646275196
646332479
646348314
646531118
646606155
646777399
646872357
646965177
647245358
647282212
647306192
647362789
647666816
647689635
647705790
647706566
647708535
647856132
647888805
647920439
648148998
648152734
648157225
648630182
648664689
648689600
648721011
648807430
648978728
649085974
649116557
649153642
649240427
649465115
649512790
649613969
649736437
649790716
649816027
649923682
649933201
650108363
650326891
650435404
650441503
650481368
650654634
650790504
650931619
651041796
651055886
651072074
651133622
651209046
651316320
651321122
651342234
651357664
651662084
651737972
651902113
651953253
652066070
652138588
652149049
652234181
652376402
652470314
652538750
652547398
652611518
652636849
652672557
652876284
652937657
652973944
653057824
653107627
653160402
653212140
653245223
653503126
653734657
653788804
653846087
653961741
653977907
654120431
654169640
654401587
654452806
654516759
654926565
655130939
655183437
655423964
655460349
655477042
655559732
655585314
655904942
655909879
655941824
656084789
656109031
656305842
656407988
656435083
656553753
656712994
656755847
656887802
656954676
656983216
657049240
657195770
657232931
657327160
657329153
657565510
657769815
657863442
657948194
657989997
658028512
658084902
658112022
658287859
658435975
658624257
658805760
658860977
658876387
658939382
659004521
659047381
659278561
659286379
659332955
659422030
659599391
659752475
659787128
660146717
660205620
660462216
660466272
660583038
660613456
660741354
660837019
660839410
660986375
661203186
661257505
661311626
661411068
661671741
661678827
661724714
661993397
662135327
662388906
662559681
662729579
662761294
662885210
662925060
663087858
663095466
663149178
663176210
663208911
663262816
663624379
663705985
663795111
663825679
663911258
664077716
664431594
664444865
664467355
664539063
664814325
664980470
665008268
665376158
665450312
665483325
665558264
665736523
666075476
666087680
666148313
666203851
666317791
666331917
666362897
666611524
666793485
666910483
666912724
667025794
667042870
667217989
667355941
667390665
667520900
667730044
667747971
667892275
668099764
668131628
668584794
668622323
668633369
668862648
668957005
669105208
669113578
669465489
669472698
669661052
669675468
669810699
669818927
669891312
670019136
670072545
670160892
670225574
670242772
670248036
670277647
670280211
670318569
670367063
670387193
670536581
670647597
670760985
671046967
671072831
671178620
671201094
671215245
671460062
671483642
671570695
672126138
672143500
672159857
672185418
672282625
672380603
672400830
672416896
672480722
672502562
672643280
672650586
672721450
672751942
672756516
673076399
673125196
673127756
673155805
673215516
673428552
673656273
673656873
674178631
674362617
674399876
674480065
674560113
674761326
674818114
674879509
675013670
675061882
675175694
675301733
675332300
675380126
675399719
675505914
675526196
675887276
675897865
676001741
676323184
676325179
676353448
676384978
676426491
676531684
676557553
676597262
676816407
676995030
677095045
677152968
677215178
677235169
677334945
677376907
677582559
677656679
677798527
677834394
677853144
677920956
677947740
678332910
678412855
678658734
678716673
678719338
678832465
678911593
678946739
679054469
679091871
679296112
679544747
679631438
679866867
679998591
680152173
680428238
680453774
680625237
680681631
680727714
680790220
680865286
681109406
681132489
681422099
681801484
681913962
682221270
682374038
682390247
682394739
682461843
682522601
682551000
682557719
682995323
683045256
683159050
683172154
683205032
683237941
683313913
683369562
683431681
683594495
683690685
683802012
683835721
683837945
683864864
684023706
684274636
684281051
684381291
684579151
684673532
684765373
684957792
685193058
685328222
685461945
685601781
685715462
685724836
685849627
685869525
685871561
686236826
686384954
686409285
686458235
686796510
686827985
686927440
686950137
687045814
687099704
687238409
687289886
687562399
687571306
687878999
687986650
688006947
688171125
688226161
688256827
688323443
688461728
688601282
688678185
688735637
689040960
689049251
689054740
689189787
689256159
689374896
689491615
689578699
689590900
689722755
689919239
689933992
689963299
690207414
690429853
690448221
690448844
690653658
690844814
690916344
690935643
690969213
691199129
691335221
691381999
691421737
691425565
691551096
692009551
692038134
692054544
692071791
692210569
692354787
692556717
692760662
692812639
692834270
692909681
692963219
692999350
693053993
693172128
693312888
693367217
693469441
693496000
693568328
693796062
693872417
693981458
694104924
694413182
694539116
694636626
694671375
694742483
694961103
695031002
695057328
695138220
695388738
695459998
695471647
695550705
695743373
696070882
696076925
696148375
696386562
696601418
696678054
696775891
696876126
697129210
697297819
697566434
697757828
697769953
697903662
697909785
697984233
698429057
698551803
698646708
698952497
699000601
699234530
699274443
699423411
699555485
699581550
699603149
699656678
699680097
699705161
699905505
699952396
699958954
700147685
700239377
700360017
700418980
700509187
700707811
700835871
700959910
701063078
701176917
701299743
701328259
701389636
701413310
701523694
701603771
701618682
701627603
701652092
702041291
702051631
702087542
702186629
702342414
702534161
702553721
702711334
702794740
702800379
702893015
702930356
702949076
702999621
703110492
703128429
703201645
703300928
703402757
703519926
703529170
703802968
703857719
704034484
704034860
704084383
704168086
704205802
704337158
704479078
704628301
704685453
704696347
705359960
705454727
705507396
705676294
706126679
706173615
706321373
706471294
706644058
706840477
706844702
706972090
706979995
707425733
707535479
707538729
707571476
707576209
707656638
707785834
707815924
707839390
707981854
708013852
708089511
708143907
708200032
708269998
708294950
708779746
709060198
709091977
709164022
709274196
709328479
709561363
709853530
709949265
709974717
710295207
710316834
710339826
710401144
710535497
710611847
710721233
710725314
710780857
710791507
710880590
710908564
711031468
711035075
711036879
711115497
711315252
711367287
711553287
711601277
711606773
711707565
711712773
711734240
711801045
711821635
711988080
712140271
712425759
712432700
712493567
712527751
712815607
712937257
712957790
713138890
713190450
713194190
713345620
713355665
713362834
713422711
713505539
713511048
713552894
713664088
713805508
713807549
713859312
713874679
713879456
713977787
714043564
714060666
714096266
714241943
714279315
714330147
714418789
714490607
714560429
714630198
714810108
715198584
715355754
715373928
715407267
715438850
715504886
715539238
715606513
715639416
715756609
716109853
716310179
716460126
716462863
716502281
716561502
716638449
717035612
717187522
717392498
717508063
717510758
717519797
717562499
717574083
717635076
717662682
717666289
717668779
717988217
718019460
718111260
718180695
718354179
718482723
718512734
718781510
718788318
718940140
719030898
719179591
719263635
719325755
719408286
719465651
719614379
719676583
719680990
719720795
719735666
719943137
720081564
720135949
720365767
720386302
720795638
720972443
721212509
721318026
721330893
721396527
721449182
721644345
721678548
721685316
721810429
721810894
721830735
721851907
721883547
722019362
722131315
722156934
722228842
722260728
722408012
722757213
722772126
722949241
722965070
723050525
723060688
723218465
723362739
723628864
723661713
723678116
723977828
724038303
724068649
724089856
724328997
724420540
724443455
724466564
724548286
724559572
724642052
724835375
724946015
724955220
725268667
725360516
725492467
725498654
725555009
725649533
725890219
726001831
726073677
726098106
726172610
726205440
726325487
726394274
726554594
726558307
726580323
726621670
726632216
726707868
726832362
727073577
727246572
727383992
727443080
727525488
727585713
727659170
727701915
727713853
728002817
728032042
728123479
728177731
728188824
728206690
728273955
728284149
728532103
728696725
729016121
729082219
729447149
729509483
729686802
729714205
730070423
730114788
730227830
730251702
730266703
730574531
730774779
730983623
731021079
731038273
731184413
731337614
731368953
731478037
731495463
731503809
731658323
731863627
731939885
732228131
732389051
732415458
732822489
732924466
733278064
733462621
733478620
733525818
733628116
733633886
733760407
733787759
733836040
733899642
734027898
734129274
734221798
734422694
734501607
734510006
734693235
734716943
734754383
734816691
734912709
734936645
734966460
735079076
735082573
735091745
735249611
735293435
735500684
735513263
735666389
735789732
735799416
735884834
736092368
736241180
736473811
736791180
736916662
737051324
737194255
737207302
737246449
737248770
737346826
737355916
737367163
737451471
737455725
737601685
737838130
737920513
737935541
737979705
737986728
737990840
738067337
738097665
738273601
738562420
738600894
738719121
738764438
738788555
738901651
738955559
739175304
739247053
739444885
739448736
739507531
739640183
739673193
739677201
740110960
740190681
740262646
740384630
740485366
740747841
740754280
740756130
740844737
740947066
741036064
741037005
741105995
741303117
741328274
741364080
741430205
741442938
741676602
741680098
741824403
741986352
742016534
742039601
742139240
742155645
742277255
742396146
742619458
742648326
742665322
742687666
742843783
742873650
742895104
742896856
742959006
742967097
742968613
742987505
743115174
743218535
743356834
743480900
743634110
743856796
743922408
743927338
744081402
744144299
744179306
744359466
744455749
744546947
744652943
744680306
744707160
744741935
745060861
745167915
745267707
745326210
745383081
745745095
745767776
745812169
745833618
745991398
746009719
746238091
746240805
746312586
746353673
746469784
746587487
746634582
746737627
746839034
746860068
746884345
747008177
747139219
747286238
747300490
747346819
747449982
747628230
747843231
747904932
748372341
748392129
748494375
748597805
748646370
748692516
748712574
748715716
748758119
748790078
748807550
748812341
748814805
749092083
749174506
749330064
749341272
749363842
749405453
749464677
749483235
749604940
749638925
749660270
749952484
750011891
750033666
750369819
750496402
750592136
750707972
750909286
750934849
751015175
751085238
751090385
751412209
751598528
751827357
751964191
752080100
752118186
752162398
752177133
752216574
752235777
752284305
752291709
752569451
752569760
752630365
752872040
752903066
752944782
753336104
753418487
753708563
753989677
754027826
754149590
754238623
754612611
754892984
755113147
755229755
755359036
755364871
755615321
755642208
755656086
755661879
755726294
755879885
755928654
755999286
756084549
756116971
756131576
756459891
756602937
756649341
756660212
756802142
756839766
756858330
756885521
756939050
756956649
757061261
757194885
757279560
757432279
757449573
757462200
757503960
757690481
757767147
757961871
758119564
758190939
758381998
758464606
758492514
758630890
758663367
758862944
758875992
758947083
758975134
759208353
759674372
759748887
759763795
759869624
759910334
759949731
760037228
760174918
760196721
760229008
760268406
760278351
760308955
760422887
760674257
760720539
760775228
760825841
760929127
761099214
761190503
761229757
761376433
761729160
761761061
762326535
762448644
762507529
762564324
762804552
762847786
762898450
762908230
762953256
763044614
763147664
763214581
763240149
763491538
763521036
763626519
763672833
763690562
763758293
763805042
763969503
764004131
764005538
764181910
764195617
764349472
764470305
764601639
764724922
765213010
765530115
765607883
765904036
765970989
766163675
766420910
766472498
766499930
766512373
766533979
766596788
766624511
766712024
766726577
766821111
766843630
767228482
767230910
767282401
767450499
767599867
767673770
767862903
767908373
767968195
768130480
768139403
768232823
768296245
768298529
768320757
768342914
768358151
768405334
768618331
768663627
768671555
768795189
768906421
769170589
769345330
769647485
769648736
769866939
769944311
770045414
770067914
770323986
770341585
770354093
770380425
770659156
770681685
770711792
770815480
770913069
770942365
770952668
771094524
771120064
771195008
771199378
771246872
771312492
771321774
771412893
771466128
771601839
771937195
772051211
772057261
772128925
772422488
772453927
772797813
772921289
772924997
773244094
773288135
773294436
773325509
773631380
773649200
773873334
774024971
774033376
774078997
774093101
774273560
774289345
774540827
774562908
774598203
774721854
774807504
775035847
775080919
775130023
775134042
775306694
775328943
775346416
775554226
775687250
775736449
775765875
775845187
775860668
775866957
776005483
776212276
776214363
776422327
776513414
776582529
776955312
777023878
777089567
777195705
777231656
777421797
777571479
777806563
777944379
778120577
778198853
778270935
778304027
778330915
778662205
778909163
779041255
779091861
779175713
779183645
779215935
779399282
779412424
779573164
779575386
779927629
780007134
780095934
780622196
780730646
780739332
780770456
780850387
780868077
780900782
780972033
781078218
781080969
781088291
781157172
781416152
781480246
781497349
781621564
781630166
781639174
781693988
781999400
782000288
782119301
782223990
782334069
782340170
782373628
782409850
782563263
783136493
783338050
783562445
783658849
783995801
784009554
784049877
784116790
784131627
784151782
784174310
784181406
784313448
784415477
784478931
784515182
784608685
784619335
784668523
784770845
784856155
784987726
785142453
785224194
785243459
785320424
785348715
785469881
785512808
785625662
785637811
785645067
785683446
785778518
785804465
786010552
786252608
786392362
786442849
786494711
786521622
786776614
786917402
787035882
787107868
787329035
787342895
787511264
787592138
787685879
787694700
787740177
787753883
787882961
787935392
788037477
788041935
788081299
788199659
788380567
788470772
788555475
788559326
788674175
788675119
788734530
788844797
789106672
789166670
789228665
789249364
789301953
789336800
789431905
789508986
789561149
789662058
789719877
789892093
790049778
790179334
790234719
790270819
790297177
790300425
790329823
790350708
790679298
790748608
790791872
790839284
791023252
791238555
791249082
791297585
791368042
791392378
791435454
792040983
792167915
792328881
792389332
792400572
792533677
792539919
792823572
792833701
792849719
792851620
792881435
792969509
793348029
793362806
793419813
793493225
793793670
793890557
794000999
794023807
794078199
794157566
794731300
794752132
794780239
794856193
794895972
794921899
794927651
794961389
794981299
795096683
795151665
795383756
795432812
795540167
795603374
795738617
795746615
795781509
795805024
795807045
796225262
796476061
796687543
796793975
797082036
797176046
797198127
797253759
797484737
797546351
797579690
797627544
797673786
798010761
798108760
798204553
798288579
798358127
798427271
798463388
798557760
798602975
798617344
798650000
798752911
798804410
798846738
798861737
798885025
799028729
799033547
799052201
799057427
799256230
799266634
799311817
799345328
799387699
799764199
799901901
799918384
799998915
800367402
800379435
800479630
800503903
800637119
800646285
800691589
800760363
800792286
800812957
801013385
801298938
801472355
801483812
801534604
801583235
801641606
801655784
801681391
801934458
801957721
801992943
802079819
802295026
802423668
802490558
802545584
802630202
802902393
802939170
802962147
803030211
803178201
803243318
803352602
803415863
803451810
803478100
803747366
803831124
803862213
803925997
804172840
804217508
804219436
804552120
804602041
804602073
804606257
804615236
804725065
804750482
804840072
804885505
804967329
805026015
805144595
805277195
805296403
805351511
805378032
805406400
805724684
805761375
805762013
805950220
806000622
806098680
806179153
806240117
806320844
806417448
806441392
806760924
806812961
806813886
806924708
807015387
807042456
807090284
807340837
807498835
807739975
808072404
808212160
808311875
808371395
808437142
808439389
808459571
808498594
808568479
808796268
808879623
808999556
809110493
809171382
809334798
809529232
809771053
809776740
809954390
810060221
810139441
810143721
810186446
810209099
810351427
810496746
810506374
810609484
810648847
810752982
810894426
811068781
811246170
811478115
811535608
811697421
812011855
812065834
812146600
812152875
812362871
812484029
812655543
812775594
812781588
812845545
812886821
812918332
812932904
812988500
813167093
813199327
813239517
813400587
813489095
813620858
813716414
814164103
814190044
814218294
814234128
814264030
814277588
814367648
814508117
814564106
814678631
814739723
814760751
814825752
814848802
814861902
814903962
814929852
814956321
815292656
815449760
815867573
816027511
816408221
816846657
816868844
816882347
817294718
817417765
817439370
817474711
817532098
817645996
817680930
817788824
818011487
818038641
818061952
818142260
818178189
818270207
818478496
818551028
818580402
818584291
818682200
818796590
819275125
819277762
819461300
819566706
819635423
819735467
819848494
819854270
819973609
819974548
820064433
820158602
820211114
820237310
820253560
820338561
820457035
820505347
820746434
820775656
820973686
821084303
821208714
821390081
821441838
821472861
821497577
821631666
821671077
821692611
822028423
822160011
822206899
822316953
822329753
822340359
822407202
822459730
822738725
822822302
822872181
822878299
823009267
823107442
823112080
823118593
823335709
823373997
823717186
823720349
823728509
823765616
823783534
823837093
823904062
824021343
824224561
824341241
824358863
824422825
824475282
824479456
824653530
824713035
824751837
824806817
824822118
824927990
825025213
825446349
825538897
825741921
825766092
825858560
825987298
826393786
826409735
826416510
826472078
826490568
826619016
826631857
826729390
826744149
827180749
827233429
827250678
827321207
827357558
827406232
827532783
827808036
828020706
828105886
828107782
828143010
828192731
828242565
828324170
828452181
828460002
828619452
828742661
828776433
828793531
828956963
829035985
829051083
829078094
829125620
829388763
829460386
829502008
829527822
829566602
829618589
829971677
830007315
830068484
830130344
830270154
830288948
830348944
830453449
830528616
830547124
830750031
830765171
830855975
830994440
831258835
831299031
831404220
831408539
831464326
831468182
831473176
831474864
831646748
831648175
831649234
831683358
831902264
831914194
832057975
832154103
832209795
832346719
832468334
832675489
832682282
832718789
832792879
832809019
832860397
833017919
833114801
833280064
833364084
833556246
833697317
833698158
833768652
833770127
833799063
833963644
834010079
834022426
834068845
834168191
834212519
834430793
834437549
834708723
834971089
835000412
835069284
835239225
835582710
835583470
835665211
835744842
835956793
836020122
836081036
836221513
836331568
836401543
836440052
836454875
836526051
836697187
836774606
836919890
836922861
837013002
837081468
837141053
837407158
837434408
837494691
837582658
837635845
837664576
837813767
837827391
837856273
838005107
838389769
838394743
838517933
838540860
838561966
838685172
838800625
838949099
839012804
839110126
839371640
839500467
839679648
839772482
840048866
840104237
840287429
840301407
840540873
840554217
840562652
840805842
840965481
840983232
841019124
841042851
841107209
841125697
841360926
841594709
841599609
841627645
841689679
841755120
841791121
842020726
842041926
842061179
842163707
842211425
842349568
842444402
842643830
843215547
843237128
843414389
843618441
843806928
843818581
843862859
843886001
844006302
844016673
844030665
844054535
844148201
844204782
844214226
844251743
844285017
844375717
844395451
844499312
844515956
844637326
844730221
844758588
844804333
844999172
845254831
845444294
845642502
845724743
845836211
845915709
845977334
846060493
846344984
846356948
846366492
846475454
846667507
846720251
846959909
847018962
847029722
847148105
847274750
847279302
847443071
847477664
847573400
847620096
847631954
847651968
847700564
847712442
848174689
848196482
848217477
848246470
848260085
848315492
848494502
848574661
849102644
849103267
849134446
849203547
849240520
849274863
849379017
849527480
849744405
849962800
849998733
850048839
850073469
850138361
850164403
850212658
850390378
850412744
850930577
851323279
851404019
851473185
851532131
851699716
851751995
851775032
851802795
851893578
851990818
852097952
852158379
852230753
852249615
852273214
852329237
852521101
852655016
852810285
852941466
853134410
853184789
853211261
853342811
853439482
853548525
853736019
853770369
853929486
853941808
853966988
854029224
854075422
854085435
854103098
854118992
854526536
854565698
854942609
855103163
855170459
855241597
855266230
855305027
855468516
855541072
855558063
855864940
855928379
856063067
856112934
856178438
856331364
856562105
856597405
856754743
856809515
856825477
856910203
857098844
857125515
857269034
857507447
857603164
857781080
857856629
857859448
857921930
858081353
858107635
858119512
858283076
858436168
858486399
858689441
858696853
858699843
858856516
858942369
859011067
859226408
859297841
859377604
859539379
859608908
859733990
860074739
860208931
860282262
860304291
860322780
860404795
860440090
860597756
860619405
860634045
860714118
860749595
860753921
860860326
860953586
860956827
860961563
861218450
861533951
861571587
861671153
861729338
861748595
861955543
862123729
862132989
862187910
862352594
862396359
862431631
862625056
862822486
862887220
862942297
862946941
862968388
863210778
863276226
863311097
863376371
863579669
863585001
863585540
863628942
863917166
864148880
864153956
864388516
864405093
864448361
864458674
864650328
864669861
864690857
864922692
865010219
865211276
865308530
865421306
865480919
865558969
865605104
865863805
865940343
865976140
866066835
866116106
866320124
866450412
866478357
866519522
866789416
866881211
866981465
867040048
867045732
867147917
867265761
867476924
867501593
867508584
867542225
867578650
867656446
867965456
867981038
868320068
868344137
868399274
868481659
868505166
868614388
868796745
869032674
869137015
869231259
869340365
869391962
869526001
869529354
869590146
869668236
869716469
869905528
869928025
870072493
870172469
870300718
870349162
870408108
870442335
870496778
870625042
870703268
870716730
870754536
870804284
870805507
870827508
871219508
871236229
871330303
871341092
871384246
871412503
871789559
871893299
871984745
871990399
872021736
872061286
872147010
872223398
872240940
872244277
872258552
872296664
872384960
872489239
872696874
872828185
872832730
872857274
873036446
873106778
873118864
873159337
873183121
873327882
873330082
873423154
873653736
873707761
873717089
873727173
873752660
873789902
873867770
873989689
873993923
874109792
874161215
874347360
874358189
874558779
874691278
874733938
874741737
874764615
874833451
874856899
874859190
874883685
874934162
875288445
875448683
875451668
875452583
875595376
875611333
875620112
875729941
875770702
875798597
875817840
875948030
876202407
876396317
876458627
876486664
877300054
877481225
877492995
877499530
877506513
877516080
877813078
877842729
877948215
878027667
878136571
878183592
878285487
878313239
878354349
878362957
878396394
878402081
878466388
878613169
878616244
878677708
878810835
878829514
878885935
879111156
879158266
879238729
879265258
879508853
879513508
879612816
879726984
879861826
879928856
879984954
880265746
880271763
880314777
880381097
880549746
880701205
880795209
880834031
880863219
881011802
881041225
881176030
881205432
881278716
881310586
881443837
881554953
881677648
881813354
881822778
881867214
881899093
881923254
882167215
882189419
882206457
882288416
882370010
882614520
882696806
882821304
882845206
882980490
883097102
883123369
883344634
883403364
883404803
883424301
883497038
883595372
883616685
883640846
883778245
883817015
883890994
883984143
884199948
884555194
885001322
885141049
885207981
885301977
885474153
885559709
885683752
885690130
885852063
885992787
886017819
886152247
886273330
886332381
886374742
886375128
886539527
886721562
886847676
886976641
887043162
887381861
887416545
887554488
887755384
888081282
888151905
888235035
888356641
888372922
888418693
888494970
888720193
889071960
889202271
889364876
889422702
889566486
889570131
889572776
889602862
889625994
889779411
889823467
889997257
890165765
890166642
890256669
890277953
890283935
890352573
890369408
890377570
890391118
890500244
890653557
890903492
890932887
890949085
891102636
891229813
891259734
891724288
891832118
891879903
891881561
891895778
891983662
892008496
892011228
892170520
892172936
892207402
892213117
892231441
892459092
893256474
893460030
893473794
893667679
893841030
893859083
893860125
893951603
893973590
893976657
893993368
894071636
894120843
894356403
894521721
894554250
894603500
894707810
894825278
894856656
894885663
894901476
894918378
895476959
895631286
895645538
895710556
895788676
895841993
895896522
895963005
896069457
896187829
896469040
896477968
896505492
896872343
897036619
897049325
897162852
897204231
897294527
897371031
897429017
897439381
897819887
898003382
898143513
898254806
898428331
898484374
898773703
898788622
898860911
899013648
899229495
899354346
899366009
899595953
899742137
899747544
899791811
899855034
899906458
899928228
900308577
900394055
900658770
900665227
900729998
900866370
900979607
901210994
901228320
901361302
901370283
901484980
901597275
901603028
901628484
901688110
901773688
902004762
902045671
902306618
902346451
902417895
902482790
902715513
902833590
902855379
902919175
903078927
903141145
903146914
903147930
903217498
903276465
903356583
903486940
903511306
903592491
903800694
903925768
904122158
904379737
904471112
904473088
904619847
904763571
904813008
904890080
905048638
905156750
905182500
905362964
905434977
905725488
905796491
905797580
905865760
905983103
906023116
906057082
906057354
906109786
906301550
906361039
906420051
906483496
906568478
906721700
906818909
906902593
906976950
907027211
907030766
907138527
907231053
907289989
907504299
907623177
907725882
907743949
907823938
907905995
907957706
907984746
908277958
908324048
908401137
908687210
908901295
909147360
909265995
909451567
909843710
909901994
909931705
910101253
910119495
910439589
910466516
910559643
910830070
910921999
911226888
911292047
911335301
911489801
911576100
911720674
911753684
911947474
911965290
912033119
912071101
912078322
912283435
912297232
912362327
912402853
912488780
912491863
912527359
912666643
912669812
912726374
912794979
912820734
912932445
913147517
913229116
913234360
913287909
913402704
913405091
913405441
913495807
913629159
913700387
913755723
913785222
913992076
914095094
914197490
914294707
914398751
914663150
914732907
914838935
914884677
915314646
915369793
915556832
915699598
915770739
915950260
915991914
916024524
916073573
916188057
916245028
916379323
916541053
916667222
916672891
916737569
916829266
916946491
917150009
917190844
917499797
917544457
917752621
917868604
917944843
917982371
917989014
918079130
918228440
918334599
918512037
918542596
918741668
919075284
919111018
919118901
919133857
919134933
919161302
919170866
919305722
919329866
919364646
919484217
919547953
919552502
919728684
919866039
919903992
919904689
920043694
920172551
920208744
920229895
920407202
920561435
920694755
920757354
920854606
921001974
921091934
921108694
921389704
921405209
921531380
921597726
921617371
922001846
922173615
922179507
922240386
922345029
922390902
922398492
922440276
922545093
922580522
922739034
922845410
922859808
922874443
922969383
923172362
923340104
923434425
923436633
923471239
923521506
923615612
923643082
923769851
923805062
923820470
923883490
923963694
924073830
924277037
924437684
924461396
924498109
924595235
924640824
924706779
924707018
924883030
924938619
925093518
925163318
925343172
925377393
925574167
925705140
925926836
926047533
926130853
926242376
926320853
926502250
926638422
926710550
926859679
926887680
926898724
927186612
927209244
927282178
927468406
927511960
927621591
927797013
927845972
927916617
928114832
928272092
928378445
928423459
928550783
928809174
928862937
928981808
929005691
929009164
929444986
929487328
929497171
929520532
929576981
929593305
929787614
929871462
929926380
930077732
930524573
930556143
930579158
930841269
930864317
930870625
931035721
931233357
931241791
931318797
931487853
931546406
931745545
931746909
931810788
932108070
932120889
932201545
932487291
932566150
932689188
932725155
932747698
932964009
932997027
933028738
933058939
933069735
933310092
933462424
933466875
933533589
933559657
933637345
933663520
933849318
934047789
934086376
934349337
934429701
934540832
934667184
934784743
934822105
934827568
934923083
935034029
935120549
935156741
935173673
935257996
935278068
935289217
935407900
935437052
935553981
935598386
935802734
936029066
936031951
936087114
936125902
936254721
936365729
936614310
936838919
936859648
936870808
936977250
937074678
937192621
937296101
937313512
937429470
937522557
937730855
937841135
937924918
937931263
937964602
938206327
938212206
938266383
938480060
938608583
938609957
938659822
938687456
938745882
938859274
939051212
939238503
939259873
939431416
939521449
939555167
939640539
939652048
940157412
940157834
940164604
940278784
940413326
940765009
940962976
941131826
941145865
941267355
941396133
941521709
941589660
941622889
941679685
941777030
942092508
942221598
942295818
942326557
942416874
942478534
942506755
942593698
942642326
942644569
942656191
942921243
942983476
943082477
943499702
943926175
944091920
944333620
944356326
944483519
944497858
944637857
944981347
945004838
945100516
945111820
945178129
945373919
945489650
945538082
945549543
945587949
945640935
945699225
945757013
945947859
946066790
946184039
946216548
946288650
946509128
946691404
946736189
946823382
946869106
946960778
947095541
947162128
947168517
947199312
947273472
947617658
947723064
947756183
947799553
947869565
947986444
947989542
947993901
947996647
948077552
948127442
948149041
948169592
948171787
948321321
948334487
948381677
948382237
948478063
948511930
948624696
948717758
948731072
948844613
949076297
949080975
949597837
949827394
949872069
949891433
949912333
949917348
950015323
950239697
950409785
950440210
950662666
950849599
950858552
950926203
951116159
951174885
951179321
951200252
951202440
951206540
951230162
951232896
951235080
951249026
951372876
951386940
951394565
951568764
951629528
951646659
951748230
951778744
951827028
951972882
952111675
952154651
952200362
952402500
952447735
952671934
952737105
952817536
952838216
952865494
953071589
953102105
953102968
953296597
953332591
953463058
953505246
953847450
953975171
954016543
954165010
954235717
954482069
954516362
954521174
954630223
954726428
954738477
954807719
954971831
955064286
955072811
955149944
955160550
955201757
955217470
955273982
955407202
955474360
955580834
955990453
956105865
956149928
956193208
956196341
956340646
956458975
956459448
956479768
956491081
956495809
956789968
956833325
957225306
957357177
957382081
957426723
957447656
957888153
957894511
958004881
958344365
958351270
958378803
958391995
958519733
958614167
958623839
958674294
959191169
959196626
959490386
959781512
960005357
960033254
960069313
960175220
960330264
960357740
960429752
960505791
960518737
960557480
960562601
960847634
961104874
961180808
961294967
961528441
961546360
961557685
961628130
961689956
961834267
961854763
961863712
961908787
962008099
962058626
962191967
962241711
962243256
962456442
962476379
962595727
962607816
962896950
962905090
963127856
963191886
963296042
963590452
963615224
963618113
963755132
963819804
963827133
963911408
963951223
964093959
964114647
964304584
964422152
964506329
964574657
964701989
964764318
964794157
964921620
965357160
965607876
965746984
966125422
966148548
966225223
966436377
966450690
966790968
966879076
966926468
967009619
967039979
967050922
967127693
967144298
967173398
967360096
967406920
967424253
967643113
967747829
967917361
967969193
968083645
968099001
968240511
968279126
968669929
968895470
968974367
969000444
969038954
969132545
969409175
969547451
969554135
969642630
969684018
969788958
969822731
970105133
970152404
970255348
970438789
970554293
970680252
970720068
970870618
971002532
971006708
971031511
971108457
971128450
971159899
971179874
971292908
971336765
971452290
971564888
971584404
971664548
971674886
971698743
971835803
972028007
972134431
972151659
972165438
972234946
972716388
973007580
973075242
973129217
973161010
973286091
973343906
973354364
973490472
973936903
974281815
974460938
974600851
974651476
974684232
974708816
974719062
974722698
974812176
974881042
974980358
975021986
975096365
975170910
975238081
975344835
975408883
975420758
975502288
975559897
975906334
975944910
976056041
976173852
976235005
976249728
976342903
976675980
976697286
976732590
976765429
976799535
976896132
976986797
977147416
977493166
977744985
977758048
977866821
977937376
977995564
978101792
978151259
978247112
978401950
978606623
978661083
978760696
978799263
978976300
979054263
979145277
979201715
979304537
979628867
979919654
979924456
980193874
980264851
980280223
980310541
980389287
980416782
980495264
980797712
981060668
981161632
981186135
981226348
981635717
981696040
981709835
981892779
981907997
981963921
982043071
982434964
982458970
982557936
982712404
982784448
982795753
982877540
982904055
983099755
983173427
983289520
983600293
983653096
983856918
984071179
984093278
984132317
984156368
984270328
984291983
984364266
984454259
984537904
984562844
984638123
984852762
984862217
985032914
985035924
985151812
985228970
985358482
985400683
985432120
985600807
985602458
985813302
985974664
986055923
986291794
986296078
986319242
986526913
986542530
986585513
986632918
986701933
986762968
986843584
986915730
986923645
987124179
987390099
987417337
987427855
987435962
987566400
987738966
987745242
987790762
987881734
987930242
987931731
987985107
988006959
988084438
988121303
988267662
988415362
988821644
988944756
988969431
989002975
989024832
989049770
989223457
989295986
989389727
989468740
989493196
989555665
989718924
989886393
989970325
990152998
990165897
990249924
990403697
990426186
990498496
990505966
990539223
990579005
990657136
990718458
990859148
990866582
990867544
990967131
990977745
991062630
991080643
991139030
991331681
991464386
991723446
991872883
992118214
992317682
992475442
992601931
992684068
992709611
992734857
992949897
993019397
993090716
993305796
993505450
993532355
993550031
993577804
993744401
994153481
994400000
994421311
994499616
994590562
994720536
994836597
994952987
995035367
995063900
995081391
995153849
995206038
995211575
995765169
995777227
995909834
996000108
996009191
996054993
996226041
996284144
996310760
996379877
996863678
996965123
997032964
997089120
997187415
997203822
997457979
997487111
997535557
997573759
997710205
997762642
997843986
998005671
998101776
998124733
998251365
998278136
998360902
998469046
998496457
998529368
998667622
998689517
998739259
998745043
998784369
998853243
998884348
999037704
999092946
999112955
999265290
999610413
999629625
999663249
